pixel_5_5,pixel_5_6,pixel_5_7,pixel_5_8,pixel_5_9,pixel_5_10,pixel_5_11,pixel_5_12,pixel_5_13,pixel_5_14,pixel_5_15,pixel_5_16,pixel_5_17,pixel_5_18,pixel_5_19,pixel_5_20,pixel_5_21,pixel_5_22,pixel_5_23,pixel_5_24,pixel_6_5,pixel_6_6,pixel_6_7,pixel_6_8,pixel_6_9,pixel_6_10,pixel_6_11,pixel_6_12,pixel_6_13,pixel_6_14,pixel_6_15,pixel_6_16,pixel_6_17,pixel_6_18,pixel_6_19,pixel_6_20,pixel_6_21,pixel_6_22,pixel_6_23,pixel_6_24,pixel_7_5,pixel_7_6,pixel_7_7,pixel_7_8,pixel_7_9,pixel_7_10,pixel_7_11,pixel_7_12,pixel_7_13,pixel_7_14,pixel_7_15,pixel_7_16,pixel_7_17,pixel_7_18,pixel_7_19,pixel_7_20,pixel_7_21,pixel_7_22,pixel_7_23,pixel_7_24,pixel_8_5,pixel_8_6,pixel_8_7,pixel_8_8,pixel_8_9,pixel_8_10,pixel_8_11,pixel_8_12,pixel_8_13,pixel_8_14,pixel_8_15,pixel_8_16,pixel_8_17,pixel_8_18,pixel_8_19,pixel_8_20,pixel_8_21,pixel_8_22,pixel_8_23,pixel_8_24,pixel_9_5,pixel_9_6,pixel_9_7,pixel_9_8,pixel_9_9,pixel_9_10,pixel_9_11,pixel_9_12,pixel_9_13,pixel_9_14,pixel_9_15,pixel_9_16,pixel_9_17,pixel_9_18,pixel_9_19,pixel_9_20,pixel_9_21,pixel_9_22,pixel_9_23,pixel_9_24,pixel_10_5,pixel_10_6,pixel_10_7,pixel_10_8,pixel_10_9,pixel_10_10,pixel_10_11,pixel_10_12,pixel_10_13,pixel_10_14,pixel_10_15,pixel_10_16,pixel_10_17,pixel_10_18,pixel_10_19,pixel_10_20,pixel_10_21,pixel_10_22,pixel_10_23,pixel_10_24,pixel_11_5,pixel_11_6,pixel_11_7,pixel_11_8,pixel_11_9,pixel_11_10,pixel_11_11,pixel_11_12,pixel_11_13,pixel_11_14,pixel_11_15,pixel_11_16,pixel_11_17,pixel_11_18,pixel_11_19,pixel_11_20,pixel_11_21,pixel_11_22,pixel_11_23,pixel_11_24,pixel_12_5,pixel_12_6,pixel_12_7,pixel_12_8,pixel_12_9,pixel_12_10,pixel_12_11,pixel_12_12,pixel_12_13,pixel_12_14,pixel_12_15,pixel_12_16,pixel_12_17,pixel_12_18,pixel_12_19,pixel_12_20,pixel_12_21,pixel_12_22,pixel_12_23,pixel_12_24,pixel_13_5,pixel_13_6,pixel_13_7,pixel_13_8,pixel_13_9,pixel_13_10,pixel_13_11,pixel_13_12,pixel_13_13,pixel_13_14,pixel_13_15,pixel_13_16,pixel_13_17,pixel_13_18,pixel_13_19,pixel_13_20,pixel_13_21,pixel_13_22,pixel_13_23,pixel_13_24,pixel_14_5,pixel_14_6,pixel_14_7,pixel_14_8,pixel_14_9,pixel_14_10,pixel_14_11,pixel_14_12,pixel_14_13,pixel_14_14,pixel_14_15,pixel_14_16,pixel_14_17,pixel_14_18,pixel_14_19,pixel_14_20,pixel_14_21,pixel_14_22,pixel_14_23,pixel_14_24,pixel_15_5,pixel_15_6,pixel_15_7,pixel_15_8,pixel_15_9,pixel_15_10,pixel_15_11,pixel_15_12,pixel_15_13,pixel_15_14,pixel_15_15,pixel_15_16,pixel_15_17,pixel_15_18,pixel_15_19,pixel_15_20,pixel_15_21,pixel_15_22,pixel_15_23,pixel_15_24,pixel_16_5,pixel_16_6,pixel_16_7,pixel_16_8,pixel_16_9,pixel_16_10,pixel_16_11,pixel_16_12,pixel_16_13,pixel_16_14,pixel_16_15,pixel_16_16,pixel_16_17,pixel_16_18,pixel_16_19,pixel_16_20,pixel_16_21,pixel_16_22,pixel_16_23,pixel_16_24,pixel_17_5,pixel_17_6,pixel_17_7,pixel_17_8,pixel_17_9,pixel_17_10,pixel_17_11,pixel_17_12,pixel_17_13,pixel_17_14,pixel_17_15,pixel_17_16,pixel_17_17,pixel_17_18,pixel_17_19,pixel_17_20,pixel_17_21,pixel_17_22,pixel_17_23,pixel_17_24,pixel_18_5,pixel_18_6,pixel_18_7,pixel_18_8,pixel_18_9,pixel_18_10,pixel_18_11,pixel_18_12,pixel_18_13,pixel_18_14,pixel_18_15,pixel_18_16,pixel_18_17,pixel_18_18,pixel_18_19,pixel_18_20,pixel_18_21,pixel_18_22,pixel_18_23,pixel_18_24,pixel_19_5,pixel_19_6,pixel_19_7,pixel_19_8,pixel_19_9,pixel_19_10,pixel_19_11,pixel_19_12,pixel_19_13,pixel_19_14,pixel_19_15,pixel_19_16,pixel_19_17,pixel_19_18,pixel_19_19,pixel_19_20,pixel_19_21,pixel_19_22,pixel_19_23,pixel_19_24,pixel_20_5,pixel_20_6,pixel_20_7,pixel_20_8,pixel_20_9,pixel_20_10,pixel_20_11,pixel_20_12,pixel_20_13,pixel_20_14,pixel_20_15,pixel_20_16,pixel_20_17,pixel_20_18,pixel_20_19,pixel_20_20,pixel_20_21,pixel_20_22,pixel_20_23,pixel_20_24,pixel_21_5,pixel_21_6,pixel_21_7,pixel_21_8,pixel_21_9,pixel_21_10,pixel_21_11,pixel_21_12,pixel_21_13,pixel_21_14,pixel_21_15,pixel_21_16,pixel_21_17,pixel_21_18,pixel_21_19,pixel_21_20,pixel_21_21,pixel_21_22,pixel_21_23,pixel_21_24,pixel_22_5,pixel_22_6,pixel_22_7,pixel_22_8,pixel_22_9,pixel_22_10,pixel_22_11,pixel_22_12,pixel_22_13,pixel_22_14,pixel_22_15,pixel_22_16,pixel_22_17,pixel_22_18,pixel_22_19,pixel_22_20,pixel_22_21,pixel_22_22,pixel_22_23,pixel_22_24,pixel_23_5,pixel_23_6,pixel_23_7,pixel_23_8,pixel_23_9,pixel_23_10,pixel_23_11,pixel_23_12,pixel_23_13,pixel_23_14,pixel_23_15,pixel_23_16,pixel_23_17,pixel_23_18,pixel_23_19,pixel_23_20,pixel_23_21,pixel_23_22,pixel_23_23,pixel_23_24,pixel_24_5,pixel_24_6,pixel_24_7,pixel_24_8,pixel_24_9,pixel_24_10,pixel_24_11,pixel_24_12,pixel_24_13,pixel_24_14,pixel_24_15,pixel_24_16,pixel_24_17,pixel_24_18,pixel_24_19,pixel_24_20,pixel_24_21,pixel_24_22,pixel_24_23,pixel_24_24,y_class
0,0,0,0,0,0,0,0,0,0,0,0,0,0,0,0,0,0,0,0,0,0,0,0,0,0,0,0,0,0,7,20,56,98,98,68,5,0,0,0,0,0,0,0,0,0,0,0,0,19,156,254,253,253,253,227,74,0,0,82,0,0,0,0,0,0,0,0,0,32,244,254,226,152,93,12,0,0,103,242,0,0,0,0,0,0,0,0,0,83,253,211,11,0,0,0,13,186,252,187,0,0,0,0,0,0,0,0,0,83,254,211,0,0,0,68,194,254,169,25,0,0,0,0,0,0,0,0,0,95,253,198,0,10,112,236,253,159,23,0,0,0,0,0,0,0,0,0,0,113,253,180,40,163,253,249,123,6,0,0,0,0,0,0,0,0,0,0,0,136,253,246,243,253,229,66,0,0,0,0,0,0,0,0,0,0,0,0,0,137,254,255,251,192,36,0,0,0,0,0,0,0,0,0,0,0,0,0,0,173,253,254,118,0,0,0,0,0,0,0,0,0,0,0,0,0,0,23,155,247,253,177,9,0,0,0,0,0,0,0,0,0,0,0,0,0,0,170,253,253,253,150,0,0,0,0,0,0,0,0,0,0,0,0,0,11,164,255,251,245,254,150,0,0,0,0,0,0,0,0,0,0,0,0,0,148,253,254,166,77,253,138,0,0,0,0,0,0,0,0,0,0,0,0,64,235,253,201,27,143,253,48,0,0,0,0,0,0,0,0,0,0,0,7,207,253,229,36,25,238,205,0,0,0,0,0,0,0,0,0,0,0,0,105,254,254,68,2,128,249,90,0,0,0,0,0,0,0,0,0,0,0,0,175,253,208,5,56,253,182,0,0,0,0,0,0,0,0,0,0,0,0,0,175,253,194,19,230,244,42,0,0,0,0,0,0,0,0,0,0,8
0,0,0,0,0,0,0,0,0,0,0,0,0,0,0,0,0,0,0,0,0,0,0,0,0,0,0,0,0,0,0,0,0,0,0,0,0,0,0,0,0,0,0,0,0,0,0,30,98,159,149,101,160,243,184,191,84,135,98,138,0,0,0,0,68,194,225,237,253,253,253,225,191,135,142,122,112,131,253,253,0,0,0,14,218,253,253,253,253,253,85,15,0,0,0,0,0,23,253,230,0,0,0,26,234,253,253,191,146,84,13,0,0,0,0,0,0,140,253,196,0,0,0,3,95,178,60,4,0,0,0,0,0,0,0,0,97,249,237,56,0,0,0,0,0,0,0,0,0,0,0,0,0,0,0,41,226,251,121,0,0,0,0,0,0,0,0,0,0,0,0,0,0,0,4,197,253,167,0,0,0,0,0,0,0,0,0,0,0,0,0,0,0,65,224,253,114,22,0,0,0,0,0,0,0,0,0,0,0,0,0,0,32,239,253,253,45,29,9,0,0,0,0,0,0,0,0,0,0,0,11,95,205,253,253,253,253,253,144,0,0,0,0,0,55,222,254,254,254,254,254,254,255,254,254,254,217,146,28,0,0,0,0,166,247,253,253,253,253,253,253,253,244,166,122,59,13,0,0,0,0,0,0,147,243,180,149,184,149,249,253,249,42,0,0,0,0,0,0,0,0,0,0,0,0,0,0,0,120,250,234,53,0,0,0,0,0,0,0,0,0,0,0,0,0,0,0,53,247,242,114,0,0,0,0,0,0,0,0,0,0,0,0,0,0,0,70,227,246,147,0,0,0,0,0,0,0,0,0,0,0,0,0,0,0,120,247,253,136,0,0,0,0,0,0,0,0,0,0,0,0,0,0,0,87,250,253,157,3,0,0,0,0,0,0,0,0,0,0,0,7
0,0,0,0,0,0,0,0,0,107,96,0,0,0,32,34,120,148,253,66,0,0,0,0,0,0,0,0,0,187,252,115,67,157,249,252,252,252,241,49,0,0,0,0,0,0,0,0,0,187,252,253,252,252,252,252,252,109,36,0,0,0,0,0,0,0,0,1,61,250,252,253,252,244,230,158,34,1,0,0,0,0,0,0,0,0,0,12,252,252,252,246,168,53,0,0,0,0,0,0,0,0,0,0,0,0,0,98,252,252,252,96,0,0,0,0,0,0,0,0,0,0,0,0,0,0,86,241,252,252,146,0,0,0,0,0,0,0,0,0,0,0,0,0,0,10,208,252,252,186,13,0,0,0,0,0,0,0,0,0,0,0,0,0,7,163,252,252,252,66,0,0,0,0,0,0,0,0,0,0,0,0,0,0,71,252,252,252,252,147,111,97,0,0,0,0,0,0,0,0,0,0,0,0,181,253,253,253,253,253,253,255,176,101,2,0,0,0,0,0,0,0,0,0,50,201,252,252,212,186,215,253,252,252,116,0,0,0,0,0,0,0,0,0,0,10,44,44,17,0,19,58,179,252,249,73,0,0,0,0,0,0,0,9,1,0,0,0,0,0,0,0,3,211,252,193,0,0,0,0,0,0,15,181,10,0,0,0,0,0,0,0,15,219,252,197,0,0,0,0,0,0,67,252,49,0,0,0,0,0,0,12,179,252,252,197,0,0,0,0,0,0,67,252,232,98,12,12,12,12,108,235,252,252,247,93,0,0,0,0,0,0,55,245,252,252,252,252,252,252,252,253,252,235,100,0,0,0,0,0,0,0,0,98,249,252,252,252,252,252,252,253,232,59,0,0,0,0,0,0,0,0,0,0,41,214,252,252,252,252,204,128,24,0,0,0,0,0,0,0,5
0,85,0,0,0,0,0,0,0,0,45,246,253,223,33,0,0,0,0,0,0,0,0,0,0,0,0,0,0,43,234,253,253,130,0,0,0,0,0,0,0,0,0,0,0,0,0,0,4,165,254,253,228,29,0,0,0,0,0,0,0,0,0,0,0,0,0,0,42,253,254,253,131,0,0,0,0,0,0,0,0,0,0,0,0,0,0,19,220,253,254,236,22,0,0,0,0,0,0,0,0,0,0,0,0,0,40,170,253,253,242,60,0,0,0,0,0,0,0,0,0,0,0,0,0,3,178,253,253,246,57,0,0,0,0,0,0,0,0,0,0,0,0,0,36,159,253,253,253,120,0,0,0,0,0,0,0,0,0,0,0,0,0,0,131,254,254,242,128,0,0,0,0,0,96,121,121,45,0,0,0,0,0,133,251,253,253,226,0,0,0,0,146,241,251,253,253,245,101,0,0,0,0,214,253,253,238,72,0,0,0,146,251,253,253,253,253,253,226,0,0,0,0,214,253,253,100,0,0,0,81,245,253,228,173,120,253,253,240,0,0,0,0,214,253,253,80,0,0,107,254,253,228,57,0,54,253,253,240,0,0,0,0,214,253,253,80,0,0,134,254,253,159,0,15,167,253,253,140,0,0,0,0,214,253,253,199,90,41,153,255,253,104,41,167,253,253,213,34,0,0,0,0,79,206,253,253,253,253,253,255,253,253,253,253,247,226,83,0,0,0,0,0,0,64,240,249,253,253,253,255,253,253,253,243,119,0,0,0,0,0,0,0,0,0,0,83,133,253,253,255,253,203,120,25,0,0,0,0,0,0,0,0,0,0,0,0,0,0,0,0,0,0,0,0,0,0,0,0,0,0,0,0,0,0,0,0,0,0,0,0,0,0,0,0,0,0,0,0,0,6
0,0,0,0,0,78,83,131,169,169,198,169,157,45,0,0,0,0,0,0,0,0,0,75,217,254,254,254,254,254,254,254,254,213,119,0,0,0,0,0,0,0,23,217,254,236,131,76,8,8,8,22,95,143,178,0,0,0,0,0,0,0,79,254,212,15,0,0,0,0,0,0,0,2,3,0,0,0,0,0,0,0,101,254,185,0,0,0,0,0,0,0,0,0,0,0,0,0,0,0,0,0,115,254,185,0,0,0,0,0,0,0,0,0,0,0,0,0,0,0,0,0,79,254,200,4,0,0,0,0,0,9,11,26,32,0,0,0,0,0,0,0,79,254,254,17,0,0,47,128,212,230,230,239,241,218,100,0,0,0,0,0,11,248,254,63,65,153,251,254,254,215,207,207,212,254,252,106,0,0,0,0,0,173,254,232,251,245,193,109,39,7,0,0,4,87,254,235,38,0,0,0,0,118,254,254,225,72,0,0,0,0,0,0,0,11,210,254,158,0,0,0,0,39,133,112,36,0,0,0,0,0,0,0,0,0,34,254,246,0,0,0,0,0,0,0,0,0,0,0,0,0,0,0,0,0,18,254,250,36,0,0,0,0,0,90,93,0,0,0,0,0,0,0,0,0,18,254,254,107,0,0,0,0,0,151,194,0,0,0,0,0,0,0,0,0,18,254,254,78,0,0,0,0,0,145,239,61,0,0,0,0,0,0,0,0,24,254,248,20,0,0,0,0,0,40,242,220,53,2,0,0,0,0,0,2,141,254,212,0,0,0,0,0,0,0,63,210,255,191,94,9,9,9,18,167,254,250,71,0,0,0,0,0,0,0,0,18,171,252,254,254,255,254,254,254,247,97,0,0,0,0,0,0,0,0,0,0,0,43,97,211,254,225,246,160,49,0,0,0,5
0,0,0,0,0,0,0,0,0,0,0,0,156,17,0,0,0,0,0,0,0,0,0,0,0,0,0,0,0,0,0,0,237,111,0,0,0,0,0,0,0,0,0,0,0,0,0,0,0,0,0,18,241,84,0,0,0,0,0,0,0,0,0,0,0,0,0,0,0,0,0,89,254,96,0,0,0,0,0,0,0,0,0,0,0,0,0,0,0,0,0,203,243,22,0,0,0,0,0,0,0,0,0,0,0,0,0,0,0,0,66,252,192,0,0,0,0,0,0,0,0,0,0,0,0,0,0,0,0,0,89,254,114,0,0,0,0,0,0,0,0,0,0,0,0,0,0,0,0,0,203,224,10,0,0,0,0,0,0,0,0,0,0,0,0,0,0,0,0,64,255,183,0,0,0,0,0,0,0,0,0,0,0,0,0,0,0,0,0,148,254,123,0,0,0,0,0,0,0,0,0,0,0,0,0,0,0,0,9,254,203,3,0,0,0,0,0,0,0,0,0,0,0,0,0,0,0,0,64,254,175,0,0,0,0,0,0,0,0,0,0,0,0,0,0,0,0,0,119,254,73,0,0,0,0,0,0,0,0,0,0,0,0,0,0,0,0,10,223,205,0,0,0,0,0,0,0,0,0,0,0,0,0,0,0,0,0,94,254,166,0,0,0,0,0,0,0,0,0,0,0,0,0,0,0,0,0,148,249,56,0,0,0,0,0,0,0,0,0,0,0,0,0,0,0,0,21,241,175,0,0,0,0,0,0,0,0,0,0,0,0,0,0,0,0,0,94,254,151,0,0,0,0,0,0,0,0,0,0,0,0,0,0,0,0,0,147,254,70,0,0,0,0,0,0,0,0,0,0,0,0,0,0,0,0,0,141,211,22,0,0,0,0,0,0,0,0,0,0,0,1
0,0,0,0,0,128,255,191,0,0,0,0,0,0,0,0,0,0,0,0,0,0,0,0,0,255,255,64,0,0,0,0,0,0,0,0,0,0,0,0,0,0,0,0,0,255,255,0,0,0,0,0,0,0,0,0,0,0,0,0,0,0,0,0,64,255,255,0,0,0,0,0,0,0,0,0,0,0,0,0,0,0,0,0,128,255,255,0,0,0,0,0,0,0,0,0,0,0,0,0,0,0,0,0,128,255,128,0,0,0,0,0,0,0,0,0,0,0,0,0,0,0,0,0,255,255,128,0,0,0,0,0,0,0,0,128,128,64,0,0,0,0,0,128,255,255,128,0,0,0,0,0,0,0,191,255,255,191,0,0,0,0,0,128,255,255,128,0,0,0,0,0,64,255,255,255,255,255,128,0,0,0,0,128,255,255,128,0,0,0,0,0,191,255,191,128,255,255,128,0,0,0,0,128,255,255,128,0,0,0,0,191,255,128,0,0,255,255,128,0,0,0,0,128,255,255,128,0,0,0,0,255,128,0,0,0,255,255,64,0,0,0,0,128,255,255,255,64,0,64,191,191,0,0,0,128,255,255,0,0,0,0,0,128,255,255,255,255,0,128,255,0,0,0,64,255,255,191,0,0,0,0,0,0,191,255,255,255,255,191,128,0,64,128,255,255,255,0,0,0,0,0,0,0,64,255,255,255,255,255,255,255,255,255,255,255,191,0,0,0,0,0,0,0,0,128,191,255,255,255,255,255,255,255,255,64,0,0,0,0,0,0,0,0,0,0,0,128,255,255,255,255,191,128,0,0,0,0,0,0,0,0,0,0,0,0,0,0,0,0,0,0,0,0,0,0,0,0,0,0,0,0,0,0,0,0,0,0,0,0,0,0,0,0,0,0,0,0,0,0,6
0,0,0,0,0,0,0,0,0,0,0,0,0,0,0,0,0,0,0,0,0,0,0,0,0,0,0,0,0,0,0,0,0,0,0,0,0,0,0,0,0,0,0,0,0,0,0,0,0,31,137,137,137,137,137,66,0,0,0,0,0,0,0,0,0,0,0,1,103,218,254,254,254,254,254,225,0,0,0,0,0,0,0,0,0,0,0,167,254,254,242,242,234,225,254,225,0,0,0,0,0,0,0,0,0,0,114,252,254,243,85,50,41,114,254,247,100,0,0,0,0,0,0,0,0,32,236,254,193,39,0,0,0,61,252,254,165,0,0,0,0,0,0,0,0,195,254,252,65,0,0,0,134,239,254,228,10,0,0,0,0,0,0,0,2,209,254,251,126,126,126,216,253,254,254,109,0,0,0,0,0,0,0,0,72,254,254,254,254,254,254,254,254,254,176,0,0,0,0,0,0,0,0,0,27,150,254,254,254,209,131,254,254,254,105,0,0,0,0,0,0,0,0,0,0,69,195,195,128,29,88,254,255,228,4,0,0,0,0,0,0,0,0,0,0,0,0,0,0,13,201,254,254,141,0,0,0,0,0,0,0,0,0,0,0,0,0,0,0,87,255,254,174,23,0,0,0,0,0,0,0,0,0,0,0,0,0,0,75,246,254,254,52,0,0,0,0,0,0,0,0,0,0,0,0,0,0,0,142,254,254,124,1,0,0,0,0,0,0,0,0,0,0,0,0,0,0,0,142,254,255,177,0,0,0,0,0,0,0,0,0,0,0,0,0,0,0,24,163,254,221,144,0,0,0,0,0,0,0,0,0,0,0,0,0,0,0,126,254,254,77,0,0,0,0,0,0,0,0,0,0,0,0,0,0,0,36,223,254,241,52,0,0,0,0,0,0,0,0,0,9
0,0,0,0,0,0,0,0,0,0,0,15,229,229,40,0,0,0,0,0,0,0,0,0,0,0,0,0,0,0,0,74,253,254,64,0,0,0,0,0,0,0,0,0,0,0,0,0,0,0,5,195,253,247,21,0,0,0,0,0,0,0,0,0,0,0,0,0,0,0,47,253,253,151,0,0,0,0,0,0,0,0,0,0,0,0,0,0,0,0,72,254,254,0,0,0,0,0,0,0,0,0,0,0,0,0,0,0,0,0,138,253,236,0,0,0,0,0,0,0,0,0,0,0,0,0,0,0,0,7,216,253,160,0,0,0,0,0,0,0,0,0,0,0,0,0,0,0,0,70,253,253,94,0,0,0,0,0,0,0,0,0,0,0,0,0,0,0,0,187,254,245,44,0,0,0,0,0,0,0,0,0,0,0,0,0,0,0,85,254,253,240,31,0,0,0,0,0,0,0,0,0,0,0,0,0,0,0,59,254,253,162,0,0,0,0,0,0,0,0,0,0,0,0,0,0,0,0,93,254,253,162,0,0,0,0,0,0,0,0,0,0,0,0,0,0,0,0,93,254,254,80,0,0,0,0,0,0,0,0,0,0,0,0,0,0,0,5,189,254,210,4,0,0,0,0,0,0,0,0,0,0,0,0,0,0,0,32,253,254,206,0,0,0,0,0,0,0,0,0,0,0,0,0,0,0,0,82,253,254,206,0,0,0,0,0,0,0,0,0,0,0,0,0,0,0,0,116,254,255,148,0,0,0,0,0,0,0,0,0,0,0,0,0,0,0,0,116,253,254,98,0,0,0,0,0,0,0,0,0,0,0,0,0,0,0,0,157,253,222,13,0,0,0,0,0,0,0,0,0,0,0,0,0,0,0,0,140,253,151,0,0,0,0,0,0,0,0,0,0,1
0,0,0,0,0,0,0,0,0,0,0,0,0,0,0,0,0,0,0,0,0,0,0,0,0,0,0,0,0,0,0,0,0,0,0,0,0,0,0,0,0,0,0,0,0,0,0,0,97,195,131,163,208,170,0,0,0,0,0,0,0,0,0,0,0,0,0,137,249,253,238,210,233,215,0,0,0,0,0,0,0,0,0,0,0,0,170,248,218,62,26,8,82,107,37,0,0,0,0,0,0,0,0,0,0,71,249,192,31,0,0,0,0,116,253,40,0,0,0,0,0,0,0,0,0,254,214,11,0,0,0,0,0,199,253,59,0,0,0,0,0,0,0,0,0,255,50,0,0,0,0,0,37,254,254,0,0,0,0,0,0,0,0,0,20,254,18,0,0,0,0,0,121,253,253,0,0,0,0,0,0,0,0,0,91,254,31,0,0,0,0,0,128,253,175,0,0,0,0,0,0,0,0,0,20,254,147,0,0,0,0,0,133,253,124,0,0,0,0,0,0,0,0,0,0,254,237,26,0,0,0,20,230,246,46,0,0,0,0,0,0,0,0,0,0,228,254,208,61,0,73,209,254,254,72,0,0,0,0,0,0,0,0,0,0,38,171,253,245,235,254,221,245,242,31,0,0,0,0,0,0,0,0,0,0,0,8,114,165,216,159,22,217,235,0,0,0,0,0,0,0,0,0,0,0,0,0,0,0,0,0,0,217,235,0,0,0,0,0,0,0,0,0,0,0,0,0,0,0,0,0,20,230,235,0,0,0,0,0,0,0,0,0,0,0,0,0,0,0,0,0,40,243,235,0,0,0,0,0,0,0,0,0,0,0,0,0,0,0,0,0,51,250,150,0,0,0,0,0,0,0,0,0,0,0,0,0,0,0,0,0,132,253,144,0,0,0,0,0,0,9
239,251,227,245,239,202,226,247,221,253,253,212,245,218,206,251,212,231,212,240,205,249,221,224,209,249,240,229,241,223,246,200,201,201,229,219,218,234,237,225,252,201,206,222,239,229,236,203,226,206,236,212,230,221,226,237,246,225,211,201,247,230,253,215,243,204,205,231,234,236,234,216,250,201,225,245,230,251,253,252,237,226,238,240,229,210,213,219,238,202,251,206,230,218,243,235,221,227,216,209,230,247,207,250,206,202,253,207,227,252,221,246,208,240,249,200,254,201,205,229,234,209,234,234,249,229,226,212,240,203,250,250,224,216,247,237,235,226,207,226,207,232,205,222,233,222,212,236,211,216,219,212,232,240,248,237,217,236,242,236,250,216,207,204,229,227,219,222,247,216,211,216,251,213,247,216,240,251,237,202,222,215,231,233,211,231,205,201,250,252,216,238,222,239,203,244,250,228,226,236,213,203,204,210,214,242,253,242,229,215,208,207,235,208,209,221,202,209,247,243,247,201,204,223,221,241,238,208,238,242,240,239,215,207,252,246,206,218,227,210,207,249,243,211,204,242,221,233,205,237,224,210,238,224,225,245,200,207,239,240,233,250,201,249,236,224,244,211,207,233,244,242,221,241,222,200,213,217,247,240,237,209,248,246,224,234,205,218,234,209,210,221,224,206,234,210,213,245,209,223,251,250,239,216,251,219,225,228,225,249,217,225,211,249,201,210,213,225,232,239,243,221,247,235,210,247,220,219,211,234,221,200,246,201,201,240,246,250,207,252,206,235,206,248,222,237,253,200,233,252,245,215,254,224,204,231,214,251,224,223,218,237,232,229,219,206,252,214,230,245,241,251,222,226,208,222,207,231,213,214,215,231,249,232,206,251,210,243,207,237,248,237,213,211,214,229,227,228,252,249,3
0,0,0,0,0,0,0,0,0,0,0,0,227,231,204,128,52,0,0,0,0,0,0,0,0,0,0,0,0,1,101,224,248,182,54,0,0,0,0,0,0,0,0,0,0,0,0,0,21,172,254,254,136,0,0,0,0,0,0,0,0,0,0,0,0,0,0,2,126,254,249,145,11,0,0,0,0,0,0,0,0,0,0,0,0,0,0,89,254,253,102,0,0,0,0,0,0,0,0,0,0,0,0,0,0,0,5,214,254,194,0,0,0,0,0,0,0,0,0,0,0,0,0,0,0,0,141,254,213,15,0,0,0,0,0,0,0,0,0,0,0,0,0,0,0,12,210,254,147,0,0,5,49,6,1,0,0,0,0,0,0,0,0,0,0,91,254,254,88,47,156,235,225,242,149,37,0,0,0,0,0,0,0,0,0,214,255,208,187,246,254,175,67,76,249,239,21,0,0,0,0,0,0,0,0,235,254,134,97,126,45,1,0,0,180,254,86,0,0,0,0,0,0,0,0,235,255,134,0,0,0,0,0,0,135,254,129,0,0,0,0,0,0,0,79,253,246,33,0,0,0,0,0,11,236,254,117,0,0,0,0,0,0,0,84,254,181,0,0,0,0,0,0,121,254,254,26,0,0,0,0,0,0,0,84,254,181,0,0,0,0,0,90,248,254,175,3,0,0,0,0,0,0,0,28,241,181,0,0,0,0,0,174,254,233,24,0,0,0,0,0,0,0,0,0,230,244,31,0,0,3,134,254,214,80,0,0,0,0,0,0,0,0,0,0,59,237,211,161,120,181,254,204,61,0,0,0,0,0,0,0,0,0,0,0,0,63,199,254,254,254,214,65,0,0,0,0,0,0,0,0,0,0,0,0,0,0,0,0,0,0,0,0,0,0,0,0,0,0,0,6
0,0,0,0,0,0,0,0,0,0,0,0,0,0,0,0,0,0,0,0,0,0,0,0,0,0,0,0,0,0,0,0,0,0,0,0,0,0,0,0,0,0,0,0,0,0,0,51,128,161,203,220,136,7,0,0,0,0,0,0,0,0,0,0,0,26,164,247,254,253,253,253,254,216,59,0,0,0,0,0,0,0,0,0,74,224,253,253,247,179,137,137,230,251,249,57,0,0,0,0,0,0,0,102,229,253,253,151,50,0,0,0,0,129,253,69,0,0,0,0,0,0,108,254,255,254,146,0,0,0,0,0,0,0,208,120,26,0,0,0,0,0,207,253,241,73,4,0,0,0,0,0,0,143,249,253,239,71,0,0,0,0,207,253,109,0,0,0,15,40,116,116,208,249,253,253,254,107,0,0,0,0,207,253,151,142,184,184,229,253,253,253,254,253,253,253,169,6,0,0,0,0,208,254,254,254,254,254,254,216,184,118,93,239,254,254,34,0,0,0,0,0,69,206,207,206,164,115,56,11,0,0,55,243,253,151,0,0,0,0,0,0,0,0,0,0,0,0,0,0,0,0,203,253,242,38,0,0,0,0,0,0,0,0,0,0,0,0,0,0,0,102,254,253,128,0,0,0,0,0,0,0,0,0,0,0,0,0,0,0,24,254,254,241,34,0,0,0,0,0,0,0,0,0,0,0,0,0,0,0,125,253,254,73,0,0,0,0,0,0,0,0,0,0,0,0,0,0,0,38,245,253,247,21,0,0,0,0,0,0,0,0,0,0,0,0,0,0,0,114,253,253,84,0,0,0,0,0,0,0,0,0,0,0,0,0,0,0,45,245,254,254,0,0,0,0,0,0,0,0,0,0,0,0,0,0,0,0,87,253,253,151,0,0,0,0,0,0,0,0,9
201,207,215,201,233,219,233,213,201,207,214,241,254,201,206,221,239,237,235,242,230,245,232,238,247,222,228,204,214,249,248,215,245,237,247,244,216,247,241,224,237,238,225,213,226,222,217,205,245,207,207,239,218,241,227,235,232,238,228,222,230,202,251,244,200,217,202,228,239,229,204,232,240,208,249,234,230,215,250,203,208,219,251,213,250,206,249,205,246,226,218,231,217,216,245,211,239,235,216,228,200,206,238,213,204,228,220,249,224,233,221,200,229,218,220,252,201,200,212,239,204,239,206,205,240,231,242,208,226,245,241,212,235,216,247,232,253,241,249,240,222,224,248,254,216,243,254,221,250,252,235,230,236,237,234,218,223,228,201,222,249,229,239,223,245,235,254,201,203,227,231,227,219,205,240,201,239,208,217,209,236,238,230,223,246,253,228,207,212,240,231,212,246,212,201,210,206,254,232,219,250,240,236,216,229,252,212,213,232,236,227,225,244,218,205,226,243,227,252,225,225,234,219,214,226,201,201,223,251,215,238,249,225,233,216,233,229,228,213,234,205,250,221,243,229,250,235,232,220,227,250,242,240,236,222,200,247,233,202,204,234,230,229,208,220,222,230,237,235,234,232,207,232,238,203,209,227,233,213,219,244,208,250,224,243,242,241,234,228,219,216,247,242,203,249,217,231,243,206,225,208,246,243,240,251,233,253,211,214,223,241,215,242,221,213,207,221,241,226,212,243,223,217,200,235,216,234,204,221,254,231,211,232,210,233,227,229,239,245,202,208,246,245,237,205,240,250,233,249,249,226,227,211,244,216,200,212,200,243,205,241,224,217,204,246,238,250,254,244,240,219,249,237,235,208,223,248,230,245,226,248,232,205,204,212,234,207,205,237,233,254,239,221,209,212,251,200,238,248,208,4
0,0,0,0,0,0,0,0,0,0,0,0,0,0,0,0,0,0,0,0,0,0,0,0,0,0,0,0,0,0,53,131,195,163,120,0,0,0,0,0,0,0,0,0,0,0,0,12,68,151,248,254,253,253,251,87,0,0,0,0,0,0,0,0,0,0,11,213,253,253,253,254,116,177,253,162,0,0,0,0,0,0,0,0,0,0,112,253,253,232,80,54,4,166,253,124,0,0,0,0,0,0,0,0,0,0,163,253,253,87,0,0,72,243,246,46,0,0,0,0,0,0,0,0,0,0,73,254,254,247,47,0,204,254,177,0,0,0,0,0,0,0,0,0,0,0,157,253,253,253,208,139,252,253,93,0,0,0,0,0,0,0,0,0,0,0,163,245,120,245,253,254,253,176,8,0,0,0,0,0,0,0,0,0,0,0,125,198,0,82,222,254,253,127,0,0,0,0,0,0,0,0,0,0,0,0,21,89,0,0,181,254,253,171,20,0,0,0,0,0,0,0,0,0,0,0,0,0,11,150,254,255,254,254,144,0,0,0,0,0,0,0,0,0,0,0,0,0,140,253,253,134,133,253,239,42,0,0,0,0,0,0,0,0,0,0,0,8,222,253,194,13,8,222,253,72,0,0,0,0,0,0,0,0,0,0,0,100,253,251,67,0,43,245,245,41,0,0,0,0,0,0,0,0,0,0,0,235,253,137,0,0,120,253,235,0,0,0,0,0,0,0,0,0,0,0,73,247,243,39,0,0,171,254,177,0,0,0,0,0,0,0,0,0,0,0,215,253,164,0,20,139,252,245,49,0,0,0,0,0,0,0,0,0,0,0,254,253,176,108,204,254,232,89,0,0,0,0,0,0,0,0,0,0,0,0,241,253,253,253,253,242,68,0,0,0,0,0,0,0,8
0,0,0,0,0,0,0,0,0,0,0,0,0,0,0,0,0,0,0,0,0,0,0,0,0,0,0,0,0,0,0,0,0,0,0,0,0,0,0,0,0,0,0,0,0,0,0,0,0,0,0,0,0,0,0,0,37,163,254,102,0,0,0,0,0,0,0,0,0,0,0,0,0,0,0,46,224,253,247,47,0,0,0,0,0,0,0,0,0,0,0,0,0,0,13,183,254,247,84,0,0,0,0,0,0,0,0,124,204,11,0,0,0,0,92,253,254,128,0,0,0,0,0,0,0,0,46,244,253,95,0,0,0,31,219,253,208,9,0,0,0,0,0,0,0,23,217,254,235,15,0,0,0,176,254,254,38,0,0,0,0,0,0,0,34,207,254,251,124,0,0,0,70,241,253,253,215,198,30,0,0,0,7,146,247,253,254,165,0,13,79,176,241,253,253,253,152,42,0,0,0,10,168,253,253,253,254,244,234,237,253,254,253,253,164,79,0,0,0,0,0,59,253,253,253,253,254,253,253,253,253,254,253,154,5,0,0,0,0,0,0,59,254,254,254,254,255,254,254,254,254,255,249,60,0,0,0,0,0,0,0,9,84,203,180,135,174,91,39,72,253,254,180,0,0,0,0,0,0,0,0,0,0,0,0,0,0,0,0,107,253,254,39,0,0,0,0,0,0,0,0,0,0,0,0,0,0,0,43,237,253,184,3,0,0,0,0,0,0,0,0,0,0,0,0,0,0,0,79,253,253,23,0,0,0,0,0,0,0,0,0,0,0,0,0,0,0,5,194,254,171,0,0,0,0,0,0,0,0,0,0,0,0,0,0,0,0,65,253,234,31,0,0,0,0,0,0,0,0,0,0,0,0,0,0,0,0,118,253,146,0,0,0,0,0,0,0,0,0,0,4
0,0,0,0,0,0,0,0,0,0,0,0,0,0,0,0,0,0,0,0,0,0,0,0,0,0,0,0,0,0,0,0,0,0,57,240,167,0,0,0,0,0,0,0,0,0,0,0,0,0,0,0,0,0,131,254,203,0,0,0,0,0,0,0,0,0,0,0,0,0,0,0,0,0,214,254,139,0,0,0,0,0,0,0,0,99,228,122,0,0,0,0,0,48,238,254,92,0,0,0,0,0,0,0,0,211,254,175,0,0,0,0,0,140,254,232,43,0,0,0,0,0,0,0,22,231,254,61,0,0,0,0,0,213,254,131,0,0,0,0,0,0,0,0,124,254,242,34,0,0,0,0,89,248,254,122,0,0,0,0,0,0,0,4,222,254,125,0,0,0,0,5,217,254,184,11,0,0,0,0,0,0,0,120,254,252,51,0,0,0,0,104,254,254,120,0,0,0,0,0,0,0,22,237,254,188,0,0,0,0,0,188,254,235,23,0,0,0,0,0,0,0,120,254,254,212,98,80,80,80,107,252,254,255,254,242,157,19,0,0,0,0,48,247,254,254,254,254,254,254,254,254,254,254,254,254,246,44,0,0,0,0,0,34,120,201,254,254,254,254,254,254,239,143,90,17,15,0,0,0,0,0,0,0,0,4,26,26,26,183,255,254,65,0,0,0,0,0,0,0,0,0,0,0,0,0,0,0,8,243,254,178,3,0,0,0,0,0,0,0,0,0,0,0,0,0,0,0,125,254,254,84,0,0,0,0,0,0,0,0,0,0,0,0,0,0,0,0,184,254,246,8,0,0,0,0,0,0,0,0,0,0,0,0,0,0,0,20,237,254,109,0,0,0,0,0,0,0,0,0,0,0,0,0,0,0,0,138,254,254,85,0,0,0,0,0,0,0,0,0,4
0,0,0,0,0,0,0,0,0,0,0,0,0,0,0,0,0,0,0,0,0,0,0,0,0,0,0,0,0,0,0,0,0,0,0,0,0,0,0,0,0,0,0,0,0,0,0,0,0,51,191,254,255,242,62,0,0,0,0,0,0,0,0,0,0,0,0,0,86,232,253,161,160,248,175,0,0,0,0,0,0,0,0,0,0,0,0,93,214,93,10,1,0,65,122,0,0,0,0,0,0,0,0,0,0,0,46,231,144,0,0,0,0,0,0,0,0,0,0,0,0,0,0,0,0,0,173,211,28,0,0,0,0,27,99,3,0,0,0,0,0,0,0,0,0,0,223,88,0,0,0,0,0,165,253,25,0,0,0,0,0,0,0,0,0,0,223,165,33,7,13,33,198,252,217,14,0,0,0,0,0,0,0,0,0,0,127,232,253,200,236,253,253,253,150,0,0,0,0,0,0,0,0,0,0,0,0,27,128,208,248,253,253,180,12,0,0,0,0,0,0,0,0,0,0,0,0,0,0,0,21,250,199,6,0,0,0,0,0,0,0,0,0,0,0,0,0,0,0,42,222,253,83,0,0,0,0,0,0,0,0,0,0,0,0,0,0,0,21,210,253,136,2,0,0,0,0,0,0,0,0,0,0,0,0,0,0,0,145,253,183,3,0,0,0,0,0,0,0,0,0,0,0,0,0,0,0,47,234,192,3,0,0,0,0,0,0,0,0,0,0,0,0,0,0,0,5,193,218,28,0,0,0,0,0,0,0,0,0,0,0,0,0,0,0,0,76,253,94,0,0,0,0,0,0,0,0,0,0,0,0,0,0,0,0,20,231,184,14,0,0,0,0,0,0,0,0,0,0,0,0,0,0,0,12,197,242,49,0,0,0,0,0,0,0,0,0,0,0,0,9
0,0,0,0,0,0,0,0,0,0,0,0,0,0,0,0,0,0,0,0,0,0,0,0,0,0,0,0,0,0,0,57,114,226,255,255,57,0,0,0,0,0,0,0,0,0,0,29,86,86,114,255,255,255,255,255,226,29,0,0,0,0,0,0,0,86,170,255,255,255,255,198,114,86,0,255,255,170,0,0,0,0,0,0,141,255,255,255,141,114,29,0,0,0,114,255,255,57,0,0,0,0,0,0,57,226,170,29,0,0,0,0,0,0,198,226,141,0,0,0,0,0,0,0,0,0,0,0,0,0,0,57,198,226,255,198,141,0,0,0,0,0,0,0,0,0,0,0,0,0,0,0,198,57,29,0,0,0,0,0,0,0,0,0,0,0,0,0,0,0,0,226,255,141,0,0,0,0,0,0,0,0,0,0,0,0,0,0,0,57,226,255,255,86,0,0,0,0,0,0,0,0,0,0,0,0,0,29,170,255,255,226,86,0,0,0,0,0,0,0,0,0,0,0,0,0,0,170,255,255,255,86,0,0,0,0,0,0,0,0,0,0,0,0,0,0,0,226,255,255,255,255,86,0,0,0,0,0,0,0,0,0,0,0,0,0,0,0,114,114,114,255,198,29,0,0,0,0,0,0,0,0,0,0,0,0,0,0,0,0,0,170,255,86,0,0,0,0,0,0,0,0,0,0,0,0,0,0,0,0,86,255,255,86,0,0,0,0,0,0,0,0,0,0,0,0,0,0,29,226,255,255,255,57,0,0,0,0,0,0,0,0,0,0,0,0,29,141,255,255,255,255,170,0,0,0,0,0,0,0,0,0,29,114,114,226,255,255,255,255,255,114,0,0,0,0,0,0,0,0,0,0,114,255,255,255,255,255,255,198,57,0,0,0,0,0,0,0,0,0,3
0,0,0,0,0,0,0,0,0,0,0,0,0,0,0,0,0,0,0,0,0,0,0,0,0,2,101,207,254,255,187,157,45,0,0,0,0,0,0,0,0,0,0,0,0,155,254,214,162,173,247,254,239,159,18,0,0,0,0,0,0,0,0,0,0,131,254,114,0,0,12,190,254,254,220,11,0,0,0,0,0,0,0,0,0,144,249,157,4,0,0,35,219,254,254,34,0,0,0,0,0,0,0,0,0,12,231,254,65,0,0,0,129,254,254,51,0,0,0,0,0,0,0,0,0,0,108,227,217,32,0,0,103,254,254,65,0,0,0,24,0,0,0,0,0,0,0,192,254,120,0,5,198,254,220,52,105,134,196,251,0,0,0,0,0,0,0,85,246,247,67,78,240,254,225,230,254,254,254,222,0,0,0,0,0,0,0,0,156,254,159,245,254,254,254,220,168,56,50,3,0,0,0,0,0,0,0,68,182,254,254,254,219,248,127,6,0,0,0,0,0,0,0,0,0,0,157,244,254,254,254,176,7,36,6,0,0,0,0,0,0,0,0,0,36,143,244,180,84,136,254,85,0,0,0,0,0,0,0,0,0,0,0,23,220,254,190,8,0,54,227,163,0,0,0,0,0,0,0,0,0,0,1,184,254,145,17,0,0,12,221,212,0,0,0,0,0,0,0,0,0,0,3,228,209,53,0,0,0,0,177,236,52,0,0,0,0,0,0,0,0,0,5,254,124,0,0,0,0,0,204,254,41,0,0,0,0,0,0,0,0,0,1,152,244,43,0,0,0,0,149,254,96,0,0,0,0,0,0,0,0,0,0,69,207,240,97,68,0,0,204,254,41,0,0,0,0,0,0,0,0,0,0,0,12,232,254,253,144,183,252,175,15,0,0,0,0,0,0,0,8
0,0,0,0,0,0,0,0,0,0,0,0,0,0,0,0,0,0,0,0,0,0,0,0,0,0,0,0,0,0,0,0,0,0,0,0,0,0,0,0,0,0,0,0,0,34,138,138,97,76,139,212,222,25,0,0,0,0,0,0,0,0,0,0,147,253,252,252,252,252,253,252,252,135,26,0,0,0,0,0,0,0,0,26,236,253,252,252,252,252,253,252,252,252,221,0,0,0,0,0,0,0,0,93,252,253,252,252,252,252,253,252,252,252,252,43,0,0,0,0,0,0,0,93,252,253,252,252,252,95,201,252,252,252,252,168,0,0,0,0,0,0,38,233,253,255,249,199,21,0,22,245,253,253,253,231,0,0,0,0,0,0,70,252,252,253,206,0,0,0,26,178,252,252,252,245,59,0,0,0,0,0,70,252,252,253,206,0,0,64,222,252,252,252,252,253,188,19,0,0,0,0,70,252,252,253,244,207,207,248,253,252,252,252,252,253,252,69,0,0,0,0,38,232,252,253,252,252,252,252,253,252,252,252,252,253,252,69,0,0,0,0,0,85,251,255,253,253,253,253,255,253,253,253,253,255,218,32,0,0,0,0,0,0,188,253,252,252,252,252,253,252,252,252,252,228,75,0,0,0,0,0,0,0,0,131,227,252,252,221,253,252,252,252,252,146,0,0,0,0,0,0,0,0,0,0,29,45,98,120,253,252,252,252,252,230,0,0,0,0,0,0,0,0,0,0,0,0,0,116,253,252,252,252,252,73,0,0,0,0,0,0,0,0,0,0,0,0,0,127,255,253,253,253,190,0,0,0,0,0,0,0,0,0,0,0,0,0,0,230,253,252,252,235,60,0,0,0,0,0,0,0,0,0,0,0,0,0,0,199,253,252,252,160,0,0,0,0,0,0,9
0,0,0,0,0,0,0,0,0,0,0,0,0,0,0,0,0,0,0,0,0,0,0,0,92,229,97,0,0,0,0,0,0,0,0,0,0,0,0,0,0,0,0,0,72,202,250,210,51,0,0,0,0,0,0,0,0,0,0,0,0,0,0,0,0,86,254,254,251,153,27,0,0,0,0,0,0,0,0,0,0,0,0,0,0,16,106,126,237,254,239,148,64,4,0,0,0,0,0,0,0,0,0,0,0,0,0,0,6,72,189,254,254,151,0,0,0,0,0,0,0,0,0,0,0,0,0,0,0,0,0,53,205,254,130,0,0,0,0,0,0,0,0,0,0,0,0,0,0,0,0,0,68,242,247,0,0,0,0,0,0,0,0,0,0,0,0,0,0,0,0,0,45,246,254,0,0,0,0,0,0,0,0,0,0,0,0,0,0,0,0,0,134,254,254,0,0,0,0,0,0,0,0,0,0,0,0,0,0,0,0,72,244,254,221,0,0,0,0,0,0,0,0,0,0,0,0,0,0,0,0,172,254,217,59,0,0,0,0,0,0,0,0,0,0,0,0,0,0,0,139,252,254,144,0,0,0,0,0,0,0,0,0,0,0,0,0,0,3,102,254,254,209,21,0,0,0,0,0,0,0,0,0,0,0,0,0,3,133,254,255,254,121,0,0,0,0,0,0,0,0,0,0,0,0,0,0,134,254,254,254,117,11,0,0,0,0,0,0,0,0,0,0,0,0,0,36,242,254,254,125,0,0,0,0,0,0,0,0,0,0,0,0,0,0,0,224,254,254,117,7,0,0,0,0,0,0,0,0,0,0,0,0,0,0,76,251,222,171,11,0,0,0,0,0,0,0,0,0,0,0,0,0,0,0,93,254,69,0,0,0,0,0,0,0,0,0,0,0,0,7
0,0,0,0,0,0,0,0,0,0,0,0,0,0,0,0,0,0,0,0,0,0,0,0,0,0,0,0,0,0,46,234,131,0,0,0,0,0,0,0,0,0,0,0,0,0,0,0,0,70,234,253,195,0,0,0,0,0,0,0,0,0,0,0,0,0,0,0,92,235,254,253,127,0,0,0,0,0,0,0,0,0,0,0,0,0,0,72,230,253,189,253,127,0,0,0,0,0,0,0,0,0,0,0,0,0,45,231,233,50,96,253,127,0,0,0,0,0,0,0,0,0,0,0,0,0,112,251,104,0,96,254,127,0,0,0,0,0,0,0,0,0,0,0,0,0,28,76,0,0,96,253,127,0,0,0,0,0,0,0,0,0,0,0,0,0,0,0,0,0,56,253,127,0,0,0,0,0,0,0,0,0,0,0,0,0,0,0,0,0,16,253,127,0,0,0,0,0,0,0,0,0,0,0,0,0,0,0,0,0,16,253,127,0,0,0,0,0,0,0,0,0,0,0,0,0,0,0,0,0,21,254,72,0,0,0,0,0,0,0,0,0,0,0,0,0,0,0,0,0,96,253,47,0,0,0,0,0,0,0,0,0,0,0,0,0,0,0,0,0,135,172,9,0,0,0,0,0,0,0,0,0,0,0,0,0,0,0,0,0,190,55,79,74,4,0,0,0,0,0,0,0,0,0,0,0,0,0,0,149,228,240,253,188,6,0,0,0,0,0,0,0,0,0,0,0,0,0,29,194,255,252,119,0,0,0,0,0,0,0,0,0,0,0,0,0,0,31,216,253,227,75,0,0,0,0,0,0,0,0,0,0,0,0,0,0,46,215,253,158,15,0,0,0,0,0,0,0,0,0,0,0,0,0,0,59,245,241,126,2,0,0,0,0,0,0,0,0,0,0,1
0,0,0,0,0,0,0,0,0,0,0,0,0,0,0,0,0,0,0,0,0,0,0,0,0,0,0,0,0,0,0,0,0,0,0,0,0,0,0,0,0,0,128,128,128,128,255,255,128,128,128,128,64,0,0,0,0,0,0,0,0,128,255,255,255,255,255,255,255,255,255,255,255,255,255,128,0,0,0,0,0,64,255,255,255,255,255,255,255,255,255,255,255,255,255,255,191,0,0,0,0,0,0,64,0,0,0,0,0,128,128,255,255,255,255,255,255,0,0,0,0,0,0,0,0,0,0,0,0,128,191,255,255,255,255,255,128,0,0,0,0,0,0,0,0,64,128,255,255,255,255,255,255,255,128,64,0,0,0,0,0,0,0,128,191,255,255,255,255,255,255,255,191,64,0,0,0,0,0,0,0,64,255,255,255,255,255,255,255,255,255,255,191,128,128,64,0,0,0,0,0,128,255,255,255,255,255,255,255,255,255,255,255,255,255,255,255,191,0,0,0,128,255,255,255,255,255,255,255,255,191,255,255,255,255,255,255,255,128,0,0,0,128,128,64,0,0,0,0,0,0,0,0,0,0,191,255,255,128,0,0,0,0,0,0,0,0,0,0,0,0,0,0,0,64,255,255,255,128,0,0,0,0,0,0,0,0,0,0,0,0,0,0,128,255,255,255,255,64,0,0,0,0,0,0,0,0,0,0,0,0,0,191,255,255,255,255,0,0,0,0,0,0,0,0,0,0,0,0,0,64,255,255,255,255,191,64,0,0,0,0,0,0,0,0,0,0,0,0,191,255,255,255,255,128,0,0,0,0,0,0,0,0,0,0,0,64,128,255,255,255,255,191,64,0,0,0,0,0,0,0,0,0,0,64,191,255,255,255,255,255,128,0,0,0,0,0,0,0,0,3
0,0,0,0,0,0,0,0,0,0,0,0,0,0,0,0,0,0,0,0,0,0,0,0,0,0,0,0,0,0,0,0,0,0,0,0,0,0,0,0,0,0,0,0,0,0,0,0,0,0,0,0,0,0,0,0,0,0,0,0,0,0,0,0,0,0,0,0,0,0,0,0,0,0,0,0,0,0,0,0,254,254,207,168,147,161,221,125,125,125,125,125,125,125,125,122,0,0,0,0,253,253,253,253,253,253,253,253,253,253,253,253,253,253,253,253,121,0,0,0,12,63,142,142,142,142,228,253,253,253,253,253,253,253,253,253,123,0,0,0,0,0,0,0,0,0,15,19,19,19,106,65,43,253,253,247,9,0,0,0,0,0,0,0,0,0,0,0,0,0,0,0,27,253,253,247,0,0,0,0,0,0,0,0,0,0,0,0,0,0,0,0,27,253,253,199,0,0,0,0,0,0,0,0,0,0,0,0,0,0,0,0,137,253,253,117,0,0,0,0,0,0,0,0,0,0,0,0,0,0,0,0,156,253,253,117,0,0,0,0,0,0,0,0,0,0,0,0,0,0,0,27,234,253,249,84,0,0,0,0,0,0,0,0,0,0,0,0,0,0,0,67,253,253,206,0,0,0,0,0,0,0,0,0,0,0,0,0,0,0,0,163,253,253,110,0,0,0,0,0,0,0,0,0,0,0,0,0,0,0,0,163,253,253,110,0,0,0,0,0,0,0,0,0,0,0,0,0,0,0,0,163,253,253,110,0,0,0,0,0,0,0,0,0,0,0,0,0,0,0,0,163,253,253,110,0,0,0,0,0,0,0,0,0,0,0,0,0,0,0,0,163,253,253,110,0,0,0,0,0,0,0,0,0,0,0,0,0,0,0,0,163,253,253,110,0,0,0,0,0,7
0,0,0,0,0,0,0,0,0,0,99,224,253,228,73,0,0,0,0,0,0,0,0,0,0,0,0,0,28,182,248,244,161,13,0,0,0,0,0,0,0,0,0,0,0,0,0,53,235,253,253,120,0,0,0,0,0,0,0,0,0,0,0,0,0,0,120,239,254,222,83,0,0,0,0,0,0,0,0,0,0,0,0,0,4,58,254,253,171,25,0,0,0,0,0,0,0,0,0,0,0,0,0,0,70,253,254,209,24,0,0,0,0,0,0,0,0,0,0,0,0,0,0,0,189,253,207,25,0,0,0,0,0,0,0,0,0,0,0,0,0,0,0,61,248,253,23,0,0,0,0,0,0,0,0,0,0,0,0,0,0,0,0,79,254,254,0,0,0,0,0,0,0,0,0,0,0,0,0,0,0,0,0,79,253,253,0,0,0,0,0,0,0,0,0,0,0,0,0,0,0,0,0,79,253,253,0,0,0,0,0,31,0,55,153,116,79,12,0,0,0,0,0,67,250,253,0,0,0,90,174,242,234,247,253,253,254,143,0,0,0,0,0,0,196,253,114,91,195,248,253,193,111,58,148,118,254,233,0,0,0,0,0,0,77,254,255,254,254,146,23,0,0,0,0,0,179,249,60,0,0,0,0,0,6,76,254,253,253,27,0,0,0,0,0,0,254,188,0,0,0,0,0,0,0,0,155,253,253,211,138,31,0,0,73,116,254,135,0,0,0,0,0,0,0,0,5,146,241,253,253,242,234,234,251,253,169,25,0,0,0,0,0,0,0,0,0,0,41,148,230,254,253,253,147,58,23,0,0,0,0,0,0,0,0,0,0,0,0,0,0,0,0,0,0,0,0,0,0,0,0,0,0,0,0,0,0,0,0,0,0,0,0,0,0,0,0,0,0,0,6
0,0,0,0,0,0,0,0,0,0,0,0,0,0,0,0,0,0,0,0,0,0,0,0,0,0,0,0,0,0,0,58,248,254,141,25,0,0,0,0,0,0,0,0,0,0,0,0,0,0,57,248,253,253,253,208,28,0,0,0,0,0,0,0,0,0,0,0,0,5,178,254,253,253,253,253,66,0,0,0,0,0,0,0,0,0,0,0,23,216,253,254,253,253,253,253,66,0,0,0,0,0,0,0,0,0,0,0,133,253,253,254,253,253,253,253,102,0,0,0,0,0,0,0,0,0,0,30,229,253,253,255,75,206,253,253,211,17,0,0,0,0,0,0,0,0,0,132,253,253,253,150,4,30,205,253,253,101,0,0,0,0,0,0,0,0,35,224,253,253,168,0,0,0,81,253,253,213,0,0,0,0,0,0,0,40,170,253,253,167,50,0,0,0,81,253,253,213,0,0,0,0,0,0,0,68,253,253,253,107,0,0,0,0,81,253,253,142,0,0,0,0,0,0,0,131,255,255,228,0,0,0,0,0,144,254,229,42,0,0,0,0,0,0,0,201,253,253,170,0,0,0,0,90,251,253,73,0,0,0,0,0,0,0,0,201,253,253,93,0,0,0,40,224,253,143,7,0,0,0,0,0,0,0,69,245,253,240,64,0,0,0,220,253,228,36,0,0,0,0,0,0,0,0,81,253,253,213,0,0,36,131,251,228,57,0,0,0,0,0,0,0,0,0,179,253,253,213,6,131,222,254,230,55,0,0,0,0,0,0,0,0,0,0,214,253,253,219,133,253,253,235,53,0,0,0,0,0,0,0,0,0,0,0,200,253,253,253,253,253,239,49,0,0,0,0,0,0,0,0,0,0,0,0,34,216,253,253,252,162,50,0,0,0,0,0,0,0,0,0,0
232,238,245,226,239,219,225,234,205,217,233,254,220,240,215,241,221,250,231,223,202,242,250,251,253,228,211,231,250,249,250,230,205,249,210,253,229,221,201,243,231,243,240,243,211,240,203,232,211,233,246,235,201,234,223,248,231,220,254,231,251,215,210,253,226,248,241,250,254,228,226,200,223,242,254,240,238,223,241,243,245,219,201,223,222,223,212,252,227,217,219,248,230,210,208,241,215,210,246,201,247,215,246,229,232,223,226,235,236,224,242,200,227,205,244,226,208,203,234,227,249,235,254,205,240,201,239,253,209,215,253,250,230,224,235,211,234,231,225,252,238,234,235,218,207,215,209,225,233,213,245,231,248,231,214,229,218,252,221,251,227,201,210,239,214,246,210,251,247,236,209,222,210,236,238,204,236,205,249,216,222,234,253,242,241,232,243,215,210,246,202,202,251,234,210,228,229,232,204,216,245,221,246,239,235,240,250,247,237,241,219,230,229,240,214,230,203,200,251,251,212,235,224,221,203,250,205,211,211,200,248,239,209,248,207,206,209,251,218,224,221,216,204,219,253,219,247,239,229,250,233,241,210,233,209,248,222,222,212,241,251,216,232,229,206,227,244,200,239,236,211,247,251,218,251,214,215,210,244,234,222,230,220,204,241,212,245,229,249,215,207,232,222,245,241,254,234,215,241,243,200,209,236,234,217,231,226,239,224,241,249,204,213,253,234,217,250,220,211,249,240,223,227,236,210,248,229,214,250,246,220,211,240,219,228,238,214,204,230,242,245,225,243,209,225,254,254,223,218,234,239,233,232,225,239,200,235,202,246,209,208,241,214,243,224,212,253,250,202,244,252,234,210,253,201,201,201,248,243,231,221,215,222,243,205,240,237,253,229,242,250,209,219,241,218,207,210,208,238,210,4
0,0,0,0,0,0,0,0,0,0,0,0,0,0,0,0,0,0,0,0,0,0,0,0,0,0,0,0,0,0,0,0,0,0,0,0,0,0,0,0,0,0,0,0,0,0,0,0,57,255,114,0,0,0,0,0,0,0,0,0,0,0,0,0,0,0,0,29,226,226,29,0,0,0,0,0,0,0,0,0,0,0,0,0,0,0,0,170,255,114,0,0,0,0,0,0,0,0,0,0,0,0,0,0,0,0,114,255,198,0,0,0,0,141,226,0,0,0,0,0,0,0,0,0,0,57,255,226,29,0,0,0,29,255,255,57,0,0,0,0,0,0,0,0,0,170,255,114,0,0,0,0,141,255,170,0,0,0,0,0,0,0,0,0,57,255,198,0,0,29,141,226,255,255,170,0,0,0,0,0,0,0,0,0,114,255,114,29,198,255,255,255,255,255,114,0,0,0,0,0,0,0,0,0,170,255,226,255,255,226,141,57,255,255,29,0,0,0,0,0,0,0,0,0,114,255,255,198,114,0,0,86,255,255,0,0,0,0,0,0,0,0,0,0,0,114,57,0,0,0,0,86,255,170,0,0,0,0,0,0,0,0,0,0,0,0,0,0,0,0,0,86,255,170,0,0,0,0,0,0,0,0,0,0,0,0,0,0,0,0,0,141,255,114,0,0,0,0,0,0,0,0,0,0,0,0,0,0,0,0,0,170,255,29,0,0,0,0,0,0,0,0,0,0,0,0,0,0,0,0,0,170,255,0,0,0,0,0,0,0,0,0,0,0,0,0,0,0,0,0,0,198,170,0,0,0,0,0,0,0,0,0,0,0,0,0,0,0,0,0,0,255,170,0,0,0,0,0,0,0,0,0,0,0,0,0,0,0,0,0,0,255,170,0,0,0,0,0,0,0,4
0,0,0,0,0,0,0,0,0,0,0,0,0,0,0,0,0,0,0,0,0,0,0,0,0,0,0,0,0,2,98,225,255,215,88,4,0,0,0,0,0,0,0,0,0,0,0,9,37,162,253,253,253,253,253,210,17,0,0,0,0,0,0,0,0,3,37,216,253,253,253,253,253,253,253,253,100,0,0,0,0,0,0,0,0,32,253,253,253,253,247,134,148,253,253,253,82,0,0,0,0,0,0,0,0,93,253,253,253,231,168,0,66,247,253,253,30,0,0,0,0,0,0,0,0,12,111,216,131,27,0,0,66,236,240,170,11,0,0,0,0,0,0,0,0,0,0,0,0,0,33,138,235,253,166,0,0,0,0,0,0,0,0,0,0,0,0,0,10,78,232,253,253,173,53,0,0,0,0,0,0,0,0,0,0,0,0,38,95,253,253,238,161,15,0,0,0,0,0,0,0,0,0,0,0,0,10,188,253,253,253,185,0,0,0,0,0,0,0,0,0,0,0,0,0,0,99,253,253,253,253,237,76,0,0,0,0,0,0,0,0,0,0,0,0,0,27,179,119,179,233,253,237,39,0,0,0,0,0,0,0,0,0,0,0,0,0,0,0,0,86,253,253,89,0,0,0,0,0,0,0,0,0,0,0,0,0,0,0,0,11,202,253,172,0,0,0,0,0,0,0,0,0,0,0,0,0,0,0,0,54,245,253,67,0,0,0,0,0,0,0,0,0,0,0,13,100,34,0,0,171,253,253,49,0,0,0,0,0,0,0,0,0,0,11,184,253,86,0,24,214,253,222,29,0,0,0,0,0,0,0,0,0,0,25,253,253,140,102,240,253,253,125,0,0,0,0,0,0,0,0,0,0,0,14,207,253,251,250,253,253,130,3,0,0,0,0,0,0,0,3
0,0,0,0,0,0,0,0,0,0,0,0,0,0,0,0,0,0,0,0,0,0,0,0,71,188,254,254,254,254,255,251,118,70,0,0,0,0,0,0,0,0,0,32,245,253,253,253,253,253,253,253,253,245,84,0,0,0,0,0,0,0,0,150,253,253,220,177,177,177,177,179,253,253,240,46,0,0,0,0,0,0,0,68,250,128,35,0,0,0,0,6,225,253,253,54,0,0,0,0,0,0,0,12,77,0,0,0,0,0,0,1,141,253,253,54,0,0,0,0,0,0,0,0,0,0,0,0,0,0,0,15,253,253,204,22,0,0,0,0,0,0,0,0,0,0,0,0,0,0,15,200,253,253,100,0,0,0,0,0,0,0,0,0,0,0,0,0,0,0,162,253,253,152,1,0,0,0,0,0,0,0,0,0,0,0,0,0,25,116,244,253,253,27,0,0,0,0,0,0,0,0,0,0,0,0,0,185,219,253,253,253,253,209,161,15,0,0,0,0,0,0,0,0,0,0,0,227,253,253,253,253,253,253,253,200,81,0,0,0,0,0,0,0,0,0,0,80,89,89,89,89,89,230,253,253,212,0,0,0,0,0,0,0,0,0,0,0,0,0,0,0,0,45,234,253,212,0,0,0,0,0,0,0,0,0,0,0,0,0,0,0,0,0,220,253,212,0,0,0,0,0,0,0,0,0,0,0,0,0,0,0,0,99,252,253,212,0,0,0,0,0,0,0,0,0,0,0,0,0,0,3,83,227,253,253,93,0,0,0,77,199,95,54,0,0,0,0,0,0,41,142,253,253,253,97,16,0,0,0,97,253,253,243,179,179,179,179,179,179,227,253,253,236,93,16,0,0,0,0,37,136,248,253,253,253,253,253,253,253,240,229,96,57,0,0,0,0,0,0,3
243,233,222,204,208,217,246,242,219,200,226,222,239,204,249,209,202,240,214,200,235,212,244,249,203,226,253,226,240,201,224,200,200,201,228,252,233,239,224,209,211,215,254,227,205,227,222,214,233,207,211,206,253,224,233,228,229,205,240,236,247,217,233,203,233,251,242,224,207,238,234,228,240,236,217,235,247,203,227,241,245,253,216,226,214,238,253,211,235,214,247,213,212,246,223,227,249,211,232,211,247,242,212,210,218,200,230,249,232,252,226,216,211,238,204,234,222,247,237,211,204,241,247,231,213,229,229,240,232,206,241,206,242,205,204,242,226,207,229,216,227,226,201,226,225,236,253,252,227,227,226,235,245,227,228,225,216,251,212,241,211,202,200,204,239,234,242,251,239,211,250,204,202,228,205,207,236,220,241,202,231,220,228,228,251,229,200,221,214,207,213,253,204,228,208,249,207,212,228,214,202,241,206,217,240,236,225,226,254,243,221,204,239,244,237,230,238,208,248,223,249,253,204,209,231,236,226,201,247,247,248,241,200,207,216,238,245,222,224,208,250,248,209,217,224,231,201,228,218,209,244,221,242,226,217,236,223,235,249,252,208,252,242,248,253,234,202,253,250,223,220,203,201,224,224,216,215,217,242,239,243,247,220,215,248,229,253,210,232,211,241,226,227,245,209,243,224,221,201,244,225,243,215,236,234,203,230,246,202,217,252,208,205,227,226,223,221,248,244,219,240,244,230,232,249,214,239,248,248,207,237,223,222,227,232,238,218,250,218,244,226,249,211,203,215,254,244,251,217,206,219,232,253,233,232,233,205,227,224,231,234,217,245,206,240,213,249,230,216,200,223,209,246,247,214,235,251,214,234,203,223,237,219,243,218,246,253,254,242,219,213,218,240,218,247,216,230,215,232,225,1
0,0,0,0,0,0,0,0,0,0,0,0,0,0,0,0,0,0,0,0,0,0,0,0,0,0,0,0,214,253,62,0,0,0,0,0,0,0,0,0,0,0,0,0,0,0,0,0,253,252,102,0,0,0,0,0,0,0,0,0,0,0,0,0,0,0,0,0,152,253,123,0,0,0,0,0,0,0,0,0,0,0,0,0,0,0,0,0,112,252,243,81,0,0,0,0,0,0,0,0,0,0,0,0,0,0,0,0,0,142,254,253,152,71,52,51,41,0,0,0,0,0,0,0,0,0,0,0,0,20,131,252,253,252,253,252,223,20,0,0,0,0,0,0,0,0,0,0,0,0,0,0,102,142,254,253,203,0,0,0,0,0,0,0,0,0,0,0,0,0,0,0,0,123,253,212,81,0,0,0,0,0,0,0,0,0,0,0,0,0,0,0,72,233,224,81,0,0,0,0,0,0,0,0,0,0,0,0,0,0,0,41,253,252,61,0,0,0,0,0,0,0,0,0,0,0,0,0,0,0,72,253,254,253,41,0,0,0,0,0,0,0,0,0,0,0,21,102,163,203,233,252,253,252,122,0,0,0,0,0,0,0,51,152,173,253,254,253,254,253,254,233,102,20,0,0,0,0,0,0,0,0,71,252,253,252,253,212,172,252,253,111,0,0,0,0,0,0,0,0,0,0,0,0,102,102,0,0,173,253,183,20,0,0,0,0,0,0,0,0,0,0,0,0,0,0,0,82,253,252,0,0,0,0,0,0,0,0,0,0,0,0,0,0,0,0,0,123,255,131,0,0,0,0,0,0,0,0,0,0,0,0,0,0,0,0,0,203,213,10,0,0,0,0,0,0,0,0,0,0,0,0,0,0,0,0,0,204,204,0,0,0,0,0,0,0,0,0,0,0,7
0,0,0,0,0,0,0,0,0,0,0,0,0,0,0,0,0,0,0,0,0,0,0,0,0,0,0,0,0,0,0,0,0,0,0,0,0,0,0,0,0,0,0,0,0,0,0,1,85,117,6,0,0,0,1,88,111,0,0,0,0,0,0,0,0,0,0,4,201,253,147,0,0,0,7,204,228,33,0,0,0,0,0,0,0,0,0,56,253,253,194,0,0,0,93,253,206,0,0,0,0,0,0,0,0,0,0,243,253,242,85,0,0,0,219,253,118,0,0,0,0,0,0,0,0,0,128,251,245,137,0,0,0,93,252,187,16,0,0,0,0,0,0,0,0,79,250,251,78,0,0,0,85,237,248,62,0,0,0,0,0,0,0,2,95,225,198,71,0,0,0,41,172,253,126,0,0,0,0,0,0,0,4,128,253,253,50,24,24,99,142,228,253,253,144,142,65,24,16,0,0,0,111,253,253,253,253,253,253,253,253,253,253,235,212,217,253,253,223,160,0,124,224,253,253,233,194,191,76,86,218,253,187,43,0,9,76,76,115,218,0,255,243,176,89,38,0,0,0,78,253,230,56,0,0,0,0,0,0,71,0,96,35,0,0,0,0,0,9,195,253,77,0,0,0,0,0,0,0,0,0,0,0,0,0,0,0,0,131,253,199,6,0,0,0,0,0,0,0,0,0,0,0,0,0,0,0,15,199,226,40,0,0,0,0,0,0,0,0,0,0,0,0,0,0,0,63,249,251,83,0,0,0,0,0,0,0,0,0,0,0,0,0,0,0,0,128,253,207,0,0,0,0,0,0,0,0,0,0,0,0,0,0,0,0,0,169,253,112,0,0,0,0,0,0,0,0,0,0,0,0,0,0,0,0,71,247,249,23,0,0,0,0,0,0,0,0,0,0,0,4
0,0,0,0,0,0,0,0,0,0,0,0,0,0,0,0,0,0,0,0,0,0,0,0,0,0,0,0,0,0,0,0,0,0,0,0,0,0,0,0,0,0,0,0,32,149,255,254,254,254,192,70,0,0,0,0,0,0,0,0,0,0,0,35,217,253,253,185,146,146,198,248,25,0,0,0,0,0,0,0,0,0,0,201,253,233,138,10,0,0,13,153,171,15,0,20,80,0,0,0,0,0,80,247,253,157,0,0,0,0,0,0,155,27,0,167,247,79,0,0,0,0,94,253,235,49,0,0,0,0,0,0,0,0,18,205,221,20,0,0,0,0,94,253,186,0,0,0,0,0,0,0,0,0,96,253,213,0,0,0,0,0,30,226,232,67,0,0,0,0,0,0,0,13,209,253,192,0,0,0,0,0,0,129,253,234,69,10,0,0,0,12,27,99,253,253,80,0,0,0,0,0,0,34,216,253,253,186,147,147,148,192,253,253,253,222,34,0,0,0,0,0,0,0,32,120,120,204,253,253,254,196,120,233,253,199,0,0,0,0,0,0,0,0,0,0,0,0,0,0,0,0,0,215,254,67,0,0,0,0,0,0,0,0,0,0,0,0,0,0,0,0,0,214,253,66,0,0,0,0,0,0,0,0,0,0,0,0,0,0,0,0,0,214,253,66,0,0,0,0,0,0,0,0,0,0,0,0,0,0,0,0,0,214,253,66,0,0,0,0,0,0,0,0,0,0,0,0,0,0,0,0,0,214,253,66,0,0,0,0,0,0,0,0,0,0,0,0,0,0,0,0,0,214,253,66,0,0,0,0,0,0,0,0,0,0,0,0,0,0,0,0,0,214,253,66,0,0,0,0,0,0,0,0,0,0,0,0,0,0,0,0,0,200,253,156,9,0,0,0,9
0,0,0,0,0,0,0,0,0,0,0,0,0,0,0,0,0,0,0,0,0,0,0,0,0,0,0,0,0,255,191,64,0,0,0,0,0,0,0,0,0,0,0,0,0,0,0,0,128,255,255,255,0,0,0,0,0,0,0,0,0,0,0,0,0,0,0,0,128,255,255,255,0,0,0,0,0,0,0,0,0,0,0,0,0,0,0,0,255,255,255,128,0,0,0,0,0,0,0,0,0,0,0,0,0,0,0,64,255,255,255,128,0,0,0,0,0,0,0,0,0,0,0,0,0,0,0,64,255,255,255,128,0,0,0,0,0,0,0,0,0,0,0,0,0,0,0,0,255,255,255,128,0,0,0,0,0,0,0,0,0,0,0,0,0,0,0,0,255,255,255,128,0,0,0,0,0,0,0,0,0,0,0,0,0,0,0,0,191,255,255,128,0,0,0,0,0,0,0,0,0,0,0,0,0,0,0,0,128,255,255,128,0,0,0,0,0,0,0,0,0,0,0,0,0,0,0,0,128,255,255,128,0,0,0,0,0,0,0,0,0,0,0,0,0,0,0,0,128,255,255,191,0,0,0,0,0,0,0,0,0,0,0,0,0,0,0,0,128,255,255,255,0,0,0,0,0,0,0,0,0,0,0,0,0,0,0,0,128,255,255,255,0,0,0,0,0,0,0,0,0,0,0,0,0,0,0,0,64,255,255,255,0,0,0,0,0,0,0,0,0,0,0,0,0,0,0,0,0,255,255,255,0,0,0,0,0,0,0,0,0,0,0,0,0,0,0,0,0,255,255,255,0,0,0,0,0,0,0,0,0,0,0,0,0,0,0,0,0,255,255,255,0,0,0,0,0,0,0,0,0,0,0,0,0,0,0,0,0,255,255,255,128,0,0,0,0,0,0,0,1
0,0,0,0,0,0,0,0,0,0,0,0,0,0,129,251,251,37,0,0,0,0,0,0,0,0,0,0,0,0,0,0,0,123,245,251,142,12,0,0,0,0,0,0,0,0,0,0,0,0,0,0,109,245,251,236,81,0,0,0,0,0,0,0,0,0,0,0,0,0,0,0,117,251,251,153,0,0,0,0,0,0,0,0,0,0,0,0,0,0,0,37,200,251,251,153,0,0,0,0,0,0,0,0,0,0,0,0,0,0,0,74,251,251,251,153,0,0,0,0,0,0,0,0,0,0,0,0,0,0,0,253,251,251,239,107,0,0,0,0,0,0,0,0,0,0,0,0,0,0,106,253,251,251,212,0,0,0,0,0,0,0,0,0,0,0,0,0,0,106,238,253,251,251,212,0,0,0,0,0,0,0,0,0,0,0,0,5,119,253,253,255,253,253,168,0,0,0,0,0,0,0,0,0,0,0,0,110,251,251,251,253,251,169,10,0,0,0,0,0,0,0,0,0,0,0,0,214,251,251,251,253,169,23,0,0,0,0,0,0,0,0,0,0,0,16,159,248,251,251,251,243,114,0,0,0,0,0,0,0,0,0,0,0,0,98,251,251,251,251,175,120,0,0,0,0,0,0,0,0,0,0,0,0,25,192,251,251,251,251,57,0,0,0,0,0,0,0,0,0,0,0,0,0,39,251,251,251,251,134,9,0,0,0,0,0,0,0,0,0,0,0,0,0,39,251,251,251,251,115,0,0,0,0,0,0,0,0,0,0,0,0,0,0,39,251,251,251,251,115,0,0,0,0,0,0,0,0,0,0,0,0,0,0,39,251,251,251,251,115,0,0,0,0,0,0,0,0,0,0,0,0,0,0,0,0,0,0,0,0,0,0,0,0,0,0,0,0,0,0,1
0,0,0,0,0,0,0,0,0,0,0,0,0,0,31,51,51,51,51,10,0,0,0,0,0,0,0,0,0,41,0,82,123,203,233,252,253,252,253,131,0,0,0,0,0,0,52,51,113,233,254,253,254,253,254,233,203,243,255,213,0,0,0,0,21,183,253,252,253,252,253,252,131,50,50,30,82,243,233,70,0,0,0,0,11,213,254,253,254,213,142,20,0,0,11,92,214,253,203,20,0,0,0,0,10,172,253,212,91,10,0,0,0,0,173,252,253,252,20,0,0,0,0,0,0,0,0,0,0,0,0,0,51,193,254,253,203,61,0,0,0,0,0,0,0,0,0,0,0,0,0,41,233,252,253,212,61,0,0,0,0,0,0,0,0,0,0,0,0,21,132,253,254,253,123,0,0,0,0,0,0,0,0,0,0,0,0,0,62,162,253,252,233,111,0,0,0,0,0,0,0,0,0,0,0,0,11,132,254,253,254,192,0,0,0,0,0,0,0,0,0,0,0,0,0,123,213,252,253,212,91,30,0,0,0,0,0,0,0,0,0,0,0,41,132,253,254,233,183,61,0,0,0,0,0,0,0,0,0,0,0,0,21,223,253,252,253,111,0,0,0,0,0,0,0,0,0,0,0,0,11,132,214,253,244,162,41,0,0,0,0,0,11,10,0,0,0,0,0,0,92,252,253,252,162,0,0,0,0,0,0,0,92,212,203,81,0,0,0,0,254,253,255,253,153,152,153,152,153,152,214,253,254,253,254,213,21,0,0,0,253,252,253,252,253,252,253,252,253,252,253,252,253,252,253,212,61,0,0,0,102,183,203,203,203,203,203,203,203,203,203,203,183,102,102,20,0,0,0,0,0,0,0,0,0,0,0,0,0,0,0,0,0,0,0,0,0,0,0,0,2
0,0,0,0,0,8,123,148,218,209,45,0,0,0,0,0,0,0,0,0,0,0,0,0,0,201,252,252,231,124,0,0,0,0,0,0,0,0,0,0,0,0,0,0,62,253,252,171,16,0,0,0,0,0,0,0,0,0,0,0,0,0,0,0,211,253,126,7,0,0,0,0,0,0,0,0,0,0,0,0,0,0,0,27,228,253,63,0,0,0,0,0,0,0,0,0,0,0,0,0,0,0,0,27,229,254,63,0,0,0,0,15,96,111,0,0,0,0,0,0,0,0,0,0,176,253,127,7,0,0,15,185,245,82,0,0,0,0,0,0,0,0,0,0,53,245,252,172,16,9,237,236,80,0,0,0,0,0,0,0,0,0,0,0,0,49,211,252,231,204,253,63,0,0,0,0,0,0,0,0,0,0,0,0,0,0,32,191,252,252,253,142,9,0,0,0,0,0,0,0,0,0,0,0,0,0,0,0,169,253,255,253,245,111,0,0,0,0,0,0,0,0,0,0,0,0,0,0,169,252,81,168,246,237,146,0,0,0,0,0,0,0,0,0,0,0,0,0,169,252,0,0,81,245,252,9,0,0,0,0,0,0,0,0,0,0,0,0,169,252,0,0,0,99,252,176,0,0,0,0,0,0,0,0,0,0,0,0,169,252,0,0,0,64,252,229,27,0,0,0,0,0,0,0,0,0,0,0,169,253,18,0,0,64,253,212,0,0,0,0,0,0,0,0,0,0,0,0,133,252,141,0,0,143,252,131,0,0,0,0,0,0,0,0,0,0,0,0,32,232,250,74,75,211,252,9,0,0,0,0,0,0,0,0,0,0,0,0,0,115,253,252,252,252,182,0,0,0,0,0,0,0,0,0,0,0,0,0,0,0,60,226,252,226,42,0,0,0,0,0,8
0,0,0,0,0,0,0,0,0,0,0,0,0,0,0,0,0,0,0,0,0,0,0,0,7,18,77,137,192,192,101,3,0,0,0,0,0,0,0,0,0,0,25,125,189,254,254,254,254,254,254,58,0,0,0,0,0,0,0,0,0,50,228,254,254,254,253,201,201,238,254,224,16,0,0,0,0,0,0,0,0,154,254,234,141,65,63,0,46,200,254,228,17,0,0,0,0,0,0,0,0,114,254,141,0,0,0,62,237,254,254,63,0,0,0,0,0,0,0,0,0,5,29,8,0,46,165,242,254,229,112,5,0,0,0,0,0,0,0,0,0,0,0,0,44,235,254,254,254,224,126,25,4,0,0,0,0,0,0,0,0,0,0,0,40,227,254,254,254,254,254,254,205,137,10,0,0,0,0,0,0,0,0,0,0,40,97,213,213,242,254,254,254,254,200,83,12,0,0,0,0,0,0,0,0,0,0,0,0,54,77,121,221,254,255,254,169,41,0,0,0,0,0,0,0,0,0,0,0,0,0,0,26,64,222,254,254,235,27,0,0,0,0,0,0,0,0,0,0,0,0,0,0,0,24,136,254,254,80,0,0,0,0,0,0,0,0,0,0,0,0,0,0,0,0,27,223,254,153,0,0,0,0,0,0,0,0,0,0,0,0,0,0,0,0,0,184,254,153,0,0,0,0,0,0,0,0,0,0,0,0,0,0,0,0,28,225,254,153,0,0,0,0,0,0,0,0,0,0,0,0,0,0,0,0,126,254,254,76,0,0,0,0,52,120,0,0,0,0,0,0,0,0,4,135,230,254,233,26,0,0,0,0,111,236,62,0,0,0,0,0,0,0,145,254,254,233,60,0,0,0,0,0,88,254,240,107,45,0,0,31,102,209,254,254,236,59,0,0,0,3
0,0,0,13,145,255,233,130,38,0,0,0,0,0,0,0,0,0,0,0,0,0,0,25,253,253,253,253,170,43,0,0,0,0,0,0,0,0,0,0,0,0,0,11,186,235,235,247,253,226,110,5,0,0,0,0,0,0,0,0,0,0,0,0,0,0,0,72,210,253,253,55,0,0,0,0,0,0,0,0,0,0,0,0,0,0,0,0,180,253,253,55,0,0,0,0,0,0,0,0,0,0,0,0,0,0,0,8,191,253,253,55,0,0,0,0,0,0,0,0,0,0,0,0,0,28,44,145,253,253,253,55,0,0,0,0,0,0,0,0,0,3,50,123,174,224,253,253,253,253,253,191,134,50,8,0,0,0,0,0,2,127,253,253,253,253,253,253,253,253,253,253,253,253,190,131,33,0,0,0,5,225,253,253,253,253,243,191,191,191,191,191,241,253,253,253,225,13,0,0,0,39,185,185,185,107,51,0,0,0,0,0,50,61,167,245,253,142,4,0,0,0,0,0,0,0,0,0,0,0,0,0,0,0,0,127,253,253,109,0,0,0,0,0,0,0,0,0,0,0,0,0,0,0,0,100,253,253,135,0,0,0,0,0,0,0,0,0,0,0,0,0,0,0,0,203,253,253,93,0,0,0,0,0,0,0,0,0,0,0,0,0,0,0,126,249,253,253,12,0,0,0,0,0,0,0,0,0,0,0,0,0,0,126,249,253,253,154,2,0,0,0,0,0,0,0,19,191,179,0,0,83,206,249,253,253,209,83,0,0,0,0,0,0,0,17,197,253,249,236,236,249,253,253,253,209,22,0,0,0,0,0,0,0,0,38,253,253,253,253,253,253,253,213,90,7,0,0,0,0,0,0,0,0,0,1,109,253,253,253,253,217,129,25,0,0,0,0,0,0,3
0,0,0,0,0,0,0,0,0,0,0,0,0,0,0,0,0,0,0,0,0,0,0,0,0,0,0,0,0,0,14,94,171,255,254,227,88,0,0,0,0,0,0,0,0,0,0,0,0,119,209,253,253,253,253,253,225,4,0,0,0,0,0,0,0,0,0,0,7,201,251,248,252,249,205,253,253,5,0,0,0,0,0,0,0,0,0,0,0,66,65,0,68,20,154,253,173,2,0,0,0,0,0,0,0,0,0,0,0,0,0,0,0,108,251,233,29,0,0,0,0,0,0,0,0,0,0,0,0,0,0,1,37,228,252,134,0,0,0,0,0,0,0,0,0,0,0,0,0,0,0,22,253,253,138,0,0,0,0,0,0,0,0,0,0,0,0,0,0,0,0,142,253,183,7,0,0,0,0,0,0,0,0,0,0,0,0,0,0,0,85,252,250,45,0,0,0,0,0,0,0,0,0,0,0,0,0,0,0,0,116,253,125,0,0,0,0,0,0,0,0,0,0,0,0,0,0,0,0,0,200,253,146,18,0,0,0,0,0,0,0,0,0,0,0,0,0,0,0,0,91,252,253,58,0,0,0,0,0,0,0,0,0,0,0,0,0,0,0,0,0,238,253,85,0,0,0,0,0,0,0,0,0,0,0,0,0,0,0,0,75,251,253,48,0,0,0,0,0,0,0,0,0,0,0,0,0,0,2,120,247,251,129,2,0,0,0,0,0,0,0,0,2,27,0,0,0,0,164,253,253,130,0,0,0,0,0,0,0,0,0,0,50,228,176,11,20,186,250,231,112,3,0,0,0,0,0,0,0,0,0,0,114,253,184,85,209,253,230,43,0,0,0,0,0,0,0,0,0,0,0,0,84,253,253,253,253,199,47,0,0,0,0,0,0,0,0,0,0,0,3
0,0,0,0,0,0,0,0,0,0,0,0,0,0,0,0,0,0,0,0,0,0,0,0,0,0,0,0,0,0,0,0,0,0,172,218,8,0,0,0,0,0,0,0,0,0,0,0,0,0,0,0,0,28,240,214,11,0,0,0,0,0,0,0,0,0,0,0,43,175,0,0,0,140,244,42,0,0,0,0,0,0,0,0,0,0,0,43,204,246,36,0,49,248,141,0,0,0,0,0,0,0,0,0,0,0,4,218,254,175,0,0,162,253,54,0,0,0,0,0,0,0,0,0,0,0,40,253,193,18,0,58,249,198,0,0,0,0,0,0,0,0,0,0,0,0,147,253,132,0,0,154,253,77,74,0,0,0,0,0,0,0,0,0,0,19,249,217,13,0,49,238,253,242,88,0,0,0,0,0,0,0,0,0,0,20,254,254,205,176,236,254,254,168,0,0,0,0,0,0,0,0,0,0,0,5,154,235,253,254,253,244,94,0,0,0,0,0,0,0,0,0,0,0,0,0,0,21,39,122,253,128,0,0,0,0,0,0,0,0,0,0,0,0,0,0,0,0,0,194,253,45,0,0,0,0,0,0,0,0,0,0,0,0,0,0,0,0,79,255,233,24,0,0,0,0,0,0,0,0,0,0,0,0,0,0,0,0,115,251,91,0,0,0,0,0,0,0,0,0,0,0,0,0,0,0,0,32,232,216,0,0,0,0,0,0,0,0,0,0,0,0,0,0,0,0,0,83,253,132,0,0,0,0,0,0,0,0,0,0,0,0,0,0,0,0,0,191,254,25,0,0,0,0,0,0,0,0,0,0,0,0,0,0,0,0,19,232,253,37,0,0,0,0,0,0,0,0,0,0,0,0,0,0,0,0,124,253,193,12,0,0,0,0,0,0,0,0,0,0,4
0,0,0,0,0,0,0,0,0,23,157,240,138,0,0,0,0,0,0,0,0,0,0,0,0,0,0,0,72,208,254,254,93,0,0,0,0,0,0,0,0,0,0,0,0,0,7,146,248,254,116,227,108,0,0,0,0,0,0,0,0,0,0,0,0,32,222,254,232,41,0,125,217,79,0,0,0,0,0,0,0,0,0,0,0,59,254,223,57,0,0,118,254,214,0,0,0,0,0,0,0,0,0,0,0,46,246,194,5,0,0,140,236,53,0,0,0,0,0,0,0,0,0,0,0,0,125,254,203,80,43,233,167,0,0,0,0,0,0,0,0,0,0,0,0,0,6,108,248,254,254,240,24,0,0,0,0,0,0,0,0,0,0,0,0,0,0,0,18,200,254,252,125,0,0,0,0,0,0,0,0,0,0,0,0,0,0,0,0,196,217,216,236,53,0,0,0,0,0,0,0,0,0,0,0,0,0,0,100,254,76,8,207,215,0,0,0,0,0,0,0,0,0,0,0,0,0,0,220,238,0,0,176,214,0,0,0,0,0,0,0,0,0,0,0,0,0,0,235,58,0,0,176,214,0,0,0,0,0,0,0,0,0,0,0,0,11,167,252,58,0,19,248,214,0,0,0,0,0,0,0,0,0,0,0,0,20,254,238,36,0,96,254,214,0,0,0,0,0,0,0,0,0,0,0,0,81,254,95,0,0,178,254,155,0,0,0,0,0,0,0,0,0,0,0,0,118,254,19,0,103,248,217,25,0,0,0,0,0,0,0,0,0,0,0,0,118,254,19,99,254,247,84,0,0,0,0,0,0,0,0,0,0,0,0,0,103,254,161,249,255,128,0,0,0,0,0,0,0,0,0,0,0,0,0,0,20,254,254,254,59,9,0,0,0,0,0,0,0,0,8
0,0,0,0,0,0,0,0,0,0,0,0,4,139,253,62,0,0,0,0,0,0,0,0,0,0,0,0,0,0,0,0,22,252,252,106,0,0,0,0,0,0,0,0,0,0,0,0,0,0,0,0,84,252,252,9,0,0,0,0,0,0,0,0,0,0,0,0,0,0,0,22,237,252,182,0,0,0,0,0,0,0,0,0,0,0,0,0,0,0,0,85,252,252,59,0,0,0,0,0,0,0,0,0,0,0,0,0,0,0,43,227,253,216,18,0,0,0,0,0,0,0,0,0,0,0,0,0,0,0,148,252,252,110,0,0,0,0,0,0,0,0,0,0,0,0,0,0,0,54,245,252,224,7,0,0,0,0,0,0,0,0,0,0,0,0,0,0,0,132,253,252,100,0,0,0,0,0,0,0,0,0,0,0,0,0,0,0,27,228,253,182,4,0,0,0,0,0,0,0,0,0,0,0,0,0,0,0,126,253,255,107,0,0,0,0,0,0,0,0,0,0,0,0,0,0,0,16,232,252,186,16,0,0,0,0,0,0,0,0,0,0,0,0,0,0,0,75,252,252,106,0,0,0,0,0,0,0,0,0,0,0,0,0,0,0,22,202,252,252,35,0,0,0,0,0,0,0,0,0,0,0,0,0,0,0,85,252,252,121,0,0,0,0,0,0,0,0,0,0,0,0,0,0,0,0,146,253,253,42,0,0,0,0,0,0,0,0,0,0,0,0,0,0,0,112,237,252,169,11,0,0,0,0,0,0,0,0,0,0,0,0,0,0,18,156,252,233,7,0,0,0,0,0,0,0,0,0,0,0,0,0,0,0,211,253,252,205,0,0,0,0,0,0,0,0,0,0,0,0,0,0,0,0,167,253,217,29,0,0,0,0,0,0,0,0,0,0,0,0,1
0,0,0,0,0,0,0,0,0,0,0,0,0,0,0,0,0,0,0,0,0,0,0,0,0,0,0,0,0,0,0,0,0,0,0,0,0,0,0,0,0,0,0,0,0,0,0,0,0,0,0,0,128,128,128,0,0,0,0,0,0,0,0,0,0,0,0,0,0,128,191,255,255,255,255,0,0,0,0,0,0,0,0,0,0,0,0,128,255,255,255,255,191,255,255,128,64,0,0,0,0,0,0,0,0,64,191,255,128,128,191,191,191,255,255,255,255,255,191,64,0,0,0,64,191,255,255,64,0,0,0,64,0,0,0,0,0,255,255,255,0,0,64,255,255,255,64,0,0,0,0,0,0,0,0,0,0,0,191,255,0,0,255,255,255,0,0,0,0,0,0,0,0,0,0,0,0,0,128,255,0,128,255,255,64,0,0,0,0,0,0,0,0,0,0,0,0,0,191,255,0,191,255,128,0,0,0,0,0,0,0,0,0,0,0,0,0,191,255,255,0,255,255,128,0,0,0,0,0,0,0,0,0,0,0,0,128,255,255,191,0,255,255,128,0,0,0,0,0,0,0,0,0,0,128,191,255,255,128,0,0,255,255,191,64,0,0,0,0,0,0,0,128,191,255,255,255,64,0,0,0,0,255,255,255,128,0,0,0,64,128,255,255,255,255,191,0,0,0,0,0,0,128,255,255,255,255,255,255,255,255,255,255,191,0,0,0,0,0,0,0,0,0,64,191,255,255,255,255,191,191,128,64,0,0,0,0,0,0,0,0,0,0,0,0,0,0,0,0,0,0,0,0,0,0,0,0,0,0,0,0,0,0,0,0,0,0,0,0,0,0,0,0,0,0,0,0,0,0,0,0,0,0,0,0,0,0,0,0,0,0,0,0,0,0,0,0,0,0,0,0
0,0,0,0,0,0,0,0,0,0,0,0,0,0,0,0,0,0,0,0,0,0,0,0,0,0,0,0,0,51,226,33,0,0,0,0,0,0,0,0,0,0,0,0,0,0,0,0,0,75,254,165,0,0,0,0,0,0,0,0,0,0,0,0,0,0,0,0,0,68,254,165,0,0,0,0,0,0,0,0,0,0,0,0,0,0,0,0,0,10,248,165,0,0,0,0,0,0,0,0,0,0,0,0,0,0,0,0,0,75,254,165,0,0,0,0,0,0,0,0,0,0,0,0,0,0,0,0,0,36,251,209,15,0,0,0,0,0,0,0,0,0,0,0,0,0,0,0,0,0,247,253,57,0,0,0,0,0,0,0,0,0,0,0,0,0,0,0,0,0,247,247,0,0,0,0,0,0,0,0,0,0,0,0,0,0,0,0,0,0,247,247,0,0,0,0,0,0,0,0,0,0,0,0,0,0,0,0,0,0,247,247,0,0,0,0,0,0,0,0,0,0,0,0,0,0,0,0,0,0,248,248,0,0,0,0,0,0,0,0,0,0,0,0,0,0,0,0,0,5,248,247,0,0,0,0,0,0,0,0,0,0,0,0,0,0,0,0,0,75,254,186,0,0,0,0,0,0,0,0,0,0,0,0,0,0,0,0,0,75,254,165,0,0,0,0,0,0,0,0,0,0,0,0,0,0,0,0,0,75,255,125,0,0,0,0,0,0,0,0,0,0,0,0,0,0,0,0,0,75,254,126,0,0,0,0,0,0,0,0,0,0,0,0,0,0,0,0,0,58,253,165,0,0,0,0,0,0,0,0,0,0,0,0,0,0,0,0,0,0,247,165,0,0,0,0,0,0,0,0,0,0,0,0,0,0,0,0,0,0,196,138,0,0,0,0,0,0,0,0,1
0,0,0,0,0,0,0,0,0,0,0,0,0,0,0,0,0,0,0,0,0,0,0,0,0,0,0,0,0,0,0,0,0,0,0,0,0,0,0,0,0,0,0,55,134,254,235,0,0,0,0,0,0,0,0,0,0,0,0,0,0,0,0,235,253,253,233,0,0,0,0,0,83,118,73,0,0,0,0,0,0,0,0,235,253,253,233,0,0,0,0,0,176,253,154,0,0,0,0,0,0,0,164,251,253,253,233,0,0,0,0,0,176,253,246,90,0,0,0,0,0,0,176,253,253,253,241,68,0,0,0,0,176,253,253,156,15,0,0,0,0,0,176,253,253,253,253,223,156,36,0,0,176,253,253,253,38,0,0,0,0,0,27,222,253,253,253,253,253,224,217,125,182,253,253,253,53,0,0,0,0,0,0,28,174,223,253,253,253,253,255,253,253,253,253,253,239,55,0,0,0,0,0,0,0,72,232,253,253,253,254,253,253,253,253,253,253,174,0,0,0,0,0,0,0,0,49,118,253,253,254,253,253,253,253,253,237,40,0,0,0,0,0,0,0,0,0,0,0,0,46,223,254,254,255,218,29,0,0,0,0,0,0,0,0,0,0,0,0,0,0,118,253,253,253,97,0,0,0,0,0,0,0,0,0,0,0,0,0,0,0,118,253,253,253,205,27,0,0,0,0,0,0,0,0,0,0,0,0,0,0,118,253,253,253,253,38,0,0,0,0,0,0,0,0,0,0,0,0,0,0,118,253,253,253,253,38,0,0,0,0,0,0,0,0,0,0,0,0,0,0,118,253,253,253,253,38,0,0,0,0,0,0,0,0,0,0,0,0,0,0,118,253,253,245,112,6,0,0,0,0,0,0,0,0,0,0,0,0,0,0,118,253,253,154,0,0,0,0,0,4
0,0,0,0,0,0,0,0,0,0,0,0,0,0,0,0,0,0,0,0,0,0,0,0,0,0,0,0,0,0,0,0,0,0,0,0,0,0,0,0,0,79,254,217,97,32,0,0,0,0,0,0,100,217,97,9,0,0,0,0,0,12,220,249,255,236,215,125,80,119,126,147,191,254,255,204,0,0,0,0,0,0,0,98,176,211,254,254,254,254,254,254,254,254,214,72,0,0,0,0,0,0,0,0,0,9,19,19,19,19,19,92,254,254,91,0,0,0,0,0,0,0,0,0,0,0,0,0,0,0,0,117,254,254,0,0,0,0,0,0,0,0,0,0,0,0,0,0,0,0,0,177,254,254,0,0,0,0,0,0,0,0,0,0,0,0,0,0,0,0,0,176,254,254,0,0,0,0,0,0,0,0,0,0,0,0,0,0,0,0,0,176,254,223,0,0,0,0,0,0,0,0,0,0,0,0,0,0,0,0,0,176,254,171,0,0,0,0,0,0,0,0,0,0,0,0,0,0,0,0,0,176,254,254,0,0,0,0,0,0,0,0,0,0,0,0,0,0,0,14,59,157,254,217,23,0,0,0,0,0,0,0,0,0,0,0,14,73,155,225,254,254,254,254,208,109,0,0,0,0,0,0,0,0,0,113,230,254,254,176,93,200,254,223,176,162,0,0,0,0,0,0,0,0,130,251,241,161,41,0,0,176,254,155,0,0,0,0,0,0,0,0,0,0,14,133,40,0,0,0,0,176,254,155,0,0,0,0,0,0,0,0,0,0,0,0,0,0,0,0,0,177,254,217,0,0,0,0,0,0,0,0,0,0,0,0,0,0,0,0,0,131,254,246,0,0,0,0,0,0,0,0,0,0,0,0,0,0,0,0,0,55,248,155,0,0,0,0,0,0,7
0,0,0,0,0,0,0,0,0,0,0,0,0,0,0,0,0,0,0,0,0,0,0,0,0,0,0,0,0,0,0,0,0,0,0,0,0,0,0,0,0,0,0,0,0,0,0,0,0,0,0,0,0,0,0,0,0,0,0,0,0,0,0,0,0,0,0,0,0,0,45,104,179,179,10,0,0,0,0,0,0,0,0,0,0,0,0,0,0,170,225,252,252,253,159,0,0,0,0,0,0,0,0,0,0,0,0,104,97,253,252,252,252,244,81,0,0,0,0,0,0,0,0,0,0,0,51,246,252,253,252,252,252,187,38,0,0,0,0,0,0,0,0,0,0,0,120,253,253,226,113,160,253,204,228,44,0,0,0,0,0,0,0,0,0,7,187,252,252,88,13,123,252,253,252,168,0,0,0,0,0,0,0,0,0,29,252,252,202,48,172,252,252,253,252,168,0,0,0,0,0,0,0,0,0,4,178,252,252,241,252,252,252,253,252,68,0,0,0,0,0,0,0,0,0,0,157,253,253,251,225,137,238,255,197,0,0,0,0,0,0,0,0,0,0,0,19,122,221,125,0,19,231,247,103,0,0,0,0,0,0,0,0,0,0,0,0,0,25,0,19,140,252,137,0,0,0,0,0,0,0,0,0,0,0,0,0,0,0,0,57,252,252,113,0,0,0,0,0,0,0,0,0,0,0,0,0,0,0,4,128,253,253,114,0,0,0,0,0,0,0,0,0,0,0,0,0,0,0,104,252,252,151,38,0,0,0,0,0,0,0,0,0,0,0,0,0,0,0,141,252,186,6,0,0,0,0,0,0,0,0,0,0,0,0,0,0,0,51,241,227,43,0,0,0,0,0,0,0,0,0,0,0,0,0,0,0,0,114,255,197,0,0,0,0,0,0,0,0,0,9
0,0,0,0,0,0,0,26,142,254,254,254,122,70,0,0,0,0,0,0,0,0,0,0,0,0,64,244,253,253,253,253,254,248,121,17,0,0,0,0,0,0,0,0,0,73,234,253,253,253,198,159,254,253,253,119,20,0,0,0,0,0,0,0,0,124,253,253,253,253,107,0,40,200,253,253,95,0,0,0,0,0,0,0,0,214,253,253,253,246,78,0,0,23,197,253,204,18,0,0,0,0,0,0,70,243,253,253,195,59,0,0,0,0,25,224,253,95,0,0,0,0,0,0,116,253,253,253,80,0,0,0,0,0,0,193,253,236,55,0,0,0,0,0,228,253,253,247,71,0,0,0,0,0,0,81,253,253,80,0,0,0,0,0,228,253,253,122,0,0,0,0,0,0,0,34,216,253,159,5,0,0,0,0,228,253,253,66,0,0,0,0,0,0,0,0,68,253,253,93,0,0,0,0,229,254,254,67,0,0,0,0,0,0,0,0,68,254,255,157,0,0,0,103,252,253,225,38,0,0,0,0,0,0,0,0,68,253,253,226,0,0,0,108,253,253,186,0,0,0,0,0,0,0,0,0,68,253,253,177,0,0,0,108,253,253,243,56,0,0,0,0,0,0,0,0,68,253,253,93,0,0,0,108,253,253,253,66,0,0,0,0,0,0,0,0,103,253,243,69,0,0,0,28,234,253,253,95,0,0,0,0,0,0,0,89,240,253,184,0,0,0,0,0,206,253,253,236,76,0,0,0,41,98,174,241,253,245,67,0,0,0,0,0,35,228,253,253,238,161,161,161,255,253,253,253,246,108,0,0,0,0,0,0,0,132,250,253,253,253,253,253,255,253,253,242,106,0,0,0,0,0,0,0,0,0,95,147,253,253,253,253,255,126,120,19,0,0,0,0,0
0,0,0,0,0,0,0,0,0,0,0,0,0,0,0,0,0,0,0,0,0,0,0,0,0,0,0,0,0,0,0,0,0,0,0,0,0,0,0,0,0,0,0,0,0,0,0,0,0,0,0,0,0,0,0,0,0,0,0,0,0,0,0,0,0,0,0,0,0,0,0,0,0,0,0,93,254,164,0,0,61,60,60,60,60,60,60,60,60,60,123,209,209,209,209,240,253,184,50,0,254,253,253,253,253,253,253,253,253,253,254,253,253,253,253,253,253,253,211,7,183,253,253,253,253,253,253,253,253,253,254,253,253,253,253,253,253,253,253,104,238,253,253,253,253,253,253,253,253,253,254,253,253,253,253,253,253,253,240,73,254,253,253,253,253,253,253,253,253,253,254,253,253,253,253,253,253,242,96,0,120,150,253,253,253,237,119,119,119,119,120,150,253,253,253,253,253,163,0,0,0,4,23,163,75,56,0,0,0,0,0,60,253,253,253,253,205,17,0,0,0,0,0,0,0,0,0,0,0,0,19,183,253,253,253,248,98,0,0,0,0,0,0,0,0,0,0,0,0,0,105,253,253,253,253,223,0,0,0,0,0,0,0,0,0,0,0,0,0,0,167,254,254,254,254,74,0,0,0,0,0,0,0,0,0,0,0,0,0,0,254,253,253,253,191,13,0,0,0,0,0,0,0,0,0,0,0,0,0,98,254,253,253,253,90,0,0,0,0,0,0,0,0,0,0,0,0,0,0,149,254,253,253,253,178,0,0,0,0,0,0,0,0,0,0,0,0,0,0,149,254,253,253,253,46,0,0,0,0,0,0,0,0,0,0,0,0,0,50,223,254,253,225,74,9,0,0,0,0,0,0,0,0,0,0,0,0,0,194,253,254,253,89,0,0,0,0,0,0,0,7
0,0,0,0,0,0,0,0,0,0,0,0,0,0,0,0,0,0,0,0,0,0,0,0,0,31,34,116,144,144,144,144,153,254,216,139,28,0,0,0,0,0,0,0,24,238,253,253,253,254,253,253,253,253,253,253,221,18,0,0,0,0,0,0,54,245,253,253,253,254,253,253,253,253,253,253,253,66,0,0,0,0,0,0,0,164,231,241,231,232,154,129,249,253,253,253,230,32,0,0,0,0,0,0,0,0,0,39,0,0,39,181,253,253,253,251,116,0,0,0,0,0,0,0,0,0,0,0,39,104,237,253,253,253,222,110,0,0,0,0,0,0,0,0,0,0,0,43,227,254,253,253,253,253,64,0,0,0,0,0,0,0,0,0,0,0,47,228,253,254,253,253,253,253,137,4,0,0,0,0,0,0,0,0,0,0,122,253,253,254,253,253,253,253,253,55,0,0,0,0,0,0,0,0,0,0,25,225,253,254,224,143,249,253,253,131,0,0,0,0,0,0,0,0,0,0,0,34,111,0,0,0,133,254,254,132,0,0,0,0,0,0,0,0,0,0,0,0,0,0,0,27,213,253,253,131,0,0,0,0,0,0,53,124,210,18,0,0,0,0,0,100,253,253,253,89,0,0,0,0,0,0,191,249,154,1,0,0,0,0,93,228,253,253,197,11,0,0,0,0,0,90,250,174,0,0,0,0,0,119,227,253,253,241,43,0,0,0,0,0,24,225,253,88,0,0,0,28,185,254,253,253,236,43,0,0,0,0,0,0,6,160,253,215,35,65,141,239,253,254,253,253,126,0,0,0,0,0,0,0,0,100,253,253,253,253,253,253,253,255,242,118,4,0,0,0,0,0,0,0,0,70,250,253,253,253,253,253,253,196,49,0,0,0,0,0,0,0,0,0,3
0,0,0,0,0,0,0,0,0,0,0,0,0,0,0,0,0,0,0,0,0,0,0,0,0,0,0,0,0,0,0,0,0,0,0,0,0,0,0,0,0,0,0,0,0,0,0,0,0,0,0,0,0,0,0,0,0,0,0,0,0,0,0,0,0,14,133,245,40,0,0,0,0,0,19,201,241,34,0,0,0,0,0,0,0,69,253,244,159,157,157,246,245,245,245,252,253,166,0,0,0,0,0,0,101,245,253,253,253,253,253,235,23,38,135,253,253,58,0,0,0,0,0,0,219,253,253,229,194,111,26,18,0,0,120,253,215,24,0,0,0,0,0,0,49,122,80,19,0,0,0,0,0,11,232,253,86,0,0,0,0,0,0,0,0,0,0,0,0,0,0,0,0,116,253,177,23,0,0,0,0,0,0,0,0,0,0,0,0,0,0,0,8,238,247,31,0,0,0,0,0,0,0,0,0,0,0,0,0,0,0,0,107,253,164,0,0,0,0,0,0,0,0,0,0,0,0,0,0,0,0,3,221,253,80,0,0,0,0,0,0,0,0,0,0,0,0,0,0,0,0,110,253,201,17,0,0,0,0,0,0,0,0,0,0,0,0,0,0,0,28,255,254,17,0,0,0,0,0,0,0,0,0,0,0,0,0,0,0,6,221,254,185,1,0,0,0,0,0,0,0,0,0,0,0,0,0,0,0,61,253,254,50,0,0,0,0,0,0,0,0,0,0,0,0,0,0,0,4,189,253,134,1,0,0,0,0,0,0,0,0,0,0,0,0,0,0,0,79,253,238,12,0,0,0,0,0,0,0,0,0,0,0,0,0,0,0,22,242,253,124,0,0,0,0,0,0,0,0,0,0,0,0,0,0,0,0,106,253,249,43,0,0,0,0,0,0,0,0,0,7
0,0,0,0,0,0,0,0,0,0,0,0,0,0,0,0,0,0,0,0,0,0,0,0,0,0,0,0,63,254,254,228,96,0,0,0,0,0,0,0,0,0,0,0,0,0,0,0,211,253,253,254,249,177,12,0,0,0,0,0,0,0,0,0,0,0,0,8,222,192,68,185,250,253,144,0,0,0,0,0,0,0,0,0,0,0,0,55,253,73,0,0,164,253,235,0,0,0,0,0,0,0,0,0,0,0,0,55,253,87,0,0,145,253,235,0,0,0,0,0,0,0,0,0,0,0,0,0,218,203,0,21,209,254,144,0,0,0,0,0,0,0,0,0,0,0,0,0,198,251,87,176,253,253,125,0,0,0,0,0,0,0,0,0,0,0,0,0,44,245,240,254,245,126,8,0,0,0,0,0,0,0,0,0,0,0,0,0,0,199,253,254,89,0,0,0,0,0,0,0,0,0,0,0,0,0,0,0,27,238,253,254,18,0,0,0,0,0,0,0,0,0,0,0,0,0,0,0,153,254,254,255,102,0,0,0,0,0,0,0,0,0,0,0,0,0,0,123,250,242,43,182,249,105,0,0,0,0,0,0,0,0,0,0,0,0,0,235,253,112,0,11,107,230,40,0,0,0,0,0,0,0,0,0,0,0,6,237,250,50,0,0,0,178,144,0,0,0,0,0,0,0,0,0,0,0,47,247,216,0,0,0,0,128,144,0,0,0,0,0,0,0,0,0,0,0,0,236,217,0,0,0,0,218,144,0,0,0,0,0,0,0,0,0,0,0,0,216,250,70,0,0,32,225,41,0,0,0,0,0,0,0,0,0,0,0,0,40,235,231,62,0,145,221,8,0,0,0,0,0,0,0,0,0,0,0,0,0,79,197,253,200,249,138,0,0,0,0,0,0,8
0,0,0,0,0,0,0,0,0,0,0,0,0,0,0,0,0,0,0,0,0,0,0,0,0,0,0,0,0,0,0,13,195,254,254,171,0,0,0,0,0,0,0,0,0,0,0,0,0,0,45,236,253,253,253,247,103,0,0,0,0,0,0,0,0,0,0,0,0,21,184,253,253,253,253,253,191,0,0,0,0,0,0,0,0,0,0,0,0,173,253,253,253,253,253,253,191,0,0,0,0,0,0,0,0,0,0,15,84,238,253,253,230,82,245,253,191,0,0,0,0,0,0,0,0,0,0,118,253,253,253,229,44,7,241,253,184,0,0,0,0,0,0,0,0,0,0,248,253,253,228,43,0,125,253,253,54,0,0,0,0,0,0,0,0,6,181,253,253,253,145,0,7,250,253,172,2,0,0,0,0,0,0,0,0,14,253,253,253,180,44,0,130,253,253,123,0,0,0,0,0,0,0,0,0,52,253,253,253,47,0,8,174,253,225,25,0,0,0,0,0,0,0,0,0,151,253,253,161,13,10,145,253,253,125,0,0,0,0,0,0,0,0,0,4,162,253,181,10,0,49,253,253,253,13,0,0,0,0,0,0,0,0,2,116,253,253,143,0,0,52,253,253,250,13,0,0,0,0,0,0,0,0,56,253,253,253,76,0,102,219,253,253,129,0,0,0,0,0,0,0,0,0,56,253,253,129,1,37,225,253,253,190,7,0,0,0,0,0,0,0,0,0,174,253,241,17,96,232,253,253,229,15,0,0,0,0,0,0,0,0,0,0,192,253,239,33,145,253,253,215,48,0,0,0,0,0,0,0,0,0,0,0,96,253,249,217,253,253,219,97,0,0,0,0,0,0,0,0,0,0,0,0,21,202,253,253,253,246,44,0,0,0,0,0,0,0,0,0,0,0
0,0,0,0,0,0,0,0,0,0,0,0,0,0,0,0,0,0,0,0,0,0,0,0,0,0,0,0,0,0,0,0,0,0,0,0,0,0,0,0,0,0,0,0,0,0,0,0,0,0,0,0,0,128,128,128,128,128,0,0,0,0,0,128,255,191,191,255,255,255,255,255,255,255,255,255,255,255,128,0,0,64,255,255,255,255,255,255,255,255,255,255,255,255,255,255,255,255,128,0,128,255,255,255,255,128,128,128,128,191,128,128,128,128,64,255,255,255,64,0,191,191,64,0,0,0,0,0,0,0,0,0,0,0,255,255,255,64,0,0,64,0,0,0,0,0,0,0,0,0,0,0,0,191,255,255,191,0,0,0,0,0,0,0,0,0,0,0,0,0,0,0,128,255,255,191,0,0,0,0,0,0,0,0,0,0,0,0,0,0,0,191,255,255,191,0,0,0,0,0,0,0,0,0,0,0,0,0,0,0,64,255,255,191,0,0,0,0,0,0,0,0,0,0,0,0,0,0,0,64,255,255,191,0,0,0,0,0,0,0,0,0,0,0,0,0,0,0,64,255,255,255,64,0,0,0,0,0,0,0,0,0,0,0,0,0,0,64,255,255,255,0,0,0,0,0,0,0,0,0,0,0,0,0,0,0,191,255,255,255,64,0,0,128,128,128,128,255,255,255,0,0,0,0,0,191,255,255,255,191,128,255,255,255,255,255,255,255,191,64,0,0,0,0,128,255,255,255,255,255,255,255,255,255,255,128,128,0,0,0,0,0,0,0,255,255,255,255,255,255,255,255,128,128,0,0,0,0,0,0,0,0,0,0,255,255,255,255,255,191,128,0,0,0,0,0,0,0,0,0,0,0,0,0,64,128,128,64,0,0,0,0,0,0,0,0,0,0,0,0,2
0,0,0,0,0,0,0,0,0,36,125,221,254,255,234,109,0,0,0,0,0,0,0,0,0,0,0,0,37,223,253,253,253,253,253,253,234,48,0,0,0,0,0,0,0,0,0,0,203,253,253,170,142,142,159,253,253,236,106,0,0,0,0,0,0,0,38,215,250,253,226,38,0,0,3,169,253,253,240,0,0,0,0,0,0,38,221,253,253,188,19,0,0,0,0,33,216,253,240,0,0,0,0,0,0,212,253,253,137,23,0,0,0,0,0,0,110,253,252,102,0,0,0,0,132,249,253,253,222,111,0,0,0,0,0,0,18,219,253,227,0,0,0,132,250,253,253,227,134,9,0,0,0,0,0,0,0,150,253,247,0,0,34,245,253,253,253,65,0,0,0,0,0,0,0,0,0,150,253,249,0,0,218,253,253,253,182,9,0,0,0,0,0,0,0,0,0,150,253,253,0,124,252,253,253,253,162,0,0,0,0,0,0,0,0,0,0,150,253,253,0,254,253,253,253,253,68,0,0,0,0,0,0,0,0,0,6,171,253,248,0,255,253,253,253,161,10,0,0,0,0,0,0,0,0,0,50,253,253,223,0,234,253,253,253,113,0,0,0,0,0,0,0,0,0,43,221,253,244,39,0,125,253,253,253,72,0,0,0,0,0,0,0,0,22,175,253,253,223,0,0,48,250,253,253,25,0,0,0,0,0,0,6,118,221,253,253,228,42,0,0,0,248,253,253,110,13,0,0,0,16,118,171,253,253,251,220,43,0,0,0,0,168,253,253,253,214,101,54,143,228,253,253,253,244,142,0,0,0,0,0,0,0,168,247,253,253,253,253,253,253,253,252,156,39,0,0,0,0,0,0,0,0,0,0,111,237,253,253,253,253,155,98,0,0,0,0,0,0,0,0
0,0,0,0,0,0,0,0,0,0,0,0,0,0,0,0,0,0,0,0,0,0,0,0,0,0,13,109,192,254,244,160,136,67,15,0,0,0,0,15,0,0,0,0,0,0,23,199,216,216,248,254,254,254,232,226,226,226,226,232,0,0,0,0,0,0,0,0,35,104,105,56,150,234,244,250,254,254,254,254,0,0,0,0,0,0,0,6,170,254,225,0,0,0,0,57,85,92,178,157,0,0,0,0,0,0,44,220,254,243,79,0,0,0,0,0,0,0,0,0,0,0,0,0,0,34,226,254,247,78,0,0,0,0,0,0,0,0,0,0,0,0,0,0,4,170,254,247,78,0,0,0,0,0,0,0,0,0,0,0,0,0,0,0,156,254,254,123,0,0,0,0,0,0,0,0,0,0,0,0,0,0,0,0,198,254,236,51,0,0,0,0,0,0,0,0,0,0,0,0,0,0,0,0,128,254,254,249,157,39,0,0,0,0,0,0,0,0,0,0,0,0,0,0,0,92,225,254,254,254,209,91,0,0,0,0,0,0,0,0,0,0,0,0,0,0,16,112,228,254,254,254,109,5,0,0,0,0,0,0,0,0,0,0,0,0,0,0,19,77,195,251,254,70,0,0,0,0,0,0,0,0,0,0,0,0,0,0,0,0,0,98,254,216,0,0,0,0,0,0,0,0,0,0,0,0,0,0,0,0,6,118,254,216,0,0,0,0,0,0,0,0,0,0,0,0,0,0,0,0,78,254,254,216,0,0,0,0,0,0,0,0,0,0,0,0,0,0,0,72,243,254,255,118,0,0,0,0,0,0,0,0,186,59,0,0,32,99,217,250,254,232,138,12,0,0,0,0,0,0,0,0,198,248,217,217,237,254,254,247,169,24,0,0,0,0,0,0,0,0,5
0,0,0,0,0,0,0,0,0,0,0,0,0,0,0,0,0,0,0,0,0,0,0,0,0,0,0,0,0,0,0,0,0,0,0,0,0,0,0,0,0,0,0,0,0,0,0,0,0,0,0,0,0,0,0,0,0,0,0,0,0,0,0,0,0,0,0,0,16,141,213,157,73,0,0,0,0,0,0,0,0,0,0,0,0,0,0,87,240,254,254,255,254,82,0,0,0,0,0,0,0,0,0,0,0,0,61,244,241,166,23,50,95,191,0,0,0,0,0,0,0,0,0,0,0,0,225,146,22,0,0,0,0,189,37,0,0,0,0,0,0,0,0,0,0,21,238,30,0,0,0,0,19,232,60,0,0,0,0,0,0,0,0,0,0,36,192,3,0,0,0,9,142,255,60,0,0,0,0,0,0,0,0,0,0,61,230,17,0,10,70,187,254,254,60,0,0,0,0,0,0,0,0,0,0,61,254,181,138,158,254,247,209,255,60,0,0,0,0,0,0,0,0,0,0,29,241,254,254,254,231,91,31,254,60,0,0,0,0,0,0,0,0,0,0,0,84,201,219,218,34,0,31,254,60,0,0,0,0,0,0,0,0,0,0,0,0,0,37,21,0,0,31,254,60,0,0,0,0,0,0,0,0,0,0,0,0,0,0,0,0,0,72,246,40,0,0,0,0,0,0,0,0,0,0,0,0,0,0,0,0,0,118,251,53,0,0,0,0,0,0,0,0,0,0,0,0,0,0,0,0,0,146,228,0,0,0,0,0,0,0,0,0,0,0,0,0,0,0,0,0,0,118,228,0,0,0,0,0,0,0,0,0,0,0,0,0,0,0,0,0,0,152,193,0,0,0,0,0,0,0,0,0,0,0,0,0,0,0,0,0,0,203,109,0,0,0,0,0,0,9
0,0,0,0,0,0,5,67,67,228,255,135,57,0,0,0,0,0,0,0,0,0,0,0,0,0,118,253,253,253,253,253,235,78,0,0,0,0,0,0,0,0,0,0,0,112,243,249,243,243,247,253,253,230,72,8,0,0,0,0,0,0,0,0,23,174,253,193,31,0,67,225,253,253,253,219,42,0,0,0,0,0,0,0,76,253,253,253,102,0,0,71,132,253,253,253,203,42,0,0,0,0,0,0,76,253,251,170,19,0,0,0,7,123,246,253,253,220,7,0,0,0,0,4,135,253,234,0,0,0,0,0,0,0,113,247,253,253,8,0,0,0,79,154,253,253,122,0,0,0,0,0,0,0,0,236,253,253,8,0,0,0,132,253,244,120,7,0,0,0,0,0,0,0,0,75,253,253,8,0,0,0,132,253,177,0,0,0,0,0,0,0,0,0,0,48,253,253,8,0,0,0,132,253,177,0,0,0,0,0,0,0,0,0,0,48,253,253,128,0,0,0,132,253,177,0,0,0,0,0,0,0,0,0,0,48,253,253,196,0,0,0,132,253,177,0,0,0,0,0,0,0,0,0,0,48,253,253,119,0,0,0,132,253,228,75,0,0,0,0,0,0,0,0,0,48,253,253,8,0,0,0,132,253,253,137,9,0,0,0,0,0,0,0,0,83,253,253,8,0,0,0,74,228,253,253,129,0,0,0,0,0,0,0,0,236,253,253,8,0,0,0,0,65,253,253,247,179,179,26,0,0,0,74,179,248,253,126,3,0,0,0,0,1,64,228,253,253,253,246,245,245,245,248,253,242,112,3,0,0,0,0,0,0,0,73,139,253,253,253,253,253,253,253,253,115,0,0,0,0,0,0,0,0,0,0,5,65,176,253,253,253,253,175,65,5,0,0,0,0,0
0,0,0,0,0,0,0,0,0,0,0,0,0,0,0,0,0,0,0,0,0,0,0,0,0,0,0,0,0,21,81,158,187,255,255,191,144,38,0,0,0,0,0,0,0,0,0,17,110,203,254,254,234,225,225,225,251,200,11,0,0,0,0,0,0,0,66,223,254,254,149,67,22,0,0,0,159,254,161,0,0,0,0,0,0,104,252,242,117,33,1,0,0,0,0,0,113,252,72,0,0,0,0,0,28,234,245,73,0,0,0,0,0,0,0,0,6,37,0,0,0,0,0,0,196,254,99,0,0,0,0,0,0,0,0,0,0,0,0,0,0,0,0,54,252,230,41,110,149,149,149,149,84,44,0,0,0,0,0,0,0,0,0,171,254,250,242,254,254,254,243,243,254,246,171,39,0,0,0,0,0,0,21,234,254,246,139,77,77,77,33,34,77,210,254,176,8,0,0,0,0,0,2,155,205,41,0,0,0,0,0,0,0,24,224,254,78,0,0,0,0,0,0,0,0,0,0,0,0,0,0,0,0,0,124,254,120,0,0,0,0,0,0,0,0,0,0,0,6,24,0,0,0,0,38,228,148,0,0,0,0,0,0,0,0,0,0,42,168,148,0,0,0,0,0,168,215,0,0,0,0,0,0,0,0,0,73,250,193,16,0,0,0,0,1,171,215,0,0,0,0,0,0,0,0,80,230,173,0,0,0,0,0,0,10,254,215,0,0,0,0,0,0,0,0,121,254,18,0,0,0,0,0,0,112,254,200,0,0,0,0,0,0,0,0,121,254,122,0,0,0,0,0,72,242,252,45,0,0,0,0,0,0,0,0,59,254,235,156,68,68,68,132,213,254,156,0,0,0,0,0,0,0,0,0,3,61,224,254,254,254,254,254,235,140,10,0,0,0,0,5
0,0,0,0,0,0,0,0,0,0,0,0,0,0,0,0,0,0,0,0,0,0,0,0,0,184,106,0,0,0,0,0,0,0,0,0,0,0,0,0,0,0,0,0,22,245,106,0,0,0,0,0,0,0,0,0,0,0,0,0,0,0,0,0,96,254,176,0,0,0,0,0,0,4,92,9,0,0,0,0,0,0,0,0,121,254,128,0,0,0,0,0,0,163,254,24,0,0,0,0,0,0,0,0,121,254,156,0,0,0,0,0,0,202,248,21,0,0,0,0,0,0,0,0,121,254,106,0,0,0,0,0,15,220,182,0,0,0,0,0,0,0,0,0,121,254,161,0,0,0,0,0,64,254,126,0,0,0,0,0,0,0,0,0,77,254,226,27,0,0,0,0,183,254,86,0,0,0,0,0,0,0,0,0,8,204,254,170,0,0,0,0,236,254,86,0,0,0,0,0,0,0,0,0,0,76,235,253,210,45,0,44,247,245,5,0,0,0,0,0,0,0,0,0,0,0,48,187,250,246,207,222,254,239,0,0,0,0,0,0,0,0,0,0,0,0,0,0,88,177,211,254,254,120,0,0,0,0,0,0,0,0,0,0,0,0,0,0,0,0,22,254,254,53,0,0,0,0,0,0,0,0,0,0,0,0,0,0,0,0,15,254,254,53,0,0,0,0,0,0,0,0,0,0,0,0,0,0,0,0,15,254,254,53,0,0,0,0,0,0,0,0,0,0,0,0,0,0,0,0,15,254,254,53,0,0,0,0,0,0,0,0,0,0,0,0,0,0,0,0,15,254,221,12,0,0,0,0,0,0,0,0,0,0,0,0,0,0,0,0,15,254,211,0,0,0,0,0,0,0,0,0,0,0,0,0,0,0,0,0,2,169,211,0,0,0,0,0,0,0,4
0,0,0,0,0,0,0,0,0,0,0,0,0,0,0,0,0,0,0,0,0,0,0,0,0,0,0,0,0,0,0,0,0,0,0,0,0,0,0,0,0,0,0,0,0,0,0,0,0,0,0,0,0,0,0,0,0,0,0,0,0,0,0,0,0,0,0,0,0,0,0,0,0,0,0,0,0,0,0,0,144,144,144,72,34,34,102,62,34,34,34,34,34,26,0,0,0,0,0,0,253,253,253,253,253,253,253,253,253,254,253,253,253,237,177,177,110,67,9,0,73,154,154,219,253,253,253,179,197,254,253,253,253,253,253,253,253,253,125,0,0,0,0,7,10,10,10,3,5,11,10,10,69,121,121,127,253,253,191,0,0,0,0,0,0,0,0,0,0,0,0,0,0,0,0,36,253,253,143,0,0,0,0,0,0,0,0,0,0,0,0,0,0,0,0,209,253,226,45,0,0,0,0,0,0,0,0,0,0,0,0,0,0,32,209,252,253,124,0,0,0,0,0,0,0,0,0,0,0,0,0,0,33,219,253,253,207,26,0,0,0,0,0,0,0,0,0,0,0,0,0,31,218,253,253,177,26,0,0,0,0,0,0,0,0,0,0,0,0,0,0,196,253,253,215,12,0,0,0,0,0,0,0,0,0,0,0,0,0,5,139,254,254,184,0,0,0,0,0,0,0,0,0,0,0,0,0,0,0,34,253,253,209,27,0,0,0,0,0,0,0,0,0,0,0,0,0,0,0,168,253,253,78,0,0,0,0,0,0,0,0,0,0,0,0,0,0,0,10,254,253,148,1,0,0,0,0,0,0,0,0,0,0,0,0,0,0,0,111,254,253,44,0,0,0,0,0,0,0,0,0,0,0,0,0,0,0,0,111,254,253,44,0,0,0,0,0,0,0,0,7
0,0,0,0,0,0,0,0,0,0,0,35,105,159,212,254,254,177,10,0,0,0,0,0,0,0,0,0,29,131,156,240,253,253,253,253,253,253,37,0,0,0,0,0,0,0,39,125,224,253,254,244,205,149,63,143,253,230,22,0,0,0,0,0,42,118,228,253,244,177,85,10,0,0,14,189,253,168,0,0,0,0,0,0,141,253,237,185,30,0,0,0,0,0,118,253,237,49,0,0,0,0,0,0,79,140,59,0,0,0,0,0,8,144,249,237,59,0,0,0,0,0,0,0,0,0,0,0,0,0,0,13,188,253,237,59,0,0,0,0,0,0,0,0,0,0,0,0,0,0,82,235,253,215,56,0,0,0,0,0,0,0,0,0,0,0,0,0,35,157,254,253,189,13,0,0,0,0,0,0,0,0,0,0,0,0,32,150,243,253,254,253,198,67,0,0,0,0,0,0,0,0,0,0,37,108,226,254,254,254,255,254,254,254,201,54,0,0,0,0,0,0,0,54,234,253,253,244,204,122,122,122,194,240,253,140,0,0,0,0,0,0,0,165,253,241,119,44,0,0,0,0,0,165,253,178,0,0,0,0,0,0,0,25,84,47,0,0,0,0,0,0,0,25,241,239,23,0,0,0,0,0,0,0,0,0,0,0,0,0,0,0,0,0,235,253,75,0,0,0,0,0,0,0,0,0,0,0,0,0,0,0,0,41,243,251,69,0,0,0,0,0,0,0,0,0,0,0,0,0,0,0,0,169,253,167,0,0,0,0,0,23,224,244,157,109,57,23,0,0,0,30,99,250,253,120,0,0,0,0,0,34,246,253,253,253,253,231,216,216,217,235,253,253,156,7,0,0,0,0,0,0,51,128,159,193,225,253,253,253,254,253,179,97,5,0,0,0,0,0,3
0,0,0,0,0,0,0,0,0,72,197,251,251,251,253,251,251,196,12,0,0,0,0,0,0,0,0,0,0,174,251,251,251,251,253,251,251,219,47,0,0,0,0,0,0,0,0,0,0,31,157,251,251,251,253,251,251,244,221,0,0,0,0,0,0,0,0,0,0,0,12,94,94,94,95,212,251,251,251,0,0,0,0,0,0,0,0,0,0,0,0,0,0,0,36,214,253,253,193,0,0,0,0,0,0,0,0,0,0,0,0,0,0,0,214,251,251,251,94,0,0,0,0,0,0,0,0,0,0,0,0,0,0,80,253,251,251,219,47,0,0,0,0,0,24,64,64,104,221,223,221,221,221,240,253,251,219,42,0,0,0,0,0,0,194,251,251,251,251,253,251,251,251,251,253,251,126,0,0,0,0,0,0,159,255,253,253,253,253,255,253,253,253,253,255,233,96,12,0,0,0,16,72,228,253,251,251,251,251,253,251,251,251,251,253,251,251,51,0,0,0,127,251,251,253,251,251,251,251,253,251,251,251,251,253,251,251,220,48,0,0,48,232,251,253,251,219,164,193,253,251,251,251,211,189,236,251,251,232,0,20,205,251,251,253,251,204,181,251,253,251,251,251,94,0,190,251,251,251,0,115,253,253,253,255,253,253,253,253,219,158,158,19,0,96,214,253,229,158,0,251,251,251,251,253,251,251,243,220,39,0,0,0,0,153,251,251,236,71,0,220,251,251,251,253,251,251,109,0,0,0,0,0,0,126,220,251,251,94,0,43,220,251,251,253,204,188,23,0,0,0,0,0,0,0,43,188,188,70,0,0,48,94,94,95,23,0,0,0,0,0,0,0,0,0,0,0,0,0,0,0,0,0,0,0,0,0,0,0,0,0,0,0,0,0,0,0,0,0,0,2
0,0,0,0,0,0,0,0,0,0,0,0,0,0,5,120,228,252,117,0,0,0,0,0,0,0,0,0,0,0,0,0,26,174,191,252,252,252,252,0,0,0,0,0,0,0,0,0,0,0,17,176,224,252,253,172,102,252,252,0,0,0,0,0,0,0,0,0,0,74,234,252,252,252,75,8,122,252,147,0,0,0,0,0,0,0,0,0,53,255,253,236,94,0,0,36,222,253,23,0,0,0,0,0,0,0,0,0,0,92,92,25,0,0,5,178,252,235,18,0,0,0,0,0,0,0,0,0,0,0,0,0,0,0,87,252,252,128,0,0,0,0,0,0,0,0,0,0,0,0,0,0,0,43,253,252,153,9,0,0,0,0,0,0,0,0,0,0,0,0,0,0,85,240,253,157,6,0,0,0,0,0,0,0,0,0,0,0,0,0,15,138,253,253,221,42,0,0,0,0,0,0,0,0,0,0,0,0,0,36,219,252,235,153,0,0,0,0,0,0,0,0,0,32,70,70,70,70,122,222,252,233,117,0,0,0,0,0,0,0,0,0,119,228,253,252,252,252,252,253,235,64,0,0,0,0,0,0,0,0,0,116,248,252,253,252,252,252,252,253,227,32,0,0,0,0,0,0,0,0,170,253,253,253,255,253,253,234,178,244,253,253,253,148,255,253,184,0,0,0,252,252,252,252,253,202,92,17,0,61,206,240,252,252,249,132,67,0,0,0,252,252,252,189,122,25,0,0,0,0,0,50,69,69,63,0,0,0,0,0,160,160,119,4,0,0,0,0,0,0,0,0,0,0,0,0,0,0,0,0,0,0,0,0,0,0,0,0,0,0,0,0,0,0,0,0,0,0,0,0,0,0,0,0,0,0,0,0,0,0,0,0,0,0,0,0,0,0,0,0,2
0,0,0,0,0,0,0,0,0,0,0,0,0,0,0,0,0,0,0,0,0,0,0,0,0,0,0,0,0,0,0,0,0,0,0,0,0,0,0,0,0,0,0,0,0,0,0,0,0,0,0,0,0,0,0,0,0,0,0,0,0,0,0,0,0,0,0,0,0,0,0,0,0,0,0,0,0,0,0,0,0,0,0,0,0,0,0,0,0,0,0,7,29,128,255,253,216,79,0,0,26,0,0,0,0,0,0,0,0,26,120,187,252,252,253,252,252,139,0,0,222,110,0,0,0,0,0,19,123,222,253,252,252,214,119,224,252,139,0,0,252,139,101,0,89,113,226,231,252,252,253,227,103,15,26,243,252,139,0,0,253,253,255,253,253,253,254,253,231,175,51,0,0,0,29,253,253,140,0,0,215,252,253,252,252,202,184,84,19,0,0,0,0,0,29,252,252,139,0,0,19,56,56,56,56,6,0,0,0,0,0,0,0,0,29,252,252,52,0,0,0,0,0,0,0,0,0,0,0,0,0,0,0,0,29,252,177,3,0,0,0,0,0,0,0,0,0,0,0,0,0,0,0,0,141,253,168,0,0,0,0,0,0,0,0,0,0,0,0,0,0,0,0,0,166,252,142,0,0,0,0,0,0,0,0,0,0,0,0,0,0,0,0,0,253,252,56,0,0,0,0,0,0,0,0,0,0,0,0,0,0,0,0,101,253,252,56,0,0,0,0,0,0,0,0,0,0,0,0,0,0,0,0,114,254,247,50,0,0,0,0,0,0,0,0,0,0,0,0,0,0,0,0,113,253,196,0,0,0,0,0,0,0,0,0,0,0,0,0,0,0,0,0,150,253,196,0,0,0,0,0,0,0,0,0,0,0,0,0,0,0,0,0,175,253,196,0,0,0,0,7
0,0,0,0,0,0,0,0,0,0,0,0,0,0,0,0,0,0,0,0,0,0,0,0,0,0,0,0,0,0,0,0,0,0,0,0,0,0,0,0,0,0,0,0,0,0,0,0,0,0,0,0,0,0,0,0,0,0,0,0,0,0,0,0,0,0,0,53,129,249,255,218,165,162,254,81,14,0,0,0,0,0,0,0,3,62,181,248,254,254,254,254,254,254,254,254,224,11,0,0,0,0,0,21,179,254,254,254,254,254,248,162,178,254,254,254,215,24,0,0,0,0,0,117,254,254,254,249,128,46,4,0,27,234,254,254,59,0,0,0,0,0,9,236,254,254,174,51,0,0,0,0,44,254,254,254,57,0,0,0,0,0,92,254,254,254,9,0,0,0,0,0,77,254,254,254,57,0,0,0,0,0,92,254,254,254,9,0,0,0,24,83,243,254,254,196,2,0,0,0,0,0,92,254,254,254,28,20,20,165,230,254,254,254,254,113,0,0,0,0,0,0,92,254,254,254,254,254,254,254,254,254,254,254,254,24,0,0,0,0,0,0,5,177,254,254,254,254,254,254,233,184,254,254,254,24,0,0,0,0,0,0,0,11,138,239,239,239,172,89,27,83,254,254,254,24,0,0,0,0,0,0,0,0,0,0,0,0,0,0,0,173,254,254,254,24,0,0,0,0,0,0,0,0,0,0,0,0,0,0,8,217,254,254,187,2,0,0,0,0,0,0,0,0,0,0,0,0,0,0,19,254,254,254,181,0,0,0,0,0,0,0,0,0,0,0,0,0,0,0,111,254,254,254,119,0,0,0,0,0,0,0,0,0,0,0,0,0,0,0,111,254,254,245,8,0,0,0,0,0,0,0,0,0,0,0,0,0,0,0,111,254,254,251,67,0,0,0,0,0,9
0,0,0,0,0,0,0,0,0,0,0,0,0,0,0,0,0,0,0,0,0,0,1,82,132,132,161,253,155,132,24,1,0,0,0,0,0,0,0,0,0,0,94,252,252,252,252,252,252,252,252,149,12,0,0,0,0,0,0,0,0,0,253,252,252,252,252,252,252,252,252,252,197,16,0,0,0,0,0,0,0,0,253,252,252,252,252,252,236,222,252,252,253,130,0,0,0,0,0,0,0,0,253,252,252,252,252,252,228,53,207,252,253,228,0,0,0,0,0,0,0,0,253,252,252,252,252,252,252,36,109,252,253,228,0,0,0,0,0,0,0,0,155,252,252,252,252,252,143,7,109,252,253,228,0,0,0,0,0,0,0,0,19,159,252,252,183,122,7,0,109,252,253,228,0,0,0,0,0,0,0,0,0,14,41,193,38,0,0,0,160,252,253,228,0,0,0,0,0,0,0,0,0,0,0,89,96,0,0,0,229,252,253,228,0,0,0,0,0,0,0,0,0,0,0,0,0,0,0,98,253,253,255,229,0,0,0,0,0,0,0,0,0,0,0,0,0,0,0,97,252,252,252,148,0,0,0,0,0,0,0,0,0,0,0,0,0,0,0,171,252,252,185,37,37,12,0,0,0,0,0,0,0,0,0,0,0,0,137,241,252,252,253,252,252,173,49,49,10,0,0,0,0,0,0,0,15,152,239,252,252,252,253,252,252,252,252,252,194,135,0,0,0,0,0,0,96,252,252,252,252,252,253,252,252,252,252,252,252,252,0,0,0,0,0,0,140,252,252,252,252,171,48,48,48,48,77,167,236,252,0,0,0,0,0,0,38,229,173,110,36,2,0,0,0,0,0,0,29,222,0,0,0,0,0,0,0,18,5,0,0,0,0,0,0,0,0,0,0,108,2
0,0,0,0,0,13,185,224,115,17,0,0,0,0,0,0,0,0,0,0,0,0,0,0,0,121,232,42,0,0,0,0,0,0,0,0,0,0,0,0,0,0,0,0,68,254,173,0,0,0,0,0,0,0,0,0,0,0,0,0,0,0,0,7,171,211,9,0,0,0,0,0,0,0,0,0,0,0,0,0,0,0,0,108,254,134,0,0,0,0,0,0,0,0,0,0,0,0,0,0,0,0,0,158,211,17,0,0,0,0,0,0,0,0,0,0,0,0,0,0,0,0,17,225,161,0,0,0,0,0,0,0,0,0,0,0,0,0,0,0,0,0,139,254,120,96,162,162,162,162,162,87,19,0,0,0,0,0,0,0,0,0,156,254,254,254,245,207,207,208,250,254,203,81,21,0,0,0,0,0,0,0,231,243,197,114,38,0,0,0,42,122,205,246,178,72,0,0,0,0,0,0,80,54,0,0,0,0,0,0,0,0,0,44,203,247,151,0,0,0,0,0,0,0,0,0,0,0,0,0,0,0,0,0,0,119,236,230,40,0,0,0,0,0,0,0,0,0,0,0,0,0,0,0,0,0,84,254,208,9,0,0,0,0,0,0,0,0,0,0,0,0,0,0,0,0,0,136,254,88,0,0,0,0,0,0,0,0,0,0,0,0,0,0,0,0,0,70,254,138,0,0,13,72,0,0,0,0,0,0,0,0,0,0,0,0,26,154,254,114,0,0,21,202,164,68,17,0,0,0,0,0,0,0,26,164,239,254,144,4,0,0,0,21,114,225,225,208,208,150,116,116,116,117,225,243,230,114,4,0,0,0,0,0,0,19,86,161,161,161,245,177,229,195,161,54,0,0,0,0,0,0,0,0,0,0,0,0,0,0,0,0,0,0,0,0,0,0,0,0,5
0,0,0,0,0,0,0,140,220,33,0,0,0,0,0,0,0,0,0,0,0,0,0,0,0,0,0,14,207,219,0,0,0,0,0,0,0,0,0,0,0,0,0,0,0,0,0,0,144,252,0,0,0,0,0,0,0,0,0,0,0,0,0,0,0,0,0,0,78,252,58,0,0,0,0,0,0,0,0,0,0,0,0,0,0,0,0,0,78,252,111,0,0,0,0,0,0,0,0,0,0,0,0,0,0,0,0,0,78,252,148,0,0,0,0,0,0,0,0,0,0,0,0,0,0,0,0,0,78,252,220,0,0,0,0,0,0,0,0,0,0,0,0,0,0,0,0,0,78,252,220,0,0,0,0,0,0,0,0,0,0,0,0,0,0,0,0,0,78,252,220,0,0,0,0,0,0,0,0,0,0,0,0,0,0,0,0,0,44,238,249,67,0,0,0,0,0,0,0,0,0,0,0,0,0,0,0,0,0,207,255,77,0,0,0,0,0,0,0,0,0,0,0,0,0,0,0,0,0,187,253,77,0,0,0,0,0,0,0,0,0,0,0,0,0,0,0,0,0,129,253,77,0,0,0,0,0,0,0,0,0,0,0,0,0,0,0,0,0,101,253,182,0,0,0,0,0,0,0,0,0,0,0,0,0,0,0,0,0,0,253,229,29,0,0,0,0,0,0,0,0,0,0,0,0,0,0,0,0,0,253,252,44,0,0,0,0,0,0,0,0,0,0,0,0,0,0,0,0,54,253,220,23,0,0,0,0,0,0,0,0,0,0,0,0,0,0,0,0,43,253,186,0,0,0,0,0,0,0,0,0,0,0,0,0,0,0,0,0,0,253,206,14,0,0,0,0,0,0,0,0,0,0,0,0,0,0,0,0,0,157,252,44,0,0,0,0,0,0,0,1
0,0,0,0,0,0,0,0,0,0,0,0,0,0,0,0,0,0,0,0,0,0,0,0,38,109,228,255,254,187,140,12,0,0,0,0,0,0,0,0,0,0,0,11,238,251,225,132,128,128,225,221,51,0,0,0,0,0,0,0,0,0,0,127,233,75,0,0,0,0,13,114,233,49,0,0,14,129,102,0,0,0,0,187,196,0,0,0,0,0,0,12,235,115,3,122,242,254,186,0,0,0,0,187,245,42,0,0,0,0,0,22,242,108,198,254,226,96,28,0,0,0,0,88,252,220,85,0,0,0,0,73,226,254,250,167,43,0,0,0,0,0,0,0,126,246,251,96,9,0,11,101,251,245,85,0,0,0,0,0,0,0,0,0,0,46,221,254,131,6,100,254,248,86,0,0,0,0,0,0,0,0,0,0,0,0,55,216,254,200,250,243,53,0,0,0,0,0,0,0,0,0,0,0,0,0,0,85,246,254,254,148,0,0,0,0,0,0,0,0,0,0,0,0,0,0,0,4,214,254,254,222,5,0,0,0,0,0,0,0,0,0,0,0,0,0,0,83,254,198,215,254,169,6,0,0,0,0,0,0,0,0,0,0,0,0,0,165,254,120,47,246,254,35,0,0,0,0,0,0,0,0,0,0,0,0,37,248,198,16,0,91,254,154,0,0,0,0,0,0,0,0,0,0,0,0,150,254,138,0,0,15,254,223,15,0,0,0,0,0,0,0,0,0,0,0,182,254,52,0,0,15,254,254,52,0,0,0,0,0,0,0,0,0,0,0,182,254,118,0,0,15,254,236,32,0,0,0,0,0,0,0,0,0,0,0,98,251,205,46,13,115,254,185,0,0,0,0,0,0,0,0,0,0,0,0,0,146,254,245,231,254,243,27,0,0,0,0,0,0,8
0,0,0,0,0,0,0,0,0,19,120,237,254,195,15,0,0,0,0,0,0,0,0,0,0,0,0,0,51,204,253,253,253,254,40,0,0,0,0,0,0,0,0,0,0,0,0,3,174,254,253,234,230,254,123,0,0,0,0,0,0,0,0,0,0,0,0,24,253,228,111,13,0,94,131,143,25,0,0,0,0,0,0,0,0,0,0,116,228,34,0,0,0,0,72,254,69,0,0,0,0,0,0,0,0,0,0,116,160,0,0,0,0,0,189,253,69,0,0,0,0,0,0,0,0,0,0,116,160,0,0,0,0,7,232,234,13,0,0,0,0,0,0,0,0,0,0,116,228,34,0,0,0,204,253,128,0,0,0,0,0,0,0,0,0,0,0,91,254,151,0,7,170,255,199,17,0,0,0,0,0,0,0,0,0,0,0,19,240,222,29,74,253,216,19,0,0,0,0,0,0,0,0,0,0,0,0,0,101,254,211,212,253,67,0,0,0,0,0,0,0,0,0,0,0,0,0,0,0,186,253,253,151,0,0,0,0,0,0,0,0,0,0,0,0,0,0,0,26,221,254,237,19,0,0,0,0,0,0,0,0,0,0,0,0,0,0,30,214,241,215,253,119,0,0,0,0,0,0,0,0,0,0,0,0,0,5,128,253,142,26,190,202,0,0,0,0,0,0,0,0,0,0,0,0,0,114,253,219,25,0,82,253,0,0,0,0,0,0,0,0,0,0,0,0,19,237,247,50,0,0,24,254,0,0,0,0,0,0,0,0,0,0,0,0,120,253,162,0,0,43,182,253,0,0,0,0,0,0,0,0,0,0,0,0,120,253,249,207,208,232,242,104,0,0,0,0,0,0,0,0,0,0,0,0,19,203,211,194,220,236,113,0,0,0,0,0,0,0,0,8
0,0,0,0,0,0,0,0,0,0,0,0,0,0,0,0,0,0,0,0,0,0,0,0,0,0,0,0,0,0,0,0,0,0,0,0,0,0,0,0,0,0,0,0,0,0,0,0,0,0,0,0,0,0,0,0,0,0,0,0,0,0,0,0,0,0,0,0,0,0,0,0,0,0,0,0,0,0,0,0,0,0,0,0,0,0,0,26,113,113,114,75,0,13,50,0,0,0,0,0,0,76,194,225,225,226,225,231,252,252,253,243,225,228,237,226,225,225,225,146,120,246,252,252,252,253,252,252,252,252,253,252,252,252,252,253,252,252,252,252,253,252,252,249,223,225,176,193,145,145,225,223,223,223,223,253,252,252,252,236,253,252,252,145,0,0,0,0,0,0,0,0,0,0,79,253,252,252,236,50,63,63,31,0,0,0,0,0,0,0,0,0,0,92,253,255,253,228,126,0,0,0,0,0,0,0,0,0,0,0,0,0,51,243,252,253,176,52,0,0,0,0,0,0,0,0,0,0,0,0,0,98,209,252,252,165,6,0,0,0,0,0,0,0,0,0,0,0,0,0,92,243,252,249,223,47,0,0,0,0,0,0,0,0,0,0,0,0,0,79,253,252,252,145,0,0,0,0,0,0,0,0,0,0,0,0,0,0,92,253,255,253,133,0,0,0,0,0,0,0,0,0,0,0,0,0,0,98,243,252,253,129,6,0,0,0,0,0,0,0,0,0,0,0,0,0,19,209,252,220,133,6,0,0,0,0,0,0,0,0,0,0,0,0,0,76,196,252,233,37,0,0,0,0,0,0,0,0,0,0,0,0,0,0,0,113,252,252,145,0,0,0,0,0,0,0,0,0,0,0,0,0,0,13,191,255,253,196,0,0,0,0,0,0,0,0,0,0,0,0,7
0,0,0,0,0,0,0,0,0,0,0,0,0,0,0,0,0,0,0,0,0,0,0,0,0,0,79,109,110,78,0,0,0,0,0,63,192,15,0,0,0,0,0,0,32,115,242,252,253,179,0,0,0,0,0,144,253,35,0,0,0,0,6,37,211,252,226,215,72,51,0,0,0,0,6,160,253,35,0,0,0,0,37,252,252,252,71,0,0,0,0,0,0,0,37,252,253,35,0,0,0,0,99,252,252,118,0,0,0,0,0,0,0,0,37,252,253,35,0,0,0,21,201,252,158,5,0,0,0,0,0,0,0,0,37,252,253,35,0,0,0,73,252,252,143,0,0,0,0,0,0,0,0,0,58,252,237,30,0,0,0,73,252,252,143,0,0,0,0,0,0,0,0,0,181,252,144,0,0,0,0,42,222,253,191,78,0,0,0,0,0,0,0,32,212,253,255,211,31,0,0,0,139,252,252,242,114,73,32,73,73,73,73,207,252,252,253,252,71,0,0,0,11,154,252,252,252,252,212,252,252,252,253,252,252,252,237,91,20,0,0,0,0,1,108,232,252,252,253,252,252,252,253,252,252,168,62,0,0,0,0,0,0,0,0,0,105,144,145,144,144,62,110,253,237,62,0,0,0,0,0,0,0,0,0,0,0,0,0,0,0,42,233,252,215,0,0,0,0,0,0,0,0,0,0,0,0,0,0,0,6,160,253,252,195,0,0,0,0,0,0,0,0,0,0,0,0,0,0,0,37,252,253,210,31,0,0,0,0,0,0,0,0,0,0,0,0,0,0,0,99,253,255,35,0,0,0,0,0,0,0,0,0,0,0,0,0,0,0,21,201,252,253,98,63,0,0,0,0,0,0,0,0,0,0,0,0,0,0,21,180,252,253,252,195,0,0,0,0,0,4
0,0,0,0,0,0,0,0,0,0,0,0,0,0,0,0,0,0,0,0,0,0,0,0,0,0,0,0,0,0,0,0,0,0,0,0,0,0,0,0,35,94,94,175,209,223,254,254,254,255,254,254,254,254,254,244,159,47,0,0,94,254,254,254,254,254,211,148,148,148,148,148,148,148,148,229,254,189,0,0,21,116,174,217,217,251,126,0,0,0,0,0,0,2,101,241,233,37,0,0,0,0,0,0,0,41,30,0,0,0,0,0,15,158,254,232,93,0,0,0,0,0,0,0,0,0,0,0,0,0,0,75,227,254,223,37,0,0,0,0,0,0,0,0,0,0,0,0,0,59,157,252,232,125,12,0,0,0,0,0,0,0,0,0,0,3,57,146,246,252,250,106,10,0,0,0,0,0,0,0,0,0,0,24,142,224,254,254,254,241,110,51,17,16,0,0,0,0,0,0,0,0,0,129,254,254,254,243,225,225,225,233,254,252,183,70,0,0,0,0,0,0,0,27,52,52,52,33,0,0,0,14,52,134,229,247,174,19,0,0,0,0,0,0,0,0,0,0,0,0,0,0,0,0,23,163,254,196,22,0,0,0,0,0,0,0,0,0,0,0,0,0,0,0,0,14,206,254,150,0,0,0,0,0,0,0,0,0,0,0,0,0,0,0,0,0,50,254,185,0,0,0,0,0,0,0,0,0,0,0,0,0,0,0,0,0,45,254,253,12,0,0,0,0,0,0,0,0,0,0,0,0,0,0,0,0,45,254,226,7,0,0,0,0,0,0,0,0,0,0,0,0,0,0,0,5,148,254,175,0,0,0,0,0,0,0,0,0,0,0,0,0,0,2,51,193,254,226,53,0,0,0,0,0,0,0,0,0,0,10,57,57,132,192,254,254,212,65,0,0,3
0,0,0,0,0,0,0,0,0,0,0,0,0,0,0,0,0,0,0,0,0,0,0,0,0,0,0,0,0,0,0,4,56,144,195,181,14,0,0,0,0,0,0,0,0,0,0,0,0,11,134,213,254,254,254,254,69,0,0,0,0,0,0,0,0,0,0,25,125,237,254,199,189,101,206,254,164,0,0,0,0,0,0,0,0,7,130,233,251,193,111,6,0,0,180,254,164,0,0,0,0,0,0,0,51,202,254,226,105,0,0,0,0,0,180,244,77,0,0,0,0,0,15,100,233,233,115,16,0,0,0,0,0,35,247,168,0,0,0,0,0,56,205,254,165,19,0,0,0,0,0,0,0,198,254,86,0,0,0,0,0,165,251,155,2,0,0,0,0,0,0,3,135,253,124,2,0,0,0,0,0,127,157,0,0,0,0,0,0,0,0,16,254,198,18,0,0,0,0,0,0,165,36,0,0,0,0,0,0,0,12,180,241,25,0,0,0,0,0,0,4,146,7,0,0,0,0,0,0,1,104,248,69,0,0,0,0,0,0,0,0,0,0,0,0,0,0,0,0,69,254,152,0,16,47,0,0,0,0,0,0,0,0,0,0,0,0,0,29,212,204,7,0,134,12,0,0,0,0,0,0,0,0,0,0,0,0,0,150,251,65,0,0,133,0,0,0,0,0,0,0,0,0,0,0,0,0,47,241,240,0,0,112,168,18,0,0,0,0,0,0,0,0,0,0,0,13,185,239,63,19,81,197,225,199,7,0,0,0,0,0,0,0,0,0,0,146,254,231,137,240,254,254,254,243,17,0,0,0,0,0,0,0,0,0,100,251,254,254,254,254,254,194,116,45,0,0,0,0,0,0,0,0,0,18,225,254,254,228,168,47,10,3,0,0,0,0,0,0,0,2
0,0,0,0,0,0,0,0,0,0,0,0,0,0,0,0,0,0,0,0,0,0,0,0,0,0,0,0,0,0,0,0,0,0,0,0,0,0,0,0,0,0,0,0,0,0,26,164,134,245,81,18,0,0,0,0,0,0,0,0,0,0,0,0,0,53,246,254,254,254,250,196,0,0,0,0,0,0,0,0,0,0,0,0,30,224,254,254,254,254,254,240,14,45,170,30,0,0,0,0,0,0,0,0,188,254,254,242,234,238,254,254,161,198,254,187,0,0,0,0,0,0,0,0,202,254,147,92,29,28,141,254,254,254,254,201,0,0,0,0,0,0,0,62,241,254,78,0,0,0,9,212,254,254,254,201,0,0,0,0,0,0,0,126,254,154,0,0,0,0,0,197,254,254,254,201,0,0,0,0,0,0,0,126,254,217,51,0,0,0,144,254,254,254,254,201,0,0,0,0,0,0,0,53,224,254,151,42,0,146,252,254,254,234,254,213,9,0,0,0,0,0,0,0,170,254,254,246,224,251,254,239,187,91,254,254,36,0,0,0,0,0,0,0,202,254,254,254,254,254,240,49,13,81,254,248,31,0,0,0,0,0,0,0,93,243,254,254,254,245,113,0,0,81,254,201,0,0,0,0,0,0,0,0,0,31,100,184,166,45,0,0,0,81,254,240,26,0,0,0,0,0,0,0,0,0,0,0,0,0,0,0,0,81,254,254,36,0,0,0,0,0,0,0,0,0,0,0,0,0,0,0,0,81,254,221,14,0,0,0,0,0,0,0,0,0,0,0,0,0,0,0,0,131,254,201,0,0,0,0,0,0,0,0,0,0,0,0,0,0,0,0,0,170,254,201,0,0,0,0,0,0,0,0,0,0,0,0,0,0,0,0,0,170,254,201,0,0,0,0,9
0,0,0,0,0,0,0,0,0,0,0,0,0,0,0,0,0,0,0,0,0,0,0,0,0,0,0,0,0,0,0,0,0,0,0,0,0,0,0,0,0,0,0,0,0,0,0,15,112,91,0,0,0,0,0,0,0,0,0,0,0,0,0,0,0,0,0,120,253,253,0,0,0,0,0,0,0,79,83,0,0,0,0,0,0,5,108,251,234,149,0,0,0,0,0,0,35,227,245,49,0,0,0,0,0,140,253,215,13,0,0,0,0,0,0,0,85,253,196,0,0,0,0,60,193,249,188,53,0,0,0,0,0,0,0,0,137,253,79,0,0,0,5,206,253,195,14,0,0,0,0,0,0,0,0,16,211,206,7,0,0,0,142,253,237,59,0,0,0,0,0,0,0,0,48,159,253,196,0,0,0,93,251,236,56,0,0,0,0,0,0,51,60,150,242,253,253,251,244,132,8,215,248,57,0,0,0,7,29,64,217,249,253,253,253,253,253,90,37,10,135,253,138,0,0,84,188,202,253,253,254,204,155,65,239,253,253,193,49,0,255,254,145,194,247,254,254,254,246,153,35,0,0,0,236,217,28,56,84,0,240,253,253,253,253,222,183,66,25,0,0,0,0,117,251,127,0,0,0,0,60,149,149,122,56,11,0,0,0,0,0,0,11,234,230,28,0,0,0,0,0,0,0,0,0,0,0,0,0,0,0,0,131,253,112,0,0,0,0,0,0,0,0,0,0,0,0,0,0,0,0,0,197,253,60,0,0,0,0,0,0,0,0,0,0,0,0,0,0,0,0,17,222,184,4,0,0,0,0,0,0,0,0,0,0,0,0,0,0,0,0,38,249,56,0,0,0,0,0,0,0,0,0,0,0,0,0,0,0,0,0,128,222,0,0,0,0,0,0,0,4
0,0,0,0,0,0,0,0,0,0,0,0,0,0,0,0,0,0,0,0,0,0,0,0,0,0,10,13,2,0,0,0,0,113,253,253,111,0,0,0,0,0,0,0,6,117,232,252,35,0,0,0,0,169,252,252,156,0,0,0,0,0,0,0,61,252,252,252,211,7,0,0,40,221,252,252,48,0,0,0,0,0,0,0,61,252,252,252,179,4,0,0,157,252,252,252,48,0,0,0,0,0,0,0,61,252,252,252,115,0,0,18,225,252,252,252,48,0,0,0,0,0,0,14,173,252,252,252,23,0,0,25,252,252,252,252,48,0,0,0,0,0,0,49,252,252,252,252,23,0,0,65,252,252,252,252,48,0,0,0,0,0,0,49,252,252,252,252,23,0,0,145,252,252,252,252,48,0,0,0,0,0,0,158,252,252,252,252,23,0,11,242,252,252,252,221,27,0,0,0,0,0,0,169,252,252,252,252,242,241,243,252,252,252,252,180,0,0,0,0,0,0,37,253,253,253,253,253,253,253,255,253,253,253,253,118,0,0,0,0,0,0,37,252,252,252,252,252,252,252,253,252,252,252,252,60,0,0,0,0,0,0,14,183,252,252,252,252,252,252,253,252,252,252,252,60,0,0,0,0,0,0,0,16,84,119,163,84,84,84,253,252,252,252,252,60,0,0,0,0,0,0,0,0,0,0,0,0,0,0,253,252,252,252,209,17,0,0,0,0,0,0,0,0,0,0,0,0,0,0,253,252,252,252,192,0,0,0,0,0,0,0,0,0,0,0,0,0,0,0,253,252,252,252,192,0,0,0,0,0,0,0,0,0,0,0,0,0,0,0,253,252,252,252,192,0,0,0,0,0,0,0,0,0,0,0,0,0,0,0,143,252,252,252,140,0,0,0,0,0,4
0,0,0,0,0,0,0,0,0,0,0,0,0,0,0,0,0,0,0,0,0,0,0,0,0,0,0,10,13,123,133,192,122,13,5,0,0,0,0,0,0,0,0,0,0,0,54,233,253,253,253,254,253,253,158,19,0,0,0,0,0,0,0,0,0,56,231,253,253,253,253,254,253,253,253,201,9,0,0,0,0,0,0,0,0,182,253,253,253,253,253,165,101,253,253,253,140,0,0,0,0,0,0,0,0,182,253,253,184,208,253,211,33,184,253,253,180,0,0,0,0,0,0,0,0,147,253,253,184,150,253,254,208,185,253,253,146,0,0,0,0,0,0,0,0,61,253,253,253,253,253,254,253,253,253,253,60,0,0,0,0,0,0,0,0,61,253,253,253,253,253,254,253,253,253,230,37,0,0,0,0,0,0,0,0,6,117,233,253,253,253,196,202,253,253,193,0,0,0,0,0,0,0,0,0,0,0,9,58,132,75,133,253,253,253,134,0,0,0,0,0,0,0,0,0,0,0,0,0,0,6,198,254,254,229,35,0,0,0,0,0,0,0,0,0,0,0,0,0,0,191,254,253,253,135,0,0,0,0,0,0,0,0,0,0,0,0,0,14,89,249,254,253,248,72,0,0,0,0,0,0,0,0,0,0,41,169,169,202,253,253,254,249,118,0,0,0,0,0,0,0,0,0,0,0,119,253,253,253,253,253,254,229,0,0,0,0,0,0,0,0,0,0,0,0,61,253,253,253,253,253,254,236,63,0,0,0,0,0,0,0,0,0,0,0,61,253,253,253,253,253,254,253,246,69,0,0,0,0,0,0,0,0,0,0,9,156,253,253,253,253,254,253,253,188,0,0,0,0,0,0,0,0,0,0,0,7,122,40,133,196,254,253,253,249,66,0,0,0,0,8
0,0,0,0,0,0,0,0,0,0,0,0,0,0,0,0,0,0,0,0,0,0,0,0,0,0,0,0,0,0,0,0,0,0,0,0,0,0,0,0,0,0,0,0,0,0,1,96,254,254,254,255,254,249,150,232,106,12,0,0,0,0,0,0,0,0,78,253,253,253,253,253,253,253,253,253,253,182,5,0,0,0,0,0,0,0,149,253,253,253,253,253,253,228,247,235,253,253,135,4,0,0,0,20,168,189,251,253,253,253,253,253,253,159,57,65,234,253,253,17,0,0,19,190,253,253,253,203,164,164,164,164,204,247,50,0,142,253,253,155,0,15,193,253,253,208,144,13,0,0,0,0,13,28,0,0,8,207,253,253,9,198,253,218,88,7,0,0,0,0,0,0,0,0,0,0,0,201,253,253,96,253,212,81,0,0,0,0,0,0,0,0,0,0,0,0,37,230,253,253,254,253,82,0,0,0,0,0,0,0,0,0,0,0,0,0,140,253,253,234,254,245,63,0,0,0,0,0,0,0,0,0,0,0,0,12,200,253,253,108,254,218,0,0,0,0,0,0,0,0,0,0,0,0,0,84,253,253,253,17,255,231,31,0,0,0,0,0,0,0,0,0,0,0,12,198,253,253,125,3,254,253,82,0,0,0,0,0,0,0,0,0,0,0,30,253,253,178,4,0,194,253,225,39,0,0,0,0,0,0,0,0,0,12,200,253,253,165,0,0,68,253,253,224,52,4,0,0,0,0,0,0,14,200,253,253,201,22,0,0,7,166,253,253,253,51,0,0,0,0,0,18,194,253,253,200,25,0,0,0,0,10,150,237,253,224,126,60,0,46,102,209,253,253,232,25,0,0,0,0,0,0,0,96,253,253,253,248,201,238,253,253,253,211,96,0,0,0,0,0,0
0,0,0,0,0,0,0,2,73,253,253,253,253,253,249,72,0,0,0,0,0,0,0,0,0,0,0,2,137,253,203,92,65,172,252,138,0,0,0,0,0,0,0,0,0,0,0,0,5,47,14,0,0,0,152,224,0,0,0,0,0,0,0,0,0,0,0,0,0,0,0,0,0,0,125,187,37,0,0,0,0,0,0,0,0,0,0,0,0,0,0,0,0,0,17,253,88,0,0,0,0,0,0,0,0,0,0,0,0,0,0,0,0,0,12,253,88,0,0,0,0,0,0,0,0,0,0,0,0,0,0,0,0,0,5,131,108,0,0,0,0,0,0,0,0,49,60,60,60,22,0,0,0,0,9,222,124,0,0,0,0,0,0,0,91,243,253,253,253,217,95,0,0,0,12,217,88,0,0,0,0,0,0,45,243,253,253,253,253,253,244,177,95,9,51,185,88,0,0,0,0,0,0,54,253,253,206,141,141,212,253,253,253,180,185,253,88,0,0,0,0,0,0,54,253,208,17,0,0,3,116,251,253,253,253,239,47,0,0,0,0,0,0,123,253,175,4,0,0,0,0,140,253,253,253,253,162,23,0,0,0,0,0,95,253,253,51,0,0,30,130,233,253,253,253,253,253,188,0,0,0,0,0,54,253,253,224,128,183,227,253,253,253,224,188,196,253,235,124,0,0,0,0,54,253,253,253,253,253,253,253,253,183,40,0,7,145,253,170,0,0,0,0,8,151,253,253,253,253,253,253,176,25,0,0,0,7,90,79,0,0,0,0,0,5,17,177,137,198,178,108,4,0,0,0,0,0,0,0,0,0,0,0,0,0,0,0,0,0,0,0,0,0,0,0,0,0,0,0,0,0,0,0,0,0,0,0,0,0,0,0,0,0,0,0,0,0,0,0,0,2
0,0,0,0,0,0,0,0,0,0,0,0,0,0,0,0,0,0,0,0,0,0,0,0,0,0,51,132,242,195,255,242,132,52,4,0,0,0,0,0,0,0,0,0,0,7,209,252,252,252,253,252,252,252,146,18,0,0,0,0,0,0,0,0,0,147,252,252,252,252,253,252,252,252,252,225,30,0,0,0,0,0,0,0,12,204,252,252,252,252,253,252,252,252,252,252,71,0,0,0,0,0,0,0,147,252,252,229,192,192,129,72,89,232,252,252,228,26,0,0,0,0,0,129,235,252,193,54,0,0,0,0,0,63,232,252,252,36,0,0,0,0,13,197,252,252,48,0,0,0,0,0,0,0,83,252,252,133,0,0,0,0,37,252,252,143,7,0,0,0,0,0,0,0,38,229,252,155,0,0,0,0,37,252,226,34,0,0,0,0,0,0,0,0,0,193,252,155,0,0,0,12,197,252,192,0,0,0,0,0,0,0,0,0,0,135,252,155,0,0,0,25,253,253,193,0,0,0,0,0,0,0,0,0,32,225,253,156,0,0,0,25,252,252,192,0,0,0,0,0,0,0,0,0,129,252,252,155,0,0,0,21,221,252,192,0,0,0,0,0,0,0,0,106,225,252,252,81,0,0,0,0,37,252,203,12,0,0,0,0,0,0,7,185,252,252,236,29,0,0,0,0,28,232,252,163,12,0,0,0,0,0,123,252,252,252,82,0,0,0,0,0,0,169,252,252,204,90,73,73,136,193,230,252,252,231,34,0,0,0,0,0,0,128,252,252,252,252,252,252,253,252,252,252,232,62,0,0,0,0,0,0,0,30,225,252,252,252,252,252,253,252,252,234,61,0,0,0,0,0,0,0,0,0,72,252,252,252,252,252,253,252,252,95,0,0,0,0,0,0,0
0,255,255,255,128,128,64,0,0,0,0,0,0,0,0,0,0,0,0,0,0,255,255,255,255,255,255,255,128,64,0,0,0,0,0,0,0,0,0,0,0,0,128,191,255,255,255,255,255,255,191,64,0,0,0,0,0,0,0,0,0,0,0,0,0,0,0,128,128,255,255,191,0,0,0,0,0,0,0,0,0,0,0,0,0,0,0,0,0,0,255,255,0,0,0,0,0,0,0,0,0,0,0,0,0,0,0,0,0,191,255,255,0,0,0,0,0,0,0,0,0,0,0,0,0,0,128,255,255,255,255,255,191,0,0,0,0,0,0,0,0,0,0,0,0,128,255,255,255,255,255,255,255,255,64,0,0,0,0,0,0,0,0,0,0,64,191,255,255,128,0,64,255,255,255,191,0,0,0,0,0,0,0,0,0,0,0,0,0,0,0,0,0,128,255,255,255,64,0,0,0,0,0,0,0,0,0,0,0,0,0,0,0,0,64,255,255,191,0,0,0,0,0,64,255,128,0,0,0,0,0,0,0,0,0,64,255,255,191,0,0,0,64,255,255,64,0,0,0,0,0,0,0,0,0,0,191,255,255,0,0,0,128,255,128,0,0,0,0,0,0,0,0,0,0,0,0,255,255,0,0,0,128,255,255,64,0,0,0,0,0,0,0,0,0,0,128,255,255,0,0,0,0,191,255,255,128,0,0,0,0,0,0,0,0,0,255,255,255,0,0,0,0,0,191,255,255,128,64,0,0,0,0,0,64,255,255,255,64,0,0,0,0,0,0,191,255,255,255,255,255,191,255,255,255,255,255,128,0,0,0,0,0,0,0,0,128,255,255,255,255,255,255,255,255,191,64,0,0,0,0,0,0,0,0,0,0,0,128,128,191,191,255,128,64,0,0,0,0,0,3
0,0,0,0,0,0,0,0,0,191,128,0,0,0,0,0,0,0,0,0,0,0,0,0,0,0,0,0,128,255,255,0,0,0,0,0,0,0,0,0,0,0,0,0,0,0,0,191,255,255,255,191,191,0,0,0,0,0,0,0,0,0,0,0,0,0,128,255,255,255,255,255,255,255,128,0,0,0,0,0,0,0,0,0,0,0,128,255,255,191,191,255,255,255,255,191,0,0,0,0,0,0,0,0,0,0,255,255,255,64,0,128,255,255,255,255,191,0,0,0,0,0,0,0,0,191,255,255,191,0,0,0,0,64,255,255,255,0,0,0,0,0,0,0,0,255,255,255,64,0,0,0,0,0,191,255,255,128,0,0,0,0,0,0,0,255,255,255,0,0,0,0,0,0,64,255,255,128,0,0,0,0,0,0,0,255,255,255,0,0,0,0,0,0,64,255,255,128,0,0,0,0,0,0,0,255,255,255,0,0,0,0,0,0,128,255,255,128,0,0,0,0,0,0,64,255,255,255,0,0,0,0,0,0,128,255,255,128,0,0,0,0,0,0,0,255,255,255,0,0,0,0,0,0,255,255,255,128,0,0,0,0,0,0,0,255,255,255,0,0,0,0,0,0,255,255,255,64,0,0,0,0,0,0,0,255,255,255,0,0,0,0,0,191,255,255,255,0,0,0,0,0,0,0,0,255,255,255,0,0,0,0,128,255,255,255,191,0,0,0,0,0,0,0,0,255,255,255,191,128,128,191,255,255,255,128,0,0,0,0,0,0,0,0,0,191,255,255,255,255,255,255,255,255,191,0,0,0,0,0,0,0,0,0,0,0,191,255,255,255,255,255,255,191,0,0,0,0,0,0,0,0,0,0,0,0,0,64,128,191,255,128,64,0,0,0,0,0,0,0,0
0,0,0,0,0,0,0,0,0,0,0,0,0,0,0,0,0,0,0,0,0,0,0,0,0,0,0,0,0,0,0,0,0,0,0,0,0,0,0,0,0,0,0,0,0,0,0,26,255,237,55,0,0,0,0,0,0,0,0,0,0,0,0,0,0,0,30,180,254,253,234,55,0,0,0,0,0,0,0,0,0,0,0,0,0,30,212,253,254,244,253,236,57,11,0,0,0,0,0,0,0,0,0,0,26,180,253,253,228,52,220,253,254,215,67,0,0,0,0,0,0,0,0,0,95,254,254,228,34,0,9,159,254,254,254,94,0,0,0,0,0,0,0,0,161,253,223,40,0,0,0,0,48,241,253,160,0,0,0,0,0,0,0,0,55,121,25,0,0,0,0,0,7,232,253,85,0,0,0,0,0,0,0,0,0,0,0,0,0,0,0,0,136,253,202,19,0,0,0,0,0,0,0,0,0,0,0,0,0,0,0,26,254,254,113,0,0,0,0,0,0,0,0,0,0,0,0,0,0,0,0,176,254,210,21,0,0,0,0,0,0,0,0,0,0,0,0,0,0,0,70,240,254,107,0,0,0,0,0,0,0,0,0,0,0,0,0,0,0,17,224,253,169,6,0,0,0,0,0,0,0,0,0,0,0,0,0,0,0,130,254,254,68,0,0,0,0,0,0,0,0,0,0,0,0,0,0,0,13,235,253,151,0,0,0,0,0,0,0,0,0,0,0,0,0,0,0,0,187,253,234,38,0,0,0,0,0,0,0,0,0,0,0,0,0,0,0,102,254,253,104,0,0,0,0,0,0,0,0,0,0,0,0,0,0,0,24,254,255,199,17,0,0,0,0,0,0,0,0,0,0,0,0,0,0,0,108,253,254,31,0,0,0,0,0,0,0,0,0,0,7
0,0,0,0,0,0,0,0,0,0,0,0,0,8,196,242,48,0,0,0,0,0,0,0,0,0,0,0,0,0,0,0,0,129,254,254,89,0,0,0,0,0,0,0,0,0,0,0,0,0,0,0,145,247,254,254,89,0,0,0,0,0,0,0,0,0,0,0,0,0,0,22,225,254,221,255,89,0,0,0,0,0,0,0,0,0,0,0,0,0,21,195,254,215,134,244,58,0,0,0,0,0,0,0,0,0,0,0,0,0,60,254,214,27,131,175,0,0,0,0,0,0,0,0,0,0,0,0,0,24,211,253,45,0,189,104,0,0,0,0,0,0,0,0,0,0,0,0,3,169,254,166,0,64,240,0,0,0,0,0,0,0,0,0,0,0,0,1,118,254,217,22,0,114,243,0,0,0,0,0,0,0,0,0,0,0,0,6,254,254,112,0,0,114,243,0,0,0,0,0,0,0,0,0,0,0,0,43,254,186,18,0,0,205,151,0,0,0,0,0,0,0,0,0,0,0,41,229,254,95,0,0,125,251,80,0,0,0,0,0,0,0,0,0,0,0,108,254,180,9,0,0,214,151,1,0,0,0,0,0,0,0,0,0,0,5,225,251,55,0,0,137,254,136,0,0,0,0,0,0,0,0,0,0,0,90,254,235,0,0,35,230,243,20,0,0,0,0,0,0,0,0,0,0,0,167,254,108,0,0,82,254,82,0,0,0,0,0,0,0,0,0,0,0,0,208,254,11,0,61,233,254,41,0,0,0,0,0,0,0,0,0,0,0,0,208,254,149,202,235,235,135,9,0,0,0,0,0,0,0,0,0,0,0,0,161,254,254,254,254,148,0,0,0,0,0,0,0,0,0,0,0,0,0,0,6,172,252,135,61,5,0,0,0,0,0,0,0,0,0,0
0,0,0,0,0,0,0,0,0,0,0,0,0,0,0,0,0,0,0,0,0,0,0,0,0,0,0,0,121,230,25,0,0,0,0,0,0,0,0,0,0,0,0,0,0,0,0,57,225,206,10,0,0,0,0,0,0,0,0,0,0,0,0,0,0,0,0,89,255,177,0,0,0,0,0,0,0,42,211,134,0,0,0,0,0,0,9,203,209,24,0,0,0,0,0,0,0,229,254,63,0,0,0,0,0,9,178,247,79,0,0,0,0,0,0,4,91,253,138,3,0,0,0,0,0,114,254,151,0,0,0,0,0,0,0,32,254,249,59,0,0,0,0,0,33,247,242,41,0,0,0,0,0,0,0,172,254,135,0,0,0,0,0,0,130,254,134,0,0,0,0,0,0,0,59,249,254,26,0,0,0,0,0,0,245,254,20,0,0,0,0,0,0,81,228,254,142,5,0,0,0,0,0,0,159,254,164,84,53,53,98,156,52,211,254,137,0,0,0,0,0,0,0,0,23,228,254,254,254,254,252,92,193,254,184,3,0,0,0,0,0,0,0,0,0,4,101,109,109,83,5,128,254,213,28,0,0,0,0,0,0,0,0,0,0,0,0,0,0,0,42,254,254,73,0,0,0,0,0,0,0,0,0,0,0,0,0,0,0,8,213,254,106,1,0,0,0,0,0,0,0,0,0,0,0,0,0,0,0,63,254,238,36,0,0,0,0,0,0,0,0,0,0,0,0,0,0,0,8,200,252,61,0,0,0,0,0,0,0,0,0,0,0,0,0,0,0,0,87,254,221,0,0,0,0,0,0,0,0,0,0,0,0,0,0,0,0,38,223,226,37,0,0,0,0,0,0,0,0,0,0,0,0,0,0,0,0,154,254,168,0,0,0,0,0,0,0,0,0,0,4
0,0,0,0,0,0,0,0,0,0,0,0,0,0,0,0,0,0,0,0,0,0,0,0,0,0,0,0,0,0,0,0,0,0,0,0,0,0,0,0,0,0,0,0,0,16,207,237,152,194,167,131,98,7,7,7,7,7,4,0,0,0,0,0,0,83,254,254,254,254,254,254,254,254,254,254,254,254,148,0,0,0,0,0,0,11,121,112,112,135,240,254,254,254,254,254,254,238,77,0,0,0,0,0,0,15,186,10,0,0,24,105,105,105,105,105,105,13,0,0,0,0,0,0,3,115,254,169,0,0,0,0,0,0,0,0,0,0,0,0,0,0,0,0,19,254,254,137,0,0,0,0,0,0,0,0,0,0,0,0,0,0,0,0,19,254,254,93,0,0,0,0,0,0,0,0,0,0,0,0,0,0,0,0,19,254,254,118,0,0,0,0,0,0,0,0,0,0,0,0,0,0,0,0,19,254,254,244,181,156,57,43,0,0,0,0,0,0,0,0,0,0,0,0,5,80,230,254,254,254,254,238,76,0,0,0,0,0,0,0,0,0,0,0,0,0,38,80,198,254,254,254,238,76,0,0,0,0,0,0,0,0,0,0,0,0,0,0,10,80,196,254,254,202,15,0,0,0,0,0,0,0,0,0,0,0,0,0,0,0,39,193,254,254,149,0,0,0,0,0,0,0,0,0,0,0,0,0,0,0,0,11,203,254,173,0,0,0,0,0,0,0,0,0,0,0,0,0,0,0,0,0,193,254,173,0,0,0,0,0,0,0,0,0,0,0,0,0,0,0,0,0,193,254,173,0,0,0,0,0,0,0,0,0,0,0,0,0,0,0,0,27,219,254,173,0,0,0,0,0,0,0,0,0,0,0,0,17,113,113,58,147,254,254,58,0,0,0,0,0,5
0,0,0,0,0,0,0,0,0,0,0,171,127,0,0,0,0,0,0,0,0,0,0,0,0,0,0,0,0,0,68,252,223,20,0,0,0,0,0,0,0,0,0,0,0,0,0,0,0,0,86,253,203,0,0,0,0,0,0,0,0,0,0,0,0,0,0,0,0,0,163,253,132,0,0,0,0,0,0,0,0,0,0,0,0,0,0,0,0,0,163,253,151,0,0,0,0,0,0,0,0,0,0,0,0,0,0,0,0,0,255,254,127,0,0,0,0,0,0,0,0,0,0,0,0,0,0,0,0,105,254,253,127,0,0,0,0,0,0,0,0,0,0,0,0,0,0,0,0,181,254,253,127,0,0,0,0,0,0,0,0,0,0,0,0,0,0,0,0,181,254,253,55,0,0,0,0,0,0,0,0,0,0,0,0,0,0,0,7,207,254,253,36,0,0,0,0,0,0,0,0,0,0,0,0,0,0,0,19,254,255,173,0,0,0,0,0,0,0,0,0,0,0,0,0,0,0,0,71,253,254,108,0,0,0,0,0,0,0,0,0,0,0,0,0,0,0,0,186,253,254,108,0,0,0,0,0,0,0,0,0,0,0,0,0,0,0,0,199,253,254,37,0,0,0,0,0,0,0,0,0,0,0,0,0,0,0,0,199,253,202,5,0,0,0,0,0,0,0,0,0,0,0,0,0,0,0,37,254,254,92,0,0,0,0,0,0,0,0,0,0,0,0,0,0,0,0,89,253,253,91,0,0,0,0,0,0,0,0,0,0,0,0,0,0,0,0,172,253,253,78,0,0,0,0,0,0,0,0,0,0,0,0,0,0,0,0,217,253,253,0,0,0,0,0,0,0,0,0,0,0,0,0,0,0,0,20,230,253,155,0,0,0,0,0,0,0,0,0,0,1
0,0,0,0,0,0,0,0,0,0,0,0,0,0,0,0,0,0,0,0,0,0,0,0,0,0,0,0,13,38,62,146,155,255,255,227,0,0,0,0,0,0,0,0,0,92,133,143,208,253,253,253,253,253,253,226,0,0,0,0,0,0,0,0,39,245,253,253,253,253,248,248,248,248,206,79,0,0,0,0,0,0,0,0,62,253,247,169,128,141,0,0,0,0,0,0,0,0,0,0,0,0,0,0,151,253,161,0,0,0,0,0,0,0,0,0,0,0,0,0,0,0,0,0,151,215,25,0,0,0,0,0,0,0,0,0,0,0,0,0,0,0,0,4,215,172,0,0,0,0,0,0,0,0,0,0,0,0,0,0,0,0,0,6,216,235,190,87,58,0,0,0,0,0,0,0,0,0,0,0,0,0,0,1,151,253,253,253,241,231,233,233,177,79,125,19,0,0,0,0,0,0,0,0,120,240,230,220,86,160,211,230,253,171,174,226,0,0,0,0,0,0,0,0,0,40,31,21,0,23,12,31,54,18,98,208,200,34,0,0,0,0,0,0,0,0,0,0,0,0,0,0,0,0,6,35,253,197,3,0,0,0,0,0,0,0,0,0,0,0,0,0,0,0,0,28,253,253,51,0,0,0,0,0,0,0,0,0,0,0,0,0,0,0,0,28,253,128,1,0,0,0,0,0,0,0,0,0,0,0,0,0,0,0,11,98,253,43,0,0,0,0,0,0,0,0,0,0,0,0,0,0,0,16,137,253,209,14,0,0,0,0,0,0,0,0,0,0,0,0,0,0,53,184,253,242,66,0,0,0,0,0,0,0,0,0,14,28,58,132,164,249,251,253,227,59,0,0,0,0,0,0,0,34,179,144,148,106,253,253,253,253,247,112,15,0,0,0,0,0,5
0,0,0,0,0,0,7,29,128,204,228,141,28,0,0,0,0,0,0,0,0,0,0,0,0,32,150,252,252,253,252,252,215,0,0,0,0,0,0,0,0,0,45,197,197,229,252,252,252,253,252,252,252,89,0,0,0,0,0,0,0,0,157,252,252,253,227,139,40,28,128,252,252,113,0,0,0,0,0,0,0,29,253,253,253,163,38,0,0,0,57,253,253,114,0,0,0,0,0,0,0,10,159,196,96,0,0,0,0,0,57,252,252,113,0,0,0,0,0,0,0,0,0,0,0,0,0,0,0,0,57,252,252,113,0,0,0,0,0,0,0,0,0,0,0,0,0,0,0,0,157,252,252,13,0,0,0,0,0,0,0,0,0,0,0,0,0,0,0,41,253,253,190,0,0,0,0,0,0,0,0,0,0,0,0,0,0,0,0,141,252,252,65,0,0,0,0,0,0,0,0,0,0,0,0,0,0,0,0,141,252,252,28,0,0,0,0,0,0,0,0,0,0,0,0,0,0,0,0,241,252,252,178,51,0,0,0,0,0,0,0,0,0,0,0,0,0,0,114,255,253,253,253,242,47,0,0,0,0,0,0,0,0,0,0,0,0,0,188,253,252,252,252,253,159,0,0,0,0,0,0,0,0,0,0,0,0,29,234,253,252,252,252,253,240,159,85,86,110,197,0,0,0,0,0,0,26,210,252,253,252,164,90,253,252,252,252,253,252,252,0,0,0,0,0,0,120,253,253,255,134,0,0,126,244,253,253,255,247,150,0,0,0,0,0,19,225,252,252,209,28,0,0,0,56,171,196,134,65,0,0,0,0,0,0,117,252,252,252,76,0,0,0,0,0,0,0,0,0,0,0,0,0,0,0,28,215,252,102,0,0,0,0,0,0,0,0,0,0,0,2
0,0,0,0,0,0,0,0,0,0,0,0,0,0,0,0,0,0,0,0,0,0,0,0,0,0,0,0,0,0,0,0,0,0,0,0,0,0,0,0,0,0,0,0,0,0,0,0,0,0,0,0,0,21,173,253,214,31,0,0,0,0,0,0,0,82,203,203,203,81,0,0,0,183,253,252,253,232,41,0,0,0,0,0,52,253,254,253,254,253,163,0,0,123,254,172,234,253,234,30,0,0,0,0,132,252,253,90,172,252,203,0,0,0,91,10,71,252,253,172,0,0,0,0,152,253,203,0,41,243,203,0,0,0,0,0,0,183,255,253,0,0,0,0,152,252,203,0,82,243,162,0,0,0,0,0,21,203,253,212,0,0,0,0,152,253,214,31,254,91,0,0,0,0,0,21,132,253,254,50,0,0,0,0,152,252,253,232,253,50,0,0,0,0,21,203,253,252,131,10,0,0,0,0,52,253,254,131,41,0,0,0,0,0,132,253,224,61,0,0,0,0,0,0,51,252,253,50,0,0,0,0,21,183,253,212,40,0,0,0,0,0,0,0,41,243,254,172,0,0,0,123,254,253,203,0,0,0,0,0,0,0,0,0,0,203,253,252,41,0,163,243,253,130,40,0,0,0,0,0,0,0,0,0,0,102,254,253,214,253,254,213,41,0,0,0,0,0,0,0,0,0,0,0,0,61,253,252,253,252,192,30,0,0,0,0,0,0,0,0,0,0,0,0,31,173,254,253,224,61,0,0,0,0,0,0,0,0,0,0,0,0,0,0,233,252,253,252,203,0,0,0,0,0,0,0,0,0,0,0,0,0,0,0,255,253,255,253,203,0,0,0,0,0,0,0,0,0,0,0,0,0,0,0,131,252,253,252,203,0,0,0,0,0,0,0,0,0,0,0,8
0,0,0,0,0,78,85,85,85,21,0,0,0,0,0,0,0,0,0,0,0,0,0,84,206,251,252,252,253,237,170,16,0,0,0,0,0,0,0,0,0,0,0,253,252,252,210,215,253,252,252,231,55,0,0,0,0,0,0,0,0,0,0,104,147,94,14,18,42,156,252,252,235,0,0,0,0,0,0,0,0,0,0,0,0,0,0,0,0,0,66,253,253,0,0,0,0,0,0,0,0,0,0,0,0,0,0,0,0,0,22,252,252,0,0,0,0,0,0,0,0,0,0,0,0,0,0,0,0,0,11,210,252,150,0,0,0,0,0,0,0,0,0,0,0,0,0,0,0,0,0,169,252,185,0,0,0,0,0,0,0,0,0,0,0,0,0,0,0,0,0,169,252,106,0,0,0,0,0,0,0,0,0,0,0,39,43,43,43,11,0,170,253,89,0,0,0,0,0,0,0,0,0,15,164,247,252,252,253,205,190,232,252,0,0,0,0,0,0,0,0,0,0,192,252,252,247,240,253,252,252,252,252,171,48,20,0,0,0,0,0,0,0,253,252,167,63,35,84,163,247,252,252,253,252,245,169,169,64,64,0,0,0,253,252,126,0,0,0,116,249,252,164,165,252,252,252,252,253,252,0,0,0,254,253,245,78,87,255,253,250,115,0,0,0,54,176,211,212,211,0,0,0,81,231,252,252,252,253,224,110,0,0,0,0,0,0,0,0,0,0,0,0,0,95,223,205,126,21,14,0,0,0,0,0,0,0,0,0,0,0,0,0,0,0,0,0,0,0,0,0,0,0,0,0,0,0,0,0,0,0,0,0,0,0,0,0,0,0,0,0,0,0,0,0,0,0,0,0,0,0,0,0,0,0,0,0,0,0,0,0,0,0,0,0,0,0,0,0,0,2
0,0,0,0,0,0,0,0,0,0,0,0,0,0,0,0,0,0,0,0,0,0,0,0,74,155,143,89,101,93,155,155,155,195,155,145,56,5,0,0,0,0,0,0,69,213,244,252,254,254,254,246,244,244,251,254,254,20,0,0,0,0,0,0,0,0,0,66,90,90,90,18,0,36,225,254,234,15,0,0,0,0,0,0,0,0,0,0,0,0,0,0,0,124,254,255,166,0,0,0,0,0,0,0,0,0,0,0,0,0,0,0,18,227,254,237,24,0,0,0,0,0,0,0,0,0,0,0,0,0,0,0,151,254,254,138,0,0,0,0,0,0,0,0,0,0,0,0,0,0,0,38,229,254,231,47,0,0,0,0,0,0,0,0,0,0,0,0,0,0,0,160,254,254,90,0,0,0,0,0,0,0,0,0,0,0,0,0,0,0,39,243,254,205,20,0,0,0,0,0,0,0,0,0,0,0,46,51,67,150,210,254,254,207,150,102,15,0,0,0,0,0,0,0,0,101,250,254,254,254,254,254,253,249,253,254,220,18,0,0,0,0,0,0,0,28,145,194,227,254,254,254,131,0,64,105,194,52,0,0,0,0,0,0,0,0,2,49,192,254,254,254,89,0,0,0,0,0,0,0,0,0,0,0,0,0,58,254,254,254,254,155,0,0,0,0,0,0,0,0,0,0,0,0,0,0,140,254,254,255,230,25,0,0,0,0,0,0,0,0,0,0,0,0,0,56,238,254,254,254,103,0,0,0,0,0,0,0,0,0,0,0,0,0,0,175,254,254,254,204,2,0,0,0,0,0,0,0,0,0,0,0,0,0,16,235,254,254,240,64,0,0,0,0,0,0,0,0,0,0,0,0,0,0,21,254,254,239,98,0,0,0,0,0,0,0,0,0,0,0,7
0,0,0,0,0,0,43,249,236,0,0,0,0,0,0,0,0,0,0,0,0,0,0,0,0,0,130,242,54,0,0,0,0,0,0,0,0,0,0,0,0,0,0,0,0,26,239,230,0,0,0,0,0,0,0,0,0,0,0,0,0,0,0,0,0,70,254,205,0,0,0,0,0,0,0,0,0,0,0,0,0,0,0,0,0,153,253,121,0,0,0,0,0,0,43,123,138,34,0,0,0,0,0,0,0,237,232,25,0,0,0,0,9,141,249,253,253,191,3,0,0,0,0,0,68,254,206,0,0,0,0,0,159,254,236,85,169,254,56,0,0,0,0,0,93,254,207,0,0,0,0,108,254,185,42,0,93,254,115,0,0,0,0,0,93,254,156,0,0,0,43,232,236,9,0,0,93,241,27,0,0,0,0,0,134,254,107,0,0,0,180,251,79,0,0,3,174,184,0,0,0,0,0,17,234,254,23,0,0,26,239,230,0,0,0,24,253,184,0,0,0,0,0,49,254,210,9,0,0,128,254,80,0,0,0,141,254,102,0,0,0,0,0,116,253,184,0,0,0,245,253,46,0,0,110,249,185,0,0,0,0,0,0,30,221,241,19,0,0,220,248,42,0,41,241,242,71,0,0,0,0,0,0,0,184,254,90,0,68,254,206,0,68,229,236,113,0,0,0,0,0,0,0,0,93,255,173,0,185,254,115,66,229,236,118,0,0,0,0,0,0,0,0,0,9,237,249,155,222,254,241,249,185,50,0,0,0,0,0,0,0,0,0,0,0,55,221,249,253,254,253,200,38,0,0,0,0,0,0,0,0,0,0,0,0,0,0,57,103,220,202,54,0,0,0,0,0,0,0,0,0,0,0,0,0,0,0,0,0,0,0,0,0,0,0,0,0,0,0,0,6
0,0,0,0,0,0,0,0,0,0,0,0,0,0,0,47,202,255,55,0,0,0,0,0,0,0,0,0,0,0,0,0,0,0,50,185,253,253,224,35,0,0,0,0,0,0,0,0,0,0,87,223,142,140,243,253,253,253,252,80,0,0,0,0,0,0,0,0,0,38,228,253,253,253,253,194,93,253,132,0,0,0,0,0,0,0,0,0,0,162,253,253,253,244,118,14,172,247,32,0,0,0,0,0,0,0,0,0,74,241,253,253,242,76,0,79,166,57,0,0,0,0,0,0,0,0,0,0,166,251,198,238,29,0,15,198,122,0,0,0,0,0,0,0,0,0,0,0,166,248,0,0,0,48,121,132,0,0,0,0,0,0,0,0,0,0,0,14,239,246,0,0,23,218,175,0,0,0,0,0,0,0,0,0,0,0,0,16,253,144,0,125,252,135,6,0,0,0,0,0,0,0,0,0,0,0,0,16,253,229,80,243,139,13,0,0,0,0,0,0,0,0,0,0,0,0,0,16,253,253,243,129,2,0,0,0,0,0,0,0,0,0,0,0,0,0,0,130,253,253,201,0,0,0,0,0,0,0,0,0,0,0,0,0,0,14,135,239,253,253,201,0,0,0,0,0,0,0,0,0,0,0,0,0,26,181,231,85,191,253,201,0,0,0,0,0,0,0,0,0,0,0,0,27,167,192,124,0,166,253,227,26,0,0,0,0,0,0,0,0,0,0,0,210,197,7,0,5,189,253,218,17,0,0,0,0,0,0,0,0,0,0,43,248,208,19,83,208,253,253,201,0,0,0,0,0,0,0,0,0,0,0,73,251,253,253,253,253,253,227,74,0,0,0,0,0,0,0,0,0,0,0,0,201,253,253,253,253,185,43,0,0,0,0,0,0,0,0,0,0,8
0,0,0,0,0,0,0,0,0,0,0,0,0,0,0,0,0,0,0,0,0,0,0,0,0,0,57,86,85,255,253,198,85,57,0,0,0,0,0,0,0,0,0,0,0,57,224,253,251,253,251,253,251,225,56,0,0,0,0,0,0,0,0,29,197,255,253,255,253,254,253,254,253,254,253,57,0,0,0,0,0,0,0,197,251,253,251,253,251,84,83,253,251,253,251,168,0,0,0,0,0,0,0,255,253,226,168,0,0,0,0,85,253,254,253,169,0,0,0,0,0,0,0,196,83,56,0,0,0,0,0,85,251,253,251,56,0,0,0,0,0,0,0,0,0,0,0,0,0,0,0,141,253,254,253,0,0,0,0,0,0,0,0,0,0,0,0,0,0,0,0,253,251,253,138,0,0,0,0,0,0,0,0,0,0,0,0,0,0,29,197,254,253,226,56,0,0,0,0,0,0,0,0,0,0,0,0,0,0,85,251,253,251,168,0,0,0,0,0,0,0,0,0,0,0,0,0,0,0,141,253,254,196,0,0,0,0,0,0,0,0,0,0,0,0,0,0,0,114,253,251,253,83,0,0,0,0,0,0,0,0,0,0,0,0,0,0,85,253,254,253,169,0,0,0,0,0,0,0,0,0,0,0,0,0,0,0,197,251,253,251,168,0,0,0,0,0,0,0,0,0,0,0,0,0,29,197,254,253,254,196,29,85,85,85,254,253,226,56,0,0,0,0,0,0,85,251,253,251,253,196,197,251,253,251,253,251,56,0,0,0,0,0,0,0,85,253,254,253,254,253,254,253,254,253,226,56,0,0,0,0,0,0,0,0,197,251,253,251,253,251,253,251,253,138,56,0,0,0,0,0,0,0,0,0,198,253,254,253,169,168,114,0,0,0,0,0,0,0,0,2
0,0,0,0,0,0,0,0,0,0,0,88,254,235,44,0,0,0,0,0,0,0,0,0,0,0,0,0,0,0,15,218,213,16,0,0,0,0,0,0,0,0,0,0,0,0,0,0,0,0,165,254,63,0,0,0,0,0,0,0,0,0,0,0,0,0,0,0,0,64,247,218,15,0,0,0,0,0,0,0,0,0,0,0,0,0,0,0,0,154,253,48,0,0,0,0,0,0,0,0,0,0,0,0,0,0,0,0,36,239,196,0,0,0,0,0,0,0,0,0,0,0,0,0,0,0,0,0,145,254,100,0,0,0,0,0,0,0,0,0,0,0,0,0,0,0,0,8,223,205,6,0,0,0,0,0,0,0,0,0,0,0,0,0,0,0,0,111,254,107,0,0,0,0,0,0,0,0,0,0,0,0,0,0,0,0,0,234,254,109,2,0,0,0,0,0,0,0,0,0,0,0,0,0,0,0,58,252,254,254,214,56,0,0,0,0,0,0,0,0,0,0,0,0,0,0,197,254,107,90,220,250,96,0,0,0,0,0,0,0,0,0,0,0,0,0,205,178,11,0,37,208,249,78,0,0,0,0,0,0,0,0,0,0,0,20,250,174,0,0,0,22,237,222,13,0,0,0,0,0,0,0,0,0,0,79,254,137,0,0,0,0,113,254,129,0,0,0,0,0,0,0,0,0,0,94,254,35,0,0,0,0,118,254,164,0,0,0,0,0,0,0,0,0,0,114,255,29,0,0,1,129,249,242,62,0,0,0,0,0,0,0,0,0,0,65,254,213,105,134,218,254,229,43,0,0,0,0,0,0,0,0,0,0,0,4,134,231,254,254,233,138,16,0,0,0,0,0,0,0,0,0,0,0,0,0,0,0,0,0,0,0,0,0,0,0,0,0,0,0,6
0,0,0,0,0,0,0,0,0,0,21,203,253,252,253,252,253,252,253,91,0,0,0,0,0,0,0,0,0,0,51,253,224,81,0,0,0,123,255,253,0,0,0,0,0,0,0,0,0,0,10,50,20,0,0,0,0,0,253,252,0,0,0,0,0,0,0,0,0,0,0,0,0,0,0,0,0,21,255,192,0,0,0,0,0,0,0,0,0,0,0,0,0,0,0,0,0,102,253,111,0,0,0,0,0,0,0,0,0,0,0,0,0,0,0,0,11,173,244,40,0,0,0,0,0,0,0,0,0,0,0,0,0,0,0,0,51,252,162,0,0,0,0,0,0,0,0,0,0,0,0,0,0,0,0,0,173,253,41,0,0,0,0,0,0,0,0,0,0,0,0,0,0,0,0,82,253,212,0,0,0,0,0,0,0,0,0,0,0,0,0,0,0,0,51,233,244,81,0,0,0,0,0,0,0,0,0,0,0,0,0,0,0,0,193,252,162,0,0,0,0,0,0,0,0,0,0,0,0,0,0,0,11,173,254,172,0,0,0,0,0,0,0,41,123,203,142,61,0,0,0,0,213,252,172,10,0,0,0,0,0,82,214,253,254,253,254,253,132,10,72,233,254,172,0,0,0,0,0,0,41,243,253,252,151,70,131,252,253,212,253,252,131,10,0,0,0,0,0,0,173,253,244,40,0,0,52,213,254,253,244,81,0,0,0,0,0,0,0,0,253,252,243,203,203,203,253,252,253,252,243,162,102,102,41,0,0,0,0,0,82,243,255,253,255,253,203,122,41,163,234,253,254,233,41,0,0,0,0,0,0,40,50,50,50,50,0,0,0,0,30,91,151,50,0,0,0,0,0,0,0,0,0,0,0,0,0,0,0,0,0,0,0,0,0,0,0,0,0,0,2
0,0,0,0,0,0,0,0,0,0,0,0,8,94,133,225,254,150,13,0,0,0,0,0,0,0,0,0,0,0,0,3,166,253,253,253,253,253,24,0,0,0,0,0,0,0,0,0,0,0,8,166,253,253,253,253,253,253,24,0,0,0,0,0,0,0,0,0,0,0,117,253,253,220,158,253,253,253,24,0,0,0,0,0,0,0,0,0,0,116,254,253,244,76,164,253,253,253,24,0,0,0,0,0,0,0,0,0,119,250,254,246,108,165,253,253,253,144,6,0,0,0,0,0,0,0,0,0,230,253,250,103,166,253,253,253,143,7,0,0,0,0,0,0,0,0,0,0,230,253,252,221,253,253,253,144,7,0,0,0,0,0,0,0,0,0,0,0,230,253,254,253,253,253,174,34,0,0,0,0,0,0,0,0,0,0,0,93,252,253,254,253,235,109,4,0,0,0,0,0,0,0,0,0,0,10,151,254,254,254,255,161,0,0,0,0,0,0,0,0,0,0,0,0,47,227,253,253,253,253,242,0,0,0,0,0,0,0,0,0,0,0,0,48,226,253,253,239,249,253,243,16,0,0,0,0,0,0,0,0,0,0,106,225,253,253,173,52,206,253,254,108,0,0,0,0,0,0,0,0,0,6,180,253,253,172,14,0,31,245,254,194,0,0,0,0,0,0,0,0,0,25,253,253,206,14,0,0,32,245,254,228,0,0,0,0,0,0,0,0,0,123,253,253,134,0,69,85,215,253,254,228,0,0,0,0,0,0,0,0,0,99,253,253,244,218,246,253,253,253,249,84,0,0,0,0,0,0,0,0,0,14,211,253,253,253,253,253,253,200,23,0,0,0,0,0,0,0,0,0,0,0,100,253,253,253,253,206,22,6,0,0,0,0,0,0,0,0,0,0,8
0,0,0,0,73,222,245,225,226,158,218,89,0,0,0,0,0,0,0,0,0,0,0,34,231,118,67,28,0,0,38,38,0,0,0,0,0,0,0,0,0,0,0,128,197,0,0,0,0,0,0,0,0,0,0,0,0,0,0,0,0,0,0,84,196,0,0,0,0,0,0,0,0,0,0,0,0,0,0,0,0,0,0,0,234,28,0,0,0,0,0,0,0,0,0,0,0,0,0,0,0,0,0,0,126,210,117,22,0,0,0,0,0,0,0,0,0,0,0,0,0,0,0,0,0,39,242,230,36,0,0,0,0,0,0,0,0,0,0,0,0,0,0,0,0,0,27,217,154,112,5,0,0,0,0,0,0,0,0,0,0,0,0,0,0,0,0,29,154,203,132,36,210,145,0,0,0,0,0,0,0,0,0,0,0,0,0,0,0,65,249,237,192,22,0,0,0,0,0,0,0,0,0,0,0,0,0,0,0,25,245,254,170,151,16,0,0,0,0,0,0,0,0,0,0,0,0,0,0,135,246,97,138,144,89,0,0,0,0,0,0,0,0,0,0,0,0,0,0,178,129,0,0,9,19,202,26,0,0,0,0,0,0,0,0,0,0,0,0,178,111,0,0,0,4,86,200,0,0,0,0,0,0,0,0,0,0,0,0,178,111,0,0,0,0,0,213,82,0,0,0,0,0,0,0,0,0,0,0,177,112,0,0,0,0,0,99,253,71,0,0,0,0,0,0,0,0,0,0,66,203,93,0,0,0,45,203,226,33,0,0,0,0,0,0,0,0,0,0,0,132,242,197,130,170,245,255,177,0,0,0,0,0,0,0,0,0,0,0,0,12,140,187,218,251,158,143,14,0,0,0,0,0,0,0,0,0,0,0,0,0,0,0,0,0,0,0,0,0,0,8
0,0,0,0,0,0,0,0,0,0,0,0,0,0,0,0,0,0,0,0,0,0,0,0,0,0,0,0,0,0,23,16,92,216,253,203,13,0,0,0,0,0,0,0,0,0,0,0,32,131,234,215,253,252,252,252,113,0,0,0,0,0,0,0,0,0,29,134,229,252,252,214,168,142,171,252,113,0,0,0,0,0,0,0,0,26,210,252,253,227,103,15,0,0,85,252,113,0,0,0,0,0,0,0,4,128,253,253,226,38,0,0,0,7,154,253,114,0,0,0,0,0,0,0,104,252,252,252,113,0,0,0,0,57,252,252,38,0,0,0,0,0,0,38,229,252,252,252,150,0,0,0,0,95,252,164,0,0,0,0,0,0,0,113,253,202,65,240,250,75,0,0,76,243,252,40,0,0,0,0,0,0,0,101,255,197,0,163,254,203,7,13,204,247,150,0,0,0,0,0,0,0,0,0,146,152,0,38,228,252,149,194,253,171,0,0,0,0,0,0,0,0,0,0,0,0,0,0,141,252,252,252,194,19,0,0,0,0,0,0,0,0,0,0,0,0,0,0,91,252,252,252,63,0,0,0,0,0,0,0,0,0,0,0,0,0,0,0,41,253,253,253,0,0,0,0,0,0,0,0,0,0,0,0,0,0,0,0,141,252,252,252,76,0,0,0,0,0,0,0,0,0,0,0,0,0,0,0,178,252,252,252,113,0,0,0,0,0,0,0,0,0,0,0,0,0,0,0,253,151,153,252,213,0,0,0,0,0,0,0,0,0,0,0,0,0,0,176,254,84,76,250,254,84,0,0,0,0,0,0,0,0,0,0,0,0,0,225,253,159,0,225,253,84,0,0,0,0,0,0,0,0,0,0,0,0,0,100,253,215,85,234,253,84,0,0,0,0,0,0,8
0,0,0,0,0,0,0,0,0,53,255,253,98,42,0,0,0,0,0,0,0,0,0,0,0,0,0,0,63,221,253,251,251,205,144,0,0,0,0,0,0,0,0,0,0,0,21,63,231,251,253,251,251,251,251,166,37,5,0,0,0,0,0,0,0,32,190,251,251,251,253,251,157,189,251,253,251,35,0,0,0,0,0,0,130,202,251,251,251,122,124,147,10,31,200,253,251,164,0,0,0,0,0,110,253,255,253,242,103,0,0,0,0,0,0,255,253,253,175,21,0,0,125,190,251,253,168,92,0,0,0,0,0,0,0,149,251,251,251,71,0,21,221,251,225,35,15,0,0,0,0,0,0,0,0,10,138,246,251,97,0,144,251,251,71,0,0,0,0,0,0,0,0,0,0,0,0,217,251,251,53,221,251,173,20,0,0,0,0,0,0,0,0,0,0,0,0,217,251,251,125,253,242,103,0,0,0,0,0,0,0,0,0,0,0,0,0,218,253,201,253,251,215,0,0,0,0,0,0,0,0,0,0,0,0,0,0,217,251,71,253,251,215,0,0,0,0,0,0,0,0,0,0,0,0,0,125,246,251,71,253,251,230,62,0,0,0,0,0,0,0,0,0,0,0,110,190,251,204,41,124,251,251,220,51,0,0,0,0,0,0,0,27,180,180,253,251,225,41,0,0,145,253,253,253,202,73,10,0,53,21,73,99,253,253,255,253,35,0,0,0,144,251,251,251,253,251,159,144,221,176,251,251,251,251,253,168,15,0,0,0,20,190,230,251,253,251,251,251,251,253,251,246,215,215,35,15,0,0,0,0,0,0,62,142,175,251,251,251,251,221,142,123,0,0,0,0,0,0,0,0,0,0,0,0,21,71,71,71,71,51,0,0,0,0,0,0,0,0,0,0
0,0,0,0,0,0,0,0,0,128,128,191,255,191,128,0,0,0,0,0,0,0,0,0,0,0,0,64,255,255,255,255,255,255,255,191,0,0,0,0,0,0,0,0,0,0,0,128,255,255,255,255,255,255,255,255,128,0,0,0,0,0,0,0,0,0,0,191,255,255,255,255,255,255,255,255,128,0,0,0,0,0,0,0,0,0,0,255,255,255,191,255,255,255,255,255,128,0,0,0,0,0,0,0,0,0,0,255,255,255,0,0,191,255,255,255,128,0,0,0,0,0,0,0,0,0,0,255,255,255,0,0,191,255,255,255,128,0,0,0,0,0,0,0,0,0,0,255,255,255,0,191,255,255,255,255,128,0,0,0,0,0,0,0,0,0,0,255,255,255,255,255,255,255,255,191,0,0,0,0,0,0,0,0,0,0,0,128,255,255,255,255,255,255,255,0,0,0,0,0,0,0,0,0,0,0,0,128,255,255,255,255,255,191,0,0,0,0,0,0,0,0,0,0,0,0,128,255,255,255,255,255,191,0,0,0,0,0,0,0,0,0,0,0,0,128,255,255,255,255,255,255,64,0,0,0,0,0,0,0,0,0,0,0,128,255,255,255,255,255,255,255,255,0,0,0,0,0,0,0,0,0,0,0,191,255,255,255,255,128,191,255,255,64,0,0,0,0,0,0,0,0,0,128,255,255,255,191,0,64,255,255,255,64,0,0,0,0,0,0,0,0,0,255,255,255,255,191,191,255,255,255,255,64,0,0,0,0,0,0,0,0,0,191,255,255,255,255,255,255,255,255,128,0,0,0,0,0,0,0,0,0,0,0,255,255,255,255,255,255,255,191,0,0,0,0,0,0,0,0,0,0,0,0,64,128,255,255,255,255,64,0,0,0,0,0,0,0,0,0,8
0,0,0,0,0,81,246,254,254,254,254,254,253,101,3,0,0,0,0,0,0,0,0,0,0,207,219,150,70,56,116,199,251,254,184,19,0,0,0,0,0,0,0,0,0,174,84,0,0,0,0,0,105,229,254,110,0,0,0,0,0,0,0,0,0,7,0,0,0,0,0,0,0,152,254,196,14,0,0,0,0,0,0,0,0,0,0,0,0,0,0,0,0,42,246,254,82,0,0,0,0,0,0,0,0,0,0,0,0,0,0,0,0,0,236,254,137,0,0,0,0,0,0,0,0,0,0,0,0,0,0,0,0,67,246,254,75,0,0,0,0,0,0,0,0,0,0,0,0,0,0,0,0,169,254,192,11,0,0,0,0,0,0,0,0,0,0,0,0,0,0,0,43,232,254,71,0,0,0,0,0,0,0,0,0,0,0,0,0,0,0,49,234,254,147,0,0,0,0,0,0,0,0,0,0,0,0,0,0,0,10,220,254,228,26,0,0,0,0,0,0,0,0,0,0,0,0,0,0,0,109,254,246,50,0,0,0,0,0,0,0,0,0,0,0,0,0,0,0,29,254,254,87,0,0,0,0,0,0,0,0,0,0,0,0,0,0,0,62,242,254,148,4,0,0,0,0,0,0,0,0,0,0,0,0,0,14,131,247,254,211,16,0,0,0,0,0,0,0,0,0,0,0,0,0,112,232,254,254,190,0,0,0,0,0,0,0,0,0,0,0,0,0,38,197,252,254,232,149,59,0,0,0,0,32,57,57,2,0,0,0,0,134,241,254,254,254,254,254,254,218,217,217,217,237,254,254,125,0,0,0,0,198,254,166,159,191,254,254,254,254,254,254,254,254,254,222,65,0,0,0,0,0,0,0,0,0,0,0,0,0,0,0,0,0,0,0,0,0,0,2
0,0,0,0,0,0,0,0,0,0,0,0,0,0,0,0,0,0,0,0,0,0,0,0,0,0,0,0,0,0,0,0,0,0,0,0,0,0,0,0,0,0,0,0,0,0,0,0,0,0,0,0,0,0,0,0,0,0,0,0,0,0,0,0,50,105,123,174,245,253,253,255,129,105,55,0,0,0,0,0,0,0,0,0,120,252,252,252,252,252,252,253,252,252,231,164,18,0,0,0,0,0,0,0,42,220,245,237,237,237,237,238,249,252,252,252,170,0,0,0,0,0,0,0,0,0,79,0,0,0,0,0,138,252,252,252,222,0,0,0,0,0,0,0,0,0,0,0,0,0,0,0,104,252,252,252,90,0,0,0,0,0,0,0,0,0,0,0,0,0,0,0,208,252,252,199,22,0,0,0,0,0,0,0,0,0,0,0,0,0,0,56,231,252,252,177,0,0,0,0,0,0,0,0,0,0,0,0,0,0,0,245,252,252,209,27,0,0,0,0,0,0,0,0,0,0,0,0,0,8,132,253,252,240,31,0,0,0,0,0,0,0,0,0,0,0,0,0,0,45,252,253,252,237,0,0,0,0,0,0,0,0,0,0,0,0,0,0,0,107,253,255,228,53,0,0,0,0,0,0,0,0,0,0,0,0,0,0,75,242,252,253,69,0,0,0,0,0,0,0,0,0,0,0,0,0,0,0,99,252,252,247,41,0,0,0,0,0,0,0,0,0,0,0,0,0,0,0,238,252,252,149,0,0,0,0,0,0,0,0,0,0,0,0,0,0,9,153,250,252,207,17,0,0,0,0,0,0,0,0,0,0,0,0,0,0,30,252,252,252,103,0,0,0,0,0,0,0,0,0,0,0,0,0,0,0,30,252,252,252,103,0,0,0,0,0,0,0,0,0,7
0,0,0,0,0,2,106,47,99,255,255,186,0,0,0,0,0,0,0,0,0,0,0,0,0,44,253,224,253,214,215,206,76,123,3,0,0,0,0,0,0,35,66,52,41,226,253,205,197,181,219,146,252,253,108,0,0,0,0,0,0,76,253,253,253,253,206,59,52,44,0,88,94,245,226,0,0,0,0,0,0,157,253,253,193,76,25,0,0,0,0,0,20,221,247,61,0,0,0,0,0,52,229,243,62,0,0,0,0,0,0,1,160,253,252,77,0,0,0,0,0,0,0,0,0,0,0,0,0,0,18,159,253,253,226,0,0,0,0,0,0,0,0,0,0,0,0,30,50,110,216,253,253,253,236,87,98,0,0,0,0,0,0,0,13,114,145,240,245,253,253,253,253,253,253,200,201,10,0,0,0,0,0,98,230,253,253,253,253,253,253,253,253,253,253,214,253,189,16,0,0,0,0,151,253,253,253,253,253,253,180,161,116,116,161,224,253,253,160,0,0,0,0,151,253,253,253,253,227,101,4,0,0,0,24,214,253,253,183,0,0,0,0,117,194,189,86,86,7,0,0,0,0,65,213,253,253,253,157,0,0,0,0,0,0,0,0,0,0,0,0,0,91,224,253,253,253,227,15,0,0,0,0,0,0,0,0,0,25,51,135,237,250,253,253,253,253,118,0,0,0,0,0,0,0,0,0,60,247,253,253,253,253,253,253,253,227,38,0,0,0,0,0,0,0,0,0,177,253,253,253,253,253,253,253,227,44,0,0,0,0,0,0,0,0,0,0,195,253,253,253,253,253,241,151,4,0,0,0,0,0,0,0,0,0,0,0,165,253,253,253,247,157,47,0,0,0,0,0,0,0,0,0,0,0,0,0,50,245,184,145,41,0,0,0,0,0,0,0,0,3
0,0,0,0,0,0,0,0,0,0,0,32,253,253,253,159,0,0,0,0,0,0,0,0,0,0,0,0,0,0,0,32,251,251,251,39,0,0,0,0,0,0,0,0,0,0,0,0,0,0,0,32,251,251,251,0,0,0,0,0,0,0,0,0,0,0,0,0,0,0,0,171,251,251,211,0,0,0,0,0,0,0,0,0,0,0,0,0,0,0,0,190,251,251,94,0,0,0,0,0,0,0,0,0,0,0,0,0,0,0,36,214,253,253,95,0,0,0,0,0,0,0,0,0,0,0,0,0,0,0,115,251,251,243,82,0,0,0,0,0,0,0,0,0,0,0,0,0,0,0,253,251,251,188,0,0,0,0,0,0,0,0,0,0,0,0,0,0,0,40,253,251,251,188,0,0,0,0,0,0,0,0,0,0,0,0,0,0,0,158,253,251,251,89,0,0,0,0,0,0,0,0,0,0,0,0,0,0,124,253,255,253,205,19,0,0,0,0,0,0,0,0,0,0,0,0,0,0,221,251,253,227,31,0,0,0,0,0,0,0,0,0,0,0,0,0,0,64,236,251,253,220,0,0,0,0,0,0,0,0,0,0,0,0,0,0,68,236,251,251,253,81,0,0,0,0,0,0,0,0,0,0,0,0,0,60,228,251,251,251,193,23,0,0,0,0,0,0,0,0,0,0,0,0,60,255,253,253,253,253,0,0,0,0,0,0,0,0,0,0,0,0,0,0,158,253,251,251,184,62,0,0,0,0,0,0,0,0,0,0,0,0,0,0,158,253,251,251,31,0,0,0,0,0,0,0,0,0,0,0,0,0,0,0,119,253,251,251,185,24,0,0,0,0,0,0,0,0,0,0,0,0,0,0,0,153,251,251,113,35,0,0,0,0,0,0,0,0,0,0,1
0,0,0,0,0,247,253,253,253,253,249,183,40,0,0,0,0,0,0,0,0,0,0,0,46,254,253,189,127,191,241,253,235,92,0,0,0,0,0,0,0,0,0,0,20,254,253,55,0,0,35,126,244,230,103,0,0,0,0,0,0,0,0,0,0,254,181,11,0,0,0,0,82,233,253,98,0,0,0,0,0,0,0,0,0,0,0,0,0,0,0,0,0,84,254,202,5,0,0,0,0,0,0,0,0,0,0,0,0,0,0,0,0,2,166,254,122,0,0,0,0,0,0,0,0,0,0,0,0,0,0,0,0,0,78,254,198,0,0,0,0,0,0,0,0,0,0,0,0,0,0,0,0,0,0,182,198,0,0,0,0,0,0,0,0,0,0,0,0,0,0,0,0,0,0,163,237,26,0,0,0,0,0,0,0,0,0,0,0,0,0,0,0,0,0,163,254,36,0,0,0,0,0,0,0,0,0,0,0,0,0,0,0,0,20,247,241,28,0,0,0,0,0,0,0,0,8,37,37,69,128,192,159,128,172,254,198,0,0,0,0,0,0,2,51,135,211,253,253,253,254,253,253,253,253,254,159,0,0,0,0,0,0,116,253,254,253,253,253,253,254,220,253,253,253,254,76,0,0,0,0,0,63,254,254,255,166,91,20,0,0,42,228,254,254,98,0,0,0,0,0,0,128,253,201,18,2,0,0,20,114,239,253,249,102,0,0,0,0,0,0,0,115,253,207,95,128,128,166,230,254,253,221,85,0,0,0,0,0,0,0,0,34,242,253,254,253,253,253,253,242,182,40,0,0,0,0,0,0,0,0,0,0,38,162,254,253,240,162,98,26,0,0,0,0,0,0,0,0,0,0,0,0,0,0,0,0,0,0,0,0,0,0,0,0,0,0,0,0,0,2
0,0,0,0,0,0,0,0,0,0,0,0,0,0,0,0,0,0,0,0,0,0,0,0,0,0,0,0,0,0,0,0,0,0,0,0,0,0,0,0,0,0,0,0,0,0,0,24,92,252,143,92,83,0,0,0,0,0,0,0,0,0,0,0,0,14,17,186,254,254,254,254,247,182,182,97,3,0,0,0,0,0,0,14,108,232,254,254,254,254,254,254,254,254,254,254,102,0,0,0,0,3,104,206,254,254,254,254,254,254,254,254,254,254,254,254,242,102,2,0,0,98,254,254,254,254,254,254,254,254,254,254,254,254,254,254,254,254,96,0,77,243,254,254,254,254,254,254,254,254,221,205,205,227,254,254,254,254,243,76,92,254,254,254,254,254,254,254,254,254,177,86,0,52,228,254,254,254,254,90,92,254,254,254,254,254,254,254,254,254,254,245,102,0,57,254,254,254,254,90,92,254,254,254,254,254,254,254,254,254,254,254,230,0,42,254,254,254,254,90,3,184,254,254,254,254,254,254,254,254,254,222,48,0,202,254,254,254,254,90,0,69,246,246,250,254,254,252,246,246,241,50,0,80,239,254,254,254,254,90,0,0,0,0,76,155,155,116,0,0,0,0,10,170,254,254,254,254,254,90,0,0,0,0,0,0,0,0,0,0,0,10,154,254,254,254,254,254,247,81,0,0,0,0,0,0,0,0,0,0,4,170,254,254,254,254,254,254,180,0,0,0,0,0,0,0,0,0,0,95,208,254,254,254,255,254,254,230,44,0,0,0,0,0,0,0,0,35,132,251,254,254,254,254,254,254,254,106,0,0,0,0,0,0,0,0,0,67,254,254,254,254,254,254,255,224,159,14,0,0,0,0,0,0,0,0,0,67,254,254,254,254,254,254,230,51,0,0,0,0,9
0,0,0,0,0,0,0,0,0,0,0,0,0,0,0,0,0,0,0,0,0,0,0,0,0,0,0,133,255,163,0,0,0,0,0,0,0,0,0,0,0,0,0,0,0,0,135,252,254,254,0,0,0,0,0,0,0,0,0,0,0,0,0,0,0,9,214,254,254,232,0,0,0,0,0,0,0,0,0,0,0,0,0,0,0,36,254,254,254,245,84,2,0,0,0,0,0,0,0,0,0,0,0,0,0,127,254,235,242,254,254,141,19,0,0,0,0,0,0,0,0,0,0,0,77,231,254,76,38,243,254,254,155,4,0,0,0,0,0,0,0,0,0,0,219,254,233,13,4,211,254,254,254,105,0,0,0,0,0,0,0,0,0,0,219,254,160,2,118,254,254,254,254,241,63,0,0,0,0,0,0,0,0,0,152,254,204,57,254,254,254,136,208,254,157,2,0,0,0,0,0,0,0,0,44,254,254,254,254,254,169,3,120,254,254,44,0,0,0,0,0,0,0,0,0,127,254,254,255,169,0,0,22,238,254,102,0,0,0,0,0,0,0,0,0,2,78,162,150,30,0,0,0,173,254,155,0,0,0,0,0,0,0,0,0,0,0,0,0,0,0,0,0,140,254,218,0,0,0,0,0,0,0,0,0,0,0,0,0,0,0,0,0,189,254,139,0,0,0,0,0,0,0,0,0,0,0,0,0,0,0,0,11,233,254,131,0,0,0,0,0,0,0,0,0,0,0,0,0,0,0,0,74,254,254,191,0,0,0,0,0,0,0,0,0,25,196,202,138,54,0,0,158,254,254,131,0,0,0,0,0,0,0,0,0,0,88,222,254,254,194,193,250,254,251,92,0,0,0,0,0,0,0,0,0,0,0,29,166,251,254,254,254,254,176,0,0,0,0,0,9
0,0,0,0,0,0,0,0,0,0,0,0,0,0,0,0,0,0,0,0,0,0,0,0,0,0,0,0,0,0,0,0,0,0,0,0,0,0,0,0,0,0,0,0,0,0,0,0,0,0,0,0,0,0,0,0,0,0,0,0,0,0,0,0,0,100,183,254,254,189,164,38,0,0,0,0,0,0,0,0,0,0,0,11,178,254,254,254,250,238,254,244,191,70,72,121,4,0,0,0,0,0,0,110,254,254,116,36,33,26,95,178,248,251,244,254,18,0,0,0,0,0,29,242,254,151,4,0,0,0,0,0,60,191,254,228,18,0,0,0,0,0,37,254,254,0,0,0,0,0,0,0,0,174,254,254,173,0,0,0,0,0,37,254,254,0,0,0,0,0,0,0,122,255,255,182,105,0,0,0,0,0,16,223,254,121,4,0,0,0,55,127,251,254,201,7,0,0,0,0,0,0,0,74,243,254,220,172,128,192,254,254,254,254,163,0,0,0,0,0,0,0,0,0,72,236,252,254,254,254,243,174,254,254,124,0,0,0,0,0,0,0,0,0,0,0,68,72,72,72,26,88,254,247,47,0,0,0,0,0,0,0,0,0,0,0,0,0,0,0,0,146,254,145,0,0,0,0,0,0,0,0,0,0,0,0,0,0,0,0,0,165,254,144,0,0,0,0,0,0,0,0,0,0,0,0,0,0,0,0,0,236,254,131,0,0,0,0,0,0,0,0,0,0,0,0,0,0,0,0,6,238,254,54,0,0,0,0,0,0,0,0,0,0,0,0,0,0,0,0,73,254,195,16,0,0,0,0,0,0,0,0,0,0,0,0,0,0,0,0,164,255,128,0,0,0,0,0,0,0,0,0,0,0,0,0,0,0,0,0,163,254,127,0,0,0,0,0,0,0,9
0,0,0,0,0,0,0,0,0,0,0,0,0,0,0,0,0,0,0,0,0,0,0,0,0,0,0,0,0,0,0,0,0,0,0,0,0,0,0,0,0,0,0,0,0,0,0,0,0,0,0,0,0,0,0,0,57,198,114,0,0,0,0,0,0,0,0,0,0,0,0,0,0,0,29,114,255,255,170,0,0,0,0,0,0,0,0,0,0,0,0,29,114,198,255,255,255,255,170,0,0,29,141,170,86,86,86,170,170,198,255,255,255,255,255,255,255,255,29,0,0,141,255,255,255,255,255,255,255,255,255,255,198,198,255,255,255,29,0,0,0,114,255,255,255,255,198,170,170,86,57,0,0,170,255,255,57,0,0,0,0,0,86,86,0,0,0,0,0,0,0,0,86,255,255,86,0,0,0,0,0,0,0,0,0,0,0,0,0,0,0,29,255,255,226,0,0,0,0,0,0,0,0,0,0,29,86,29,57,0,57,226,255,255,29,0,0,0,0,0,0,170,255,255,255,255,255,255,255,255,255,255,255,255,170,86,57,0,0,0,0,170,255,255,255,255,255,255,255,255,255,255,255,255,255,255,255,114,0,0,0,57,0,0,0,0,0,0,0,198,255,198,86,86,170,226,255,141,0,0,0,0,0,0,0,0,0,0,29,255,255,86,0,0,0,0,29,0,0,0,0,0,0,0,0,0,0,0,141,255,255,0,0,0,0,0,0,0,0,0,0,0,0,0,0,0,0,0,198,255,170,0,0,0,0,0,0,0,0,0,0,0,0,0,0,0,0,0,255,255,86,0,0,0,0,0,0,0,0,0,0,0,0,0,0,0,0,0,255,255,0,0,0,0,0,0,0,0,0,0,0,0,0,0,0,0,0,29,255,255,198,170,86,0,0,0,0,0,0,0,7
0,0,0,0,0,0,0,0,0,0,0,0,0,0,0,0,0,0,0,0,0,0,0,0,0,0,0,0,0,2,37,164,255,255,151,85,4,0,0,0,0,0,0,0,0,0,0,0,3,127,253,253,253,253,253,253,207,86,1,0,0,0,0,0,0,3,98,122,126,253,253,248,198,150,235,251,253,253,18,0,0,0,0,0,0,44,253,253,253,248,198,77,0,0,0,90,224,253,102,2,0,0,0,0,16,215,253,253,253,122,0,0,0,0,0,0,100,253,253,88,0,0,0,0,44,253,253,253,203,27,0,0,0,0,0,0,100,253,253,152,0,0,0,13,218,253,253,224,27,0,0,0,0,0,0,0,100,253,253,253,0,0,0,105,253,253,246,109,0,0,0,0,0,0,0,0,100,253,253,172,0,0,3,167,253,253,128,0,0,0,0,0,0,0,0,0,100,253,253,135,0,0,43,253,253,200,25,0,0,0,0,0,0,0,0,0,100,253,253,135,0,5,225,253,234,24,0,0,0,0,0,0,0,0,0,0,133,253,253,103,0,7,253,253,228,0,0,0,0,0,0,0,0,0,0,28,232,253,165,3,0,7,253,253,228,0,0,0,0,0,0,0,0,0,0,132,253,253,42,0,0,7,253,253,228,0,0,0,0,0,0,0,0,0,0,217,253,253,18,0,0,7,253,253,228,0,0,0,0,0,0,0,0,0,121,248,253,163,3,0,0,7,253,253,228,0,0,0,0,0,0,0,0,121,248,253,214,30,0,0,0,1,96,253,251,140,0,0,0,0,0,29,203,249,253,214,30,0,0,0,0,0,7,204,253,251,140,0,0,80,142,241,253,253,160,29,0,0,0,0,0,0,0,16,147,253,252,242,242,250,253,253,253,119,2,0,0,0,0,0,0
0,0,0,0,0,0,0,0,0,0,0,0,0,0,0,0,0,0,0,0,0,0,0,0,0,0,0,0,0,0,0,0,0,0,0,0,0,0,0,0,0,0,0,0,0,0,0,0,0,0,0,0,0,0,0,0,0,0,0,0,0,0,0,0,13,78,195,254,237,237,186,51,0,0,0,0,0,0,0,0,0,0,0,38,193,248,173,115,115,156,223,248,88,0,0,13,47,9,0,0,0,0,43,187,248,108,0,0,0,0,17,105,234,80,0,120,253,46,0,0,0,9,184,254,106,0,0,0,0,0,0,0,163,205,34,254,253,46,0,0,0,116,254,185,0,0,0,0,0,0,0,0,51,210,118,255,254,46,0,0,9,208,253,84,0,0,0,0,0,0,0,0,0,17,176,254,253,46,0,0,47,253,210,0,0,0,0,0,0,0,0,0,0,19,240,254,215,9,0,0,47,253,160,0,0,0,0,0,0,0,0,0,0,24,253,254,173,0,0,0,0,208,254,60,0,0,0,0,0,0,0,0,0,116,254,210,9,0,0,0,0,107,253,214,89,9,0,0,0,0,0,13,97,224,253,84,0,0,0,0,0,5,146,254,253,215,140,116,116,124,207,221,236,253,253,0,0,0,0,0,0,0,0,94,177,253,253,254,253,253,185,103,19,220,185,0,0,0,0,0,0,0,0,0,0,0,0,0,85,17,0,0,13,221,161,0,0,0,0,0,0,0,0,0,0,0,0,0,0,0,0,0,47,253,160,0,0,0,0,0,0,0,0,0,0,0,0,0,0,0,0,0,47,253,160,0,0,0,0,0,0,0,0,0,0,0,0,0,0,0,0,0,13,220,160,0,0,0,0,0,0,0,0,0,0,0,0,0,0,0,0,0,0,208,161,0,0,0,0,0,9
0,0,0,0,0,0,0,0,0,0,0,0,0,0,0,0,0,0,0,0,0,0,0,0,0,0,0,0,10,128,242,60,0,0,0,0,0,0,0,0,0,0,0,0,0,0,0,0,160,252,253,208,57,57,57,57,144,169,76,0,0,0,0,0,0,0,0,19,215,252,253,252,252,252,253,252,252,252,200,0,0,0,0,0,0,0,0,107,252,252,253,252,252,252,253,252,164,139,75,0,0,0,0,0,0,0,92,253,253,253,255,247,225,175,114,38,0,0,0,0,0,0,0,0,0,0,216,252,252,252,209,65,0,0,0,0,0,0,0,0,0,0,0,0,0,126,253,252,224,68,25,0,0,0,0,0,0,0,0,0,0,0,0,0,0,225,253,252,118,0,0,0,0,0,0,0,0,0,0,0,0,0,0,0,86,253,254,253,253,153,141,116,29,4,0,0,0,0,0,0,0,0,0,0,66,246,253,252,252,252,253,252,252,178,76,0,0,0,0,0,0,0,0,0,0,150,253,252,252,252,253,252,252,252,210,28,0,0,0,0,0,0,0,0,0,0,28,28,28,28,28,103,228,252,253,133,0,0,0,0,0,0,0,0,0,0,0,0,0,0,0,0,38,238,254,197,0,0,0,0,0,0,0,0,0,0,0,0,0,0,0,0,19,231,253,196,0,0,0,0,0,0,0,0,0,0,0,0,0,0,0,0,172,252,253,109,0,0,0,0,0,0,0,0,0,0,0,0,0,0,0,101,246,252,241,47,0,0,0,0,0,0,0,0,0,226,179,29,29,29,204,253,253,253,101,0,0,0,0,0,0,0,0,0,0,225,253,252,252,252,253,252,252,202,0,0,0,0,0,0,0,0,0,0,0,150,253,252,252,252,253,252,186,19,0,0,0,0,0,0,5
0,0,0,0,0,0,0,0,0,0,27,197,246,253,206,19,0,0,0,0,0,0,0,0,0,0,0,0,0,0,111,253,253,206,21,0,0,0,0,0,0,0,0,0,0,0,0,0,0,69,242,253,217,86,0,0,0,0,0,0,0,0,0,0,0,0,0,0,0,183,253,253,89,0,0,0,0,0,0,0,0,0,0,0,0,0,0,0,66,243,253,217,36,0,0,0,0,0,0,0,0,0,0,0,0,0,0,0,111,253,253,68,0,0,0,0,0,0,0,0,0,0,0,0,0,0,0,57,247,253,186,2,0,0,0,0,0,0,0,0,0,0,0,0,0,0,0,130,253,253,184,0,0,0,0,0,0,0,0,0,0,0,0,0,0,0,0,130,253,253,73,0,0,0,0,0,0,0,0,0,0,0,0,0,0,0,11,220,253,253,198,159,43,0,0,0,0,0,0,0,0,0,0,0,0,0,29,253,253,228,233,253,244,160,0,0,0,0,0,0,0,0,0,0,0,0,151,253,253,27,30,135,251,250,78,1,0,0,0,0,0,0,0,0,0,0,151,253,253,27,0,0,165,253,253,13,0,0,0,0,0,0,0,0,0,0,96,253,253,27,0,0,165,253,253,13,0,0,0,0,0,0,0,0,0,0,14,253,253,146,0,0,165,253,213,9,0,0,0,0,0,0,0,0,0,0,11,223,253,234,37,39,234,253,129,0,0,0,0,0,0,0,0,0,0,0,0,130,253,253,192,193,253,248,39,0,0,0,0,0,0,0,0,0,0,0,0,50,238,253,253,253,253,235,0,0,0,0,0,0,0,0,0,0,0,0,0,0,51,239,253,253,163,50,0,0,0,0,0,0,0,0,0,0,0,0,0,0,0,0,0,0,0,0,0,0,0,0,0,0,6
0,0,0,0,0,0,0,0,0,136,253,254,122,0,0,0,0,0,0,0,0,0,0,0,0,0,0,4,156,245,253,227,37,0,0,0,0,0,0,0,0,0,0,0,0,0,0,147,253,253,225,98,0,0,0,0,0,0,0,0,0,0,0,0,0,0,4,192,253,247,95,0,0,0,0,0,0,0,0,0,0,0,0,0,0,0,103,253,253,147,0,0,0,0,0,0,0,0,0,0,0,0,0,0,0,16,222,253,234,53,0,0,0,0,0,0,0,0,0,0,0,0,0,0,0,125,253,253,85,0,0,82,136,55,0,0,0,0,0,0,0,0,0,0,0,235,253,201,5,25,157,254,253,251,188,70,6,0,0,0,0,0,0,0,28,241,253,75,0,192,253,254,253,253,253,253,193,28,0,0,0,0,0,0,76,254,235,0,117,254,254,255,195,188,232,254,254,75,0,0,0,0,0,0,90,253,234,0,199,253,239,98,3,5,177,253,253,75,0,0,0,0,0,0,169,253,234,39,248,253,155,0,19,179,253,253,253,75,0,0,0,0,0,0,107,253,234,178,253,206,22,45,212,253,253,253,212,25,0,0,0,0,0,0,76,253,251,247,253,130,70,205,253,253,253,253,53,0,0,0,0,0,0,0,14,238,253,253,253,230,241,254,253,253,253,232,26,0,0,0,0,0,0,0,0,137,253,253,253,253,253,254,253,253,253,139,0,0,0,0,0,0,0,0,0,20,179,236,253,253,253,254,253,253,236,53,0,0,0,0,0,0,0,0,0,0,0,93,221,249,253,254,253,238,57,0,0,0,0,0,0,0,0,0,0,0,0,0,0,101,193,159,111,39,0,0,0,0,0,0,0,0,0,0,0,0,0,0,0,0,0,0,0,0,0,0,0,0,0,0,6
0,0,0,0,0,0,0,0,0,0,0,0,0,0,0,0,0,0,0,0,0,0,0,0,0,0,0,0,0,0,0,0,0,0,42,224,255,32,0,0,0,0,0,0,0,0,0,0,0,0,0,0,0,29,213,253,253,32,0,0,0,0,0,0,0,0,0,0,0,0,0,0,0,189,253,253,253,32,0,0,0,0,0,0,0,0,0,0,0,0,0,2,98,239,253,248,134,7,0,0,0,0,0,0,0,0,0,0,0,0,0,89,253,253,253,132,0,0,0,0,0,0,0,0,0,0,0,0,0,0,17,188,253,253,230,39,0,0,0,0,0,0,0,0,0,0,0,0,0,0,83,253,253,148,62,0,0,0,0,0,0,0,0,0,0,0,0,0,0,41,127,253,253,65,0,0,0,0,0,0,0,0,0,0,0,0,0,0,0,156,253,253,192,25,0,0,0,0,0,0,0,0,0,0,0,0,0,0,22,187,253,250,105,0,0,0,0,0,0,0,0,0,0,0,0,0,0,5,178,253,253,132,0,0,0,0,0,0,0,0,0,0,0,0,0,0,0,139,253,253,253,81,0,0,0,0,0,0,0,0,0,0,0,0,0,0,37,224,253,238,69,21,0,0,0,0,0,0,0,0,0,0,0,0,0,0,125,253,253,98,0,0,0,0,0,0,0,0,0,0,0,0,0,0,0,101,245,253,199,19,0,0,0,0,0,0,0,0,0,0,0,0,0,0,0,124,253,253,103,0,0,0,0,0,0,0,0,0,0,0,0,0,0,0,29,237,253,221,18,0,0,0,0,0,0,0,0,0,0,0,0,0,0,0,33,253,253,114,0,0,0,0,0,0,0,0,0,0,0,0,0,0,0,0,33,253,238,81,0,0,0,0,0,0,0,0,0,0,0,0,1
254,202,209,247,248,239,231,229,201,204,224,231,202,220,210,230,242,218,202,201,214,218,214,249,212,253,221,243,215,240,244,251,222,221,251,232,201,224,205,248,207,200,242,208,237,236,236,216,224,229,243,253,230,242,241,226,227,232,212,254,233,208,239,244,207,226,212,247,215,204,253,204,218,254,224,244,224,254,229,220,254,233,243,232,240,248,225,251,213,230,218,207,227,207,208,240,240,210,206,240,216,222,242,208,254,207,250,252,238,201,211,239,245,224,242,238,212,227,206,245,237,239,243,240,234,208,248,223,202,219,219,216,249,223,254,228,226,246,223,249,239,243,221,201,249,212,212,226,234,246,220,235,225,208,231,219,202,226,200,250,209,240,217,247,247,252,226,246,218,235,224,214,207,207,232,216,216,227,202,231,219,231,222,238,254,213,241,214,209,252,233,251,218,240,218,233,231,247,212,224,209,237,208,242,209,209,206,215,234,224,205,202,253,243,241,226,236,203,252,239,225,241,225,215,214,248,203,218,247,232,249,202,245,207,234,234,245,226,204,226,219,237,210,253,243,241,220,230,242,214,229,253,221,217,242,253,225,228,227,200,238,219,235,205,201,240,226,223,213,235,244,216,232,254,209,229,223,227,227,241,236,224,249,222,208,250,230,228,253,254,218,234,229,254,201,210,216,242,245,250,225,244,216,238,218,214,224,201,246,213,250,201,243,209,205,248,201,230,249,236,240,200,216,232,219,246,249,246,202,234,233,227,252,252,219,230,250,212,221,232,254,216,248,210,241,242,217,246,238,203,245,250,212,230,202,205,244,216,230,250,232,242,218,254,215,240,244,218,242,203,229,246,241,211,220,205,226,229,251,234,211,216,253,253,225,244,210,208,253,243,223,210,210,226,244,234,229,222,222,224,4
0,0,0,0,0,0,0,0,0,0,0,0,0,0,0,0,0,0,0,0,0,0,0,0,0,0,0,14,94,136,255,186,56,13,1,0,0,0,0,0,0,0,0,0,0,86,186,252,254,254,254,254,254,254,184,64,0,0,0,0,0,0,0,0,64,247,254,254,254,250,204,162,208,240,254,164,0,0,0,0,0,0,0,0,24,238,209,178,120,39,0,0,0,91,254,233,0,0,0,0,0,0,0,0,0,28,3,0,0,0,0,0,0,123,254,163,0,0,0,0,0,0,0,0,0,0,0,0,0,0,0,0,63,241,254,152,0,0,0,0,0,0,0,0,0,0,0,0,0,0,2,90,242,254,247,28,0,0,108,23,0,0,0,0,0,0,0,0,2,51,197,254,254,219,77,0,0,0,137,24,0,0,0,0,0,0,50,111,194,254,254,248,179,30,0,0,0,0,137,24,0,0,0,0,0,81,244,254,254,254,254,162,0,0,0,0,0,0,116,20,0,0,0,0,0,205,254,254,254,254,254,216,32,0,0,0,0,0,0,0,0,0,0,0,0,35,157,137,193,254,254,254,154,0,0,0,0,0,36,6,0,0,0,0,0,0,0,0,1,120,254,254,209,5,0,0,0,0,137,24,0,0,0,0,0,0,0,0,0,1,151,254,254,96,0,0,0,0,137,24,0,0,0,0,0,0,0,0,0,0,144,254,254,90,0,0,0,0,101,22,0,0,0,0,0,0,0,0,0,0,122,254,204,4,0,0,0,0,0,0,0,0,0,0,0,0,0,0,18,54,212,254,189,0,0,0,0,0,0,0,0,0,6,131,167,218,218,218,232,254,254,254,128,0,0,0,0,0,0,0,0,0,47,254,254,254,254,254,254,254,243,127,3,0,0,0,0,0,0,0,3
0,0,0,0,0,0,0,0,0,0,0,0,0,0,0,0,0,0,0,0,0,0,0,0,0,0,0,0,0,0,0,0,0,3,158,255,24,0,0,0,0,0,0,0,0,0,0,0,0,0,0,0,0,154,253,253,24,0,0,0,0,0,0,2,95,123,0,0,0,0,0,0,0,211,253,246,22,0,0,0,0,0,11,159,253,238,51,0,0,0,0,0,48,236,253,154,0,0,0,0,0,0,34,253,253,253,86,0,0,0,0,0,81,253,253,154,0,0,0,0,0,0,143,253,253,229,32,0,0,0,0,0,81,253,253,154,0,0,0,0,0,0,143,253,253,195,0,0,0,0,0,0,103,253,253,72,40,25,0,0,0,0,143,253,253,93,0,0,0,0,0,15,214,253,253,74,234,141,0,0,0,0,143,253,253,188,56,18,0,0,16,115,253,253,253,253,253,141,0,0,0,0,113,253,253,253,253,207,186,186,204,253,253,253,253,253,227,47,0,0,0,0,14,192,253,253,253,253,253,253,253,253,253,253,253,226,48,0,0,0,0,0,0,6,130,179,191,253,253,253,253,253,253,228,73,34,0,0,0,0,0,0,0,0,0,0,9,49,49,79,234,253,253,67,0,0,0,0,0,0,0,0,0,0,0,0,0,0,0,0,192,253,253,43,0,0,0,0,0,0,0,0,0,0,0,0,0,0,0,23,215,253,253,43,0,0,0,0,0,0,0,0,0,0,0,0,0,0,0,63,253,253,182,5,0,0,0,0,0,0,0,0,0,0,0,0,0,0,0,115,253,253,122,0,0,0,0,0,0,0,0,0,0,0,0,0,0,0,53,249,253,220,28,0,0,0,0,0,0,0,0,0,0,0,0,0,0,0,56,253,253,179,0,0,0,0,0,0,0,0,4
0,0,0,0,0,0,0,0,0,0,0,0,0,0,0,0,0,0,0,0,0,0,0,0,0,0,0,0,0,0,0,19,94,234,225,185,3,0,0,0,0,0,0,0,0,0,0,0,0,0,114,199,116,43,23,224,8,0,0,0,0,0,0,0,0,0,36,195,161,19,5,3,0,0,30,199,0,0,0,0,0,0,0,0,0,0,74,224,95,80,0,0,0,0,135,160,0,0,0,0,0,0,0,0,0,0,3,227,29,0,0,0,0,5,226,22,0,0,0,0,0,0,0,0,0,0,0,160,194,0,0,0,0,157,123,0,0,0,0,0,0,0,0,0,0,0,0,17,232,47,0,0,47,214,7,0,0,0,0,0,0,0,0,0,0,0,0,0,85,212,13,13,212,84,0,0,0,0,0,0,0,0,0,0,0,0,0,0,6,205,169,191,161,5,0,0,0,0,0,0,0,0,0,0,0,0,0,0,0,78,254,191,22,0,0,0,0,0,0,0,0,0,0,0,0,0,0,0,0,119,254,193,1,0,0,0,0,0,0,0,0,0,0,0,0,0,0,5,151,190,47,240,55,0,0,0,0,0,0,0,0,0,0,0,0,0,0,130,199,18,0,200,78,0,0,0,0,0,0,0,0,0,0,0,0,0,63,233,24,0,0,144,154,0,0,0,0,0,0,0,0,0,0,0,0,0,185,95,0,0,0,86,225,0,0,0,0,0,0,0,0,0,0,0,0,12,235,22,0,0,0,71,225,0,0,0,0,0,0,0,0,0,0,0,0,19,215,5,0,0,0,71,225,0,0,0,0,0,0,0,0,0,0,0,0,19,219,7,0,0,0,116,225,0,0,0,0,0,0,0,0,0,0,0,0,5,214,46,0,0,0,156,158,0,0,0,0,0,0,0,8
0,0,0,0,0,0,0,0,0,0,44,217,253,253,191,15,0,0,0,0,0,0,0,0,0,0,0,0,0,41,234,254,253,201,10,0,0,0,0,0,0,0,0,0,0,0,0,0,34,164,253,254,239,73,0,0,0,0,0,0,0,0,0,0,0,0,0,4,189,253,253,254,101,0,0,0,0,0,0,0,0,0,0,0,0,0,0,166,253,253,253,166,7,0,0,0,0,0,0,0,0,0,0,0,0,0,74,245,253,253,166,0,0,0,0,0,0,0,0,0,0,0,0,0,0,76,239,253,253,196,9,0,0,0,0,0,0,0,0,0,0,0,0,0,68,242,253,253,234,51,0,0,0,0,0,0,88,58,0,0,0,0,0,14,197,254,254,239,87,0,0,0,0,14,43,168,254,254,235,101,0,0,0,177,253,253,253,55,0,0,0,67,143,207,253,253,253,253,253,210,0,0,27,227,253,253,180,4,0,31,148,254,253,253,253,253,253,253,253,176,0,0,173,253,253,249,103,1,110,246,253,254,248,231,126,49,201,253,230,84,0,22,227,253,253,198,0,108,253,253,253,136,65,0,5,128,235,253,136,0,0,34,253,253,253,159,109,249,253,226,69,0,0,35,199,253,253,158,22,0,0,34,253,253,253,215,225,253,253,179,12,26,122,222,253,253,206,21,0,0,0,13,187,253,253,253,253,253,253,253,253,255,253,253,250,209,45,0,0,0,0,0,18,187,253,253,253,253,253,253,253,254,253,223,113,0,0,0,0,0,0,0,0,13,91,167,253,253,253,253,253,143,114,20,0,0,0,0,0,0,0,0,0,0,0,0,0,0,0,0,0,0,0,0,0,0,0,0,0,0,0,0,0,0,0,0,0,0,0,0,0,0,0,0,0,0,0,0,0,0,6
0,0,0,0,0,0,0,0,0,0,0,0,0,0,0,0,0,0,0,0,0,0,0,0,0,0,0,0,0,0,71,233,246,180,0,0,0,0,0,0,0,0,0,0,0,0,0,0,0,0,95,254,254,252,42,0,0,0,0,0,0,0,0,0,0,0,0,0,0,90,214,254,254,80,3,0,0,0,0,0,0,0,0,0,0,0,0,2,174,254,239,153,254,83,0,0,0,0,0,0,0,0,0,0,0,0,0,101,254,213,58,62,254,167,0,0,0,0,0,0,0,0,0,0,0,0,58,242,254,91,0,32,241,216,6,0,0,0,0,0,0,0,0,0,0,0,106,254,184,0,0,7,231,254,53,0,0,0,0,0,0,0,0,0,0,0,32,219,202,106,106,202,254,251,122,0,0,0,0,0,0,0,0,0,0,0,0,30,187,248,254,254,254,210,0,0,0,0,0,0,0,0,0,0,0,0,0,0,0,25,79,121,254,210,0,0,0,0,0,0,0,0,0,0,0,0,0,0,0,0,0,62,255,210,0,0,0,0,0,0,0,0,0,0,0,0,0,0,0,0,0,62,254,185,0,0,0,0,0,0,0,0,0,0,0,0,0,0,0,0,0,62,254,123,0,0,0,0,0,0,0,0,0,0,0,0,0,0,0,0,0,158,254,104,0,0,0,0,0,0,0,0,0,16,0,0,0,0,0,0,13,240,254,35,0,0,0,0,0,0,0,0,0,125,79,0,0,0,0,0,71,254,210,6,0,0,0,0,0,0,0,0,0,88,212,75,16,0,0,0,80,254,201,0,0,0,0,0,0,0,0,0,0,0,93,226,228,159,106,133,231,254,195,0,0,0,0,0,0,0,0,0,0,0,0,32,172,248,254,254,254,251,80,0,0,0,0,0,0,0,9
0,0,0,0,0,0,0,0,0,0,0,0,0,0,0,0,0,0,0,0,0,0,0,0,0,0,0,0,0,0,0,0,0,0,0,0,0,0,0,0,0,0,0,0,0,0,0,0,0,0,0,0,0,0,0,0,0,0,0,0,0,0,0,0,0,0,0,0,0,0,0,0,0,0,0,0,0,0,0,0,0,0,0,0,45,125,125,125,157,254,254,254,254,254,254,167,0,0,0,0,0,0,0,107,234,253,253,253,253,253,253,253,253,253,253,234,0,0,0,0,0,0,46,239,253,253,253,253,253,253,253,253,196,253,253,234,0,0,0,0,0,0,225,253,253,253,253,170,116,19,19,19,9,169,253,180,0,0,0,0,0,0,77,206,155,45,25,5,0,0,0,0,0,163,253,104,0,0,0,0,0,0,0,17,0,0,0,0,0,0,0,0,15,196,253,104,0,0,0,0,0,0,0,0,0,0,0,0,0,0,0,0,150,253,244,69,0,0,0,0,0,0,0,0,0,0,0,0,0,0,0,0,169,253,120,0,0,0,0,0,0,0,0,0,0,0,0,0,0,0,0,37,236,227,20,0,0,0,0,0,0,0,0,0,0,0,0,0,0,0,0,80,253,221,0,0,0,0,0,0,0,0,0,0,0,0,0,0,0,0,40,234,253,124,0,0,0,0,0,0,0,0,0,0,0,0,0,0,0,0,80,253,225,26,0,0,0,0,0,0,0,0,0,0,0,0,0,0,0,11,195,253,124,0,0,0,0,0,0,0,0,0,0,0,0,0,0,0,0,49,217,253,84,0,0,0,0,0,0,0,0,0,0,0,0,0,0,0,0,189,253,207,30,0,0,0,0,0,0,0,0,0,0,0,0,0,0,0,0,189,248,70,0,0,0,0,0,0,0,0,7
0,0,0,0,0,0,0,0,0,0,0,0,0,0,0,0,0,0,0,0,0,0,0,0,0,0,0,0,0,0,0,0,0,0,0,0,0,0,0,0,0,0,0,0,0,0,0,0,5,37,130,167,255,255,209,19,0,0,0,0,0,0,0,0,0,8,34,136,219,253,253,253,253,253,253,207,13,0,0,0,0,0,0,11,95,213,253,253,253,253,253,253,253,253,253,253,24,0,0,0,0,0,0,149,253,253,253,253,253,235,228,131,225,253,253,253,24,0,0,0,0,0,0,134,253,253,253,247,195,27,0,10,211,253,253,241,21,0,0,0,0,0,0,22,216,216,134,75,0,0,0,93,253,253,253,154,0,0,0,0,0,0,0,0,0,0,0,0,0,0,12,208,253,253,253,132,0,0,0,0,0,0,0,0,0,0,0,0,0,0,153,253,253,253,189,10,0,0,0,0,0,0,0,0,0,0,0,0,0,72,236,253,253,253,133,0,0,0,0,0,0,0,0,0,0,0,0,0,14,203,253,253,253,159,10,0,0,0,0,0,0,0,0,0,0,0,0,0,90,253,253,253,231,31,0,0,0,0,0,0,0,0,0,0,0,0,0,15,201,253,253,253,136,0,0,0,0,0,0,0,0,0,0,0,0,0,0,150,253,253,253,193,10,0,0,0,0,0,0,0,0,0,0,0,0,0,15,201,253,253,253,76,0,0,0,0,0,0,0,0,0,0,0,0,0,0,90,253,253,253,149,8,0,0,0,0,0,0,0,0,0,0,0,0,0,33,243,253,253,229,38,0,0,0,0,0,0,0,0,0,0,0,0,0,0,90,253,253,253,79,0,0,0,0,0,0,0,0,0,0,0,0,0,0,29,247,253,253,201,5,0,0,0,0,0,0,0,0,0,0,7
0,0,0,0,0,0,0,0,0,0,0,0,0,0,0,0,0,0,0,0,0,0,0,0,0,0,0,7,88,205,255,252,135,3,0,0,0,0,0,0,0,0,0,0,0,0,34,192,254,243,228,254,254,145,0,0,0,0,0,0,0,0,0,0,0,90,244,244,123,24,91,245,254,248,49,0,0,0,0,0,0,0,0,0,7,211,243,46,0,0,0,3,88,252,231,87,0,0,0,0,0,0,0,0,86,254,106,0,0,0,0,0,0,128,218,248,83,0,0,0,0,0,0,0,148,254,52,0,0,0,0,0,0,0,2,204,226,39,0,0,0,0,0,29,231,207,2,0,0,0,0,0,0,0,0,20,242,170,0,0,0,0,0,67,254,106,0,0,0,0,0,0,0,0,0,0,111,253,62,0,0,0,0,67,254,98,0,0,0,0,0,0,0,0,0,0,28,254,135,0,0,0,0,67,254,98,0,0,0,0,0,0,0,0,0,0,28,254,135,0,0,0,0,86,254,98,0,0,0,0,0,0,0,0,0,0,28,254,135,0,0,0,0,82,254,98,0,0,0,0,0,0,0,0,0,0,82,253,68,0,0,0,0,71,254,98,0,0,0,0,0,0,0,0,0,0,191,222,0,0,0,0,0,67,254,98,0,0,0,0,0,0,0,0,0,18,242,157,0,0,0,0,0,67,254,164,0,0,0,0,0,0,0,0,0,155,240,22,0,0,0,0,0,5,178,253,83,0,0,0,0,0,0,0,88,250,145,0,0,0,0,0,0,0,49,237,244,28,0,0,0,0,1,87,248,203,8,0,0,0,0,0,0,0,0,112,254,244,142,25,0,32,167,254,204,34,0,0,0,0,0,0,0,0,0,2,94,238,254,244,234,246,248,154,19,0,0,0,0,0,0
0,0,0,0,0,0,0,0,0,0,0,0,0,0,0,0,0,0,0,0,0,0,0,0,0,0,0,0,0,0,0,0,0,0,0,0,0,0,0,0,0,64,244,66,62,10,0,0,0,0,0,0,0,0,0,0,0,0,0,0,0,32,176,235,254,227,222,222,214,126,126,126,126,126,49,29,29,7,0,0,0,0,0,121,253,254,254,254,254,254,254,254,254,254,254,254,254,203,188,21,0,0,0,0,4,50,68,61,101,168,197,197,214,201,218,235,255,254,254,181,0,0,0,0,0,0,0,0,0,0,0,0,12,3,15,25,71,254,254,175,0,0,0,0,0,0,0,0,0,0,0,0,0,0,0,0,141,254,254,56,0,0,0,0,0,0,0,0,0,0,0,0,0,0,3,144,254,253,115,1,0,0,0,0,0,0,0,0,0,0,0,0,0,4,138,254,254,198,0,0,0,0,0,0,0,0,0,0,0,0,0,0,0,142,254,254,196,18,0,0,0,0,0,0,0,0,0,0,0,0,0,27,210,254,253,151,7,0,0,0,0,0,0,0,0,0,0,0,0,0,33,210,254,230,102,0,0,0,0,0,0,0,0,0,0,0,0,0,0,86,250,254,231,44,0,0,0,0,0,0,0,0,0,0,0,0,0,10,95,249,254,230,44,0,0,0,0,0,0,0,0,0,0,0,0,0,4,170,254,254,227,48,0,0,0,0,0,0,0,0,0,0,0,0,0,7,171,254,254,173,5,0,0,0,0,0,0,0,0,0,0,0,0,0,0,163,254,254,171,7,0,0,0,0,0,0,0,0,0,0,0,0,0,0,84,246,254,211,10,0,0,0,0,0,0,0,0,0,0,0,0,0,0,0,216,254,231,41,0,0,0,0,0,0,0,0,0,0,0,0,7
0,0,0,0,0,0,0,0,0,0,0,0,0,0,0,0,0,0,0,0,0,0,0,0,0,0,0,0,0,0,0,0,0,0,0,0,0,0,0,0,0,0,0,0,0,0,0,0,0,0,4,106,187,231,195,132,0,0,0,0,0,0,0,0,0,0,0,0,7,89,193,253,254,221,222,253,91,0,0,0,0,0,0,0,0,5,2,90,209,251,155,47,34,12,12,210,135,0,0,0,0,0,0,1,149,189,54,253,240,71,0,0,0,0,87,243,82,0,0,0,0,0,0,32,229,86,184,253,140,0,0,0,0,30,217,221,19,0,0,0,0,0,0,114,45,5,224,244,5,0,0,0,0,137,253,149,0,0,0,0,0,0,0,0,0,32,251,208,5,0,0,5,113,251,234,7,0,0,0,0,0,0,0,0,0,0,220,253,217,158,158,216,254,253,168,0,0,0,0,0,0,0,0,0,0,0,87,217,255,254,254,208,255,254,70,0,0,0,0,0,0,0,0,0,0,0,0,5,49,85,62,81,254,240,29,0,0,0,0,0,0,0,0,0,0,0,0,0,0,0,0,140,254,183,0,0,0,0,0,0,0,0,0,0,0,0,0,0,0,0,14,243,254,66,0,0,0,0,0,0,0,0,0,0,0,0,0,0,0,0,117,254,199,5,0,0,0,0,0,0,0,0,0,0,0,0,0,0,0,5,220,253,113,0,0,0,0,0,0,0,0,0,0,0,0,0,0,0,0,53,244,212,28,0,0,0,0,0,0,0,0,0,0,0,0,0,0,0,0,169,253,149,0,0,0,0,0,0,0,0,0,0,0,0,0,0,0,0,97,249,250,59,0,0,0,0,0,0,0,0,0,0,0,0,0,0,0,82,254,253,191,0,0,0,0,0,0,0,0,0,9
0,0,0,0,0,0,0,0,0,64,255,253,133,19,0,0,0,0,0,0,0,0,0,0,0,0,0,12,184,246,253,252,212,23,0,0,0,0,0,0,0,0,0,0,0,0,65,180,252,252,253,163,30,0,0,0,0,0,0,0,0,0,0,0,0,158,240,252,252,252,110,2,0,0,0,0,0,0,0,0,0,0,0,0,53,238,252,252,206,53,0,0,0,0,0,0,0,0,0,0,0,0,0,0,67,252,252,252,214,186,54,31,0,0,0,0,0,0,0,0,0,0,0,0,21,177,239,252,252,252,253,162,26,0,0,0,0,0,0,0,0,0,0,0,0,0,64,176,241,252,253,252,218,39,0,0,0,0,0,0,0,0,0,0,0,0,0,0,62,106,253,252,252,218,38,0,0,0,0,0,0,0,0,0,0,0,0,0,0,0,120,245,252,252,185,0,0,0,0,0,0,0,0,0,0,0,0,0,0,0,0,108,253,253,218,32,0,0,0,0,0,0,0,0,0,0,0,0,0,0,0,6,228,252,252,122,0,0,0,0,0,0,0,0,0,0,0,0,0,0,0,0,107,252,252,198,0,0,0,0,0,0,0,0,0,0,0,0,0,0,0,0,94,252,252,244,67,0,0,0,0,0,0,0,0,0,0,0,0,0,0,0,94,252,252,252,79,0,0,0,0,0,0,17,12,0,0,0,0,0,0,23,197,252,252,241,63,0,0,0,0,0,0,68,181,145,111,41,17,0,41,200,252,252,252,177,0,0,0,0,0,0,0,0,74,191,243,252,198,160,253,252,252,252,195,24,0,0,0,0,0,0,0,0,0,0,94,240,252,252,253,252,252,198,22,0,0,0,0,0,0,0,0,0,0,0,0,13,126,252,253,195,119,19,0,0,0,0,0,0,5
0,0,0,0,0,0,0,0,148,154,129,0,0,0,0,0,0,0,0,0,0,0,0,0,0,0,19,104,251,254,232,36,0,0,0,0,0,0,0,0,0,0,0,0,0,87,213,254,128,65,110,0,0,0,0,0,0,0,0,0,0,0,0,0,86,243,254,254,11,0,0,0,0,0,0,0,0,0,0,0,0,0,0,82,245,254,217,42,2,0,0,0,0,0,0,0,0,0,0,0,0,0,76,250,254,253,107,0,0,0,0,0,0,0,0,0,0,0,0,0,0,0,148,254,254,117,0,0,0,0,0,0,8,24,3,0,0,0,0,0,0,0,181,254,254,65,0,0,0,0,7,42,162,254,169,160,92,34,11,29,0,0,220,254,242,50,0,0,2,71,191,255,254,255,228,198,255,240,198,230,0,0,219,254,201,0,0,0,98,254,254,236,141,59,33,3,73,192,254,254,0,0,137,254,221,25,0,41,229,246,140,32,0,0,0,0,0,8,72,235,0,0,85,254,254,172,0,215,254,178,0,0,0,0,0,0,0,0,0,57,0,0,18,250,254,253,250,254,187,3,0,0,0,0,0,0,0,0,0,4,0,0,0,65,206,254,254,254,144,14,0,0,0,0,0,0,0,0,0,98,0,0,0,0,60,190,254,254,254,205,147,37,0,0,0,3,48,70,166,221,0,0,0,0,0,54,212,254,254,254,254,238,184,184,184,187,254,254,238,128,0,0,0,0,0,0,19,103,171,171,224,254,254,254,254,173,171,94,39,0,0,0,0,0,0,0,0,0,0,0,22,35,35,35,35,1,0,0,0,0,0,0,0,0,0,0,0,0,0,0,0,0,0,0,0,0,0,0,0,0,0,0,0,0,0,0,0,0,0,0,0,0,0,0,0,0,0,0,0,0,6
0,0,0,147,253,255,253,253,253,141,66,7,0,0,0,0,0,0,0,0,0,0,0,153,196,197,196,196,221,253,252,149,32,0,0,0,0,0,0,0,0,0,0,0,0,0,0,0,25,119,224,252,228,38,0,0,0,0,0,0,0,0,0,0,0,0,0,0,0,0,19,153,252,226,38,0,0,0,0,0,0,0,0,0,0,0,0,0,0,0,0,38,226,254,97,0,0,0,0,0,0,0,0,0,0,0,0,0,0,0,0,0,38,253,208,13,0,0,0,0,0,0,0,0,0,0,0,0,0,0,0,0,0,253,252,56,0,0,0,0,0,0,0,0,0,0,0,0,0,0,0,0,0,253,252,56,0,0,0,0,0,0,0,0,0,0,0,0,0,0,0,0,0,254,253,56,0,0,0,0,0,0,0,0,0,0,0,0,0,0,0,0,0,253,252,56,0,0,0,0,0,0,0,0,0,0,0,0,0,0,0,0,38,253,170,13,0,0,0,0,0,0,0,0,0,0,0,0,0,0,0,0,163,253,84,0,0,0,0,0,0,0,0,0,0,0,0,0,0,0,0,98,253,226,38,0,0,0,0,0,0,0,0,0,0,0,0,0,0,0,38,209,252,38,0,0,0,0,0,0,0,0,0,0,0,0,0,0,0,10,197,252,214,0,0,0,0,0,0,0,0,0,0,0,0,0,0,0,0,179,252,214,28,0,0,0,0,0,0,0,0,0,0,0,0,0,0,10,128,254,253,216,141,141,141,141,141,29,10,0,0,0,0,0,51,57,82,197,252,253,252,252,252,253,214,196,196,197,65,0,0,0,0,67,246,253,252,252,214,156,56,56,56,56,19,0,0,0,0,0,0,0,0,85,252,253,177,103,15,0,0,0,0,0,0,0,0,0,0,0,2
0,0,0,0,0,0,0,0,0,0,57,170,0,0,0,0,0,0,0,0,0,0,0,0,0,0,0,0,0,29,226,198,0,0,0,0,0,0,0,0,0,0,0,0,0,0,0,0,0,141,255,141,0,0,0,0,0,0,0,0,0,0,0,0,0,0,0,0,0,198,255,29,0,0,0,0,0,0,0,0,0,0,0,0,0,0,0,0,170,255,170,0,0,0,0,0,0,0,0,0,0,0,0,0,0,0,0,86,255,226,0,0,0,0,0,0,0,0,0,0,0,0,0,0,0,0,114,255,255,29,0,0,0,170,86,0,0,0,0,0,0,0,0,0,0,86,255,255,86,0,0,0,0,255,198,0,0,0,0,0,0,0,0,0,29,255,255,141,0,0,0,0,86,255,114,0,0,0,0,0,0,0,0,0,141,255,226,0,0,0,0,0,114,255,57,0,0,0,0,0,0,0,0,29,255,255,0,0,0,0,0,0,226,255,0,0,0,0,0,0,0,0,0,86,255,255,114,86,86,86,86,86,255,255,198,198,255,226,0,0,0,0,0,57,255,255,255,255,255,255,255,255,255,255,255,255,141,0,0,0,0,0,0,0,29,141,170,226,170,170,198,255,255,86,29,0,0,0,0,0,0,0,0,0,0,0,0,0,0,0,29,255,170,0,0,0,0,0,0,0,0,0,0,0,0,0,0,0,0,0,141,255,29,0,0,0,0,0,0,0,0,0,0,0,0,0,0,0,0,0,226,226,0,0,0,0,0,0,0,0,0,0,0,0,0,0,0,0,0,0,255,170,0,0,0,0,0,0,0,0,0,0,0,0,0,0,0,0,0,0,255,198,170,114,0,0,0,0,0,0,0,0,0,0,0,0,0,0,0,0,198,226,141,0,0,0,0,0,0,0,4
0,0,0,0,0,0,0,0,0,0,0,0,0,0,0,0,0,0,0,0,0,0,0,0,0,0,0,0,0,0,0,7,94,254,254,254,128,3,0,0,0,0,0,0,0,0,0,0,0,0,82,203,253,253,253,253,253,126,4,0,0,0,0,0,0,0,0,0,0,86,249,254,253,248,224,253,253,253,36,0,0,0,0,0,0,0,0,0,42,235,253,229,135,72,17,205,253,237,29,0,0,0,0,0,0,0,0,21,226,253,224,35,0,0,0,182,253,168,0,0,0,0,0,0,0,0,21,191,253,222,37,0,0,0,38,236,253,133,0,0,0,0,0,0,0,0,73,253,253,144,0,0,0,13,175,253,229,32,0,0,0,0,0,0,0,0,177,253,170,32,0,0,0,37,253,253,180,0,0,0,0,0,0,0,0,108,248,253,36,0,0,0,0,89,253,227,45,0,0,0,0,0,0,0,0,182,253,172,2,0,0,0,82,249,253,134,0,0,0,0,0,0,0,0,49,254,216,23,0,0,0,1,151,254,252,69,0,0,0,0,0,0,0,0,119,253,169,0,0,0,0,13,253,253,205,0,0,0,0,0,0,0,0,23,222,253,60,0,0,0,0,106,253,248,118,0,0,0,0,0,0,0,0,37,253,242,49,0,0,0,24,254,249,118,0,0,0,0,0,0,0,0,0,37,253,193,0,0,0,27,211,254,142,0,0,0,0,0,0,0,0,0,0,37,253,193,0,0,0,144,253,245,26,0,0,0,0,0,0,0,0,0,0,25,225,242,49,0,120,249,253,144,0,0,0,0,0,0,0,0,0,0,0,0,169,253,226,218,248,253,253,17,0,0,0,0,0,0,0,0,0,0,0,0,60,253,253,253,211,144,29,0,0,0,0,0,0,0,0,0,0
0,0,0,0,0,0,0,0,0,0,0,13,101,221,255,96,0,0,0,0,0,0,0,0,0,0,0,0,0,30,112,220,253,253,253,208,9,0,0,0,0,0,0,0,0,0,0,0,88,252,253,253,253,253,253,253,84,0,0,0,0,0,0,0,0,0,0,27,222,253,253,253,253,253,253,253,205,0,0,0,0,0,0,0,0,0,0,169,253,253,253,236,95,79,204,253,218,0,0,0,0,0,0,0,0,0,56,247,253,224,222,95,0,0,136,253,156,0,0,0,0,0,0,0,0,0,184,253,184,2,0,0,0,85,246,227,13,0,0,0,0,0,0,0,0,17,223,253,104,0,3,139,185,249,250,108,0,0,0,0,0,0,0,0,0,31,253,253,97,19,176,253,253,227,104,0,0,0,0,0,0,0,0,0,0,25,240,253,252,250,253,253,205,36,0,0,0,0,0,0,0,0,0,0,0,0,141,251,253,253,253,253,128,78,1,0,0,0,0,0,0,0,0,0,0,0,44,112,230,253,253,253,253,253,92,0,0,0,0,0,0,0,0,0,0,77,243,253,253,253,253,215,230,253,134,0,0,0,0,0,0,0,0,0,49,236,253,253,253,240,141,0,44,230,228,0,0,0,0,0,0,0,0,28,244,253,202,128,166,66,0,0,18,211,219,0,0,0,0,0,0,0,0,120,253,244,48,0,0,36,106,51,198,253,98,0,0,0,0,0,0,0,0,173,253,210,0,0,14,156,246,246,251,125,3,0,0,0,0,0,0,0,0,219,253,209,90,106,213,253,253,232,76,0,0,0,0,0,0,0,0,0,0,202,253,253,253,253,253,245,165,7,0,0,0,0,0,0,0,0,0,0,0,34,153,244,253,198,153,45,0,0,0,0,0,0,0,0,0,0,8
0,0,0,0,0,0,0,0,0,0,0,49,200,253,201,22,0,0,0,0,0,0,0,0,0,0,0,0,0,0,2,179,253,251,24,0,0,0,0,0,0,0,0,0,0,0,0,0,0,0,157,253,243,84,0,0,0,0,0,0,0,0,0,0,0,0,0,0,0,76,240,253,159,0,0,0,0,0,0,0,0,0,0,0,0,0,0,0,20,244,253,183,9,0,0,0,0,0,0,0,0,0,0,0,0,0,0,17,195,253,253,57,0,0,0,0,0,0,0,0,0,0,0,0,0,0,0,87,253,253,145,4,0,0,0,0,0,0,0,0,0,0,0,0,0,0,4,190,253,227,28,0,0,0,0,0,0,0,0,0,0,0,0,0,0,0,119,253,250,111,0,0,0,0,0,0,0,0,0,0,0,0,0,0,0,4,192,253,198,0,0,48,164,200,189,30,0,0,0,0,0,0,0,0,0,76,253,246,26,0,57,193,253,253,253,182,0,0,0,0,0,0,0,0,0,227,253,167,0,0,200,253,239,107,247,188,0,0,0,0,0,0,0,0,0,227,253,126,7,167,243,194,37,0,244,147,0,0,0,0,0,0,0,0,79,252,227,28,28,253,193,12,0,11,245,81,0,0,0,0,0,0,0,0,82,253,130,0,198,253,54,0,16,184,235,26,0,0,0,0,0,0,0,0,171,253,97,0,233,164,9,0,104,253,93,0,0,0,0,0,0,0,0,0,129,253,230,131,253,113,72,150,244,137,1,0,0,0,0,0,0,0,0,0,59,246,253,253,253,253,253,253,164,0,0,0,0,0,0,0,0,0,0,0,0,130,212,253,253,253,168,90,13,0,0,0,0,0,0,0,0,0,0,0,0,0,0,0,0,0,0,0,0,0,0,0,0,0,0,0,6
0,0,0,0,0,0,0,0,0,0,0,0,184,255,234,45,0,0,0,0,0,0,0,0,0,0,0,0,0,0,0,28,215,253,253,91,0,0,0,0,0,0,0,0,0,0,0,0,0,0,0,117,253,253,216,5,0,0,0,0,0,0,0,0,0,0,0,0,0,0,0,189,253,253,160,0,0,0,0,0,0,0,0,0,0,0,0,0,0,0,0,189,253,253,84,0,0,0,0,0,0,0,0,0,0,0,0,0,0,0,58,245,253,253,84,0,0,0,0,0,0,0,0,0,0,0,0,0,0,0,176,253,253,238,56,0,0,0,0,0,0,0,0,0,0,0,0,0,0,60,243,253,253,167,0,0,0,0,0,0,0,0,0,0,0,0,0,0,0,72,253,253,238,56,0,0,0,0,0,0,0,0,0,0,0,0,0,0,0,173,253,253,201,0,0,0,0,0,0,0,0,0,0,0,0,0,0,0,0,202,253,253,201,0,0,0,0,0,0,0,0,0,0,0,0,0,0,0,57,239,253,253,108,0,0,0,0,0,0,0,0,0,0,0,0,0,0,0,103,253,253,212,22,0,0,0,0,0,0,0,0,0,0,0,0,0,0,0,209,253,253,194,0,0,0,0,0,0,0,0,0,0,0,0,0,0,0,55,237,253,253,111,0,0,0,0,0,0,0,0,0,0,0,0,0,0,0,165,253,253,253,65,0,0,0,0,0,0,0,0,0,0,0,0,0,0,8,218,253,253,214,27,0,0,0,0,0,0,0,0,0,0,0,0,0,0,92,253,253,253,115,0,0,0,0,0,0,0,0,0,0,0,0,0,0,0,92,253,253,214,27,0,0,0,0,0,0,0,0,0,0,0,0,0,0,0,45,234,253,115,0,0,0,0,0,0,0,0,0,0,1
0,0,0,0,0,0,0,0,0,0,0,125,253,253,253,10,0,0,0,0,0,0,0,0,0,0,0,0,0,0,27,224,253,253,249,10,0,0,0,0,0,0,0,0,0,0,0,0,0,3,178,253,250,210,40,0,0,0,0,0,0,0,0,0,0,0,0,0,0,52,253,253,151,0,0,0,0,0,0,0,0,0,0,0,0,0,0,0,4,223,253,166,13,0,0,0,0,0,0,0,0,0,0,0,0,0,0,0,154,253,199,21,0,0,0,0,0,0,0,0,0,0,0,0,0,0,0,38,240,248,60,0,0,0,0,0,0,0,0,0,0,0,0,0,0,0,1,109,253,177,0,7,0,0,0,0,0,0,0,0,0,0,0,0,0,0,81,253,253,21,0,39,28,32,11,0,0,0,0,0,0,0,0,0,0,30,214,253,222,151,200,200,228,231,210,48,0,0,0,0,0,0,0,0,4,142,253,253,248,252,253,236,243,253,253,187,103,13,0,0,0,0,0,0,44,253,253,253,253,199,171,18,54,194,242,253,213,116,0,0,0,0,0,0,9,201,253,172,48,4,0,0,0,0,81,250,123,0,0,0,0,0,0,0,42,251,231,4,0,0,0,0,0,0,64,249,177,0,0,0,0,0,0,0,44,253,134,0,0,0,0,0,0,44,218,207,26,0,0,0,0,0,0,0,44,253,134,0,0,0,0,0,0,100,150,24,0,0,0,0,0,0,0,1,117,253,134,0,0,3,103,180,228,0,0,0,0,0,0,0,0,0,0,2,151,253,218,179,179,183,253,228,75,0,0,0,0,0,0,0,0,0,0,0,25,226,253,253,253,154,145,47,0,0,0,0,0,0,0,0,0,0,0,0,0,0,0,0,0,0,0,0,0,0,0,0,0,0,0,0,6
0,0,0,0,0,0,0,0,0,0,0,0,0,0,0,0,0,0,0,0,0,0,0,0,39,121,219,253,253,253,253,191,121,13,0,0,0,0,0,0,0,0,0,145,244,252,252,252,252,252,252,253,252,241,94,0,0,0,0,0,0,0,145,249,252,252,252,188,218,252,252,253,252,252,201,20,0,0,0,0,0,0,240,252,252,188,74,13,25,39,39,211,252,252,252,165,0,0,0,0,0,0,240,252,195,39,0,0,0,0,0,25,242,252,252,185,0,0,0,0,0,0,189,149,11,0,0,0,0,0,0,90,249,252,252,185,0,0,0,0,0,0,0,0,0,0,0,0,0,0,0,141,252,252,239,86,0,0,0,0,0,0,0,0,0,0,0,0,0,2,98,253,252,252,172,0,0,0,0,0,0,0,0,0,0,0,0,0,0,21,252,253,252,247,93,0,0,0,0,0,0,0,0,0,0,0,0,0,15,202,252,253,252,89,0,0,0,0,0,0,0,0,0,0,0,0,0,0,161,253,253,255,139,14,0,0,0,0,0,0,0,0,0,0,0,0,23,198,247,252,252,139,1,0,0,0,0,0,0,0,0,0,0,0,0,0,103,252,252,252,202,14,0,0,0,0,0,0,0,0,0,0,0,0,0,169,242,252,252,198,19,0,0,0,0,0,0,0,0,0,0,0,0,0,99,241,252,252,126,22,0,0,0,0,0,0,0,0,0,0,0,0,0,0,213,252,252,252,121,0,0,0,0,0,0,0,0,0,0,0,0,0,0,0,122,252,252,252,243,173,103,104,47,41,41,41,41,41,15,0,0,0,0,0,30,198,245,252,252,252,252,253,252,252,252,252,252,252,191,56,0,0,0,0,0,0,107,238,247,252,252,253,252,252,252,252,249,238,213,0,2
0,0,0,0,0,0,0,0,0,0,0,0,0,0,0,0,0,0,0,0,0,0,0,0,0,0,0,0,0,0,0,0,0,0,0,0,0,0,0,0,0,0,0,0,0,0,149,255,52,0,0,0,0,0,0,0,0,0,0,0,0,0,0,0,0,150,252,253,179,0,0,0,0,0,0,0,0,0,0,0,0,0,0,0,0,222,253,253,213,112,112,112,112,112,195,228,103,0,0,0,0,0,0,0,41,235,253,253,253,253,253,253,253,253,253,253,242,46,0,0,0,0,0,95,238,253,253,253,253,253,253,253,253,253,253,253,235,11,0,0,0,0,41,225,253,253,253,253,227,162,162,68,138,253,253,253,186,0,0,0,0,0,112,253,253,253,225,61,28,0,0,0,46,253,253,253,104,0,0,0,0,0,112,253,253,137,30,0,0,0,0,0,46,253,253,232,19,0,0,0,0,0,23,105,131,7,0,0,0,0,0,0,83,253,253,227,0,0,0,0,0,0,0,0,0,0,0,0,0,0,0,0,176,253,253,227,0,0,0,0,0,0,0,0,0,0,0,0,0,0,0,70,234,253,246,108,0,0,0,0,0,0,0,0,0,0,0,0,0,0,0,183,253,253,194,0,0,0,0,0,0,0,0,0,0,0,0,0,0,0,41,232,253,253,91,0,0,0,0,0,0,0,0,0,0,0,0,0,0,11,156,253,253,207,30,0,0,0,0,0,0,0,0,0,0,0,0,0,0,66,253,253,247,73,0,0,0,0,0,0,0,0,0,0,0,0,0,0,0,79,253,253,207,0,0,0,0,0,0,0,0,0,0,0,0,0,0,0,53,230,253,249,125,0,0,0,0,0,0,0,0,0,0,0,0,0,0,5,205,253,253,128,0,0,0,0,0,0,0,0,7
0,0,0,0,0,0,0,0,0,0,0,0,0,0,0,0,0,0,0,0,0,0,0,0,0,0,0,0,0,0,0,0,0,0,0,0,138,255,9,0,0,0,0,0,0,0,0,0,0,0,0,0,0,0,0,57,249,241,8,0,0,0,0,0,0,0,0,0,0,0,0,0,0,0,0,180,253,93,0,0,0,0,0,0,0,0,0,54,59,0,0,0,0,0,51,248,235,0,0,0,0,0,0,0,0,0,18,248,197,0,0,0,0,6,210,245,87,0,0,0,0,0,0,0,0,0,138,254,114,0,0,0,0,94,254,199,0,0,0,0,0,0,0,0,0,34,240,225,6,0,0,0,59,237,228,40,0,0,0,0,0,0,0,0,0,194,249,97,0,0,0,0,132,254,157,0,0,0,0,0,0,0,0,0,65,251,224,0,0,0,0,8,216,238,44,0,0,0,0,0,0,0,0,4,177,254,106,0,0,0,0,136,254,150,0,0,0,0,0,0,0,0,0,4,201,254,72,0,0,0,0,185,254,56,0,0,0,0,0,0,0,0,0,0,110,251,234,66,2,33,108,254,171,7,0,0,0,0,0,0,0,0,0,0,0,123,245,254,200,245,254,254,84,0,0,0,0,0,0,0,0,0,0,0,0,0,7,116,178,243,254,182,10,0,0,0,0,0,0,0,0,0,0,0,0,0,0,0,0,217,254,95,0,0,0,0,0,0,0,0,0,0,0,0,0,0,0,0,33,233,211,18,0,0,0,0,0,0,0,0,0,0,0,0,0,0,0,0,217,254,93,0,0,0,0,0,0,0,0,0,0,0,0,0,0,0,0,19,247,237,27,0,0,0,0,0,0,0,0,0,0,0,0,0,0,0,0,85,254,144,0,0,0,0,0,0,0,0,0,0,4
5,55,233,253,255,253,253,159,86,22,0,0,0,0,0,0,0,0,0,0,120,252,252,252,253,252,252,252,252,245,161,78,9,0,0,0,0,0,0,0,161,202,69,69,79,183,183,208,252,253,252,252,154,7,0,0,0,0,0,0,50,117,0,0,0,0,0,17,45,109,219,252,252,117,0,0,0,0,0,0,0,0,0,0,0,0,0,0,0,0,36,221,252,242,0,0,0,0,0,0,0,0,0,0,0,0,0,0,0,0,15,191,253,253,0,0,0,0,0,0,0,0,0,0,0,0,0,0,0,36,219,252,252,178,0,0,0,0,0,0,0,0,0,0,0,0,0,57,174,222,252,252,227,48,0,0,0,0,0,0,0,0,0,0,51,114,207,244,252,253,252,252,108,0,0,0,0,0,0,0,0,0,0,0,191,252,252,252,252,253,252,252,244,126,0,0,0,0,0,0,0,0,0,0,244,253,247,230,126,127,230,247,253,253,128,9,0,0,0,0,0,0,0,0,50,92,67,0,0,0,0,67,150,252,253,121,13,0,0,0,0,0,0,0,0,0,0,0,0,0,0,0,25,205,253,252,100,0,0,0,0,0,0,0,0,0,0,0,0,0,0,0,0,21,253,252,183,0,0,0,0,0,0,0,0,0,0,0,0,0,0,0,0,0,96,252,246,42,0,0,0,0,0,0,0,0,0,0,0,0,0,0,0,0,34,253,253,161,0,0,0,0,0,0,0,30,47,30,0,0,0,0,17,47,212,252,252,87,0,0,0,0,0,0,49,228,252,227,184,185,184,184,209,252,253,252,233,33,0,0,0,0,0,0,138,252,252,252,252,253,252,252,252,252,253,235,64,0,0,0,0,0,0,0,23,158,252,252,147,137,211,252,252,147,75,18,0,0,0,0,3
0,0,0,0,0,0,0,0,0,0,0,0,0,0,0,0,0,0,0,0,0,0,0,0,0,0,0,0,0,0,0,0,0,0,0,0,0,0,0,0,0,0,0,0,0,0,0,0,0,0,0,0,0,0,0,0,0,0,0,0,0,0,0,0,45,92,92,92,92,92,92,92,214,181,77,0,0,0,0,0,0,0,0,35,217,254,254,254,254,254,254,254,254,254,243,88,0,0,0,0,0,0,0,198,254,254,254,254,254,254,254,254,254,254,254,123,0,0,0,0,0,0,0,198,254,254,254,224,221,221,222,254,254,254,249,107,0,0,0,0,0,0,0,198,254,254,254,24,0,0,9,254,254,254,213,0,0,0,0,0,0,0,0,53,229,254,254,24,0,0,9,254,254,254,213,0,0,0,0,0,0,0,0,0,56,205,115,11,0,0,9,254,254,254,213,0,0,0,0,0,0,0,0,0,0,16,0,0,0,65,73,254,254,254,213,0,0,0,0,0,0,0,0,0,0,0,0,0,98,252,254,254,254,254,213,0,0,0,0,0,0,0,0,0,0,0,0,225,252,254,254,254,254,254,253,162,11,0,0,0,0,0,0,0,0,0,0,231,254,254,254,254,254,254,254,254,144,0,0,0,0,0,0,0,0,0,0,231,254,190,254,254,254,254,238,155,121,0,0,0,0,0,0,0,0,0,0,59,65,85,254,254,254,168,55,0,0,0,0,0,0,0,0,0,0,0,0,0,0,83,254,254,254,139,0,0,0,0,0,0,0,0,0,0,0,0,0,0,0,16,189,254,255,139,0,0,0,0,0,0,0,0,0,0,0,0,0,0,0,0,173,254,254,139,0,0,0,0,0,0,0,0,0,0,0,0,0,0,0,0,136,254,254,240,43,0,0,0,0,0,7
0,0,0,0,0,0,0,0,0,0,0,0,0,0,0,0,0,0,0,0,0,0,0,32,149,254,169,121,191,192,121,77,39,121,32,0,0,0,0,0,0,0,0,68,253,253,253,253,253,254,253,199,224,253,193,0,0,0,0,0,0,0,0,68,253,253,253,253,253,254,253,253,253,253,199,0,0,0,0,0,0,0,0,68,253,253,253,253,253,254,253,253,253,253,245,68,0,0,0,0,0,0,0,14,165,253,211,186,222,254,253,253,253,253,211,17,0,0,0,0,0,0,0,0,14,66,25,0,134,254,253,253,253,253,239,88,0,0,0,0,0,0,0,0,0,0,0,0,134,254,253,253,253,253,253,241,64,0,0,0,0,0,0,0,0,0,0,0,134,254,253,253,253,253,253,253,107,0,0,0,0,0,0,0,0,0,0,0,57,247,253,248,197,107,208,253,242,69,0,0,0,0,0,0,0,0,0,0,0,57,120,76,0,0,26,140,253,240,0,0,0,0,0,0,0,0,0,0,0,0,0,0,0,0,0,105,255,241,0,0,0,0,0,0,0,0,0,0,0,0,0,0,0,0,108,249,253,183,0,0,0,0,0,0,0,0,0,0,0,0,0,0,0,75,212,253,253,107,0,0,0,0,0,0,0,0,0,0,0,0,0,0,69,217,253,253,253,107,0,0,134,68,11,0,0,0,0,0,0,0,0,111,245,253,253,253,253,107,0,0,142,253,197,152,54,26,54,54,54,188,187,247,253,253,253,253,205,28,0,0,34,236,253,253,253,211,253,253,253,255,253,253,253,253,253,204,29,0,0,0,0,204,226,248,253,253,253,253,253,255,253,253,253,196,93,29,0,0,0,0,0,0,0,85,208,253,253,253,253,248,240,240,197,22,0,0,0,0,0,0,3
0,0,0,0,0,0,0,0,0,0,0,0,0,0,0,0,0,0,0,0,0,0,0,0,0,0,0,0,0,0,0,0,0,0,0,0,0,0,0,0,0,0,0,0,0,0,0,0,0,0,0,0,0,0,0,0,0,0,0,0,0,0,0,27,131,247,254,254,254,255,234,118,16,0,0,0,0,0,0,0,0,0,30,216,254,241,198,198,166,199,249,253,233,145,0,0,0,0,0,0,0,0,154,253,172,34,0,0,0,0,53,139,232,253,192,9,0,0,0,0,0,0,193,253,129,0,0,0,0,0,0,0,70,253,254,57,0,0,0,0,0,0,38,227,233,45,0,0,0,0,0,0,19,253,254,108,0,0,0,0,0,0,0,98,255,234,49,0,0,0,0,0,19,254,255,50,0,0,0,0,0,0,0,0,102,249,231,51,0,0,0,0,19,253,254,18,0,0,0,0,0,0,0,0,0,137,248,231,95,27,0,0,77,253,254,18,0,0,0,0,0,0,0,0,0,0,105,242,253,238,199,199,241,253,254,18,0,0,0,0,0,0,0,0,0,0,0,38,162,221,253,253,253,253,254,18,0,0,0,0,0,0,0,0,0,0,0,0,0,0,0,0,19,254,255,18,0,0,0,0,0,0,0,0,0,0,0,0,0,0,0,0,19,253,254,18,0,0,0,0,0,0,0,0,0,0,0,0,0,0,0,0,19,253,254,18,0,0,0,0,0,0,0,0,0,0,0,0,0,0,0,0,19,253,248,17,0,0,0,0,0,0,0,0,0,0,0,0,0,0,0,0,19,253,181,0,0,0,0,0,0,0,0,0,0,0,0,0,0,0,0,0,19,254,255,18,0,0,0,0,0,0,0,0,0,0,0,0,0,0,0,0,19,253,254,18,0,0,0,0,9
0,0,0,0,0,0,0,0,0,0,0,0,0,0,0,0,0,0,0,0,0,0,0,0,0,0,0,0,0,0,0,0,0,0,0,0,0,0,0,0,0,0,0,0,0,0,13,38,14,31,48,146,234,255,143,0,0,0,0,0,0,0,0,57,76,97,208,253,209,239,253,253,253,253,188,0,0,0,0,0,0,0,39,245,253,253,253,253,253,253,251,249,253,253,218,19,0,0,0,0,0,0,18,183,210,237,253,232,210,171,50,24,225,253,214,17,0,0,0,0,0,0,0,0,0,40,65,33,0,0,0,0,206,253,209,14,0,0,0,0,0,0,0,0,0,0,0,0,0,0,0,29,228,253,223,23,0,0,0,0,0,0,0,0,0,0,0,0,0,0,0,60,253,253,188,0,0,0,0,0,0,0,0,0,0,0,0,0,0,0,0,143,253,253,151,0,0,0,0,0,0,0,0,0,0,0,0,0,0,0,11,210,253,252,76,0,0,0,0,0,0,0,0,0,0,0,0,0,0,0,22,253,253,203,0,0,0,0,0,0,0,0,0,0,0,0,0,0,0,0,108,253,253,119,0,0,0,0,0,0,0,0,0,0,0,0,0,0,0,48,240,253,253,63,0,0,0,0,0,0,0,0,0,0,0,0,0,0,0,118,253,253,230,8,0,0,0,0,0,0,0,0,0,0,0,0,0,0,86,243,253,253,69,0,0,0,0,0,0,0,0,0,0,0,0,0,0,0,162,253,253,184,2,0,0,0,0,0,0,0,0,0,0,0,0,0,0,12,225,253,248,64,0,0,0,0,0,0,0,0,0,0,0,0,0,0,0,150,253,253,241,35,0,0,0,0,0,0,0,0,0,0,0,0,0,0,12,235,253,253,218,2,0,0,0,0,0,0,0,0,7
0,0,0,0,0,0,0,0,186,255,254,77,0,0,0,0,0,0,0,0,0,0,0,0,0,0,0,96,239,253,253,198,23,47,47,26,0,0,0,0,0,0,0,0,0,0,81,247,253,253,253,243,198,253,253,137,0,0,0,0,0,0,0,0,0,15,180,253,253,253,253,253,253,253,191,88,0,0,0,0,0,0,0,0,15,165,253,253,225,214,214,214,214,172,20,0,0,0,0,0,0,0,0,0,93,253,253,253,68,0,0,0,0,0,0,0,0,0,0,0,0,0,0,0,144,253,253,201,27,0,0,0,0,0,0,0,0,0,0,0,0,0,0,0,228,253,253,253,203,185,45,29,0,0,0,0,0,0,0,0,0,0,0,0,93,253,253,253,253,253,253,242,131,131,44,0,0,0,0,0,0,0,0,0,8,22,148,253,253,253,253,253,253,253,229,42,0,0,0,0,0,0,0,0,0,0,42,76,76,76,217,230,241,253,253,218,46,9,0,0,0,0,0,0,0,0,0,0,0,0,0,0,64,163,253,253,253,92,0,0,0,0,0,0,26,70,32,0,0,0,0,0,0,9,44,253,253,227,0,0,0,0,0,0,93,253,115,0,0,0,0,0,0,0,7,169,253,245,0,0,0,0,0,0,93,253,177,7,0,0,0,0,0,32,125,253,253,245,0,0,0,0,0,0,93,253,253,218,197,62,62,76,216,226,253,253,253,114,0,0,0,0,0,0,90,246,253,253,253,253,253,253,253,253,253,253,209,33,0,0,0,0,0,0,0,23,204,253,253,253,253,253,253,253,253,203,22,0,0,0,0,0,0,0,0,0,110,199,238,253,253,248,199,199,96,25,0,0,0,0,0,0,0,0,0,0,0,0,73,99,146,230,0,0,0,0,0,0,0,0,5
0,0,0,0,0,0,0,0,0,0,7,18,134,205,255,254,160,27,0,0,0,0,0,0,0,0,0,0,25,128,191,253,253,253,253,253,253,167,3,0,0,0,0,0,0,0,30,128,229,253,253,253,226,131,82,181,253,253,17,0,0,0,0,0,0,2,173,253,253,253,227,129,32,0,0,99,253,178,5,0,0,0,0,0,0,2,162,253,233,128,29,0,0,0,39,241,253,152,0,0,0,0,0,0,0,0,16,29,22,0,0,0,0,13,189,253,253,104,0,0,0,0,0,0,0,0,0,0,0,0,0,0,12,195,253,253,117,2,0,0,0,0,0,0,0,0,0,0,0,19,69,142,251,253,253,206,23,0,0,0,0,0,0,0,0,1,42,117,160,232,253,253,253,253,253,155,9,0,0,0,0,0,0,0,0,172,253,253,253,253,253,253,223,229,253,253,80,0,0,0,0,0,0,0,0,207,253,253,253,194,77,59,29,48,227,253,170,0,0,0,0,0,0,0,0,20,96,41,41,10,0,0,0,0,166,253,170,0,0,0,0,0,0,0,0,0,0,0,0,0,0,0,0,0,166,253,246,32,0,0,0,0,0,0,0,0,0,0,0,0,0,0,0,7,170,253,211,17,0,0,5,10,0,0,0,0,0,0,0,0,0,0,2,160,253,253,102,0,0,0,114,159,0,0,0,0,0,0,0,0,0,0,57,253,253,253,53,0,0,0,226,239,150,66,8,0,0,0,0,0,55,118,252,253,241,158,15,0,0,0,221,253,253,253,207,198,84,84,166,201,245,253,253,244,138,0,0,0,0,0,38,221,253,253,253,253,253,253,253,253,253,253,149,31,0,0,0,0,0,0,0,12,106,176,253,253,253,253,253,253,154,135,3,0,0,0,0,0,0,0,3
0,0,0,0,0,0,0,0,0,109,209,43,11,0,0,0,0,0,0,0,0,0,0,0,0,0,0,0,0,64,252,253,98,0,0,0,0,0,0,0,0,0,0,0,0,0,0,0,0,6,214,253,175,2,0,0,0,0,0,0,0,0,0,0,0,0,0,0,0,0,211,253,252,21,0,0,0,0,0,0,0,0,0,0,0,0,0,0,0,0,211,253,252,109,0,0,0,0,0,0,0,0,0,0,0,0,0,0,0,38,236,254,253,109,0,0,0,0,0,0,0,0,0,0,0,0,0,0,0,64,252,253,189,5,0,0,0,0,0,0,0,0,0,0,0,0,0,0,0,117,252,253,168,0,0,0,0,0,0,0,0,0,0,0,0,0,0,0,15,225,252,253,168,0,0,0,0,0,0,0,0,0,0,0,0,0,0,0,22,252,252,253,168,0,0,0,0,0,0,0,0,0,0,0,0,0,0,0,22,253,253,255,168,0,0,0,0,0,0,0,0,0,0,0,0,0,0,0,101,252,252,253,168,0,0,0,0,0,0,0,0,0,0,0,0,0,0,0,224,252,252,253,71,0,0,0,0,0,0,0,0,0,0,0,0,0,0,0,232,252,252,225,21,0,0,0,0,0,0,0,0,0,0,0,0,0,0,0,232,252,252,124,0,0,0,0,0,0,0,0,0,0,0,0,0,0,0,0,171,253,253,107,0,0,0,0,0,0,0,0,0,0,0,0,0,0,0,0,48,252,252,141,0,0,0,0,0,0,0,0,0,0,0,0,0,0,0,0,2,167,252,250,67,0,0,0,0,0,0,0,0,0,0,0,0,0,0,0,0,48,242,253,168,0,0,0,0,0,0,0,0,0,0,0,0,0,0,0,0,0,124,236,54,0,0,0,0,0,0,0,1
0,0,0,0,0,0,0,0,0,0,0,0,0,0,0,0,0,0,0,0,0,0,0,0,0,0,0,0,0,0,5,134,255,255,255,101,0,0,0,0,0,0,0,0,0,0,0,0,9,40,222,250,204,117,159,209,89,2,0,0,0,0,0,0,0,0,3,40,219,253,253,116,0,0,50,238,253,94,0,0,0,0,0,0,0,4,59,253,253,253,247,55,0,0,160,253,253,148,0,0,0,0,0,0,0,108,253,253,253,246,108,0,0,65,237,253,253,132,0,0,0,0,0,0,4,169,253,253,246,108,0,0,11,212,253,253,253,24,0,0,0,0,0,0,108,253,253,246,109,0,0,0,96,253,253,253,236,20,0,0,0,0,0,13,220,253,246,109,0,0,0,72,236,253,253,253,129,0,0,0,0,0,0,19,253,253,216,0,0,13,87,236,253,253,253,187,9,0,0,0,0,0,0,19,253,253,216,0,43,105,253,253,253,253,253,160,0,0,0,0,0,0,0,19,253,253,226,90,234,253,253,253,253,253,253,127,0,0,0,0,0,0,0,19,253,253,253,253,253,253,235,235,253,253,253,37,0,0,0,0,0,0,0,13,220,253,253,253,253,235,70,192,253,253,183,7,0,0,0,0,0,0,0,0,25,119,166,166,82,33,52,243,253,253,64,0,0,0,0,0,0,0,0,0,0,0,0,0,0,21,193,253,253,224,27,0,0,0,0,0,0,0,0,0,0,0,0,0,0,56,253,253,253,64,0,0,0,0,0,0,0,0,0,0,0,0,0,0,0,108,253,253,186,5,0,0,0,0,0,0,0,0,0,0,0,0,0,0,102,248,253,253,125,0,0,0,0,0,0,0,0,0,0,0,0,0,0,0,174,253,253,221,30,0,0,0,0,0,0,0,9
0,0,0,0,0,0,0,0,0,0,31,217,254,255,85,0,0,0,0,0,0,0,0,0,0,0,0,0,0,69,246,254,254,153,4,0,0,0,0,0,0,0,0,0,0,0,0,0,74,241,254,254,152,6,0,0,0,0,0,0,0,0,0,0,0,0,0,0,197,254,254,84,7,0,0,0,0,0,0,0,0,0,0,0,0,0,0,79,226,254,197,8,0,0,0,0,0,0,0,0,0,0,0,0,0,0,79,249,254,230,59,0,0,0,0,0,0,0,0,0,0,0,0,0,0,0,93,254,254,142,0,0,0,0,0,0,0,0,0,0,0,0,0,0,0,0,129,254,232,95,73,56,0,0,0,0,0,0,0,0,0,0,0,0,0,77,247,254,162,216,255,241,197,94,0,0,0,0,0,0,0,0,0,0,0,99,254,254,106,243,254,254,254,243,94,0,0,0,0,0,0,0,0,0,0,126,254,254,45,94,202,202,240,254,244,160,0,0,0,0,0,0,0,0,0,206,254,254,45,0,0,0,93,255,254,228,18,0,0,0,0,0,0,0,0,99,254,254,66,0,0,0,18,182,254,254,185,0,0,0,0,0,0,0,0,36,217,254,186,7,0,0,0,41,244,254,228,0,0,0,0,0,0,0,0,0,93,254,254,140,20,0,0,29,222,254,228,0,0,0,0,0,0,0,0,0,85,252,254,254,228,53,20,129,254,254,218,0,0,0,0,0,0,0,0,0,0,94,222,254,254,254,254,254,254,236,43,0,0,0,0,0,0,0,0,0,0,0,77,250,255,254,254,255,250,148,0,0,0,0,0,0,0,0,0,0,0,0,0,36,157,156,218,231,41,0,0,0,0,0,0,0,0,0,0,0,0,0,0,0,0,0,0,0,0,0,0,0,0,0,6
0,0,0,0,0,0,0,0,0,0,0,0,0,0,0,0,0,0,0,0,0,0,0,0,0,0,0,0,0,0,0,0,64,128,128,64,64,255,191,0,0,0,0,0,0,0,0,0,0,64,128,255,255,255,255,255,255,255,255,128,0,0,0,0,0,0,0,0,0,191,255,255,255,255,255,255,255,255,255,64,0,0,0,0,0,0,0,0,255,255,255,191,128,0,255,255,255,255,128,0,0,0,0,0,0,0,64,191,255,255,255,0,0,0,255,255,255,191,0,0,0,0,0,0,0,0,128,255,255,191,64,0,64,191,255,255,255,0,0,0,0,0,0,0,0,0,255,255,255,64,0,64,191,255,255,191,128,0,0,0,0,0,0,0,0,0,255,255,191,0,64,255,255,255,255,64,0,0,0,0,0,0,0,0,0,0,255,255,255,191,255,255,255,191,0,0,0,0,0,0,0,0,0,0,0,0,191,255,255,255,255,255,64,0,0,0,0,0,0,0,0,0,0,0,0,0,128,255,255,255,255,64,0,0,0,0,0,0,0,0,0,0,0,0,0,0,191,255,255,255,128,0,0,0,0,0,0,0,0,0,0,0,0,0,0,64,255,255,255,255,255,0,0,0,0,0,0,0,0,0,0,0,0,0,0,255,255,255,191,255,255,191,0,0,0,0,0,0,0,0,0,0,0,0,128,255,255,128,0,128,255,255,64,0,0,0,0,0,0,0,0,0,0,0,255,255,191,0,0,128,255,255,128,0,0,0,0,0,0,0,0,0,0,0,255,255,128,0,0,64,255,255,128,0,0,0,0,0,0,0,0,0,0,0,255,255,191,128,128,191,255,255,128,0,0,0,0,0,0,0,0,0,0,0,128,255,255,255,255,255,255,255,128,0,0,0,0,0,0,0,8
0,0,0,0,0,0,0,0,0,0,0,0,0,29,130,237,55,0,0,0,0,0,0,0,0,0,0,0,0,0,68,155,78,126,252,253,168,0,0,0,0,0,0,0,0,0,0,0,15,101,245,252,242,205,152,253,246,125,0,0,0,0,0,0,0,0,0,0,169,217,253,252,247,98,35,156,252,245,56,0,0,0,0,0,0,0,0,98,204,208,253,252,99,0,0,43,252,252,84,0,0,0,0,0,0,0,103,253,253,165,194,106,9,0,0,43,253,253,84,0,0,0,0,0,0,68,237,252,126,107,0,0,0,0,0,43,252,252,84,0,0,0,0,0,0,139,252,83,7,0,0,0,0,0,0,148,252,252,84,0,0,0,0,0,27,183,205,16,0,0,0,0,0,0,71,236,226,141,28,0,0,0,0,0,106,253,150,0,0,0,0,0,0,0,150,253,252,21,0,0,0,0,0,18,107,254,151,0,0,0,0,0,93,218,253,255,204,9,0,0,0,0,8,155,120,125,42,0,0,0,0,64,247,252,252,239,68,0,0,0,0,0,13,217,244,54,0,0,0,9,101,239,252,252,155,62,0,0,0,0,0,0,162,252,226,35,0,0,43,186,253,252,252,252,121,0,0,0,0,0,0,71,249,252,147,0,0,98,204,252,253,252,244,121,7,0,0,0,0,0,0,85,253,199,35,25,183,253,253,253,247,229,62,0,0,0,0,0,0,0,0,85,252,166,128,201,252,252,252,173,176,27,0,0,0,0,0,0,0,0,0,85,252,252,252,253,252,244,238,134,9,0,0,0,0,0,0,0,0,0,0,28,186,252,252,253,252,63,28,0,0,0,0,0,0,0,0,0,0,0,0,0,13,217,252,191,68,4,0,0,0,0,0,0,0,0,0,0,0,0,0
0,0,0,0,0,0,0,0,0,212,253,137,0,0,0,0,0,0,0,0,0,0,0,0,0,0,0,3,125,254,248,126,0,0,0,0,0,0,0,0,0,0,0,0,0,0,0,157,253,254,139,0,0,0,0,0,0,0,0,0,0,0,0,0,0,0,13,221,254,236,50,0,0,0,0,0,0,0,0,0,0,0,0,0,0,0,64,253,253,84,0,0,0,0,0,0,0,0,0,0,0,0,0,0,0,0,206,253,168,0,0,0,0,0,0,0,0,0,0,0,0,0,0,0,0,0,172,253,69,0,0,0,0,0,0,0,0,0,0,0,0,0,0,0,0,0,231,254,69,0,0,0,51,0,0,0,0,0,0,0,0,0,0,0,0,64,251,240,31,0,9,130,247,206,63,0,0,0,0,0,0,0,0,0,0,70,253,230,0,0,89,253,253,254,190,0,0,0,0,0,0,0,0,0,0,19,236,162,0,0,138,253,219,94,232,67,0,0,0,0,0,0,0,0,0,0,231,138,0,0,198,254,161,0,139,163,0,0,0,0,0,0,0,0,0,0,230,154,0,0,146,253,128,0,138,230,0,0,0,0,0,0,0,0,0,0,180,240,32,0,42,224,160,7,216,221,0,0,0,0,0,0,0,0,0,0,30,236,103,0,0,40,169,170,253,104,0,0,0,0,0,0,0,0,0,0,0,125,254,162,99,32,204,255,241,34,0,0,0,0,0,0,0,0,0,0,0,3,173,254,249,241,253,254,106,0,0,0,0,0,0,0,0,0,0,0,0,0,17,129,251,253,253,205,13,0,0,0,0,0,0,0,0,0,0,0,0,0,0,0,80,169,151,0,0,0,0,0,0,0,0,0,0,0,0,0,0,0,0,0,0,0,0,0,0,0,0,0,0,0,6
0,0,0,0,0,0,0,0,0,0,0,0,0,0,0,0,0,0,0,0,0,0,0,0,0,0,0,0,0,0,0,0,0,0,0,0,0,0,0,0,0,0,0,0,0,0,0,0,0,0,0,0,0,0,0,0,0,0,0,0,0,0,0,0,0,0,0,2,95,222,255,255,215,88,1,0,0,0,0,0,0,0,0,0,0,0,3,121,253,253,253,253,253,253,108,8,0,0,0,0,0,0,0,0,0,0,44,253,253,253,253,253,253,253,253,161,2,0,0,0,0,0,0,0,0,0,117,253,253,247,228,248,253,253,253,253,24,0,0,0,0,0,0,0,0,39,220,253,253,116,0,78,208,253,253,192,10,0,0,0,0,0,0,22,53,220,253,253,253,155,38,38,167,253,253,217,34,0,0,0,0,0,0,124,236,253,253,253,244,179,86,183,224,253,253,236,123,0,0,0,0,0,0,0,155,253,253,253,113,0,0,0,81,253,253,129,0,0,0,0,0,0,0,0,128,253,253,242,58,0,0,0,81,253,233,24,0,0,0,0,0,0,0,0,9,186,243,94,0,0,0,0,112,253,160,0,0,0,0,0,0,0,0,0,0,39,51,0,0,0,0,0,205,253,127,0,0,0,0,0,0,0,0,0,0,0,0,0,0,0,0,59,243,253,37,0,0,0,0,0,0,0,0,0,0,0,0,0,0,0,0,175,253,253,37,0,0,0,0,0,0,0,0,0,0,0,0,0,0,0,0,199,253,223,24,0,0,0,0,0,0,0,0,0,0,0,0,0,0,0,0,199,253,166,0,0,0,0,0,0,0,0,0,0,0,0,0,0,0,0,61,247,253,166,0,0,0,0,0,0,0,0,0,0,0,0,0,0,0,0,69,253,253,115,0,0,0,0,0,0,7
0,0,0,0,0,0,107,254,159,5,0,0,132,254,99,0,0,0,0,0,0,0,0,0,0,57,238,194,20,0,0,0,30,250,138,0,0,0,0,0,0,0,0,0,59,235,163,23,0,0,0,0,0,167,189,0,0,0,0,0,0,0,0,0,0,0,0,0,0,0,0,0,0,93,221,6,0,0,0,0,0,0,0,0,0,0,0,0,0,0,0,0,0,93,244,29,0,0,0,0,0,0,0,0,0,0,0,0,0,0,0,0,0,93,215,0,0,0,0,0,0,0,0,0,0,0,0,0,0,0,0,0,0,158,215,0,0,0,0,0,0,0,0,0,0,0,0,0,0,0,0,0,0,247,152,0,0,0,0,0,0,0,0,0,0,0,0,0,0,0,0,0,43,251,138,0,0,0,0,0,0,0,0,0,0,0,0,0,0,0,0,0,130,253,56,0,0,0,0,0,0,0,0,0,0,0,0,67,140,200,170,124,238,177,0,0,0,0,0,0,0,0,0,0,0,17,168,246,254,254,233,254,254,182,0,0,0,0,0,0,0,0,0,0,19,202,249,149,21,7,33,254,254,253,116,0,0,0,0,0,0,0,0,3,136,233,74,0,0,0,147,247,103,178,244,76,0,0,0,0,0,0,0,82,254,97,0,0,0,62,255,189,0,19,202,226,27,0,0,0,0,0,0,191,194,3,0,0,4,228,244,40,0,0,54,213,143,0,0,0,0,0,0,247,215,0,0,56,207,244,89,0,0,0,0,17,67,0,0,0,0,0,0,207,247,166,157,241,242,69,0,0,0,0,0,0,0,0,0,0,0,0,0,77,254,254,228,167,55,0,0,0,0,0,0,0,0,0,0,0,0,0,0,0,0,0,0,0,0,0,0,0,0,0,0,0,0,0,0,0,2
0,0,0,0,0,0,0,0,14,139,171,166,146,174,254,255,224,54,0,0,0,0,0,0,0,0,0,0,171,253,253,253,253,253,253,253,253,253,0,0,0,0,0,0,0,0,0,0,111,149,222,181,248,248,248,253,253,253,0,0,0,0,0,0,0,0,0,0,0,0,0,0,0,0,18,250,253,235,0,0,0,0,0,0,0,0,0,0,0,0,0,0,0,0,137,253,253,111,0,0,0,0,0,0,0,0,0,0,0,0,0,0,2,159,249,253,216,20,0,0,0,0,0,0,0,0,0,0,0,0,0,0,116,253,253,212,29,0,0,0,0,0,0,0,0,0,0,0,69,50,87,128,251,253,218,28,0,0,0,0,0,0,0,0,0,6,24,194,249,245,253,253,253,253,157,1,0,0,0,0,0,0,0,0,11,168,253,253,253,253,253,253,253,253,253,143,0,0,0,0,0,0,0,0,32,232,253,253,253,253,167,54,157,224,253,221,0,0,0,0,0,0,0,0,0,49,124,124,124,69,6,0,0,173,253,249,64,0,0,0,53,50,0,0,0,0,0,0,0,0,0,0,7,192,253,221,0,0,0,0,247,210,0,0,0,0,0,0,0,0,0,38,207,253,253,133,0,0,0,0,146,117,28,0,0,0,0,0,0,0,18,160,253,253,187,7,0,0,0,0,167,0,0,0,0,0,0,0,0,90,226,253,253,181,14,0,0,0,0,0,250,42,0,0,0,0,7,104,142,233,253,253,143,14,0,0,0,0,0,0,236,232,60,33,54,141,194,253,253,237,195,25,1,0,0,0,0,0,0,0,145,253,253,253,253,253,253,208,98,37,0,0,0,0,0,0,0,0,0,0,17,56,226,253,233,145,93,14,0,0,0,0,0,0,0,0,0,0,0,0,3
0,0,0,0,0,0,0,0,0,0,0,0,0,0,0,0,0,0,0,0,0,0,0,0,0,0,0,0,0,0,35,150,234,254,254,204,91,14,0,0,0,0,0,0,0,0,0,0,16,97,229,254,219,142,239,253,254,245,129,0,0,0,0,0,0,0,0,31,190,253,253,122,12,79,237,253,254,253,214,6,0,0,0,0,0,0,94,216,253,197,61,0,73,247,253,163,41,233,226,14,0,0,0,0,0,100,254,253,148,17,0,0,77,238,253,95,16,253,205,0,0,0,0,3,150,254,244,90,0,0,0,0,0,0,0,0,106,254,146,0,0,0,0,83,253,243,65,0,0,0,0,0,0,0,0,45,254,229,12,0,0,0,0,128,253,213,48,12,0,0,0,0,0,0,47,231,251,106,0,0,0,0,0,46,225,253,254,220,142,142,142,64,64,104,230,253,104,0,0,0,0,0,0,0,29,120,204,253,253,253,253,254,253,253,253,253,0,0,0,0,0,0,0,0,0,0,0,12,96,244,254,255,242,238,247,254,134,0,0,0,0,0,0,0,0,30,117,237,253,253,223,162,16,0,177,253,125,0,0,0,0,0,0,39,171,250,254,253,174,82,3,0,0,0,222,253,15,0,0,0,0,0,18,223,253,233,106,31,6,0,0,0,0,62,249,208,0,0,0,0,0,0,57,253,193,11,0,0,0,0,0,0,0,201,253,125,0,0,0,0,0,0,57,254,116,0,0,0,0,0,0,0,117,254,230,10,0,0,0,0,0,0,32,253,189,0,0,0,0,0,0,57,237,253,96,0,0,0,0,0,0,0,6,215,241,53,0,0,0,0,95,239,253,134,6,0,0,0,0,0,0,0,0,92,253,233,114,89,104,187,251,250,121,6,0,0,0,0,0,0,8
0,0,0,0,0,0,0,0,0,0,0,0,0,0,0,0,0,0,0,0,0,0,0,0,0,0,0,0,0,0,0,0,0,0,0,0,0,0,0,0,0,0,0,179,255,253,169,138,86,22,0,0,0,0,0,0,0,0,0,0,0,0,60,244,253,252,252,252,252,245,140,13,0,0,0,0,0,0,0,0,0,0,68,183,122,69,152,240,252,253,252,202,142,7,0,0,0,0,0,0,0,0,0,0,0,0,0,37,98,211,252,252,252,158,0,0,0,0,0,0,0,0,0,0,0,0,0,0,0,13,96,221,252,252,221,42,0,0,0,0,0,0,0,0,0,0,0,0,0,0,0,17,160,253,255,92,0,0,0,0,0,0,0,0,0,0,0,0,0,5,68,228,252,252,253,92,0,0,0,0,0,0,0,0,0,0,0,0,32,138,252,252,252,252,173,25,0,0,0,0,0,0,0,0,0,0,0,0,116,253,252,185,119,45,0,0,0,0,0,0,0,0,0,0,0,0,0,0,116,253,252,69,0,0,0,0,0,0,0,0,0,0,0,0,0,0,0,0,0,181,253,253,109,0,0,0,0,0,0,0,0,0,0,0,0,0,0,0,0,19,236,252,219,36,0,0,0,0,0,0,0,0,0,0,0,0,0,0,0,0,65,234,252,168,0,0,0,0,0,0,0,0,0,0,0,0,0,0,0,0,0,142,252,252,0,0,0,0,0,0,0,0,0,0,0,0,0,0,0,0,0,7,211,252,106,0,0,0,0,0,0,0,0,0,0,0,0,0,0,0,0,7,212,253,116,0,0,0,0,0,0,0,0,0,0,0,0,0,0,0,0,91,252,252,42,0,0,0,0,0,0,0,0,0,0,0,0,0,0,7,91,234,252,252,0,0,0,0,0,0,3
0,0,0,0,0,0,0,0,0,31,223,254,89,0,0,0,0,0,0,0,0,0,0,0,0,0,0,0,6,195,254,114,3,14,0,0,0,0,0,0,0,0,0,0,0,0,0,0,115,254,208,20,186,219,154,12,0,0,0,0,0,0,0,0,0,0,0,20,231,254,72,0,138,254,254,228,66,0,0,0,0,0,0,0,0,0,21,242,254,151,0,0,0,46,168,255,229,97,0,0,0,0,0,0,0,0,209,254,213,23,0,0,0,0,2,116,254,199,0,0,0,0,0,0,0,59,254,246,44,0,0,0,0,0,0,0,163,226,18,0,0,0,0,0,8,213,254,122,0,0,0,0,0,0,0,0,73,254,43,0,0,0,0,0,51,254,255,18,0,0,0,0,0,0,0,0,73,254,127,0,0,0,0,11,183,254,182,7,0,0,0,0,0,0,0,0,74,254,128,0,0,0,0,37,254,254,39,0,0,0,0,0,0,0,0,0,73,254,127,0,0,0,0,50,254,254,0,0,0,0,0,0,0,0,0,0,86,254,114,0,0,0,0,128,254,254,0,0,0,0,0,0,0,0,0,0,203,230,21,0,0,0,0,95,254,254,0,0,0,0,0,0,0,0,0,66,255,166,0,0,0,0,0,37,254,254,0,0,0,0,0,0,0,0,6,203,235,46,0,0,0,0,0,16,223,254,152,4,0,0,0,0,0,8,166,234,111,0,0,0,0,0,0,0,77,254,254,168,50,8,0,37,89,178,251,108,0,0,0,0,0,0,0,0,4,87,248,254,254,211,200,254,254,251,153,0,0,0,0,0,0,0,0,0,0,0,47,156,241,254,254,254,201,108,0,0,0,0,0,0,0,0,0,0,0,0,0,0,0,0,0,0,0,0,0,0,0,0,0,0,0
0,0,0,0,0,0,0,0,0,0,0,0,0,0,0,0,0,0,0,0,0,0,0,0,0,0,0,0,0,0,111,255,224,25,0,0,0,0,0,0,0,0,0,0,0,0,0,0,0,21,195,253,252,44,0,0,0,0,0,0,0,0,0,0,0,0,0,0,0,168,252,253,226,27,0,0,0,0,0,0,0,0,0,0,0,0,0,16,199,250,252,250,123,0,0,0,8,119,9,0,0,0,0,0,0,0,58,207,252,252,228,125,0,0,0,13,172,252,199,43,0,0,0,0,0,58,193,252,252,252,104,0,0,0,8,172,252,252,252,66,0,0,0,0,79,245,252,252,252,81,3,0,0,0,124,252,252,252,159,6,0,0,60,154,248,252,252,252,252,179,59,20,0,18,201,252,252,207,39,0,0,0,176,252,252,252,252,252,252,252,252,216,111,194,252,252,225,15,0,0,0,0,176,252,252,252,252,252,252,252,252,253,252,252,252,228,45,0,0,0,0,0,29,201,115,39,0,0,0,0,63,206,253,253,250,125,0,0,0,0,0,0,0,0,0,0,0,0,0,0,187,253,252,252,125,0,0,0,0,0,0,0,0,0,0,0,0,0,0,108,247,253,252,127,2,0,0,0,0,0,0,0,0,0,0,0,0,1,42,221,252,253,208,21,0,0,0,0,0,0,0,0,0,0,0,0,0,36,252,252,252,232,27,0,0,0,0,0,0,0,0,0,0,0,0,0,31,215,252,252,214,48,0,0,0,0,0,0,0,0,0,0,0,0,0,32,167,252,252,252,90,0,0,0,0,0,0,0,0,0,0,0,0,0,0,165,252,252,252,138,13,0,0,0,0,0,0,0,0,0,0,0,0,0,0,165,252,249,156,17,0,0,0,0,0,0,0,0,0,0,4
0,0,0,0,0,0,0,0,0,0,0,0,0,0,0,0,0,0,0,0,0,0,0,0,0,0,55,195,51,0,0,0,0,0,0,0,0,0,0,0,0,0,0,0,0,0,87,254,128,0,0,0,0,0,0,0,0,0,0,0,0,0,0,0,0,0,87,235,28,0,0,0,63,181,39,0,0,0,0,0,0,0,0,0,0,0,182,213,10,0,0,37,253,184,21,0,0,0,0,0,0,0,0,0,0,0,183,249,39,0,0,156,254,19,0,0,0,0,0,0,0,0,0,0,0,0,183,201,0,0,35,241,228,13,0,0,0,0,0,0,0,0,0,0,0,0,183,253,62,0,49,254,157,0,0,0,0,0,0,0,0,0,0,0,0,0,176,254,191,43,93,242,14,0,0,0,0,0,0,0,0,0,0,0,0,0,27,217,254,230,222,245,27,14,119,28,0,0,0,0,0,0,0,0,0,0,0,8,102,222,254,254,245,243,231,38,0,0,0,0,0,0,0,0,0,0,0,0,0,16,243,254,174,128,28,0,0,0,0,0,0,0,0,0,0,0,0,0,0,0,241,240,0,0,0,0,0,0,0,0,0,0,0,0,0,0,0,0,0,0,241,240,0,0,0,0,0,0,0,0,0,0,0,0,0,0,0,0,0,0,241,240,0,0,0,0,0,0,0,0,0,0,0,0,0,0,0,0,0,0,241,240,0,0,0,0,0,0,0,0,0,0,0,0,0,0,0,0,0,0,226,240,0,0,0,0,0,0,0,0,0,0,0,0,0,0,0,0,0,0,144,240,0,0,0,0,0,0,0,0,0,0,0,0,0,0,0,0,0,0,83,244,22,0,0,0,0,0,0,0,0,0,0,0,0,0,0,0,0,0,42,248,140,3,0,0,0,0,0,0,4
0,0,0,0,0,0,0,0,0,0,0,0,0,0,0,0,0,0,0,0,0,0,0,0,0,0,0,0,0,0,0,0,0,14,148,253,165,0,0,0,0,0,0,0,6,67,15,0,0,0,0,0,0,128,252,252,135,0,0,0,0,0,0,0,114,252,55,0,0,0,0,0,55,245,252,187,33,0,0,0,0,0,0,53,243,252,55,0,0,0,0,3,178,252,241,42,0,0,0,0,0,0,15,181,252,240,43,0,0,0,0,58,252,252,134,0,0,0,0,0,0,0,105,252,252,159,0,0,0,0,0,143,252,252,10,0,0,0,0,0,0,0,176,252,179,8,0,0,0,0,0,196,252,248,10,0,0,0,0,0,0,0,176,252,121,0,0,0,0,0,20,253,252,134,0,0,0,0,0,0,0,25,233,252,87,0,0,0,0,0,144,253,203,12,0,0,0,4,78,54,0,34,252,252,212,111,24,102,111,111,234,253,215,111,121,220,220,222,252,243,0,15,210,253,253,253,253,253,253,253,253,255,253,253,253,253,253,253,248,138,0,0,83,212,252,252,252,252,252,252,252,253,252,252,252,209,147,77,63,0,0,0,0,17,44,44,44,48,86,198,252,253,154,44,44,15,0,0,0,0,0,0,0,0,0,0,0,0,24,221,252,212,3,0,0,0,0,0,0,0,0,0,0,0,0,0,0,0,117,252,252,111,0,0,0,0,0,0,0,0,0,0,0,0,0,0,0,9,231,252,252,72,0,0,0,0,0,0,0,0,0,0,0,0,0,0,0,16,252,252,247,0,0,0,0,0,0,0,0,0,0,0,0,0,0,0,0,122,252,252,142,0,0,0,0,0,0,0,0,0,0,0,0,0,0,0,0,88,252,252,142,0,0,0,0,0,0,0,0,0,4
0,0,0,0,0,0,0,0,0,0,0,0,72,147,240,253,253,190,4,0,0,0,0,0,0,0,0,0,0,3,29,153,252,253,251,236,66,6,0,0,0,0,0,0,0,0,0,0,15,193,253,253,250,138,63,0,0,0,0,0,0,0,0,0,0,0,0,16,186,253,236,133,59,0,0,0,0,0,0,0,0,0,0,0,0,0,66,232,253,236,106,0,0,0,0,0,0,0,0,0,0,0,0,0,0,72,244,253,132,8,0,0,0,0,0,0,0,0,0,0,0,0,0,0,71,239,250,100,14,0,0,0,0,0,0,0,0,0,0,0,0,0,0,1,158,253,91,0,0,0,0,0,0,0,0,0,0,0,0,0,0,0,0,6,253,253,167,44,0,0,0,0,0,0,0,0,0,0,0,0,0,0,0,2,173,253,253,243,200,102,73,0,0,0,0,0,0,0,0,0,0,0,0,0,75,204,251,253,253,253,250,199,121,8,0,0,0,0,0,0,0,0,0,0,0,0,77,86,169,249,253,253,253,197,58,0,0,0,0,0,0,0,0,0,0,0,0,0,0,44,48,88,248,253,235,50,0,0,0,0,0,0,0,0,0,0,0,0,0,0,0,0,65,208,253,176,0,0,0,0,0,0,0,0,0,0,0,0,0,0,0,0,0,54,221,245,129,0,0,0,0,0,0,0,0,0,0,0,0,0,0,0,0,0,116,253,215,18,0,0,0,0,0,0,85,141,141,121,33,33,33,33,33,105,184,253,245,37,0,0,0,0,0,0,64,236,253,253,253,253,253,253,253,253,253,253,158,0,0,0,0,0,0,0,0,63,242,253,253,253,207,253,253,182,145,88,12,0,0,0,0,0,0,0,0,0,0,0,0,0,0,0,0,0,0,0,0,0,0,0,5
0,0,0,0,0,0,0,0,0,0,114,195,131,31,0,0,0,0,0,0,0,0,0,0,0,0,0,0,0,0,250,254,254,183,0,0,0,0,0,0,0,0,0,0,0,0,0,0,0,0,250,254,254,239,0,0,0,0,0,0,0,0,0,0,0,0,0,0,0,8,251,254,254,192,0,0,0,0,0,0,0,0,0,0,0,0,0,0,0,96,254,254,254,139,0,0,0,0,0,0,0,0,0,0,0,0,0,0,0,58,253,254,254,139,0,0,0,0,0,0,0,0,0,0,0,0,0,0,0,96,254,254,254,67,0,0,0,0,0,0,0,0,0,0,0,0,0,0,0,112,254,254,245,33,0,0,0,0,0,0,0,0,0,0,0,0,0,0,0,195,254,254,194,0,0,0,0,0,0,0,0,0,0,0,0,0,0,0,0,195,254,254,194,0,0,0,0,0,0,0,0,0,0,0,0,0,0,0,1,196,254,254,194,0,0,0,0,0,0,0,0,0,0,0,0,0,0,0,41,254,254,254,194,0,0,0,0,0,0,0,0,0,0,0,0,0,0,0,47,254,254,254,188,0,0,0,0,0,0,0,0,0,0,0,0,0,0,0,140,254,254,254,95,0,0,0,0,0,0,0,0,0,0,0,0,0,0,0,189,254,254,254,95,0,0,0,0,0,0,0,0,0,0,0,0,0,0,61,250,254,254,254,95,0,0,0,0,0,0,0,0,0,0,0,0,0,0,86,254,254,254,254,95,0,0,0,0,0,0,0,0,0,0,0,0,0,0,86,254,254,254,253,61,0,0,0,0,0,0,0,0,0,0,0,0,0,0,71,252,254,254,153,0,0,0,0,0,0,0,0,0,0,0,0,0,0,0,0,161,254,195,52,0,0,0,0,0,0,0,0,1
0,0,0,0,0,0,0,0,0,0,0,0,0,0,0,0,0,0,0,0,0,0,0,0,0,0,0,0,0,0,0,0,0,0,0,0,0,0,0,0,0,0,0,0,0,0,0,0,0,0,0,0,0,0,0,0,0,0,0,0,0,0,0,0,0,0,0,0,0,0,0,0,0,0,0,0,0,0,0,0,0,0,0,0,0,0,0,0,0,0,0,0,0,0,0,0,0,0,0,0,85,197,254,253,254,253,254,253,254,253,254,253,85,85,85,85,85,85,0,0,253,251,253,251,253,251,253,251,253,251,253,251,253,251,253,251,253,251,0,0,254,253,254,253,254,253,254,253,254,253,254,253,254,253,254,253,254,253,0,0,253,251,253,251,253,251,253,251,253,251,253,251,253,251,253,251,253,251,0,0,226,168,0,0,0,0,0,0,0,0,0,0,0,169,254,253,254,84,0,0,56,0,0,0,0,0,0,0,0,0,0,0,0,168,253,251,196,28,0,0,0,0,0,0,0,0,0,0,0,0,0,0,29,197,254,253,169,0,0,0,0,0,0,0,0,0,0,0,0,0,0,0,85,251,253,251,56,0,0,0,0,0,0,0,0,0,0,0,0,0,0,0,141,253,254,253,0,0,0,0,0,0,0,0,0,0,0,0,0,0,0,0,253,251,253,251,0,0,0,0,0,0,0,0,0,0,0,0,0,0,0,0,254,253,254,253,0,0,0,0,0,0,0,0,0,0,0,0,0,0,0,0,253,251,253,251,0,0,0,0,0,0,0,0,0,0,0,0,0,0,0,0,254,253,254,253,0,0,0,0,0,0,0,0,0,0,0,0,0,0,0,114,253,251,253,138,0,0,0,0,0,0,0,0,0,0,0,0,0,0,0,169,254,253,226,56,0,0,0,0,7
0,0,0,0,0,0,0,0,0,0,0,0,0,0,0,0,0,0,0,0,0,0,0,0,0,0,0,0,0,0,0,0,0,0,0,0,0,0,0,0,0,0,0,0,0,0,0,0,64,128,128,255,255,255,191,128,0,0,0,0,0,0,0,0,0,64,128,255,255,255,255,255,255,255,255,255,255,64,0,0,0,0,0,64,255,255,255,255,255,255,128,64,64,128,128,255,255,255,64,0,0,0,191,255,255,255,255,255,255,255,0,0,0,0,0,0,255,255,191,0,0,191,255,255,255,255,255,255,128,0,0,0,0,0,0,0,128,255,255,0,0,255,255,255,255,255,191,64,0,0,0,0,0,0,0,0,128,255,255,0,0,0,128,128,64,0,0,0,0,0,0,0,0,0,0,0,255,255,191,0,0,0,0,0,0,0,0,0,0,0,0,0,0,0,0,64,255,255,128,0,0,0,0,0,0,0,0,0,0,0,0,0,0,0,0,191,255,191,0,0,0,0,0,0,0,0,0,0,0,0,0,0,0,0,128,255,255,128,0,0,0,0,0,0,0,0,0,0,0,0,0,0,0,128,255,255,128,0,0,0,0,0,0,0,0,0,0,0,0,0,0,0,64,255,255,191,0,0,0,0,0,0,0,0,0,0,0,0,0,0,0,128,255,255,128,0,0,0,0,0,0,0,0,0,128,64,128,128,255,128,255,255,255,255,64,0,128,0,0,128,0,0,0,128,255,255,255,255,255,255,255,255,255,255,255,255,255,255,255,255,0,0,64,255,255,255,255,255,255,255,255,128,128,128,128,128,128,64,0,0,0,0,128,255,255,255,255,255,255,128,0,0,0,0,0,0,0,0,0,0,0,0,64,191,255,255,255,128,64,0,0,0,0,0,0,0,0,0,0,0,2
0,0,0,0,0,0,0,0,0,0,0,0,0,0,0,0,0,0,0,0,0,0,0,0,0,0,0,0,0,0,0,0,0,0,0,0,0,0,0,0,0,0,0,0,0,0,0,0,0,0,0,57,226,200,41,0,0,0,0,0,0,0,0,0,0,0,0,0,0,0,87,226,254,254,112,0,0,0,0,0,0,0,0,0,0,0,0,0,0,84,228,254,254,254,112,0,0,0,0,0,0,0,0,0,0,0,0,0,127,248,239,123,213,254,99,0,0,0,0,0,0,0,0,0,0,0,0,63,248,244,72,2,207,254,62,0,0,0,0,0,0,0,0,0,0,0,123,250,234,51,0,5,254,254,45,0,0,0,0,0,0,0,0,0,0,89,253,254,59,0,0,5,254,232,15,0,0,0,0,0,0,0,0,0,92,253,234,48,1,0,0,94,254,187,0,0,0,0,0,0,0,0,0,94,250,254,193,65,28,0,0,115,254,167,0,0,0,0,0,0,0,0,0,138,254,254,254,254,238,181,97,180,254,98,0,0,0,0,0,0,0,0,0,4,48,133,133,217,223,249,254,239,254,98,0,0,0,0,0,0,0,0,0,0,0,0,0,0,0,48,164,250,254,98,0,0,0,0,0,0,0,0,0,0,0,0,0,0,0,0,0,184,254,98,0,0,0,0,0,0,0,0,0,0,0,0,0,0,0,0,0,184,254,98,0,0,0,0,0,0,0,0,0,0,0,0,0,0,0,0,0,184,254,43,0,0,0,0,0,0,0,0,0,0,0,0,0,0,0,0,4,199,254,9,0,0,0,0,0,0,0,0,0,0,0,0,0,0,0,0,18,254,185,2,0,0,0,0,0,0,0,0,0,0,0,0,0,0,0,0,18,254,102,0,0,0,0,0,0,0,4
0,0,0,0,0,0,0,0,0,0,0,0,0,0,0,0,0,0,0,0,0,0,0,0,0,0,0,0,23,79,255,253,253,253,255,253,165,141,29,29,0,0,0,0,0,51,170,169,234,252,253,252,252,252,253,252,252,252,253,252,0,0,10,110,197,246,253,252,252,252,244,168,130,56,56,56,143,168,168,168,0,0,79,252,252,252,253,252,252,202,25,0,0,0,0,0,0,0,0,0,0,0,141,253,253,253,226,113,113,13,0,0,0,0,0,0,0,0,0,0,0,0,116,252,252,252,207,94,13,0,0,0,0,0,0,0,0,0,0,0,0,0,19,168,234,252,253,252,209,97,0,0,0,0,0,0,0,0,0,0,0,0,0,0,22,178,253,252,252,252,214,113,25,0,0,0,0,0,0,0,0,0,0,0,0,0,76,225,247,253,254,253,253,103,13,0,0,0,0,0,0,0,0,0,0,0,0,0,66,184,197,208,252,252,188,0,0,0,0,0,0,0,0,0,0,0,0,0,0,0,0,13,94,243,247,172,19,0,0,0,0,0,0,0,0,0,0,0,0,0,0,0,0,125,253,252,56,0,0,0,0,0,0,0,147,253,0,0,0,0,0,0,0,0,254,253,168,0,0,0,0,0,0,0,197,252,0,0,0,0,0,0,0,0,253,252,142,0,0,0,0,0,0,0,197,252,0,0,0,0,0,0,0,126,253,252,56,0,0,0,0,0,0,0,147,252,0,0,0,0,0,26,200,249,253,202,6,0,0,0,0,0,0,0,85,253,192,66,29,29,141,216,253,253,251,75,0,0,0,0,0,0,0,0,85,252,253,252,252,252,253,252,252,227,75,0,0,0,0,0,0,0,0,0,57,243,253,252,252,252,253,252,148,31,0,0,0,0,0,0,5
0,0,0,0,0,0,0,0,0,0,0,0,0,0,0,0,0,0,0,0,0,0,0,0,0,0,32,67,127,160,234,254,255,200,0,0,0,0,0,0,0,0,0,0,0,30,226,254,254,254,254,254,254,252,116,0,0,0,0,0,0,0,0,0,0,34,238,254,252,195,112,115,254,254,130,0,0,0,0,0,0,0,0,0,0,0,118,143,98,0,0,76,254,254,75,0,0,0,0,0,0,0,0,0,0,0,0,0,0,0,0,76,254,236,6,0,0,0,0,0,0,0,0,0,0,0,0,0,0,0,8,221,254,228,0,0,0,0,0,0,0,0,0,0,0,0,0,0,0,45,127,254,254,110,0,0,0,0,0,0,0,0,0,0,0,0,0,22,211,249,254,254,208,2,0,0,0,0,0,0,0,0,0,0,0,0,0,140,254,254,254,254,247,86,0,0,0,0,0,0,0,0,0,0,0,0,0,119,255,204,198,254,254,210,0,0,0,0,0,0,0,0,0,0,0,0,0,0,0,0,4,177,255,240,20,0,0,0,0,0,0,0,0,0,0,0,0,0,0,0,0,65,251,254,158,0,0,0,0,0,0,0,0,0,0,0,0,0,0,0,0,0,165,254,130,0,0,0,0,0,0,0,0,0,0,0,0,0,0,0,0,23,241,254,75,0,0,0,0,0,0,50,4,0,0,0,0,0,0,0,0,66,247,236,6,0,0,0,0,0,0,14,4,44,86,114,68,12,0,0,5,179,212,116,0,0,0,0,0,0,0,0,131,212,254,254,254,226,32,0,45,254,220,14,0,0,0,0,0,0,0,0,61,103,103,103,232,254,189,102,100,254,129,0,0,0,0,0,0,0,0,0,0,0,0,0,123,246,255,254,242,134,3,0,0,0,0,0,0,0,3
0,0,0,0,0,0,0,0,0,0,17,116,249,253,253,226,0,0,0,0,0,0,0,0,0,0,0,0,0,10,143,253,253,253,253,224,0,0,0,0,0,0,0,0,0,0,0,0,0,143,253,253,250,220,237,52,0,0,0,0,0,0,0,0,0,0,0,0,63,239,253,253,117,60,122,0,0,0,0,0,0,0,0,0,0,0,0,23,222,253,253,205,9,7,5,0,0,0,0,0,0,0,0,0,0,0,0,70,253,253,220,21,0,0,0,0,0,0,0,0,0,0,0,0,0,0,9,231,253,248,86,0,0,0,0,0,0,0,0,0,0,0,0,0,0,0,163,253,253,137,0,0,0,0,0,0,0,0,0,0,0,0,0,0,0,53,244,253,235,56,0,0,0,0,0,0,0,0,0,0,0,0,0,0,0,82,253,253,82,0,0,0,0,0,0,0,0,0,0,0,0,0,0,0,0,183,253,249,54,0,0,0,0,15,64,119,7,0,0,0,0,0,0,0,0,189,253,205,0,0,0,0,66,224,253,253,152,0,0,0,0,0,0,0,0,189,253,205,0,0,21,137,251,253,253,253,241,35,0,0,0,0,0,0,42,251,253,210,28,180,246,253,253,253,253,253,191,2,0,0,0,0,0,0,14,210,253,253,253,253,253,253,253,253,253,246,95,0,0,0,0,0,0,0,0,145,253,253,253,253,253,253,253,253,214,42,0,0,0,0,0,0,0,0,0,96,253,253,253,253,253,253,237,149,24,0,0,0,0,0,0,0,0,0,0,189,253,253,199,183,160,75,37,0,0,0,0,0,0,0,0,0,0,0,0,189,249,125,9,0,0,0,0,0,0,0,0,0,0,0,0,0,0,0,0,0,0,0,0,0,0,0,0,0,0,0,0,0,0,0,6
0,0,0,0,0,0,0,0,0,0,0,191,47,0,0,0,0,0,0,0,0,0,0,0,0,0,0,0,0,0,0,197,156,0,0,0,0,0,0,0,0,0,0,0,0,0,0,0,0,0,0,197,160,0,0,0,0,0,0,0,0,0,0,0,0,0,0,0,0,0,16,225,160,0,0,0,0,0,0,0,0,0,0,0,0,0,0,0,0,0,71,254,160,0,0,0,0,0,0,0,0,0,0,0,0,0,0,0,0,0,122,254,160,0,0,0,0,0,0,0,0,0,0,0,0,0,0,0,0,0,151,254,160,0,0,0,0,0,0,0,0,0,0,0,0,0,0,0,0,0,211,254,73,0,0,0,0,0,0,0,0,0,0,0,0,0,0,0,0,42,252,250,55,0,0,0,0,0,0,0,0,0,0,0,0,0,0,0,0,124,254,237,0,0,0,0,0,0,0,0,0,0,0,0,0,0,0,0,8,212,254,162,0,0,0,0,0,0,0,0,0,0,0,0,0,0,0,0,128,254,254,110,0,0,0,0,0,0,0,0,0,0,0,0,0,0,0,0,148,254,243,37,0,0,0,0,0,0,0,0,0,0,0,0,0,0,0,0,208,254,163,0,0,0,0,0,0,0,0,0,0,0,0,0,0,0,0,70,254,254,133,0,0,0,0,0,0,0,0,0,0,0,0,0,0,0,0,154,254,254,84,0,0,0,0,0,0,0,0,0,0,0,0,0,0,0,0,161,254,202,7,0,0,0,0,0,0,0,0,0,0,0,0,0,0,0,0,234,254,121,0,0,0,0,0,0,0,0,0,0,0,0,0,0,0,0,0,246,254,116,0,0,0,0,0,0,0,0,0,0,0,0,0,0,0,0,0,161,182,10,0,0,0,0,0,0,0,0,0,0,1
0,0,0,0,0,0,0,0,1,189,254,139,0,0,0,0,0,0,0,0,0,0,0,0,0,0,0,0,46,254,254,52,0,0,0,0,0,0,0,0,0,0,0,0,0,0,0,0,130,254,239,24,0,0,0,0,0,0,0,0,0,0,0,0,0,0,0,0,166,254,151,0,0,0,0,0,0,0,0,0,0,0,0,0,0,0,0,0,167,254,93,0,0,0,0,0,0,0,0,0,0,0,0,0,0,0,0,0,247,254,65,0,0,0,0,0,0,0,0,0,0,0,0,0,0,0,0,41,250,254,65,0,0,0,0,0,0,0,0,0,0,0,0,0,0,0,0,154,254,252,54,0,0,0,0,0,0,0,0,0,0,0,0,0,0,0,0,154,254,238,0,0,0,0,0,0,0,0,0,0,0,0,0,0,0,0,0,226,254,120,0,0,0,0,0,0,0,0,0,0,0,0,0,0,0,0,58,253,254,77,0,0,0,0,0,0,0,0,0,0,0,0,0,0,0,0,23,242,254,74,0,0,7,81,90,35,0,0,0,0,0,0,0,0,0,0,61,254,250,0,18,115,243,254,254,252,91,0,0,0,0,0,0,0,0,0,61,254,250,0,110,254,248,150,66,242,234,0,0,0,0,0,0,0,0,0,61,254,250,0,175,254,125,0,0,236,234,0,0,0,0,0,0,0,0,0,9,238,254,131,161,254,247,146,162,252,130,0,0,0,0,0,0,0,0,0,0,139,254,254,247,254,254,254,254,177,0,0,0,0,0,0,0,0,0,0,0,4,143,199,234,255,254,208,124,5,0,0,0,0,0,0,0,0,0,0,0,0,0,0,0,0,0,0,0,0,0,0,0,0,0,0,0,0,0,0,0,0,0,0,0,0,0,0,0,0,0,0,0,0,6
220,251,205,240,231,213,216,204,231,252,227,235,238,214,248,251,204,224,228,222,205,204,224,250,250,218,226,202,246,243,228,215,209,204,214,253,223,223,202,243,204,253,221,201,217,222,212,231,244,238,207,231,253,234,204,237,212,235,248,200,216,238,212,206,231,214,230,219,206,252,226,213,214,223,249,249,240,225,237,249,237,220,227,240,250,238,241,206,208,207,223,231,242,242,232,219,233,222,222,252,202,246,216,200,214,240,232,226,229,203,254,205,238,223,204,232,218,222,244,251,218,218,234,228,201,221,211,224,202,220,222,233,223,248,205,253,252,222,207,252,200,211,250,233,222,252,249,240,223,226,215,200,230,212,201,242,216,236,215,238,205,219,238,204,248,233,240,229,209,212,228,212,203,247,250,237,238,253,214,218,207,248,211,253,233,241,249,200,201,226,221,203,234,230,224,233,213,254,209,201,220,231,234,205,202,217,226,254,230,233,246,234,227,234,203,200,231,229,232,212,241,218,248,200,252,216,219,200,210,247,218,252,246,201,253,252,215,232,200,202,225,242,227,254,223,235,210,221,232,211,222,217,217,231,245,236,218,241,216,249,223,204,245,218,202,201,249,208,210,244,249,241,223,235,252,249,215,213,237,227,251,248,205,215,240,215,253,252,227,205,251,218,205,227,244,200,214,233,212,251,221,231,201,218,200,240,208,218,231,204,219,234,231,217,238,241,236,206,210,211,230,216,234,242,214,211,208,235,220,213,233,226,238,232,250,231,211,232,226,222,210,207,241,245,254,221,214,232,248,200,253,206,241,236,223,246,220,237,234,233,205,200,242,218,230,236,236,211,219,214,211,239,234,214,242,208,226,236,225,218,249,248,226,208,201,226,200,235,206,243,222,252,229,213,210,244,250,220,213,242,2
0,0,0,0,0,0,0,0,0,47,233,253,253,63,0,0,0,0,0,0,0,0,0,0,0,0,0,11,155,233,252,252,252,144,0,0,0,0,0,0,0,0,0,0,0,0,11,150,252,253,252,252,252,144,0,0,0,0,0,0,0,0,0,0,0,0,73,252,252,253,168,252,252,144,0,0,0,0,0,0,0,0,0,0,1,109,232,252,252,206,93,252,252,144,0,0,0,0,0,0,0,0,0,0,42,252,252,252,128,20,73,252,252,104,0,0,0,0,0,0,0,0,0,27,221,252,252,252,190,0,94,252,252,0,0,0,0,0,0,0,0,0,0,37,252,252,210,108,46,0,217,252,252,0,0,0,0,0,0,0,0,0,0,37,253,253,180,0,0,0,218,253,253,0,0,0,0,0,0,0,0,0,0,5,159,252,179,0,0,0,217,252,252,42,0,0,0,0,0,0,0,0,0,0,41,252,231,160,37,21,217,252,252,125,0,0,0,0,0,0,0,0,0,0,1,169,252,252,252,207,237,252,252,0,0,0,0,0,0,0,0,0,0,0,0,0,125,222,253,255,253,253,253,63,0,0,0,0,0,0,0,0,0,0,0,0,0,46,221,253,252,252,252,176,52,0,0,0,0,0,0,0,0,0,0,0,0,0,41,72,227,252,252,253,231,160,16,0,0,0,0,0,0,0,0,0,0,0,0,0,134,252,252,253,252,252,190,0,0,0,0,0,0,0,0,0,0,0,0,0,42,222,253,255,253,253,253,192,15,0,0,0,0,0,0,0,0,0,0,0,0,57,252,253,252,252,252,253,35,0,0,0,0,0,0,0,0,0,0,0,0,11,154,253,252,252,252,237,30,0,0,0,0,0,0,0,0,0,0,0,0,0,0,108,148,252,252,62,0,0,8
0,0,0,0,0,0,0,0,0,0,0,0,0,0,0,0,0,0,0,0,0,0,0,0,0,0,0,14,54,150,238,254,255,254,218,9,0,0,0,0,0,0,0,0,0,0,59,213,253,253,253,253,253,253,253,15,0,0,0,0,0,0,0,0,0,0,230,253,253,253,236,50,105,253,226,13,0,85,210,244,0,0,0,0,0,0,157,253,253,253,103,0,26,151,17,0,60,237,253,253,0,0,0,0,0,0,11,123,250,253,241,11,0,0,10,95,248,253,247,134,0,0,0,0,0,0,0,0,122,253,253,185,15,89,203,253,253,218,91,0,0,0,0,0,0,0,0,0,9,212,253,253,229,253,253,253,242,36,0,0,0,0,0,0,0,0,0,0,0,99,253,253,253,253,253,182,25,0,0,0,0,0,0,0,0,0,0,0,9,187,253,253,253,236,109,3,0,0,0,0,0,0,0,0,0,0,0,67,202,253,253,253,253,148,0,0,0,0,0,0,0,0,0,0,0,0,62,238,253,253,253,253,253,109,0,0,0,0,0,0,0,0,0,0,0,108,243,253,251,212,187,253,253,109,0,0,0,0,0,0,0,0,0,0,64,237,253,228,155,0,188,253,253,72,0,0,0,0,0,0,0,0,0,63,243,253,227,42,0,8,218,253,201,2,0,0,0,0,0,0,0,0,34,238,253,253,92,0,5,122,253,253,124,0,0,0,0,0,0,0,0,0,56,253,253,128,2,0,25,253,253,219,26,0,0,0,0,0,0,0,0,0,150,253,244,49,0,77,210,253,252,72,0,0,0,0,0,0,0,0,0,0,146,253,233,115,167,243,253,247,68,0,0,0,0,0,0,0,0,0,0,0,47,253,253,253,253,253,197,32,0,0,0,0,0,0,0,0,0,0,8
0,0,0,0,0,0,0,0,0,0,0,0,0,0,0,0,0,0,0,0,0,0,0,0,0,0,0,0,0,0,0,0,64,115,166,137,3,0,100,246,0,0,0,0,0,0,0,0,0,18,84,200,252,250,192,212,147,14,192,238,0,0,0,0,0,0,0,0,34,202,254,228,121,25,0,66,199,125,254,161,0,0,0,0,0,0,0,2,186,254,118,19,0,0,0,0,139,254,208,8,0,0,0,0,0,0,0,120,254,120,4,0,0,0,1,111,234,172,26,0,0,0,0,0,0,0,0,188,254,4,0,0,0,1,109,254,198,30,0,0,0,0,0,0,0,0,0,188,254,4,0,0,0,110,254,169,3,0,0,0,0,0,0,0,0,0,0,188,254,29,0,13,188,254,168,2,0,0,0,0,0,0,0,0,0,0,0,116,254,114,14,187,254,133,5,0,0,0,0,0,0,0,0,0,0,0,0,8,240,246,199,247,94,7,0,0,0,0,0,0,0,0,0,0,0,0,0,0,175,254,254,94,0,0,0,0,0,0,0,0,0,0,0,0,0,0,0,83,236,248,254,69,0,0,0,0,0,0,0,0,0,0,0,0,0,0,83,236,188,48,242,153,0,0,0,0,0,0,0,0,0,0,0,0,0,12,218,157,0,0,177,240,30,0,0,0,0,0,0,0,0,0,0,0,14,188,217,26,0,0,148,254,44,0,0,0,0,0,0,0,0,0,0,0,119,247,50,0,0,0,148,254,44,0,0,0,0,0,0,0,0,0,0,10,233,173,0,0,0,12,165,254,44,0,0,0,0,0,0,0,0,0,0,63,254,67,0,0,19,186,254,177,9,0,0,0,0,0,0,0,0,0,0,16,235,224,122,169,235,251,168,30,0,0,0,0,0,0,0,0,8
0,0,0,0,0,0,0,0,0,0,0,0,0,0,0,0,0,0,0,0,0,0,0,0,0,0,0,0,0,0,0,128,191,255,255,64,0,0,0,0,0,0,0,0,0,0,0,0,0,64,255,255,255,255,255,128,0,0,0,0,0,0,0,0,0,0,0,255,255,255,255,255,255,255,191,0,0,0,0,0,0,0,0,0,0,0,191,255,255,255,255,255,128,64,0,0,0,0,0,0,0,0,0,0,0,64,255,255,191,128,64,0,0,0,0,0,0,0,0,0,0,0,0,0,0,128,255,255,128,0,0,0,0,0,0,0,0,0,0,0,0,0,0,0,0,0,255,255,191,0,0,0,0,0,0,0,0,0,0,0,0,0,0,0,0,0,64,255,255,191,0,0,0,0,0,0,0,0,0,0,0,0,0,0,0,0,0,255,255,255,191,0,0,0,0,0,0,0,0,0,0,0,0,0,0,0,0,64,255,255,255,128,0,0,0,0,0,0,0,0,0,0,0,0,0,0,0,0,64,255,255,255,64,0,0,0,0,0,0,0,0,0,0,0,0,0,0,0,0,64,255,255,191,0,0,0,0,0,0,0,0,0,0,0,0,0,0,0,0,0,191,255,255,64,0,0,0,0,0,0,0,0,0,0,0,0,0,0,0,0,0,255,255,191,0,0,0,0,0,0,0,0,0,0,0,0,0,0,0,0,0,191,255,255,0,0,0,0,0,0,0,0,0,0,0,0,0,0,0,0,0,128,255,255,0,0,0,0,0,0,0,0,0,0,0,0,0,0,0,0,64,191,255,255,128,0,0,0,0,0,0,0,0,0,64,128,128,128,128,255,255,255,255,191,0,0,0,0,0,0,0,0,0,0,128,255,255,255,255,255,255,255,128,64,0,0,0,0,0,0,5
0,0,0,0,0,50,249,231,96,0,0,0,0,0,0,0,0,0,0,0,0,0,0,0,0,19,242,254,116,0,0,0,0,0,0,0,0,0,0,0,0,0,0,27,33,70,254,254,225,40,0,0,0,0,0,0,0,0,0,0,0,0,0,0,0,53,250,254,221,20,0,0,0,0,0,0,0,0,0,0,0,0,0,0,0,63,252,254,197,0,0,0,0,0,0,0,0,0,0,0,0,0,0,0,0,87,254,254,122,11,98,138,138,127,46,0,0,0,0,0,0,0,0,0,14,203,254,254,176,227,254,254,254,254,250,211,48,0,3,105,0,0,0,0,89,254,254,254,254,254,254,232,197,200,254,254,230,48,13,245,0,0,0,0,173,254,254,254,254,246,125,21,0,6,93,232,254,225,24,245,0,0,0,38,250,254,254,254,254,161,0,0,0,0,0,72,254,254,151,192,0,0,0,78,254,254,254,254,254,77,0,0,0,0,0,26,254,254,161,40,0,0,0,78,254,254,254,254,254,39,0,0,0,0,0,26,254,254,154,0,0,0,0,78,254,254,217,254,254,221,158,0,0,0,0,18,233,254,147,0,0,0,0,78,254,254,202,254,254,254,171,0,0,0,3,129,254,247,42,47,0,0,0,21,214,254,254,254,254,254,121,0,0,2,72,254,254,198,13,245,0,0,0,0,96,250,254,254,254,218,43,24,96,117,254,254,203,19,13,242,0,0,0,0,0,95,252,254,254,254,254,254,254,254,254,233,19,0,9,73,0,0,0,0,0,0,49,181,254,254,254,254,211,167,157,18,0,0,0,0,0,0,0,0,0,0,0,0,0,0,0,0,0,0,0,0,0,0,0,0,0,0,0,0,0,0,0,0,0,0,0,0,0,0,0,0,0,0,0,0,6
0,0,0,0,0,0,0,0,0,0,0,0,0,0,0,0,0,0,0,0,0,0,0,0,0,0,0,0,0,0,0,0,0,0,0,0,0,0,0,0,0,0,0,0,0,0,0,21,213,211,0,0,0,0,0,0,0,0,0,0,0,0,0,0,0,0,18,204,254,206,0,0,0,0,8,5,0,0,0,0,0,0,0,0,0,0,131,254,242,72,0,0,0,42,228,120,0,0,0,0,0,0,0,0,0,49,247,254,118,0,0,0,0,172,254,120,0,0,0,0,0,0,0,0,21,233,254,254,36,0,0,0,0,225,254,51,0,0,0,0,0,0,0,9,175,254,250,111,1,0,0,0,36,240,245,17,0,0,0,0,0,0,0,76,254,254,109,0,0,0,0,0,104,254,174,0,0,0,0,0,0,0,12,213,254,254,146,49,0,0,0,0,170,254,80,0,0,0,0,0,0,0,60,254,254,254,254,232,176,56,0,6,202,254,75,0,0,0,0,0,0,0,1,74,54,38,121,223,254,253,227,156,254,254,75,0,0,0,0,0,0,0,0,0,0,0,0,19,109,149,212,250,254,254,75,0,0,0,0,0,0,0,0,0,0,0,0,0,0,0,0,16,254,239,28,0,0,0,0,0,0,0,0,0,0,0,0,0,0,0,0,101,254,229,0,0,0,0,0,0,0,0,0,0,0,0,0,0,0,0,0,116,254,202,0,0,0,0,0,0,0,0,0,0,0,0,0,0,0,0,0,204,254,120,0,0,0,0,0,0,0,0,0,0,0,0,0,0,0,0,0,215,254,30,0,0,0,0,0,0,0,0,0,0,0,0,0,0,0,0,56,252,254,30,0,0,0,0,0,0,0,0,0,0,0,0,0,0,0,0,61,254,254,30,0,0,0,0,0,0,4
0,0,0,0,0,0,0,0,0,144,253,252,215,0,0,0,0,0,0,0,0,0,0,0,0,0,0,0,21,206,253,252,132,0,0,0,0,0,0,0,0,0,0,0,0,0,0,0,99,252,253,220,41,0,0,0,0,0,0,0,0,0,0,0,0,0,0,63,242,252,253,55,0,0,0,0,0,0,0,0,0,0,0,0,0,0,0,94,252,252,237,30,0,0,0,0,0,0,0,0,0,0,0,0,0,0,0,217,252,252,62,0,0,0,0,0,0,0,0,0,0,0,0,0,0,63,253,253,253,191,0,0,0,0,0,0,0,0,0,0,0,0,0,0,0,144,252,252,252,108,0,0,0,0,0,0,0,0,0,0,0,0,0,0,0,144,252,252,226,31,0,0,0,0,16,37,11,0,0,0,0,0,0,0,0,144,252,252,132,0,0,0,21,144,191,252,154,0,0,0,0,0,0,0,0,145,253,253,72,0,47,233,253,253,255,253,253,170,0,0,0,0,0,0,0,144,252,231,51,125,233,252,252,252,253,252,252,252,0,0,0,0,0,0,0,144,252,231,181,221,253,252,252,252,232,252,252,252,0,0,0,0,0,0,0,62,252,252,252,252,253,252,231,108,109,252,252,252,0,0,0,0,0,0,0,1,253,253,253,253,255,253,149,191,255,253,253,191,0,0,0,0,0,0,0,42,252,252,252,252,253,252,252,252,253,252,179,15,0,0,0,0,0,0,0,125,252,252,252,252,253,252,252,252,237,215,61,0,0,0,0,0,0,0,0,1,169,210,108,190,253,252,252,168,62,0,0,0,0,0,0,0,0,0,0,0,0,0,0,0,0,0,0,0,0,0,0,0,0,0,0,0,0,0,0,0,0,0,0,0,0,0,0,0,0,0,0,0,0,0,6
0,0,0,0,0,0,0,0,0,0,0,0,0,38,228,118,0,0,0,0,0,0,0,0,0,0,0,0,0,0,16,4,21,224,253,181,0,0,0,0,0,0,0,0,0,0,0,0,3,37,228,220,95,38,201,181,0,0,0,0,0,0,0,0,0,0,0,3,132,253,254,253,245,100,253,142,0,0,0,0,0,0,0,0,0,0,0,69,253,253,98,247,253,227,253,91,0,0,0,0,0,0,0,0,0,0,16,196,242,52,255,186,191,254,228,0,0,0,0,0,0,0,0,0,0,0,55,253,235,59,83,2,172,253,78,0,0,0,0,0,0,0,0,0,0,0,55,253,244,95,0,28,235,231,36,0,0,0,0,0,0,0,0,0,0,0,12,179,253,233,51,166,253,73,0,0,0,0,0,0,0,0,0,0,0,0,0,24,233,253,254,253,162,16,0,0,0,0,0,0,0,0,0,0,0,0,0,0,19,254,255,218,13,0,0,0,0,0,0,0,0,0,0,0,0,0,0,8,166,253,254,229,21,0,0,0,0,0,0,0,0,0,0,0,0,0,41,210,253,240,241,253,164,8,0,0,0,0,0,0,0,0,0,0,0,32,224,253,245,61,61,245,253,100,0,0,0,0,0,0,0,0,0,0,0,137,253,253,137,0,0,138,253,235,0,0,0,0,0,0,0,0,0,0,118,255,254,191,0,0,0,40,243,254,72,0,0,0,0,0,0,0,0,0,181,254,202,22,0,0,0,32,238,253,72,0,0,0,0,0,0,0,0,7,207,254,128,37,37,69,186,225,253,179,11,0,0,0,0,0,0,0,0,0,135,254,253,253,253,253,254,253,224,31,0,0,0,0,0,0,0,0,0,0,0,98,181,253,214,162,136,72,11,0,0,0,0,0,0,0,8
0,0,0,0,0,0,0,0,0,0,0,0,0,0,0,0,0,0,0,0,0,0,0,0,0,0,0,0,13,114,114,160,175,254,175,114,13,0,0,0,0,0,0,0,0,38,132,226,229,253,254,253,253,253,253,254,153,0,0,0,0,0,0,0,0,224,253,253,253,253,254,253,240,203,253,254,235,44,0,0,0,0,0,0,0,254,253,253,253,253,242,99,72,54,253,254,228,50,0,0,0,0,0,0,0,175,253,142,112,112,63,0,135,253,253,254,27,0,0,0,0,0,0,0,0,0,0,0,0,0,51,160,255,254,255,205,16,0,0,0,0,0,0,0,0,0,0,67,101,226,239,253,253,253,127,16,0,0,0,0,0,0,0,0,32,121,198,241,253,253,254,253,240,102,25,0,0,0,0,0,0,0,0,19,216,254,253,253,253,253,254,253,203,10,0,0,0,0,0,0,0,0,0,13,112,175,253,253,158,112,113,238,253,178,63,0,0,0,0,0,0,0,0,0,0,0,0,0,0,0,0,0,57,254,113,0,0,0,0,0,0,0,0,0,0,0,0,0,0,0,0,0,7,178,238,0,0,0,0,0,0,0,0,0,0,0,0,0,0,0,0,0,13,188,253,0,0,0,0,0,0,0,0,0,0,0,0,0,0,0,0,0,51,244,253,16,0,0,0,0,0,0,0,0,0,0,0,0,0,0,0,0,32,216,253,63,0,0,0,0,0,0,121,254,175,0,0,0,0,0,0,0,57,254,191,0,0,0,0,0,0,0,198,253,253,227,101,67,0,0,0,76,201,253,112,0,0,0,0,0,0,0,198,253,253,254,253,241,198,198,199,247,253,199,25,0,0,0,0,0,0,0,66,84,162,254,253,253,253,253,254,253,199,28,0,0,0,0,0,0,3
0,0,0,0,0,0,0,0,0,0,0,0,0,0,0,0,0,0,0,0,0,0,0,0,0,0,0,0,0,0,0,0,0,0,0,0,0,0,0,0,0,0,0,0,0,0,0,0,0,0,0,0,0,0,0,0,0,0,0,0,0,0,0,0,0,0,43,253,245,148,148,43,43,43,43,43,43,78,148,122,0,0,0,0,0,0,78,252,252,252,252,253,252,252,252,252,253,252,252,252,0,0,0,0,0,54,245,252,128,47,126,144,231,231,231,231,253,252,251,91,0,0,0,0,27,193,253,196,7,0,0,0,0,0,0,116,253,252,91,0,0,0,0,9,176,246,236,54,0,0,0,0,0,9,132,228,253,137,4,0,0,0,0,31,218,253,132,0,0,0,0,0,15,96,218,253,132,0,0,0,0,0,0,162,252,182,45,0,0,0,0,0,85,244,252,182,0,0,0,0,0,0,0,125,205,65,0,0,0,0,9,145,247,251,160,21,0,0,0,0,0,0,0,0,0,0,0,0,0,0,106,253,252,178,0,0,0,0,0,0,0,0,0,0,0,0,0,0,0,98,228,253,94,4,0,0,0,0,0,0,0,0,0,0,0,0,0,0,31,218,253,194,0,0,0,0,0,0,0,0,0,0,0,0,0,0,0,0,162,252,217,27,0,0,0,0,0,0,0,0,0,0,0,0,0,0,4,136,251,212,29,0,0,0,0,0,0,0,0,0,0,0,0,0,0,0,139,252,238,28,0,0,0,0,0,0,0,0,0,0,0,0,0,0,0,89,253,252,99,0,0,0,0,0,0,0,0,0,0,0,0,0,0,0,109,253,255,107,0,0,0,0,0,0,0,0,0,0,0,0,0,0,0,131,206,252,107,16,0,0,0,0,0,0,0,0,0,0,0,0,7
0,0,0,0,0,0,0,23,143,254,219,50,0,0,0,0,0,0,0,0,0,0,0,0,0,0,59,208,254,254,240,247,123,0,0,0,0,0,0,0,0,0,0,0,0,0,117,254,251,119,36,251,245,86,0,0,0,0,0,0,0,0,0,0,0,0,207,254,197,0,0,78,245,250,57,0,0,0,0,0,0,0,0,0,0,44,233,254,207,7,0,0,80,243,150,21,0,0,0,0,0,0,0,0,0,141,252,241,228,21,0,0,0,191,254,154,0,0,0,0,0,0,0,0,0,141,168,57,213,44,0,0,0,38,254,240,65,0,0,0,0,0,0,0,0,197,140,0,121,67,0,0,0,1,172,254,161,0,0,0,0,0,0,0,9,238,140,0,0,0,0,0,0,0,53,234,244,47,0,0,0,0,0,0,76,254,106,0,0,0,0,0,0,0,0,141,254,169,0,0,0,0,0,0,101,254,82,0,0,0,0,0,0,0,0,48,254,169,0,0,0,0,0,0,169,254,82,0,0,0,0,0,0,0,0,23,229,169,0,0,0,0,0,0,169,254,47,0,0,0,0,0,0,0,0,0,207,169,0,0,0,0,0,0,169,254,110,0,0,0,0,0,0,0,0,60,238,169,0,0,0,0,0,0,152,254,140,0,0,0,0,0,0,0,0,159,254,151,0,0,0,0,0,0,76,254,182,0,0,0,0,0,0,1,111,250,238,42,0,0,0,0,0,0,51,248,248,85,0,0,0,0,76,161,254,254,110,0,0,0,0,0,0,0,0,179,254,251,154,151,186,246,253,254,254,131,2,0,0,0,0,0,0,0,0,39,231,254,254,254,254,255,249,187,69,3,0,0,0,0,0,0,0,0,0,0,96,191,254,243,159,160,66,0,0,0,0,0,0,0,0
0,0,0,0,0,0,0,0,0,0,0,0,0,0,0,0,0,0,0,0,0,0,0,0,0,0,0,0,0,0,0,0,0,0,0,0,0,0,0,0,0,0,0,103,254,233,172,172,144,91,91,91,47,0,0,0,0,0,0,0,0,0,0,15,92,176,237,243,254,254,254,254,130,0,0,0,0,0,0,0,0,0,0,0,0,0,0,22,66,92,171,254,130,0,0,0,0,0,0,0,0,0,0,0,0,0,0,0,0,0,107,254,130,0,0,0,0,0,0,0,0,0,0,0,0,0,0,0,0,0,107,254,130,0,0,0,0,0,0,0,0,0,0,0,0,0,0,0,0,0,123,254,62,0,0,0,0,0,0,0,0,0,0,0,0,0,0,0,0,0,189,254,49,0,0,0,0,0,0,0,0,0,0,0,0,0,0,0,0,0,189,243,33,0,0,0,0,0,0,0,0,0,0,0,0,0,0,0,0,16,250,244,35,0,0,0,0,0,0,0,0,0,0,0,0,0,0,0,0,17,254,221,0,0,0,0,0,0,0,0,0,0,0,0,0,0,0,0,0,73,255,221,0,0,0,0,0,0,0,0,0,0,0,0,0,0,0,0,0,99,254,162,0,0,0,0,0,0,0,0,0,0,0,0,0,0,0,0,0,99,254,147,0,0,0,0,0,0,0,0,0,0,0,0,0,0,0,0,0,99,254,184,0,0,0,0,0,0,0,0,0,0,0,0,0,0,0,0,0,99,254,139,0,0,0,0,0,0,0,0,0,0,0,0,0,0,0,0,0,99,254,139,0,0,0,0,0,0,0,0,0,0,0,0,0,0,0,0,0,99,254,139,0,0,0,0,0,0,0,0,0,0,0,0,0,0,0,0,0,51,254,160,0,0,0,0,0,0,0,0,7
0,0,0,0,0,0,0,0,0,0,0,0,0,0,0,0,0,0,0,0,0,0,0,0,0,0,0,0,0,0,0,0,0,0,0,0,0,0,0,0,0,0,0,0,0,0,0,0,0,9,13,0,0,0,0,0,0,0,38,138,0,0,0,0,0,0,0,0,66,194,158,0,0,0,0,0,0,9,155,235,0,0,0,0,0,0,0,45,203,252,221,0,0,0,0,0,7,155,252,128,0,0,0,0,0,0,19,236,252,218,35,0,0,0,0,0,160,252,195,9,0,0,0,0,0,53,233,252,221,35,0,0,0,0,0,210,253,231,48,0,0,0,0,0,19,181,255,228,32,0,0,0,0,7,118,243,242,135,0,0,0,0,0,66,236,252,249,117,0,0,0,0,9,155,252,252,116,0,0,0,0,0,34,234,252,252,178,0,0,0,0,0,130,252,252,252,101,70,101,184,0,9,174,252,252,252,249,207,207,165,144,104,236,252,252,252,253,252,227,202,0,181,252,252,252,252,253,252,200,252,252,253,252,252,252,252,253,157,16,11,0,255,253,253,234,126,116,116,32,208,253,255,165,116,116,116,106,0,0,0,0,154,206,123,17,0,0,0,66,236,252,228,75,0,0,0,0,0,0,0,0,0,0,0,0,0,0,13,203,252,252,32,0,0,0,0,0,0,0,0,0,0,0,0,0,0,9,174,252,218,56,0,0,0,0,0,0,0,0,0,0,0,0,0,0,0,76,252,252,56,0,0,0,0,0,0,0,0,0,0,0,0,0,0,0,127,255,249,63,0,0,0,0,0,0,0,0,0,0,0,0,0,0,0,17,234,249,117,0,0,0,0,0,0,0,0,0,0,0,0,0,0,0,0,176,168,63,0,0,0,0,0,0,0,0,0,0,0,0,0,4
0,0,0,0,0,0,0,0,0,0,0,0,0,0,0,0,0,0,0,0,0,0,0,0,7,58,111,111,77,11,3,0,0,0,0,0,0,0,0,0,0,0,15,109,222,253,253,253,253,253,185,106,13,0,0,0,0,0,0,0,0,0,71,245,208,173,133,83,68,133,210,245,185,53,0,0,0,0,0,0,0,0,255,143,0,0,0,0,0,0,0,106,239,193,0,0,0,0,0,0,0,0,86,110,0,0,0,0,0,0,0,0,153,248,126,0,0,0,0,0,0,0,0,0,0,0,0,0,0,0,0,0,105,253,172,0,0,0,0,0,0,0,0,0,0,0,0,0,0,0,0,0,8,202,238,0,0,0,0,0,0,0,0,0,0,0,0,0,0,0,0,0,42,232,238,0,0,0,0,0,0,0,0,0,0,0,0,0,0,0,0,0,105,253,140,0,0,0,0,0,0,0,0,0,0,0,0,0,0,0,0,21,205,229,82,0,0,0,0,0,0,0,0,0,0,0,0,0,0,34,38,113,253,170,0,0,0,0,0,0,0,0,0,0,0,0,0,65,148,236,239,238,249,15,0,0,0,0,0,0,0,0,0,0,0,0,78,246,253,253,253,253,252,108,11,0,0,0,0,25,0,0,0,0,0,77,244,207,38,242,254,170,209,244,229,158,37,26,79,201,0,0,0,0,21,230,200,60,204,253,155,2,0,71,178,253,253,253,179,73,0,0,0,0,157,254,248,244,254,111,5,0,0,0,2,20,20,20,2,0,0,0,0,0,164,254,253,196,64,4,0,0,0,0,0,0,0,0,0,0,0,0,0,0,32,109,80,5,0,0,0,0,0,0,0,0,0,0,0,0,0,0,0,0,0,0,0,0,0,0,0,0,0,0,0,0,0,0,0,0,2
0,0,0,0,0,0,0,91,254,151,0,0,0,0,0,0,0,0,0,0,0,0,0,0,0,0,0,141,229,34,0,0,0,0,0,0,0,0,0,0,0,0,0,0,0,0,26,233,161,0,0,0,0,0,0,0,0,0,0,0,0,0,0,0,0,0,123,254,152,0,0,0,0,0,0,0,0,0,0,0,0,0,0,0,0,0,139,245,44,0,0,0,0,0,0,0,0,0,0,0,0,0,0,0,0,0,198,231,0,0,0,0,0,0,0,0,0,0,0,0,0,0,0,0,0,13,235,146,0,0,0,0,0,0,0,0,0,0,0,0,0,0,0,0,0,70,254,138,0,0,0,0,0,0,0,0,0,0,0,0,0,0,0,0,0,70,254,138,0,0,0,0,0,0,0,0,0,0,0,0,0,0,0,0,0,70,254,138,0,0,0,7,104,162,65,0,0,0,0,0,0,0,0,0,0,70,254,138,0,0,0,91,254,254,250,59,0,0,0,0,0,0,0,0,0,38,243,180,0,0,39,245,254,164,252,180,0,0,0,0,0,0,0,0,0,0,231,247,51,0,47,254,220,0,231,247,51,0,0,0,0,0,0,0,0,0,139,255,153,0,47,255,103,0,232,255,69,0,0,0,0,0,0,0,0,0,30,229,254,148,42,245,203,139,244,216,7,0,0,0,0,0,0,0,0,0,0,89,239,254,212,245,254,254,216,42,0,0,0,0,0,0,0,0,0,0,0,0,26,161,212,254,254,136,7,0,0,0,0,0,0,0,0,0,0,0,0,0,0,0,0,0,0,0,0,0,0,0,0,0,0,0,0,0,0,0,0,0,0,0,0,0,0,0,0,0,0,0,0,0,0,0,0,0,0,0,0,0,0,0,0,0,0,0,0,0,0,0,0,0,6
0,0,0,77,204,254,254,254,255,160,40,0,0,0,0,0,0,0,0,0,0,0,153,243,152,68,13,13,97,213,237,88,0,0,0,0,0,0,0,0,0,23,227,82,0,0,0,0,0,14,134,230,14,0,0,0,0,0,0,0,0,53,82,0,0,0,0,0,0,0,30,225,146,0,0,0,0,0,0,0,0,14,6,0,0,0,0,0,0,12,138,240,146,0,0,0,0,0,0,0,0,0,0,0,0,0,0,0,9,169,249,133,0,0,0,0,0,0,0,0,0,0,0,0,0,0,59,141,248,254,72,0,0,0,0,0,0,0,0,0,0,0,0,0,0,4,202,203,254,254,208,87,0,0,0,0,0,0,0,0,0,0,0,0,0,0,12,6,17,17,103,239,139,20,0,0,0,0,0,0,0,0,0,0,0,0,0,0,0,0,0,62,201,205,68,0,0,0,0,0,0,0,0,0,0,0,0,0,0,0,0,0,18,203,218,33,0,0,0,0,0,0,0,0,0,0,0,0,0,0,0,0,0,19,140,223,22,0,0,0,0,0,0,0,0,0,0,0,0,0,0,0,0,0,19,237,188,0,0,0,0,0,0,0,0,0,0,0,0,0,0,0,0,0,0,84,240,61,0,0,0,0,0,0,0,0,0,0,0,0,0,0,0,0,0,21,232,192,0,0,0,0,0,0,19,0,0,0,0,0,0,0,0,0,0,0,137,227,0,0,0,0,0,0,185,58,0,0,0,0,0,0,0,0,0,0,129,227,0,0,0,0,0,0,160,76,0,0,0,0,0,0,0,0,0,0,129,227,0,0,0,0,0,0,43,226,130,103,20,14,3,0,10,14,14,52,223,186,0,0,0,0,0,0,0,56,136,164,248,254,149,128,233,254,254,254,194,15,0,0,3
0,0,0,0,0,0,0,0,0,0,0,0,0,0,0,0,0,0,0,0,0,0,0,0,0,0,0,0,0,0,0,0,0,0,0,0,0,0,0,0,0,0,0,0,0,0,0,0,0,55,116,0,0,0,14,200,17,0,0,0,0,0,0,0,0,0,0,0,6,224,230,6,0,0,214,254,52,0,0,0,0,0,0,0,0,0,0,0,113,254,125,0,0,32,239,254,52,0,0,0,0,0,0,0,0,0,0,35,247,254,9,0,0,72,254,222,6,0,0,0,0,0,0,0,0,0,14,213,254,208,0,0,0,155,254,173,0,0,0,0,0,0,0,0,0,0,100,254,249,56,24,36,24,232,254,58,0,0,0,0,0,0,0,0,0,16,207,254,249,144,237,254,236,254,249,39,0,0,0,0,0,0,0,0,4,141,254,254,254,248,237,236,252,254,204,0,0,0,0,0,0,0,0,0,48,254,254,244,124,46,0,27,243,254,59,0,0,0,0,0,0,0,0,37,216,254,235,46,0,0,0,101,254,235,23,0,0,0,0,0,0,0,0,141,254,231,49,0,0,0,0,216,254,174,0,0,0,0,0,0,0,0,0,72,168,53,0,0,0,0,0,246,254,59,0,0,0,0,0,0,0,0,0,0,0,0,0,0,0,0,47,250,254,26,0,0,0,0,0,0,0,0,0,0,0,0,0,0,0,0,158,254,220,12,0,0,0,0,0,0,0,0,0,0,0,0,0,0,0,0,167,254,213,9,0,0,0,0,0,0,0,0,0,0,0,0,0,0,0,0,167,254,120,0,0,0,0,0,0,0,0,0,0,0,0,0,0,0,0,0,237,254,105,0,0,0,0,0,0,0,0,0,0,0,0,0,0,0,0,37,255,254,38,0,0,0,0,0,0,0,4
0,0,0,0,0,0,0,0,0,0,0,0,0,0,0,0,0,0,0,0,0,0,0,0,0,0,0,0,0,0,0,0,0,0,0,0,0,0,0,0,0,0,0,0,0,0,0,0,0,0,0,0,0,0,0,0,0,0,0,0,0,0,94,226,12,0,0,0,0,0,0,0,0,0,0,0,0,0,0,0,10,101,247,253,116,0,0,0,0,0,0,0,0,0,0,0,0,0,0,0,105,253,253,253,242,40,0,0,0,0,0,0,0,0,0,15,104,42,0,0,159,253,225,253,253,208,23,0,0,0,0,0,0,0,14,220,253,103,0,0,159,253,136,139,249,253,209,86,7,0,0,0,0,14,190,253,253,103,0,0,201,250,52,0,221,253,253,253,203,113,79,113,113,154,253,253,215,22,0,0,254,215,0,0,14,189,253,253,253,253,254,253,253,253,253,253,102,0,0,0,233,194,0,0,0,4,141,230,253,253,254,253,230,168,242,253,75,13,113,209,59,18,0,0,27,29,29,196,253,253,229,90,144,150,250,253,227,224,253,172,0,0,0,28,241,253,253,253,253,253,254,253,253,253,253,253,253,253,253,125,0,0,0,76,254,254,254,254,229,254,255,254,254,234,249,254,207,132,49,0,0,0,0,37,208,138,55,28,18,28,28,28,28,20,151,253,75,0,0,0,0,0,0,0,0,0,0,0,0,0,0,0,0,0,141,239,20,0,0,0,0,0,0,0,0,0,0,0,0,0,0,0,0,0,141,253,75,0,0,0,0,0,0,0,0,0,0,0,0,0,0,0,0,0,124,253,75,0,0,0,0,0,0,0,0,0,0,0,0,0,0,0,0,0,48,253,75,0,0,0,0,0,0,0,0,0,0,0,0,0,0,0,0,0,14,220,106,0,0,0,7
0,0,0,0,0,0,0,0,0,0,0,0,0,0,0,187,213,0,0,0,0,0,0,0,0,0,0,0,0,0,0,0,0,0,190,249,212,0,0,0,0,0,0,0,0,0,0,0,0,0,0,0,0,0,200,252,162,0,0,0,0,0,0,0,0,0,0,0,0,0,0,0,0,68,244,235,54,0,0,0,0,0,0,0,0,0,0,0,0,0,0,0,25,196,252,198,0,0,0,0,0,0,0,0,0,0,0,0,0,0,0,0,94,252,238,87,0,0,0,0,0,0,0,0,0,0,0,0,0,0,0,17,189,252,94,0,0,0,0,0,0,0,0,0,0,0,0,0,0,0,0,121,252,243,47,0,0,0,0,0,0,0,0,0,0,0,0,0,0,0,70,247,247,163,0,0,0,0,0,0,0,0,0,0,0,0,0,0,0,71,190,252,158,0,0,0,0,0,0,0,0,0,0,0,0,0,0,0,7,190,255,253,97,0,0,0,0,0,0,0,0,0,0,0,0,0,0,12,185,252,253,24,2,0,0,0,0,0,0,0,0,0,0,0,0,0,0,77,252,252,97,2,0,0,0,0,0,0,0,0,0,0,0,0,0,0,77,238,252,139,0,0,0,0,0,0,0,0,0,0,0,0,0,0,0,15,194,252,206,25,0,0,0,0,0,0,0,0,0,0,0,0,0,0,15,166,252,232,28,0,0,0,0,0,0,0,0,0,0,0,0,0,0,13,166,252,245,120,0,0,0,0,0,0,0,0,0,0,0,0,0,0,0,164,252,246,120,0,0,0,0,0,0,0,0,0,0,0,0,0,0,0,55,236,248,188,0,0,0,0,0,0,0,0,0,0,0,0,0,0,0,0,45,231,185,0,0,0,0,0,0,0,0,0,0,0,0,0,0,0,1
0,0,0,0,0,0,0,0,206,253,253,253,253,78,0,0,0,0,0,0,0,0,0,0,0,0,0,205,251,253,253,253,230,44,0,0,0,0,0,0,0,0,0,0,0,0,85,250,253,253,172,119,15,0,0,0,0,0,0,0,0,0,0,0,0,38,221,253,223,155,36,0,0,0,0,0,0,0,0,0,0,0,0,0,0,99,253,253,175,0,0,0,0,0,0,0,0,0,0,0,0,0,0,0,0,141,253,253,65,0,0,0,0,0,0,0,0,0,0,0,0,0,0,0,33,236,253,227,31,0,0,0,0,0,0,0,0,0,0,0,0,0,0,0,105,253,253,131,0,0,0,0,0,0,0,0,0,0,0,0,0,0,0,0,105,253,253,38,0,0,0,0,0,0,0,0,0,0,0,0,0,0,0,0,105,253,253,38,0,0,0,0,0,0,0,0,0,0,0,0,0,0,0,0,84,248,253,132,0,0,0,0,0,0,0,0,0,0,0,0,0,0,0,0,0,228,253,227,55,0,12,77,176,176,176,159,18,0,0,0,0,0,0,0,0,141,253,253,187,40,161,253,253,253,253,253,188,16,0,0,0,0,0,0,0,35,216,253,253,253,253,253,253,139,116,253,253,104,0,0,0,0,0,0,0,0,35,230,253,253,253,247,200,35,62,253,253,104,0,0,0,0,0,0,0,0,0,131,250,253,253,229,150,169,253,253,238,43,0,0,0,0,0,0,0,0,0,0,135,253,253,253,253,253,253,253,153,0,0,0,0,0,0,0,0,0,0,0,36,153,248,253,253,253,252,162,45,0,0,0,0,0,0,0,0,0,0,0,0,0,32,153,159,123,104,0,0,0,0,0,0,0,0,0,0,0,0,0,0,0,0,0,0,0,0,0,0,0,0,0,6
0,0,0,0,0,0,0,0,0,0,0,0,0,27,73,73,73,68,0,0,0,0,0,0,0,0,0,0,0,0,0,28,94,216,254,253,253,251,183,0,0,0,0,0,0,0,0,0,0,63,179,235,253,253,191,127,131,233,162,0,0,0,0,0,0,0,3,58,141,254,253,253,251,169,0,0,30,233,194,0,0,0,0,0,0,0,102,253,220,221,253,253,137,0,0,0,159,253,98,0,0,0,0,0,0,42,228,254,189,255,254,165,0,0,0,36,241,216,26,0,0,0,0,0,0,229,253,253,253,218,63,3,0,0,0,158,245,81,0,0,0,0,0,0,0,53,139,145,94,13,0,0,0,0,50,244,171,20,0,0,0,0,0,0,0,0,0,0,0,0,0,0,0,40,234,214,11,0,0,0,0,0,0,0,0,0,0,0,0,0,0,0,46,207,254,117,11,0,0,0,0,0,0,0,0,0,0,58,73,73,73,60,234,254,98,0,0,0,0,0,0,0,0,20,81,164,235,249,253,254,253,247,253,181,0,0,0,0,0,0,0,0,75,230,243,216,138,127,94,195,253,253,253,195,27,0,0,0,0,0,4,77,241,207,39,0,0,2,84,215,249,112,132,253,212,14,0,0,0,0,55,253,207,21,0,0,0,84,253,254,133,0,6,136,254,140,0,0,0,0,254,191,0,0,0,42,196,254,202,33,0,0,0,66,255,166,0,0,0,0,233,29,0,72,171,245,253,151,5,0,0,0,0,0,215,210,8,0,0,0,233,145,217,243,254,199,49,21,0,0,0,0,0,0,150,253,36,0,0,0,245,244,235,169,54,4,0,0,0,0,0,0,0,0,125,229,21,0,0,0,67,36,0,0,0,0,0,0,0,0,0,0,0,0,21,57,0,0,0,0,2
0,0,0,0,0,0,0,0,0,0,0,0,0,0,0,0,0,0,0,0,0,0,0,0,0,0,0,0,0,0,0,0,0,0,0,0,0,0,0,0,0,0,0,0,0,0,0,0,0,0,0,0,0,0,0,0,0,0,0,0,0,0,0,0,0,0,0,123,254,254,253,155,154,89,7,0,0,0,0,0,0,0,0,0,0,2,117,251,253,253,253,253,253,253,195,3,0,0,0,0,0,0,0,0,0,95,253,243,151,109,188,188,244,253,253,138,0,0,0,0,0,0,0,0,0,177,253,158,0,0,0,0,29,133,253,173,0,0,0,0,0,0,0,0,82,246,228,10,0,0,0,0,0,100,253,173,0,0,0,0,0,0,0,0,174,253,168,0,0,0,0,0,71,212,253,162,0,0,0,0,0,0,0,0,174,253,129,0,0,0,36,147,243,253,235,21,0,0,0,0,0,0,0,0,174,253,182,40,40,158,245,253,253,253,228,0,0,0,0,0,0,0,0,0,174,253,253,253,253,253,253,253,253,253,191,0,0,0,0,0,0,0,0,0,33,155,220,253,253,224,124,198,253,240,65,0,0,0,0,0,0,0,0,0,0,0,17,49,49,21,0,159,253,183,0,0,0,0,0,0,0,0,0,0,0,0,0,0,0,0,27,219,253,160,0,0,0,0,0,0,0,0,0,0,0,0,0,0,0,0,189,253,247,46,0,0,0,0,0,0,0,0,0,0,0,0,0,0,0,0,204,253,172,0,0,0,0,0,0,0,0,0,0,0,0,0,0,0,0,0,204,254,138,0,0,0,0,0,0,0,0,0,0,0,0,0,0,0,0,36,239,253,108,0,0,0,0,0,0,0,0,0,0,0,0,0,0,0,0,50,253,254,39,0,0,0,0,0,0,0,9
0,0,0,0,0,0,0,0,114,253,213,30,0,0,0,0,0,0,0,0,0,0,0,0,0,0,4,105,218,224,31,0,0,0,0,0,0,0,0,0,0,0,0,0,0,0,47,253,248,119,0,0,0,0,0,0,0,0,0,0,0,0,0,0,0,35,218,253,130,0,0,0,0,0,0,0,0,0,0,0,0,0,0,0,0,149,253,247,72,0,0,0,0,0,0,0,0,0,0,0,0,0,0,0,13,220,247,114,0,0,0,0,0,0,0,0,0,0,0,0,0,0,0,0,108,253,222,0,0,0,0,0,0,0,0,0,0,0,0,0,0,0,0,10,224,253,192,0,0,0,0,0,0,0,0,0,0,0,0,0,0,0,0,13,253,253,99,0,0,0,0,0,0,0,0,0,0,0,0,0,0,0,0,13,253,253,99,0,0,52,103,199,199,199,199,199,153,46,0,0,0,0,0,13,253,233,19,52,163,238,253,253,253,253,253,253,253,234,59,0,0,0,0,13,253,249,211,238,253,236,166,136,43,43,43,115,253,253,184,6,0,0,0,13,253,253,253,253,192,69,0,0,0,0,0,13,177,253,253,64,0,0,0,13,253,253,253,112,11,0,0,0,0,0,0,0,11,227,253,141,0,0,0,8,207,253,253,220,36,0,0,0,0,0,0,0,0,223,253,90,0,0,0,0,80,207,253,253,242,150,112,30,0,0,91,112,218,251,155,2,0,0,0,0,0,7,27,210,253,253,253,245,242,242,251,253,253,207,19,0,0,0,0,0,0,0,0,4,88,153,253,253,253,253,253,150,129,18,0,0,0,0,0,0,0,0,0,0,0,0,0,0,0,0,0,0,0,0,0,0,0,0,0,0,0,0,0,0,0,0,0,0,0,0,0,0,0,0,0,0,6
0,0,0,0,0,0,0,0,0,0,0,0,0,0,0,0,0,0,0,0,0,0,0,0,0,0,0,0,0,0,0,0,0,0,0,0,0,0,0,0,13,209,254,138,9,0,0,0,0,0,0,0,0,0,0,0,0,0,0,0,22,232,253,253,222,106,15,0,0,0,0,0,0,0,0,0,0,0,0,0,0,14,201,253,253,253,217,157,100,18,0,0,0,0,0,0,0,0,0,0,0,0,57,84,176,244,253,253,253,210,158,67,170,169,169,170,47,0,0,0,0,0,0,0,0,59,199,253,253,225,253,253,253,253,253,253,179,6,0,0,0,0,0,0,0,0,23,60,60,38,187,253,253,253,253,253,253,24,0,0,0,0,0,0,0,0,0,0,0,0,5,77,253,253,253,253,221,16,0,0,0,0,0,0,0,0,0,0,0,0,21,223,253,253,253,253,111,0,0,0,0,0,0,0,0,0,0,0,0,0,77,253,253,253,253,217,21,0,0,0,0,0,0,0,0,0,0,0,0,0,145,253,253,253,253,53,0,0,0,0,0,0,0,0,0,0,0,0,0,77,254,254,255,254,251,46,0,0,0,0,0,0,0,0,0,0,0,0,0,133,253,253,253,253,112,0,0,0,0,0,0,0,0,0,0,0,0,0,0,151,253,253,253,253,60,0,0,0,0,0,0,0,0,0,0,0,0,0,0,231,253,253,253,213,20,0,0,0,0,0,0,0,0,0,0,0,0,0,0,220,253,253,242,89,0,0,0,0,0,0,0,0,0,0,0,0,0,32,189,254,253,253,170,0,0,0,0,0,0,0,0,0,0,0,0,0,0,110,253,254,253,253,84,0,0,0,0,0,0,0,0,0,0,0,0,0,0,16,36,254,253,253,84,0,0,0,0,0,0,0,7
0,0,0,0,0,0,0,0,0,0,0,114,113,113,207,253,63,0,0,0,0,0,0,0,0,0,0,0,0,57,85,253,252,252,252,252,241,72,0,0,0,0,0,0,0,0,0,19,166,234,252,253,252,252,220,252,253,167,0,0,0,0,0,0,0,0,13,181,252,252,236,225,223,223,118,252,253,167,0,0,0,0,0,0,0,0,191,252,252,157,50,0,0,0,169,252,253,89,0,0,0,0,0,0,0,0,255,253,228,47,0,0,0,26,207,253,79,0,0,0,0,0,0,0,0,126,253,252,148,0,0,0,76,231,252,204,0,0,0,0,0,0,0,0,0,140,253,252,177,19,32,120,215,252,198,25,0,0,0,0,0,0,0,0,0,47,253,252,252,196,215,253,252,252,84,0,0,0,0,0,0,0,0,0,0,0,174,252,252,252,252,253,252,141,37,0,0,0,0,0,0,0,0,0,0,0,0,163,253,253,253,255,206,113,101,0,0,0,0,0,0,0,0,0,0,0,38,219,252,252,252,253,252,252,249,225,0,0,0,0,0,0,0,0,0,0,222,252,252,198,55,56,103,239,252,252,32,0,0,0,0,0,0,0,0,95,253,252,214,28,0,0,0,181,252,252,216,18,0,0,0,0,0,0,16,203,253,252,118,0,0,0,0,57,252,252,190,12,0,0,0,0,0,0,170,253,255,168,0,0,0,0,38,144,253,253,79,0,0,0,0,0,0,0,169,252,253,195,85,85,85,147,234,252,252,252,0,0,0,0,0,0,0,0,137,252,253,252,252,252,252,253,252,252,198,55,0,0,0,0,0,0,0,0,10,161,253,252,252,252,252,253,226,192,28,0,0,0,0,0,0,0,0,0,0,0,253,252,252,157,112,112,12,0,0,0,0,0,0,0,8
0,0,0,0,0,0,191,255,255,64,0,0,0,0,0,0,0,0,0,0,0,0,0,0,64,255,255,255,64,0,0,0,0,0,0,0,0,0,0,0,0,0,0,0,191,255,255,128,0,0,0,0,0,0,0,0,0,0,0,0,0,0,0,255,255,255,64,0,0,0,0,0,0,0,0,0,0,0,0,0,0,0,0,255,255,255,0,0,0,0,0,0,0,0,0,0,0,0,0,0,0,0,128,255,255,128,0,0,0,0,0,0,0,0,0,0,0,0,0,0,0,0,191,255,255,0,0,0,0,0,0,0,0,128,128,64,0,0,0,0,0,0,255,255,191,0,0,0,0,0,128,255,255,255,255,255,255,255,128,0,0,0,255,255,128,0,0,0,128,255,255,255,255,191,128,255,255,255,255,191,0,0,255,255,191,0,0,191,255,255,255,128,64,0,0,0,64,128,255,255,0,0,191,255,255,64,255,255,255,128,0,0,0,0,0,0,0,0,64,255,0,0,0,255,255,255,255,255,128,0,0,0,0,0,0,0,0,0,0,255,0,0,0,255,255,255,255,255,0,0,0,0,0,0,0,0,0,0,0,255,0,0,0,64,255,255,255,255,255,191,64,0,0,0,0,0,0,0,191,255,0,0,0,0,128,255,255,255,255,255,255,255,255,255,128,128,255,255,255,255,0,0,0,0,0,64,128,255,255,255,255,255,255,255,255,255,255,255,128,64,0,0,0,0,0,0,0,64,64,128,128,128,128,128,128,128,64,0,0,0,0,0,0,0,0,0,0,0,0,0,0,0,0,0,0,0,0,0,0,0,0,0,0,0,0,0,0,0,0,0,0,0,0,0,0,0,0,0,0,0,0,0,0,0,0,0,0,0,0,0,0,0,0,0,0,0,0,0,0,0,6
0,0,0,0,0,0,0,0,0,0,0,0,0,0,0,0,0,0,0,0,0,0,0,0,0,0,0,0,0,0,0,64,168,0,0,0,0,0,0,0,0,0,0,0,0,0,0,0,0,0,0,10,242,63,0,0,0,0,0,0,0,0,0,0,0,0,0,0,0,0,0,0,244,126,0,0,0,0,0,0,0,0,88,128,0,0,0,0,0,0,0,0,244,126,0,0,0,0,0,0,0,0,69,241,16,0,0,0,0,0,0,0,239,173,0,0,0,0,0,0,0,0,119,241,16,0,0,0,0,0,0,0,170,199,0,0,0,0,0,0,0,0,5,240,51,0,0,0,0,0,0,0,167,199,0,0,0,0,0,0,0,0,0,184,124,0,0,0,0,0,0,0,97,209,4,0,0,0,0,0,0,0,0,144,218,7,0,0,0,0,0,0,121,254,61,0,0,0,0,0,0,0,0,39,254,65,0,0,0,0,35,151,252,207,3,0,0,0,0,0,0,0,0,3,187,236,59,0,31,113,243,237,147,254,18,0,0,0,0,0,0,0,0,0,2,185,247,252,253,246,165,15,23,254,48,0,0,0,0,0,0,0,0,0,0,0,34,44,44,32,0,0,23,255,92,0,0,0,0,0,0,0,0,0,0,0,0,0,0,0,0,0,23,255,135,0,0,0,0,0,0,0,0,0,0,0,0,0,0,0,0,0,18,243,109,0,0,0,0,0,0,0,0,0,0,0,0,0,0,0,0,0,0,156,166,0,0,0,0,0,0,0,0,0,0,0,0,0,0,0,0,0,0,129,223,0,0,0,0,0,0,0,0,0,0,0,0,0,0,0,0,0,0,63,253,120,0,0,0,0,0,0,0,0,0,0,0,0,0,0,0,0,0,56,254,100,0,0,0,0,4
0,0,0,0,0,0,0,0,0,0,0,0,0,0,0,0,0,0,0,0,0,0,113,134,13,0,0,0,0,0,0,0,23,145,171,48,0,0,0,0,0,0,240,254,153,0,0,0,0,0,0,0,47,254,254,98,0,0,0,0,0,0,243,254,199,14,0,0,0,0,0,0,47,254,254,98,0,0,0,0,0,0,243,254,214,19,0,0,0,0,0,0,47,254,254,98,0,0,0,0,0,0,243,254,156,0,0,0,0,0,0,0,47,254,254,98,0,0,0,0,0,0,243,254,156,0,0,0,0,0,0,0,47,254,254,98,0,0,0,0,0,0,243,254,113,0,0,0,0,0,0,0,91,254,254,98,0,0,0,0,0,0,243,254,93,0,0,0,0,0,0,57,201,254,254,98,0,0,0,0,0,34,246,254,25,0,0,0,0,19,103,240,254,254,254,98,0,0,0,0,0,119,254,254,59,0,0,21,103,212,254,254,254,254,254,98,0,0,0,0,0,119,254,254,230,190,190,210,254,254,254,212,138,254,254,128,0,0,0,0,0,33,223,251,254,254,254,254,254,241,171,20,47,254,254,228,0,0,0,0,0,0,40,72,196,208,208,168,78,58,0,0,47,254,254,228,0,0,0,0,0,0,0,0,0,0,0,0,0,0,0,0,47,254,254,228,0,0,0,0,0,0,0,0,0,0,0,0,0,0,0,0,47,254,254,228,0,0,0,0,0,0,0,0,0,0,0,0,0,0,0,0,18,202,254,228,0,0,0,0,0,0,0,0,0,0,0,0,0,0,0,0,0,160,254,228,0,0,0,0,0,0,0,0,0,0,0,0,0,0,0,0,0,38,250,243,66,0,0,0,0,0,0,0,0,0,0,0,0,0,0,0,0,0,93,252,245,130,0,0,4
0,0,0,0,0,0,0,0,0,0,0,0,0,0,0,0,0,0,0,0,0,0,0,0,0,0,0,19,71,155,154,156,254,249,154,101,0,0,0,0,0,0,0,0,0,0,57,197,253,253,253,253,253,253,253,249,62,0,0,0,0,0,0,0,0,0,194,253,253,253,253,253,213,218,253,253,138,0,0,0,0,0,0,0,0,0,229,253,250,120,34,34,13,29,253,253,211,9,0,0,0,0,0,0,0,0,229,253,213,0,0,0,0,84,253,253,253,88,0,0,0,0,0,0,0,0,218,253,234,31,0,0,43,225,253,253,253,108,0,0,0,0,0,0,0,0,129,253,253,131,0,38,228,253,253,245,137,6,0,0,0,0,0,0,0,0,59,215,253,248,63,226,253,253,242,115,0,0,0,0,0,0,0,0,0,0,0,109,253,253,253,253,253,248,76,0,0,0,0,0,0,0,0,0,0,0,0,52,248,253,253,253,222,74,0,0,0,0,0,0,0,0,0,0,0,0,15,194,253,253,253,253,94,0,0,0,0,0,0,0,0,0,0,0,0,18,198,253,253,253,253,253,118,0,0,0,0,0,0,0,0,0,0,0,2,164,253,253,235,102,244,253,244,34,0,0,0,0,0,0,0,0,0,0,21,253,253,253,120,0,84,253,253,106,0,0,0,0,0,0,0,0,0,0,70,253,253,178,2,0,50,253,254,138,0,0,0,0,0,0,0,0,0,0,190,253,253,137,0,0,82,253,253,138,0,0,0,0,0,0,0,0,0,0,220,253,253,83,6,73,244,253,254,86,0,0,0,0,0,0,0,0,0,0,184,253,253,232,200,253,253,253,197,26,0,0,0,0,0,0,0,0,0,0,20,240,253,253,253,254,253,233,41,0,0,0,0,0,0,0,8
0,0,0,0,0,0,0,0,0,0,0,0,0,45,242,254,255,57,0,0,0,0,0,0,0,0,0,0,0,0,0,0,0,169,253,253,253,196,0,0,0,0,0,0,0,0,0,0,0,0,0,2,87,235,253,253,253,49,0,0,0,0,0,0,0,0,0,0,0,0,0,38,253,253,253,253,199,6,0,0,0,0,0,0,0,0,0,0,0,0,0,143,253,253,253,253,74,0,0,0,0,0,0,0,0,0,0,0,0,8,19,228,253,253,249,149,14,0,0,0,0,0,0,0,0,0,0,0,0,95,253,253,253,253,142,0,0,0,0,0,0,0,0,0,0,0,0,0,0,95,253,253,253,253,17,0,0,0,0,0,0,0,0,0,0,0,0,0,46,230,253,253,253,108,3,0,0,0,0,0,0,0,0,0,0,0,0,57,230,253,253,253,214,53,0,0,0,0,0,0,0,0,0,0,0,0,0,151,253,253,253,229,55,0,0,0,0,0,0,0,0,0,0,0,0,0,13,166,253,253,253,215,0,0,0,0,0,0,0,0,0,0,0,0,0,8,154,253,253,253,253,137,0,0,0,0,0,0,0,0,0,0,0,0,0,145,253,253,253,253,145,9,0,0,0,0,0,0,0,0,0,0,0,0,27,216,253,253,253,165,7,0,0,0,0,0,0,0,0,0,0,0,5,114,191,253,253,253,155,88,0,0,0,0,0,0,0,0,0,0,0,0,10,253,253,253,253,145,11,0,0,0,0,0,0,0,0,0,0,0,0,0,52,253,253,253,253,102,0,0,0,0,0,0,0,0,0,0,0,0,0,0,198,253,253,253,211,53,0,0,0,0,0,0,0,0,0,0,0,0,0,0,198,253,253,239,43,0,0,0,0,0,0,0,0,0,0,0,0,0,1
0,0,0,0,0,0,0,0,0,0,0,0,0,0,0,0,0,0,0,0,0,0,0,0,0,0,0,0,0,0,0,0,0,0,0,0,0,0,0,0,0,0,0,0,0,0,0,0,0,0,74,196,254,203,19,0,0,0,0,0,0,0,0,0,0,0,0,0,22,186,253,253,253,253,130,2,0,0,0,0,0,0,0,0,0,0,0,81,214,253,253,253,253,253,253,30,0,0,0,0,0,0,0,0,0,6,123,244,253,253,253,204,72,87,253,77,0,0,0,0,0,0,0,0,0,75,253,253,253,253,190,47,0,15,253,197,0,0,0,0,0,0,0,0,23,205,253,253,253,154,12,0,0,2,166,241,38,0,0,0,0,0,0,0,120,253,253,253,191,17,0,0,0,0,104,253,74,0,0,0,0,0,0,0,120,253,253,240,18,0,8,42,139,145,249,253,141,3,0,0,0,0,0,0,120,253,253,234,194,194,206,253,253,253,253,254,253,57,0,0,0,0,0,0,58,238,253,253,253,253,253,253,253,253,253,253,253,21,0,0,0,0,0,0,0,64,200,248,253,253,253,253,253,253,253,253,108,4,0,0,0,0,0,0,0,0,0,0,89,94,126,253,253,253,253,142,0,0,0,0,0,0,0,0,0,0,0,0,0,0,134,253,253,253,172,16,0,0,0,0,0,0,0,0,0,0,0,0,0,92,219,253,253,211,0,0,0,0,0,0,0,0,0,0,0,0,0,0,4,200,253,253,224,32,0,0,0,0,0,0,0,0,0,0,0,0,0,0,103,253,253,253,124,0,0,0,0,0,0,0,0,0,0,0,0,0,0,12,241,253,253,156,8,0,0,0,0,0,0,0,0,0,0,0,0,0,0,85,253,253,236,57,0,0,0,0,0,0,0,0,9
0,0,0,0,0,0,0,0,0,0,0,0,0,0,0,0,0,0,0,0,0,0,0,0,0,0,0,0,0,0,0,0,0,0,0,0,0,0,0,0,0,0,0,0,0,231,149,4,0,0,0,0,0,0,99,68,0,0,0,0,0,0,0,0,0,104,252,142,3,0,0,0,0,3,227,174,0,0,0,0,0,0,0,0,0,0,185,254,60,0,0,0,0,96,254,148,0,0,0,0,0,0,0,0,0,0,185,254,60,0,0,0,0,170,255,75,0,0,0,0,0,0,0,0,0,0,156,254,60,0,0,0,0,170,247,53,0,0,0,0,0,0,0,0,0,0,86,254,60,0,0,0,8,213,218,0,0,0,0,0,0,0,0,0,0,0,158,254,60,0,0,0,16,254,129,0,0,0,0,0,0,0,0,0,0,0,185,248,50,0,0,0,16,254,129,0,0,0,0,0,0,0,0,0,0,61,238,190,96,96,96,96,144,254,129,0,0,0,0,0,0,0,0,0,15,234,254,254,254,254,254,254,254,254,154,15,0,0,0,0,0,0,0,17,220,254,217,149,113,50,52,149,238,254,254,153,0,0,0,0,0,0,0,16,194,143,26,0,0,0,0,0,215,238,106,28,0,0,0,0,0,0,0,0,0,0,0,0,0,0,0,0,215,184,0,0,0,0,0,0,0,0,0,0,0,0,0,0,0,0,0,17,226,157,0,0,0,0,0,0,0,0,0,0,0,0,0,0,0,0,0,61,254,85,0,0,0,0,0,0,0,0,0,0,0,0,0,0,0,0,0,131,254,85,0,0,0,0,0,0,0,0,0,0,0,0,0,0,0,0,1,173,252,73,0,0,0,0,0,0,0,0,0,0,0,0,0,0,0,0,6,254,239,0,0,0,0,0,0,0,4
0,0,0,0,0,0,0,0,0,0,0,0,0,0,0,0,0,0,0,0,0,0,0,49,235,154,0,0,0,0,0,0,0,0,0,0,0,0,0,0,0,0,0,128,253,253,0,0,0,0,0,0,0,0,49,191,192,67,0,0,0,0,17,190,253,173,0,0,0,0,0,0,0,0,64,253,255,237,64,0,0,0,32,253,253,95,0,0,0,0,0,0,0,0,204,253,170,31,16,0,0,0,32,253,253,95,0,0,0,0,0,0,0,0,223,253,159,0,0,0,0,37,215,255,190,0,0,0,0,0,0,0,0,128,254,254,160,0,0,0,0,96,253,253,189,0,0,0,0,0,0,0,0,128,253,253,159,0,0,0,0,96,253,253,189,0,0,0,0,0,0,0,0,128,253,253,159,0,0,0,0,96,253,253,245,83,0,0,0,0,0,0,0,128,253,253,159,0,0,0,0,96,253,253,253,95,0,0,0,0,0,0,0,128,253,253,159,0,0,0,0,0,192,255,255,255,196,24,0,0,0,0,13,175,254,254,196,96,96,72,0,0,67,237,253,253,254,206,191,51,32,33,159,253,253,253,254,253,237,165,0,0,0,128,253,253,254,253,253,253,253,254,253,253,253,253,254,237,63,0,0,0,0,16,31,130,254,253,253,253,253,254,253,253,253,253,130,27,0,0,0,0,0,0,0,0,95,95,95,95,194,194,95,174,253,253,101,0,0,0,0,0,0,0,0,0,0,0,0,0,0,0,0,128,254,254,160,0,0,0,0,0,0,0,0,0,0,0,0,0,0,0,0,112,249,253,159,0,0,0,0,0,0,0,0,0,0,0,0,0,0,0,0,0,223,253,159,0,0,0,0,0,0,0,0,0,0,0,0,0,0,0,0,0,67,229,183,16,0,0,4
0,0,0,0,0,0,0,0,0,0,0,0,0,0,0,0,0,0,0,0,0,0,0,0,0,0,64,128,128,128,0,0,64,255,191,64,0,0,0,0,0,0,0,0,0,128,255,255,255,255,255,255,255,255,255,128,0,0,0,0,0,0,0,64,191,255,255,255,255,255,255,255,255,255,255,128,0,0,0,0,0,0,0,191,255,255,255,255,255,255,255,191,128,64,128,0,0,0,0,0,0,0,0,255,255,255,191,0,0,0,0,0,64,128,0,0,0,0,0,0,0,0,64,255,255,255,64,0,64,191,255,255,255,255,255,191,128,0,0,0,0,0,128,255,255,255,128,255,255,255,255,255,255,255,255,255,255,64,0,0,0,0,128,255,255,255,255,255,255,255,255,255,191,128,255,255,255,255,64,0,0,0,128,255,255,255,255,255,255,64,0,0,0,0,0,191,255,255,128,0,0,0,128,255,255,255,255,255,0,0,0,0,0,0,0,0,191,255,255,0,0,0,0,191,255,255,191,64,0,0,0,0,0,0,0,0,128,255,255,64,0,0,0,0,64,0,0,0,0,0,0,0,0,0,0,0,0,255,255,191,0,0,0,0,0,0,0,0,0,0,0,0,0,0,0,0,0,255,255,255,0,0,0,0,0,0,0,0,0,0,0,0,0,0,0,0,0,255,255,255,0,0,64,64,0,0,0,0,0,0,0,0,0,0,0,0,0,255,255,255,0,0,255,191,0,0,0,0,0,0,0,0,0,0,0,64,191,255,255,255,0,0,255,255,0,0,0,0,0,0,0,0,64,128,191,255,255,255,255,64,0,0,255,255,255,191,128,128,128,128,128,255,255,255,255,255,255,255,64,0,0,0,255,255,255,255,255,255,255,255,255,255,255,255,255,255,128,64,0,0,5
0,0,0,0,0,0,0,0,0,0,0,0,0,0,0,0,0,0,0,0,0,0,0,0,0,0,0,0,0,0,0,0,0,0,0,0,0,0,0,0,0,0,0,0,0,0,0,141,254,255,254,211,128,26,0,0,0,0,0,0,0,0,0,0,0,0,93,249,253,254,253,253,253,214,13,0,0,0,0,0,0,0,0,0,0,0,138,253,211,46,46,129,238,254,65,0,0,0,0,0,0,0,0,0,0,0,138,253,160,0,0,0,25,254,182,0,0,0,0,0,0,0,0,0,0,0,139,254,220,26,0,0,0,254,207,0,0,0,0,0,0,0,0,0,0,0,29,211,253,142,0,0,0,254,190,0,0,0,0,0,0,0,0,0,0,0,0,108,253,216,27,11,24,254,211,30,0,0,0,0,0,0,0,0,0,0,0,7,169,254,240,215,253,254,253,137,0,0,0,0,0,0,0,0,0,0,0,0,34,229,254,254,254,254,254,80,0,0,0,0,0,0,0,0,0,0,0,0,0,15,56,44,253,254,210,21,0,0,0,0,0,0,0,0,0,0,0,0,0,0,5,145,253,254,39,0,0,0,0,0,0,0,0,0,0,0,0,0,0,0,47,253,253,169,6,0,0,0,0,0,0,0,0,0,0,0,0,0,0,0,106,254,254,0,0,0,0,0,0,0,0,0,0,0,0,0,0,0,0,38,235,253,202,0,0,0,0,0,0,0,0,0,0,0,0,0,0,0,0,78,253,242,54,0,0,0,0,0,0,0,0,0,0,0,0,0,0,0,0,195,253,196,0,0,0,0,0,0,0,0,0,0,0,0,0,0,0,0,60,255,254,113,0,0,0,0,0,0,0,0,0,0,0,0,0,0,0,0,110,254,244,38,0,0,0,0,0,0,0,0,9
0,0,0,0,0,0,0,0,0,0,0,0,0,0,0,0,0,0,0,0,0,0,0,0,0,0,0,73,173,254,254,167,82,6,0,0,0,0,0,0,0,0,0,0,0,0,114,252,254,254,254,254,254,164,65,0,0,0,0,0,0,0,0,0,0,63,251,254,170,140,254,254,254,254,250,106,0,0,0,0,0,0,0,0,30,229,254,163,7,1,56,202,234,254,254,249,76,0,0,0,0,0,0,0,114,254,223,8,0,0,0,0,22,117,240,254,249,45,0,0,0,0,0,30,240,254,104,0,0,0,0,0,0,0,106,249,254,171,9,0,0,0,0,62,254,219,9,0,0,0,0,0,0,0,0,210,254,254,70,0,0,0,0,128,254,173,0,0,0,0,0,0,0,0,0,47,236,254,215,0,0,0,0,182,254,123,0,0,0,0,0,0,0,0,0,0,177,254,236,0,0,0,0,237,254,123,0,0,0,0,0,0,0,0,0,0,63,254,236,0,0,0,0,238,254,35,0,0,0,0,0,0,0,0,0,0,36,254,237,0,0,0,0,237,203,2,0,0,0,0,0,0,0,0,0,0,36,254,236,0,0,0,0,237,201,0,0,0,0,0,0,0,0,0,0,0,57,254,215,0,0,0,0,237,230,19,0,0,0,0,0,0,0,0,0,10,211,254,70,0,0,0,0,237,254,126,0,0,0,0,0,0,0,0,0,165,254,225,30,0,0,0,0,152,254,231,34,0,0,0,0,0,0,21,132,248,249,60,0,0,0,0,0,34,233,254,170,0,0,0,0,27,112,226,254,240,75,0,0,0,0,0,0,0,71,251,245,153,106,109,193,255,254,254,220,42,0,0,0,0,0,0,0,0,0,121,252,254,254,254,254,254,221,106,7,0,0,0,0,0,0
0,0,0,0,0,0,0,0,2,104,254,239,74,0,0,0,0,0,0,0,0,0,0,0,0,0,0,0,34,254,254,182,11,0,0,0,0,0,0,0,0,0,0,0,0,0,0,3,134,254,217,11,0,0,0,0,0,0,0,0,0,0,0,0,0,0,0,38,254,251,89,0,0,0,0,0,0,0,0,0,0,0,0,0,0,0,12,203,254,180,0,0,0,0,0,0,0,0,0,0,0,0,0,0,0,0,130,254,228,45,0,0,0,0,0,0,0,0,0,0,0,0,0,0,0,30,242,250,90,0,0,0,0,0,34,38,116,122,31,0,0,0,0,0,0,146,254,211,0,0,0,0,0,0,226,254,254,254,179,0,0,0,0,0,15,244,250,61,0,0,0,0,0,61,250,254,239,254,179,0,0,0,0,0,78,254,229,0,0,0,0,0,27,227,243,135,83,254,135,0,0,0,0,7,222,250,98,0,0,0,0,26,189,254,132,14,190,216,17,0,0,0,0,13,254,234,0,0,0,0,0,167,254,187,4,83,254,164,0,0,0,0,0,61,254,185,0,0,0,0,87,251,226,50,102,244,194,10,0,0,0,0,0,146,254,101,0,0,0,35,244,242,136,158,246,217,50,0,0,0,0,0,0,180,254,90,0,0,0,139,254,252,242,254,172,48,0,0,0,0,0,0,0,128,254,236,69,9,98,252,254,254,240,89,2,0,0,0,0,0,0,0,0,12,206,254,254,248,254,254,241,118,7,0,0,0,0,0,0,0,0,0,0,0,7,122,171,180,254,254,103,0,0,0,0,0,0,0,0,0,0,0,0,0,0,0,0,0,0,0,0,0,0,0,0,0,0,0,0,0,0,0,0,0,0,0,0,0,0,0,0,0,0,0,0,0,0,0,0,0,6
0,0,0,0,0,0,0,0,0,0,0,0,0,0,0,0,0,0,0,0,0,0,0,0,0,0,0,57,114,226,255,198,57,0,0,0,0,0,0,0,0,0,0,0,0,0,57,255,255,255,255,255,255,86,0,0,0,0,0,0,0,0,0,0,0,0,198,255,255,226,170,226,255,198,0,0,0,0,0,0,0,0,0,0,0,0,255,255,170,29,0,29,226,255,57,0,0,0,0,0,0,0,0,0,0,86,255,255,29,0,0,0,170,255,86,0,0,0,0,0,0,0,0,0,0,86,255,255,86,0,0,29,255,255,57,0,0,0,0,0,0,0,0,0,0,29,198,255,226,29,0,86,255,198,0,0,0,0,0,0,0,0,0,0,0,0,0,198,255,226,114,226,255,114,0,0,0,0,0,0,0,0,0,0,0,0,0,57,226,255,255,255,198,0,0,0,0,0,0,0,0,0,0,0,0,0,0,0,198,255,255,255,57,0,0,0,0,0,0,0,0,0,0,0,0,0,0,170,255,255,255,255,170,0,0,0,0,0,0,0,0,0,0,0,0,0,114,255,226,86,86,255,255,114,0,0,0,0,0,0,0,0,0,0,0,29,226,255,141,0,0,114,255,170,0,0,0,0,0,0,0,0,0,0,0,86,255,198,0,0,0,57,255,255,0,0,0,0,0,0,0,0,0,0,0,86,255,170,0,0,0,29,255,255,86,0,0,0,0,0,0,0,0,0,0,86,255,170,0,0,0,57,255,255,0,0,0,0,0,0,0,0,0,0,0,86,255,226,29,0,0,141,255,255,0,0,0,0,0,0,0,0,0,0,0,0,170,255,255,170,198,255,255,198,0,0,0,0,0,0,0,0,0,0,0,0,29,170,255,255,255,255,255,57,0,0,0,0,0,0,8
0,0,0,0,0,0,0,0,0,0,0,0,0,0,0,0,0,0,0,0,0,0,0,0,0,0,0,0,0,0,0,0,0,0,0,0,0,0,0,0,0,0,0,0,0,0,0,0,0,0,0,0,64,128,128,255,255,255,255,191,0,0,0,0,0,0,0,0,0,128,255,255,255,255,255,255,255,255,255,128,0,0,0,0,0,0,64,191,255,255,255,255,255,255,255,255,255,255,255,0,0,0,0,0,0,0,191,255,255,255,255,255,255,191,128,255,255,255,0,0,0,0,0,0,0,0,191,255,191,0,0,0,0,0,191,255,255,0,0,0,0,0,0,0,0,0,0,0,0,0,0,0,0,255,255,255,0,0,0,0,0,0,0,0,0,0,0,0,0,0,0,64,255,255,255,0,0,0,0,0,0,0,0,0,0,0,0,0,0,0,128,255,255,191,0,0,0,0,0,0,0,0,0,0,0,0,0,0,0,128,255,255,191,0,0,0,0,0,0,0,0,0,0,0,0,0,0,0,191,255,255,128,0,0,0,0,0,0,0,0,0,0,0,0,0,0,0,0,191,255,255,128,64,0,0,0,0,0,0,0,0,0,0,0,0,0,0,0,64,191,255,255,255,128,0,0,0,0,0,0,0,0,0,0,0,0,0,0,0,0,255,255,255,191,0,0,0,0,0,0,0,0,128,0,0,0,0,0,64,255,255,255,191,0,0,0,0,0,0,0,64,255,0,0,0,0,64,255,255,255,255,128,0,0,0,0,0,0,0,0,191,191,0,64,191,255,255,255,255,191,0,0,0,0,0,0,0,0,0,0,191,255,255,255,255,255,255,191,0,0,0,0,0,0,0,0,0,0,0,0,128,191,255,255,255,128,0,0,0,0,0,0,0,0,0,0,0,0,0,0,3
0,0,0,0,0,0,0,0,0,0,0,0,0,0,0,0,0,0,0,0,0,0,0,0,0,0,0,0,0,0,0,0,0,0,0,0,0,0,0,0,0,0,0,0,0,0,0,0,0,0,0,0,0,0,0,0,0,0,0,0,0,0,0,0,0,0,0,0,0,0,0,57,70,162,212,254,186,0,0,0,0,0,0,0,0,0,0,89,230,231,230,249,253,254,253,253,253,0,0,0,0,0,0,0,0,0,89,245,253,254,253,253,253,245,253,253,244,0,0,0,0,0,0,0,0,51,247,253,253,228,160,119,69,69,245,253,160,0,0,0,0,0,0,0,0,128,254,254,195,0,0,0,0,162,254,254,103,0,0,0,0,0,0,0,51,245,253,240,40,0,0,0,17,245,253,181,6,0,0,0,0,0,0,0,93,254,253,179,0,0,0,0,168,254,248,92,0,0,0,0,0,0,0,0,93,254,185,13,0,0,0,17,234,254,173,0,0,0,0,0,0,0,0,0,0,34,0,0,0,0,0,174,254,254,90,0,0,0,0,0,0,0,0,0,0,0,0,0,0,0,26,232,253,199,11,0,0,0,0,0,0,0,0,0,0,0,0,0,0,0,164,253,253,84,0,0,0,0,0,0,0,0,0,0,0,0,0,0,0,26,239,253,219,0,0,0,0,0,0,0,0,0,0,0,0,0,0,0,0,153,254,254,69,0,0,0,0,0,0,0,0,0,0,0,0,0,0,0,0,254,253,223,31,0,0,0,0,0,0,0,0,0,0,0,0,0,0,0,85,254,253,96,0,0,0,0,0,0,0,0,0,0,0,0,0,0,0,17,234,254,236,29,0,0,0,0,0,0,0,0,0,0,0,0,0,0,0,108,254,255,90,0,0,0,0,0,0,0,0,0,7
0,0,0,0,0,0,0,0,0,0,0,0,0,0,0,0,0,0,0,0,0,0,0,0,0,0,0,0,0,0,0,0,0,0,0,0,0,0,0,0,0,0,0,0,11,76,19,0,0,0,3,118,222,36,0,0,0,0,0,0,0,0,0,17,193,253,236,44,0,0,24,252,252,160,0,0,0,0,0,0,0,0,0,25,236,253,252,69,0,0,24,252,252,185,7,0,0,0,0,0,0,0,0,0,188,253,252,69,0,0,15,219,252,252,22,0,0,0,0,0,0,0,0,0,116,253,252,69,0,0,0,161,252,252,22,0,0,0,0,0,0,0,0,0,231,255,253,69,0,0,0,162,253,253,23,0,0,0,0,0,0,0,0,0,230,253,252,69,0,0,0,161,252,252,22,0,0,0,0,0,0,0,0,0,230,253,252,119,70,174,185,228,252,252,190,32,0,0,0,0,0,0,0,0,230,253,252,252,252,252,253,252,252,252,252,210,0,0,0,0,0,0,0,85,250,253,252,252,252,252,253,252,252,252,252,73,0,0,0,0,0,0,0,0,168,255,253,253,245,178,128,253,253,253,75,0,0,0,0,0,0,0,0,0,42,207,206,123,58,0,19,236,252,252,22,0,0,0,0,0,0,0,0,0,0,0,0,0,0,0,0,161,252,252,22,0,0,0,0,0,0,0,0,0,0,0,0,0,0,0,0,161,252,252,22,0,0,0,0,0,0,0,0,0,0,0,0,0,0,0,11,203,252,252,22,0,0,0,0,0,0,0,0,0,0,0,0,0,0,0,24,253,253,253,23,0,0,0,0,0,0,0,0,0,0,0,0,0,0,0,19,236,252,252,22,0,0,0,0,0,0,0,0,0,0,0,0,0,0,0,7,186,252,252,22,0,0,0,0,0,4
0,0,0,0,0,0,0,0,0,0,0,35,244,253,24,0,0,0,0,0,0,0,0,0,0,0,0,0,0,0,0,83,254,196,0,0,0,0,0,0,0,0,0,0,0,0,0,0,0,0,19,209,254,103,0,0,0,0,0,0,0,0,0,0,0,0,0,0,0,0,81,254,214,8,0,0,0,0,0,0,0,0,0,0,0,0,0,0,0,5,197,254,137,0,0,0,0,0,0,0,0,0,0,0,0,0,0,0,0,52,254,232,38,0,0,0,0,0,0,0,0,0,0,0,0,0,0,0,0,164,254,193,0,0,0,0,0,0,0,0,0,0,0,0,0,0,0,0,31,246,248,76,0,0,0,0,0,0,0,0,0,0,0,0,0,0,0,0,52,254,208,0,0,0,0,0,0,0,0,0,0,0,0,0,0,0,0,0,164,254,138,0,0,0,0,0,0,0,0,0,0,0,0,0,0,0,0,29,247,254,150,24,0,0,0,0,0,0,0,0,0,0,0,0,0,6,92,208,254,254,254,237,75,0,0,0,0,0,0,0,0,0,0,0,0,81,254,254,254,184,128,246,191,0,0,0,0,0,0,0,0,0,0,0,0,11,70,254,254,109,0,218,200,0,0,0,0,0,0,0,0,0,0,0,0,0,30,254,254,95,13,227,200,0,0,0,0,0,0,0,0,0,0,0,0,0,30,254,254,129,121,254,149,0,0,0,0,0,0,0,0,0,0,0,0,0,21,239,254,221,253,240,27,0,0,0,0,0,0,0,0,0,0,0,0,0,0,147,254,254,254,125,0,0,0,0,0,0,0,0,0,0,0,0,0,0,0,24,211,241,114,1,0,0,0,0,0,0,0,0,0,0,0,0,0,0,0,0,0,0,0,0,0,0,0,0,0,0,0,0,6
0,0,0,0,0,0,0,0,0,0,0,0,0,0,0,0,0,0,0,0,0,0,0,0,39,226,199,0,0,0,0,0,0,0,0,64,0,0,0,0,0,0,0,0,207,252,249,76,0,0,0,0,0,0,132,246,63,0,0,0,0,0,0,0,213,252,252,79,0,0,0,0,0,0,64,183,66,0,0,0,0,0,0,80,246,252,207,13,0,0,0,0,0,0,180,223,66,0,0,0,0,0,0,94,252,252,198,0,0,0,0,0,0,75,244,252,66,0,0,0,0,0,0,94,252,252,198,0,0,0,0,0,0,94,252,252,94,0,0,0,0,0,0,115,252,252,108,0,0,0,0,0,0,94,252,252,198,0,0,0,0,0,0,226,252,252,80,0,0,0,0,0,0,94,252,252,198,0,0,0,0,0,0,226,252,252,201,14,14,21,146,14,14,102,252,252,201,5,0,0,0,0,0,156,252,252,252,252,252,252,252,253,252,252,252,252,224,38,0,0,0,0,0,94,253,253,253,253,253,253,253,255,253,253,253,253,199,0,0,0,0,0,0,94,252,252,252,252,252,190,145,83,139,115,252,252,249,76,0,0,0,0,0,10,138,233,183,68,26,11,0,0,0,10,217,252,252,79,0,0,0,0,0,0,0,31,11,0,0,0,0,0,0,0,213,252,252,79,0,0,0,0,0,0,0,0,0,0,0,0,0,0,0,0,108,252,252,79,0,0,0,0,0,0,0,0,0,0,0,0,0,0,0,0,81,252,252,79,0,0,0,0,0,0,0,0,0,0,0,0,0,0,0,0,68,244,252,107,15,0,0,0,0,0,0,0,0,0,0,0,0,0,0,0,0,200,252,252,93,0,0,0,0,0,0,0,0,0,0,0,0,0,0,0,0,193,252,252,93,0,4
0,0,0,0,0,0,0,0,0,0,0,0,0,0,0,0,0,0,0,0,0,0,0,0,0,0,0,0,0,0,1,99,198,125,2,0,0,0,0,0,0,0,0,0,0,0,0,0,0,0,35,253,253,253,138,0,0,0,0,0,0,0,0,0,0,0,0,0,0,0,8,238,253,253,242,99,0,0,0,0,0,0,0,0,0,0,0,0,0,0,0,28,213,253,253,204,0,0,0,0,0,0,0,0,0,0,0,0,0,0,0,0,54,253,253,164,0,0,0,0,0,0,0,0,0,0,0,0,0,0,0,25,209,253,232,33,0,0,0,0,0,0,0,0,0,0,0,0,0,0,87,210,253,235,69,0,0,0,0,0,0,0,0,0,0,0,0,0,0,48,254,253,217,93,0,0,0,0,0,0,0,0,0,0,0,0,0,0,170,242,251,168,10,0,0,0,0,0,0,0,0,0,0,0,0,0,0,64,252,253,248,24,0,0,0,0,0,0,0,0,0,0,0,0,0,0,0,117,253,254,255,211,0,0,0,0,0,0,0,0,0,0,0,0,0,0,0,0,200,253,254,236,0,0,0,0,0,0,0,0,0,0,0,0,0,0,0,0,19,239,254,175,0,0,0,0,0,0,0,0,0,0,0,0,0,0,0,0,0,163,254,154,0,0,0,0,0,0,0,0,0,0,0,0,0,0,0,0,0,203,250,54,0,0,0,0,0,0,0,0,0,0,0,0,0,0,0,0,147,252,230,0,0,0,0,0,0,0,0,0,0,0,0,0,0,0,0,53,241,253,21,0,0,0,0,0,0,0,0,0,0,0,0,0,0,0,0,229,253,57,0,0,0,0,0,0,0,0,0,0,0,0,0,0,0,131,227,251,231,6,0,0,0,0,0,0,0,0,0,0,3
0,0,0,0,0,0,0,0,0,0,0,0,0,0,0,0,0,0,0,0,0,0,0,0,0,0,0,0,73,147,147,202,204,39,39,113,41,0,0,0,0,0,0,0,0,0,0,96,219,254,254,254,254,254,254,254,182,2,0,0,0,0,0,0,2,108,223,247,254,254,250,249,250,250,254,254,254,100,0,0,0,0,0,27,185,254,254,254,207,103,22,0,25,20,245,254,254,114,0,0,0,0,0,44,254,254,239,136,6,0,0,0,0,0,245,254,254,32,0,0,0,0,0,91,254,254,109,0,0,0,0,0,0,47,249,254,162,1,0,0,0,0,0,44,254,254,173,12,0,0,0,0,0,165,254,254,151,0,0,0,0,0,0,44,254,254,254,172,45,0,0,0,47,243,254,232,54,0,0,0,0,0,0,4,56,228,254,254,230,17,4,81,239,254,253,85,0,0,0,0,0,0,0,0,0,9,187,254,254,254,182,249,254,254,157,0,0,0,0,0,0,0,0,0,0,0,34,91,247,254,254,254,254,219,30,0,0,0,0,0,0,0,0,0,0,0,0,8,189,254,254,254,254,207,6,0,0,0,0,0,0,0,0,0,0,0,38,173,254,254,254,254,254,254,10,0,0,0,0,0,0,0,0,0,0,51,236,254,254,234,156,160,254,254,10,0,0,0,0,0,0,0,0,5,63,238,254,254,246,47,0,15,209,254,69,0,0,0,0,0,0,0,0,44,254,254,254,232,85,0,0,6,190,254,91,0,0,0,0,0,0,0,0,88,254,254,235,54,0,0,0,22,254,254,55,0,0,0,0,0,0,0,66,253,254,253,87,0,0,0,0,83,254,254,105,0,0,0,0,0,0,0,115,254,254,244,0,0,5,71,111,218,254,227,8,0,0,0,0,0,8
0,0,0,0,0,0,0,0,0,0,22,118,252,252,252,252,189,0,0,0,0,0,0,0,0,0,0,0,19,112,215,253,252,252,252,252,230,0,0,0,0,0,0,0,0,0,9,114,220,252,252,253,252,252,252,252,249,118,0,0,0,0,0,0,0,0,233,252,252,252,252,243,117,22,211,252,253,206,0,0,0,0,0,0,0,0,233,253,253,253,180,53,0,0,208,253,255,207,0,0,0,0,0,0,0,0,9,164,174,92,8,0,0,0,207,252,253,132,0,0,0,0,0,0,0,0,0,0,0,0,0,0,0,19,220,252,236,25,0,0,0,0,0,0,0,0,0,0,0,0,0,0,0,70,252,252,230,0,0,0,0,0,0,0,0,0,0,0,0,0,0,0,0,174,252,252,178,0,0,0,0,0,0,17,118,86,24,9,0,0,0,0,47,253,253,253,106,0,0,0,0,0,51,228,252,252,253,194,129,30,0,5,136,252,252,178,0,0,0,0,0,17,228,252,252,252,253,252,252,227,80,138,252,252,252,54,0,0,0,0,0,66,252,252,252,252,253,252,252,252,252,253,252,252,134,4,0,0,0,0,0,138,252,252,116,22,23,96,221,252,252,253,252,221,25,0,0,0,0,0,0,139,253,253,46,0,3,97,222,253,253,255,253,222,44,3,0,0,0,0,0,118,252,252,177,161,170,252,252,252,252,253,252,252,252,169,43,0,0,0,0,24,252,252,252,252,253,252,252,252,189,190,252,252,252,252,247,184,153,70,0,5,135,252,252,252,253,252,185,66,4,5,67,227,252,252,253,252,252,252,0,0,5,107,137,137,137,64,6,0,0,0,0,17,117,242,253,252,252,116,0,0,0,0,0,0,0,0,0,0,0,0,0,0,0,0,0,0,0,0,2
0,0,0,0,0,0,0,0,0,0,4,182,172,18,0,0,0,0,0,0,0,0,0,0,0,0,0,0,0,0,22,254,254,119,0,0,0,0,0,0,0,0,0,0,0,0,0,0,0,0,25,254,254,119,0,0,0,0,0,0,0,0,0,0,0,0,0,0,0,0,195,254,254,119,0,0,0,0,0,0,0,0,0,0,47,0,0,0,0,0,239,254,254,84,0,0,0,0,0,0,0,0,0,0,0,0,0,0,0,0,239,254,254,10,0,0,0,0,0,0,0,0,0,0,0,0,0,0,0,18,242,254,194,4,0,0,0,0,0,0,0,0,0,0,0,0,0,0,0,54,248,254,156,0,0,0,0,0,0,0,0,0,0,0,0,0,0,0,0,146,254,254,156,0,0,0,0,0,0,0,0,0,0,0,0,0,0,0,35,235,254,254,88,0,0,0,0,0,0,0,0,0,0,0,0,0,0,0,55,254,254,233,31,0,0,0,0,0,0,0,0,0,0,0,0,0,0,0,111,254,254,220,21,0,0,0,0,0,0,0,0,0,0,0,0,0,0,0,163,254,254,195,0,0,0,0,0,0,0,0,0,0,0,0,0,0,0,14,237,254,254,107,0,0,0,0,0,0,0,0,0,0,0,0,0,0,0,122,254,254,234,4,0,0,0,0,0,0,0,0,0,0,0,0,0,0,0,126,255,254,233,0,0,0,0,0,0,0,0,0,0,0,0,0,0,0,0,126,254,254,142,0,0,0,0,0,0,0,0,0,0,0,0,0,0,0,0,56,204,254,78,0,0,0,0,0,0,0,0,0,0,0,0,0,0,0,0,82,188,254,48,0,0,0,0,0,0,0,0,0,0,0,0,0,0,0,0,79,254,175,3,0,0,0,0,0,0,0,0,0,1
0,0,0,0,0,10,53,133,191,76,6,0,0,0,0,0,0,0,0,0,0,0,0,0,35,228,253,253,253,253,191,0,0,0,0,0,0,0,0,0,0,0,0,0,119,253,200,96,96,246,242,0,0,0,0,0,0,0,0,0,0,0,0,0,21,84,56,0,0,161,242,0,0,0,0,0,0,0,0,0,0,0,0,0,0,0,0,0,0,122,242,0,0,0,0,0,0,0,0,0,0,0,0,0,0,0,0,0,0,214,242,0,0,0,0,0,0,0,0,0,0,0,0,0,0,0,0,0,89,251,144,0,0,0,0,0,0,0,0,0,0,0,0,0,0,0,0,0,213,253,172,98,84,0,0,0,0,0,0,0,0,0,0,0,0,0,0,0,230,253,254,253,250,207,31,0,0,0,0,0,0,0,0,0,0,0,0,0,121,132,132,132,207,253,187,0,0,0,0,0,0,0,0,0,0,0,0,0,0,0,0,0,0,107,254,60,0,0,0,0,0,0,0,0,0,0,0,0,0,0,0,0,0,49,253,129,0,0,0,0,0,0,0,0,0,0,0,0,0,0,0,0,0,49,253,180,0,0,0,0,0,0,0,0,0,0,0,0,0,0,0,0,0,49,253,180,0,0,0,0,0,0,0,0,0,0,0,0,0,0,0,0,0,135,253,94,0,0,0,0,0,0,0,0,0,0,0,0,0,0,0,0,63,234,236,43,0,0,0,0,0,0,0,40,206,49,0,0,0,0,0,9,189,237,71,0,0,0,0,0,0,0,0,30,226,226,88,0,0,0,57,221,253,158,0,0,0,0,0,0,0,0,0,0,46,228,246,230,230,230,243,243,69,8,0,0,0,0,0,0,0,0,0,0,0,9,52,178,195,137,128,10,0,0,0,0,0,0,0,0,3
0,0,0,0,0,0,0,0,0,0,0,0,0,0,0,0,0,0,0,0,0,0,0,0,0,0,0,0,0,0,0,0,0,0,0,0,0,0,0,0,0,0,0,0,0,0,0,0,0,0,0,0,0,0,0,0,0,0,0,0,0,0,0,0,0,0,0,0,0,0,56,213,171,5,0,0,0,3,27,4,0,0,0,0,0,0,0,0,0,35,225,254,208,36,89,150,183,239,254,254,0,0,0,0,0,0,0,0,8,209,254,254,243,226,254,254,254,210,197,123,0,0,0,0,0,0,0,5,175,254,252,254,248,247,189,85,19,5,0,0,0,0,0,0,0,0,0,128,254,218,128,163,22,0,0,0,0,0,0,0,0,0,0,0,0,0,35,229,254,150,41,0,0,0,0,0,0,0,0,0,0,0,0,0,0,0,0,83,205,254,174,23,0,0,0,0,0,0,0,0,0,0,0,0,0,0,0,0,28,144,254,178,0,0,0,0,0,0,0,0,0,0,0,0,0,0,0,0,0,39,246,237,21,0,0,0,0,0,0,0,0,0,2,13,0,0,0,0,0,0,167,254,88,0,0,0,0,0,0,0,0,0,133,242,30,0,0,0,0,0,176,254,102,0,0,0,0,0,0,0,0,0,189,254,231,0,0,0,0,0,194,254,84,0,0,0,0,0,0,0,0,0,52,251,254,129,4,0,0,122,250,240,24,0,0,0,0,0,0,0,0,0,0,85,244,254,151,33,134,245,254,121,0,0,0,0,0,0,0,0,0,0,0,0,122,254,254,246,254,254,111,8,0,0,0,0,0,0,0,0,0,0,0,0,1,22,155,155,145,39,2,0,0,0,0,0,0,0,0,0,0,0,0,0,0,0,0,0,0,0,0,0,0,0,0,0,0,0,0,0,5
0,0,0,0,0,0,0,0,0,0,0,0,0,0,0,0,0,0,0,0,0,0,0,0,0,0,0,0,0,0,0,58,129,254,254,254,233,182,47,0,0,0,0,0,0,0,0,0,21,53,135,244,253,223,139,36,78,233,243,63,0,0,0,0,0,0,0,0,145,255,254,249,155,0,0,0,0,171,254,187,0,0,0,0,0,0,0,1,207,254,253,94,0,0,0,0,0,129,253,145,0,0,0,0,0,0,0,89,253,254,211,0,0,0,0,0,0,192,253,145,0,0,0,0,0,0,0,171,253,254,253,0,0,0,0,0,21,254,232,83,0,0,0,0,0,0,0,255,254,255,254,0,0,0,0,37,233,254,139,0,0,0,0,0,0,0,0,233,253,254,253,84,0,0,42,202,253,150,16,0,0,0,0,0,0,0,21,223,254,255,254,135,0,89,244,239,63,0,0,0,0,0,0,0,0,0,0,88,243,254,253,238,186,244,232,52,0,0,0,0,0,0,0,0,0,0,0,0,0,79,244,254,254,228,42,0,0,0,0,0,0,0,0,0,0,0,0,0,84,213,253,254,211,21,0,0,0,0,0,0,0,0,0,0,0,0,11,192,254,254,254,254,109,0,0,0,0,0,0,0,0,0,0,0,0,63,197,254,211,129,253,254,67,0,0,0,0,0,0,0,0,0,0,0,94,254,243,125,0,161,254,249,31,0,0,0,0,0,0,0,0,0,0,115,248,243,67,0,0,181,253,217,0,0,0,0,0,0,0,0,0,0,63,254,254,83,0,0,11,234,254,218,11,0,0,0,0,0,0,0,0,21,228,254,149,0,0,11,186,254,232,42,0,0,0,0,0,0,0,0,0,11,197,254,129,37,58,213,254,249,114,0,0,0,0,0,0,0,0,0,8
0,0,0,0,0,0,0,0,0,0,0,0,0,0,0,0,0,0,0,0,0,0,0,0,0,0,0,0,0,0,0,0,0,0,0,0,0,0,0,0,0,0,0,43,113,135,65,44,0,0,0,0,0,0,0,0,0,0,0,0,0,82,202,242,254,253,253,242,219,143,61,12,0,0,0,0,0,0,0,0,0,255,253,205,131,109,178,233,253,253,253,180,28,0,0,0,0,0,0,0,0,146,59,9,0,0,0,18,24,101,228,253,215,44,0,0,0,0,0,0,0,0,0,0,0,0,0,0,0,0,14,113,253,244,29,0,0,0,0,0,0,0,0,0,0,0,0,0,0,0,0,1,111,253,189,5,0,0,0,0,0,0,0,0,0,0,0,0,0,0,0,0,14,224,253,30,0,0,0,0,0,0,0,0,0,0,0,0,0,0,0,0,12,222,253,30,0,0,0,0,0,0,0,0,0,0,0,2,5,82,105,185,216,253,253,210,134,92,4,0,0,0,0,0,0,0,43,191,253,254,242,193,208,253,253,206,253,254,220,93,0,0,0,0,0,34,225,253,129,39,32,1,111,253,144,9,71,194,253,247,0,0,0,0,0,75,253,169,5,0,0,72,253,238,0,0,0,12,144,253,0,0,0,0,0,76,253,119,0,0,74,217,248,98,0,0,0,0,46,129,0,0,0,0,0,75,253,229,86,156,223,252,94,0,0,0,0,0,0,0,0,0,0,0,0,6,82,244,253,254,233,97,0,0,0,0,0,0,0,0,0,0,0,0,0,0,0,47,64,64,27,0,0,0,0,0,0,0,0,0,0,0,0,0,0,0,0,0,0,0,0,0,0,0,0,0,0,0,0,0,0,0,0,0,0,0,0,0,0,0,0,0,0,0,0,0,0,0,0,0,2
0,0,0,0,0,0,0,23,245,253,94,0,0,0,0,0,0,0,0,0,0,0,0,0,0,0,0,195,253,236,24,0,0,0,0,0,0,0,0,0,0,0,0,0,0,0,73,248,253,188,0,0,0,0,0,0,0,0,0,0,0,0,0,0,0,30,213,253,198,13,0,0,0,0,0,0,0,0,0,0,0,0,0,0,0,129,253,253,127,0,0,0,0,0,0,0,0,0,0,0,0,0,0,0,42,225,253,182,5,0,0,0,0,0,0,0,0,0,0,0,0,0,0,0,171,253,253,29,0,0,0,0,0,0,0,0,0,0,0,0,0,0,0,25,229,253,191,9,0,0,0,0,0,0,0,0,7,60,17,0,0,0,0,128,253,232,60,0,0,0,0,0,0,0,35,138,202,253,211,131,0,0,15,237,253,182,0,0,0,0,0,0,29,139,231,253,253,253,253,240,0,0,18,253,253,182,0,0,0,0,0,79,210,253,253,253,240,162,253,253,0,0,134,253,253,67,0,0,0,13,149,252,253,253,190,63,5,4,188,253,0,0,136,253,253,65,0,0,15,107,253,253,244,125,10,0,18,167,253,253,0,0,115,253,253,65,0,0,125,253,253,220,89,0,0,53,176,253,253,177,0,0,18,253,253,149,0,0,125,253,253,92,102,183,183,252,253,241,103,15,0,0,12,221,253,239,160,84,166,253,253,229,253,253,253,249,156,43,0,0,0,0,0,38,221,253,253,253,253,253,253,253,253,216,152,36,0,0,0,0,0,0,0,0,12,106,176,253,253,242,135,135,44,11,0,0,0,0,0,0,0,0,0,0,0,0,0,0,0,0,0,0,0,0,0,0,0,0,0,0,0,0,0,0,0,0,0,0,0,0,0,0,0,0,0,0,0,0,0,0,6
0,0,0,0,0,0,0,0,83,240,252,253,123,0,0,0,0,0,0,0,0,0,0,0,0,0,0,0,184,252,252,253,206,0,0,0,0,0,0,0,0,0,0,0,0,0,0,43,246,252,252,243,60,0,0,0,0,0,0,0,0,0,0,0,0,0,13,212,253,253,253,0,0,0,0,0,0,0,0,0,0,0,0,0,0,0,45,252,252,252,231,0,0,0,0,0,0,0,0,0,0,0,0,0,0,32,222,252,252,227,48,0,0,0,0,0,0,0,0,0,0,0,0,0,0,116,253,252,252,160,0,0,0,0,0,0,0,0,0,0,0,0,0,0,0,220,253,252,221,35,0,0,0,0,95,116,231,135,0,0,0,0,0,0,155,253,255,253,69,0,0,0,36,170,253,253,255,253,137,5,0,0,0,0,207,252,253,244,56,0,0,5,178,252,252,252,253,252,252,45,0,0,0,83,240,252,247,98,0,0,0,87,252,252,252,252,253,252,252,45,0,0,38,240,252,252,188,0,0,0,0,253,252,252,252,252,253,252,252,45,0,0,47,252,252,252,63,0,0,0,106,253,252,252,252,252,253,252,221,25,0,0,162,253,253,201,22,15,24,24,128,255,253,253,253,253,255,228,84,0,0,0,140,252,252,252,245,219,252,252,252,253,252,252,252,252,249,168,0,0,0,0,34,234,252,252,253,252,252,252,252,253,252,252,252,189,63,0,0,0,0,0,0,65,194,252,253,252,252,252,252,253,252,195,45,4,0,0,0,0,0,0,0,0,9,75,137,137,106,65,32,86,211,183,0,0,0,0,0,0,0,0,0,0,0,0,0,0,0,0,0,0,0,0,0,0,0,0,0,0,0,0,0,0,0,0,0,0,0,0,0,0,0,0,0,0,0,0,0,0,6
0,0,0,0,0,0,0,0,0,0,0,0,0,0,0,0,0,0,0,0,0,0,0,0,0,0,0,0,0,0,0,0,0,0,0,0,0,0,0,0,0,0,0,0,0,0,0,0,0,26,169,255,208,255,213,39,0,0,0,0,0,0,0,0,0,0,0,0,141,218,253,253,253,253,253,246,91,0,0,0,0,0,0,0,0,0,8,181,246,253,227,139,139,94,183,253,245,40,0,0,0,0,0,0,0,14,188,253,253,160,37,0,0,0,98,253,253,212,22,0,0,0,0,0,0,117,253,253,108,6,0,0,0,0,98,253,253,253,113,0,0,0,0,0,90,247,253,154,7,0,0,0,0,105,237,253,251,243,109,0,0,0,0,2,171,253,222,0,0,0,0,0,56,221,253,248,107,0,0,0,0,0,0,43,253,226,43,0,0,0,19,127,250,253,253,189,0,0,0,0,0,0,0,167,253,120,0,0,0,8,114,253,253,253,247,65,0,0,0,0,0,0,0,222,253,133,0,0,19,152,253,253,253,253,133,0,0,0,0,0,0,0,0,136,253,172,0,18,193,253,253,253,253,206,10,0,0,0,0,0,0,0,0,10,201,249,238,241,253,252,236,253,253,93,0,0,0,0,0,0,0,0,0,0,70,238,253,253,233,135,127,253,239,29,0,0,0,0,0,0,0,0,0,0,0,71,156,156,57,55,236,253,144,0,0,0,0,0,0,0,0,0,0,0,0,0,0,0,10,184,253,253,20,0,0,0,0,0,0,0,0,0,0,0,0,0,0,0,115,253,253,163,5,0,0,0,0,0,0,0,0,0,0,0,0,0,0,20,219,253,208,9,0,0,0,0,0,0,0,0,0,0,0,0,0,0,2,122,253,253,229,90,0,0,0,0,0,0,0,0,9
0,0,0,0,0,0,0,0,0,0,0,0,0,0,0,0,0,0,0,0,0,0,0,0,0,0,0,0,0,0,0,0,0,0,0,0,0,0,0,0,0,0,0,0,0,0,0,0,20,77,150,254,170,97,3,0,0,0,0,0,0,0,0,0,0,0,0,66,237,253,254,253,253,253,97,0,0,0,0,0,0,0,0,0,0,0,0,185,253,222,122,69,69,111,48,0,0,0,0,0,0,0,0,0,0,0,17,210,253,137,0,0,0,0,0,0,0,0,0,0,0,0,0,0,0,0,47,253,253,33,0,0,0,0,0,0,0,0,0,0,0,0,0,0,0,0,163,254,254,149,75,0,0,0,0,0,0,0,0,0,0,0,0,0,0,0,162,253,253,253,246,141,13,0,0,0,0,0,0,0,0,0,0,0,0,0,44,101,90,205,254,253,120,13,0,0,0,0,0,0,0,0,0,0,0,0,0,0,0,21,118,253,253,88,0,0,0,0,0,0,0,0,0,0,0,0,0,0,0,0,13,212,253,161,0,0,0,0,0,0,0,0,0,0,0,0,0,0,0,0,0,163,254,161,0,0,0,0,0,0,0,0,0,0,0,0,0,0,0,0,15,220,253,161,0,0,0,0,0,0,0,0,0,0,0,0,0,0,0,0,24,253,253,77,0,0,0,0,0,0,0,0,0,0,0,0,0,0,0,0,160,253,196,9,0,0,0,0,0,0,0,0,0,0,0,0,0,0,0,106,254,253,79,0,0,0,0,0,0,0,0,0,0,0,0,0,0,0,115,244,243,95,0,0,0,0,0,0,0,0,0,0,0,0,0,0,9,79,237,253,136,0,0,0,0,0,0,0,0,0,0,0,0,0,0,0,79,253,253,137,0,0,0,0,0,0,0,0,0,0,5
0,0,0,0,0,0,0,0,0,0,0,0,0,30,124,240,205,137,42,0,0,0,0,0,0,0,0,0,0,0,0,0,0,206,253,253,0,0,0,0,0,0,0,0,0,0,0,0,0,0,0,26,187,254,188,59,0,0,0,0,0,0,0,0,0,0,0,0,0,0,55,239,254,160,4,0,0,0,0,0,0,0,0,0,0,0,0,0,0,64,161,253,214,29,0,0,0,0,0,0,0,0,0,0,0,0,0,0,51,222,253,219,25,0,0,0,0,0,0,0,0,0,0,0,0,0,0,85,221,254,180,25,0,0,0,0,0,0,0,0,0,0,0,0,0,0,72,247,254,194,13,0,0,0,0,0,0,0,0,0,0,0,0,0,0,89,228,253,155,21,0,0,0,22,116,149,208,136,0,0,0,0,0,0,26,239,253,151,25,0,0,0,60,189,253,253,254,173,0,0,0,0,0,0,221,254,188,59,0,0,41,161,254,241,216,254,236,50,0,0,0,0,13,206,254,210,21,0,0,93,224,253,182,52,224,219,50,0,0,0,0,0,74,253,247,37,0,0,100,249,242,137,83,208,234,13,0,0,0,0,0,34,240,253,118,0,0,68,229,253,188,209,254,236,79,0,0,0,0,0,0,81,254,254,60,0,74,254,255,254,254,254,160,9,0,0,0,0,0,0,0,21,211,253,239,197,249,253,254,227,164,81,0,0,0,0,0,0,0,0,0,0,72,230,254,253,253,253,228,86,5,0,0,0,0,0,0,0,0,0,0,0,0,0,69,69,69,69,186,253,46,0,0,0,0,0,0,0,0,0,0,0,0,0,0,0,0,0,0,0,0,0,0,0,0,0,0,0,0,0,0,0,0,0,0,0,0,0,0,0,0,0,0,0,0,0,0,0,0,0,6
0,0,0,0,0,0,0,0,0,0,0,85,236,14,0,0,0,0,0,0,0,0,0,0,0,0,0,0,0,0,0,85,252,184,14,0,0,0,0,0,0,0,0,0,0,0,0,0,0,0,0,85,252,252,42,0,0,0,0,0,0,0,0,0,0,0,0,0,0,0,0,85,252,252,42,0,0,0,0,0,0,0,0,0,0,0,0,0,0,0,0,173,252,252,42,0,0,0,0,0,0,0,0,0,0,0,0,0,0,0,0,191,253,216,18,0,0,0,0,0,0,0,0,0,0,0,0,0,0,0,32,237,252,110,0,0,0,0,0,0,0,0,0,0,0,0,0,0,0,0,139,252,233,7,0,0,0,0,0,0,0,0,0,0,0,0,0,0,0,0,148,252,205,0,0,0,0,0,0,0,0,0,0,0,0,0,0,0,0,45,236,252,82,0,0,0,0,0,0,0,0,0,0,0,0,0,0,0,0,168,255,204,9,0,0,0,0,0,0,0,0,0,0,0,0,0,0,0,22,225,253,132,0,0,0,0,0,0,0,0,0,0,0,0,0,0,0,11,202,252,232,32,0,0,0,0,0,0,0,0,0,0,0,0,0,0,0,22,252,252,140,0,0,0,0,0,0,0,0,0,0,0,0,0,0,0,0,110,252,252,62,0,0,0,0,0,0,0,0,0,0,0,0,0,0,0,0,233,253,174,0,0,0,0,0,0,0,0,0,0,0,0,0,0,0,0,64,247,252,42,0,0,0,0,0,0,0,0,0,0,0,0,0,0,0,4,142,252,212,21,0,0,0,0,0,0,0,0,0,0,0,0,0,0,0,32,237,247,63,0,0,0,0,0,0,0,0,0,0,0,0,0,0,0,0,0,146,187,0,0,0,0,0,0,0,0,0,0,0,0,1
0,0,0,0,0,0,0,0,0,0,0,0,0,0,0,0,0,0,0,0,0,0,0,0,0,0,0,0,0,0,0,0,0,0,0,0,0,0,0,0,0,0,0,0,0,0,0,0,0,0,0,13,45,138,233,253,255,211,17,0,0,0,0,0,0,0,0,0,13,89,161,212,252,252,252,252,211,252,227,29,0,0,0,0,0,0,38,142,203,252,252,215,162,69,69,69,13,211,252,45,0,0,0,0,0,85,233,252,252,218,108,21,0,0,0,0,55,158,227,29,0,0,0,0,95,240,253,231,137,35,0,0,0,0,0,106,191,231,100,0,0,0,0,7,212,253,231,42,0,0,0,0,0,7,66,243,255,249,63,0,0,0,0,91,252,231,42,0,0,0,0,47,68,186,252,252,218,75,0,0,0,0,13,203,252,189,0,0,0,0,0,201,252,252,252,221,84,0,0,0,0,0,9,196,252,232,43,0,0,0,0,137,211,252,252,96,0,0,0,0,0,0,0,80,252,252,241,157,116,116,168,253,252,221,137,12,0,0,0,0,0,0,0,0,43,220,244,253,253,253,253,255,253,253,46,0,0,0,0,0,0,0,0,0,0,0,61,132,92,133,195,253,244,123,17,0,0,0,0,0,0,0,0,0,0,0,0,0,0,151,246,253,153,0,0,0,0,0,0,0,0,0,0,0,0,0,0,0,110,244,252,253,112,0,0,0,0,0,0,0,0,0,0,0,0,0,0,0,174,252,252,128,8,0,0,0,0,0,0,0,0,0,0,0,0,0,0,110,253,253,243,0,0,0,0,0,0,0,0,0,0,0,0,0,0,0,5,178,252,252,64,0,0,0,0,0,0,0,0,0,0,0,0,0,0,0,191,252,252,185,6,0,0,0,0,0,0,0,0,0,9
0,0,0,0,0,0,0,0,0,0,0,0,0,0,0,0,0,0,0,0,0,0,0,0,0,0,0,0,0,0,0,0,0,0,0,0,0,0,0,0,0,0,0,0,0,0,0,0,0,0,0,0,0,0,0,0,0,0,0,0,0,0,0,0,0,0,0,0,0,15,96,143,186,196,120,8,0,0,0,0,0,0,0,0,15,38,67,67,100,209,253,252,252,252,252,131,0,0,0,0,0,0,0,19,219,233,252,252,252,252,253,226,153,248,252,164,0,0,0,0,0,0,0,11,192,230,241,248,230,230,107,8,0,242,252,154,0,0,0,0,0,0,0,0,0,0,42,72,0,0,0,0,22,245,252,55,0,0,0,0,0,0,0,0,0,0,0,0,0,0,0,0,137,252,170,12,0,0,0,0,0,0,0,0,0,0,0,0,0,0,0,61,249,252,88,0,0,0,0,0,0,0,0,0,0,0,0,0,0,0,0,133,252,248,72,0,0,0,0,0,0,0,0,0,0,0,0,0,0,0,59,233,252,196,0,0,0,0,0,0,0,0,0,0,0,0,0,0,0,0,143,252,252,24,0,0,0,0,0,0,0,0,0,0,0,0,0,0,0,0,255,253,197,5,0,0,0,0,0,0,0,0,0,0,0,0,0,0,0,29,253,235,66,0,0,0,0,0,0,0,0,0,0,0,0,0,0,0,0,201,253,186,0,0,0,0,0,0,0,0,0,0,0,0,0,0,0,0,132,251,253,81,0,0,0,0,0,0,0,0,0,0,0,0,0,0,0,29,230,252,208,27,0,0,0,0,0,0,0,0,0,0,0,0,0,0,0,45,252,252,111,0,0,0,0,0,0,0,0,0,0,0,0,0,0,0,1,149,252,247,10,0,0,0,0,0,0,0,0,0,7
0,0,0,0,0,0,0,0,0,0,0,0,0,0,0,0,0,0,0,0,0,0,0,0,0,0,0,0,0,0,0,0,0,0,0,0,0,0,0,0,0,0,0,0,0,0,0,0,0,0,0,0,0,0,0,0,0,0,0,0,0,0,0,0,0,0,0,0,64,128,128,191,255,255,191,0,0,0,0,0,0,0,0,0,64,191,255,255,255,255,255,255,255,255,255,128,0,0,0,0,0,0,0,0,64,255,255,255,255,255,255,255,255,255,255,128,0,0,0,0,0,0,0,0,0,0,64,128,128,64,0,0,255,255,255,0,0,0,0,0,0,0,0,0,0,0,0,0,0,0,0,64,255,255,191,0,0,0,0,0,0,0,0,0,0,0,0,0,0,0,0,128,255,255,128,0,0,0,0,0,0,0,0,0,0,0,0,0,0,0,0,255,255,255,64,0,0,0,0,0,0,0,0,0,0,0,0,0,0,0,191,255,255,191,0,0,0,0,0,0,0,0,0,0,0,0,0,0,0,0,255,255,255,0,0,0,0,0,0,0,0,0,0,0,0,0,0,0,0,128,255,255,191,0,0,0,0,0,0,0,0,0,0,0,0,0,0,0,0,255,255,255,64,0,0,0,0,0,0,0,0,0,0,0,0,0,0,0,128,255,255,128,0,0,0,0,0,0,0,0,0,0,0,0,0,0,0,0,255,255,255,0,0,0,0,0,0,0,0,0,0,0,0,0,0,0,0,128,255,255,64,0,0,0,0,0,0,0,0,0,0,0,0,0,0,0,0,255,255,255,0,0,0,0,0,0,0,0,0,0,0,0,0,0,0,0,0,255,255,128,0,0,0,0,0,0,0,0,0,0,0,0,0,0,0,0,0,255,255,64,0,0,0,0,0,0,0,0,0,0,7
0,0,0,0,0,0,0,0,0,0,2,201,255,43,0,0,0,0,0,0,0,0,0,0,0,0,0,0,0,0,69,253,253,110,0,0,0,0,0,0,0,0,0,0,0,0,0,0,0,0,78,253,253,97,0,0,0,0,0,0,0,0,0,0,0,0,0,0,0,0,192,253,253,43,0,0,0,0,0,0,0,0,0,0,0,0,0,0,0,0,192,253,253,43,0,0,0,0,0,0,0,0,0,0,0,0,0,0,0,10,201,253,253,43,0,0,0,0,0,0,0,0,0,0,0,0,0,0,0,84,253,253,200,15,0,0,0,0,0,0,0,0,0,0,0,0,0,0,11,199,253,253,148,0,0,0,0,0,0,0,0,0,0,0,0,0,0,0,56,253,253,237,38,0,0,0,0,0,0,0,0,0,0,0,0,0,0,0,87,253,253,179,0,0,0,0,0,0,0,0,0,0,0,0,0,0,0,0,180,253,253,179,0,0,0,0,0,0,0,0,0,0,0,0,0,0,0,0,180,253,253,82,0,0,0,0,0,0,0,0,0,0,0,0,0,0,0,41,239,253,198,11,0,0,0,0,0,0,0,0,0,0,0,0,0,0,0,93,253,253,142,0,0,0,0,0,0,0,0,0,0,0,0,0,0,0,0,174,253,253,61,0,0,0,0,0,0,0,0,0,0,0,0,0,0,0,0,174,253,253,61,0,0,0,0,0,0,0,0,0,0,0,0,0,0,0,40,246,253,197,6,0,0,0,0,0,0,0,0,0,0,0,0,0,0,0,99,253,253,249,57,0,0,0,0,0,0,0,0,0,0,0,0,0,0,0,167,253,253,194,3,0,0,0,0,0,0,0,0,0,0,0,0,0,0,0,25,214,226,37,0,0,0,0,0,0,0,0,0,0,1
0,0,0,0,0,0,0,0,203,254,150,0,0,0,0,0,0,0,0,0,0,0,0,0,0,0,0,0,202,252,149,0,0,0,0,0,0,0,0,0,0,0,0,0,0,0,0,0,202,252,149,0,0,0,0,0,0,0,0,0,0,0,0,0,0,0,0,0,202,252,149,0,0,0,0,0,0,0,0,0,0,0,0,0,0,0,0,0,204,255,150,0,0,0,0,0,0,0,0,0,0,0,0,0,0,0,0,0,202,252,149,0,0,0,0,0,0,0,0,0,0,0,0,0,0,0,0,0,202,252,210,60,0,0,0,0,0,0,0,0,0,0,0,0,0,0,0,0,202,252,250,100,0,0,0,0,0,0,0,0,0,0,0,0,0,0,0,0,0,254,252,100,0,0,0,0,0,0,0,0,0,0,0,0,0,0,0,0,0,252,250,100,0,0,0,0,0,0,0,0,0,0,0,0,0,0,0,0,0,252,250,100,0,0,0,0,0,0,0,0,0,0,0,0,0,0,0,0,0,252,250,100,0,0,0,0,0,0,0,0,0,0,0,0,0,0,0,0,0,254,252,100,0,0,0,0,0,0,0,0,0,0,0,0,0,0,0,0,0,252,250,160,20,0,0,0,0,0,0,0,0,0,0,0,0,0,0,0,0,252,250,250,49,0,0,0,0,0,0,0,0,0,0,0,0,0,0,0,0,90,250,250,211,0,0,0,0,0,0,0,0,0,0,0,0,0,0,0,0,41,222,252,252,204,0,0,0,0,0,0,0,0,0,0,0,0,0,0,0,0,102,250,250,202,0,0,0,0,0,0,0,0,0,0,0,0,0,0,0,0,102,250,250,202,0,0,0,0,0,0,0,0,0,0,0,0,0,0,0,0,20,170,250,202,0,0,0,0,0,0,1
0,0,0,0,0,0,0,0,0,0,0,0,0,0,0,4,43,43,148,148,0,0,0,0,0,0,0,0,0,0,0,0,0,85,121,195,252,252,253,224,0,0,0,0,0,0,6,22,22,57,127,153,232,253,252,252,212,82,21,14,0,0,0,0,0,15,190,252,253,252,252,252,252,216,189,92,28,0,0,0,0,0,0,0,0,110,252,252,253,252,252,252,121,18,0,0,0,0,0,0,0,0,0,0,15,148,253,253,254,222,202,106,18,0,0,0,0,0,0,0,0,0,0,15,185,252,252,182,107,16,0,0,0,0,0,0,0,0,0,0,0,0,0,148,252,252,252,236,128,127,119,22,13,0,0,0,0,0,0,0,0,0,0,253,252,252,252,252,253,252,252,252,217,98,0,0,0,0,0,0,0,0,0,209,252,252,226,235,253,252,252,252,252,247,97,0,0,0,0,0,0,0,0,0,36,9,0,0,0,0,0,27,212,255,253,144,0,0,0,0,0,0,0,15,21,0,0,0,0,0,0,0,27,253,252,231,0,0,0,0,0,0,0,139,237,72,0,0,0,0,0,0,0,156,252,242,42,0,0,0,0,0,0,174,252,196,0,0,0,0,0,0,0,148,252,252,84,0,0,0,0,0,0,165,252,231,0,0,0,0,0,0,0,148,252,244,49,0,0,0,0,0,0,148,253,232,0,0,0,0,0,11,130,255,253,232,0,0,0,0,0,0,0,113,252,231,0,0,0,0,87,206,252,253,252,117,0,0,0,0,0,0,0,4,186,251,161,127,128,206,251,252,252,250,117,2,0,0,0,0,0,0,0,0,64,247,252,252,253,252,252,252,199,115,0,0,0,0,0,0,0,0,0,0,0,92,173,252,253,252,155,77,7,0,0,0,0,0,0,0,5
0,0,0,0,0,99,250,253,253,253,252,218,118,36,0,0,0,0,0,0,0,0,0,0,0,99,253,253,253,253,253,253,253,221,37,0,0,0,0,0,0,0,0,0,0,8,19,63,149,82,149,173,253,253,241,84,0,0,0,0,0,0,0,0,0,0,0,0,0,0,0,6,189,253,253,208,0,0,0,0,0,0,0,0,0,0,0,0,0,0,0,0,69,253,253,232,35,0,0,0,0,0,0,0,0,0,0,0,0,0,0,0,26,213,253,242,65,0,0,0,0,0,0,0,0,0,0,0,0,0,0,0,53,253,253,220,0,0,0,0,0,0,0,0,0,0,0,0,0,0,0,0,90,253,253,220,0,0,0,0,0,0,0,0,0,0,0,0,0,0,0,0,183,253,253,221,0,0,0,0,0,0,0,0,0,0,0,0,0,0,0,14,199,253,253,190,0,0,0,0,0,0,0,0,22,103,116,183,183,183,183,199,253,253,253,184,0,0,0,0,0,0,22,170,208,253,253,253,253,253,253,253,253,253,253,243,96,43,0,0,0,20,206,253,253,253,253,253,253,253,253,253,253,253,253,253,253,247,169,99,0,141,253,253,240,220,107,91,91,136,253,253,253,247,200,178,253,253,253,251,0,255,253,253,69,0,0,23,67,184,253,253,248,120,0,13,177,229,253,253,0,255,253,253,37,20,67,238,253,253,253,208,83,0,0,0,0,19,245,253,0,174,253,253,253,253,253,253,253,253,142,28,0,0,0,0,0,0,70,247,0,0,177,253,253,253,253,253,248,142,27,0,0,0,0,0,0,0,0,63,0,0,58,123,123,123,123,123,22,0,0,0,0,0,0,0,0,0,0,0,0,0,0,0,0,0,0,0,0,0,0,0,0,0,0,0,0,0,0,0,2
0,0,0,0,0,0,0,0,0,0,0,0,0,0,0,0,0,0,0,0,0,0,0,0,0,0,0,0,0,0,0,0,0,0,0,0,0,0,0,0,0,0,0,0,0,0,0,0,0,0,0,0,0,0,0,0,0,0,0,0,0,0,0,0,0,0,0,68,91,127,160,160,160,160,202,169,0,0,0,0,0,0,0,8,116,163,226,250,254,254,254,254,254,254,254,169,0,0,0,0,0,0,132,208,254,254,254,253,244,150,150,150,150,208,254,169,0,0,0,0,0,0,169,254,220,178,157,75,0,0,0,0,0,141,254,169,0,0,0,0,0,0,138,154,28,0,0,0,0,0,0,0,0,229,254,151,0,0,0,0,0,0,0,0,0,0,0,0,0,0,0,0,41,244,238,42,0,0,0,0,0,0,0,0,0,0,0,0,0,0,0,0,169,254,140,0,0,0,0,0,0,0,0,0,0,0,0,0,0,0,0,0,169,254,120,0,0,0,0,0,0,0,0,0,0,0,0,0,0,0,0,65,241,220,24,0,0,0,0,0,0,0,0,0,0,0,0,0,0,0,0,198,254,113,0,0,0,0,0,0,0,0,0,0,0,0,0,0,0,0,123,254,254,19,0,0,0,0,0,0,0,0,0,0,0,0,0,0,0,0,226,254,137,2,0,0,0,0,0,0,0,0,0,0,0,0,0,0,0,59,248,246,19,0,0,0,0,0,0,0,0,0,0,0,0,0,0,0,0,254,254,153,0,0,0,0,0,0,0,0,0,0,0,0,0,0,0,0,106,255,247,46,0,0,0,0,0,0,0,0,0,0,0,0,0,0,0,31,242,254,97,0,0,0,0,0,0,0,0,0,0,0,0,0,0,0,19,201,254,176,9,0,0,0,0,0,0,0,0,0,7
0,0,0,0,0,0,41,112,156,179,254,254,254,254,232,84,0,0,0,0,0,0,0,0,0,100,241,253,253,254,253,253,253,253,254,220,6,0,0,0,0,0,0,0,0,185,253,240,174,116,115,78,78,115,193,253,145,0,0,0,0,0,0,0,0,107,146,23,0,0,0,0,0,0,59,253,174,0,0,0,0,0,0,0,0,0,0,0,0,0,0,0,0,0,171,253,137,0,0,0,0,0,0,0,0,0,0,0,0,0,0,0,32,134,255,241,30,0,0,0,0,0,0,0,0,0,0,0,0,13,28,147,235,253,249,103,0,0,0,0,0,0,0,0,0,0,0,28,175,224,253,253,253,222,98,0,0,0,0,0,0,0,0,0,0,0,0,144,253,254,253,253,253,170,0,0,0,0,0,0,0,0,0,0,0,0,0,122,253,254,170,223,253,253,38,0,0,0,0,0,0,0,0,0,0,0,0,0,0,0,0,0,175,254,196,0,0,0,0,0,0,0,0,0,0,0,0,0,0,0,0,0,36,226,222,26,0,0,0,0,0,0,0,0,0,0,0,0,0,0,0,0,0,128,254,135,0,0,0,0,0,0,0,0,0,0,0,0,0,0,0,0,0,98,254,226,0,0,0,0,0,99,165,0,0,0,0,0,0,0,0,0,0,98,254,195,0,0,0,0,20,254,254,58,0,0,0,0,0,0,0,0,123,254,241,68,0,0,0,0,20,253,253,185,96,20,20,20,20,20,103,185,250,245,142,0,0,0,0,0,6,199,253,253,254,253,253,253,253,254,253,253,240,70,0,0,0,0,0,0,0,44,212,253,254,253,253,253,253,254,234,183,61,0,0,0,0,0,0,0,0,0,9,96,119,200,253,253,253,133,31,0,0,0,0,0,0,0,0,0,3
0,0,0,0,0,0,0,0,0,0,0,0,0,0,0,0,0,0,0,0,0,0,0,0,0,0,0,0,0,0,0,0,0,0,0,0,0,0,0,0,0,0,0,0,50,91,165,172,172,173,178,254,191,92,0,0,0,0,0,0,0,0,0,0,157,200,241,254,254,254,253,244,254,213,0,0,0,0,0,0,0,0,0,0,0,0,17,65,65,66,61,107,254,213,0,0,0,0,0,0,0,0,0,0,0,0,0,0,0,0,0,107,254,202,0,0,0,0,0,0,0,0,0,0,0,0,0,0,0,0,0,107,254,130,0,0,0,0,0,0,0,0,0,0,0,0,0,0,0,0,0,107,254,130,0,0,0,0,0,0,0,0,0,0,0,0,0,0,0,0,0,152,254,130,0,0,0,0,0,0,0,0,0,0,0,0,0,0,0,0,31,227,254,83,0,0,0,0,0,0,0,0,0,0,0,0,0,0,0,0,99,254,223,3,0,0,0,0,0,0,0,0,0,0,0,0,0,0,0,0,99,254,141,0,0,0,0,0,0,0,0,0,0,0,0,0,0,0,0,1,157,254,139,0,0,0,0,0,0,0,0,0,0,0,0,0,0,0,0,41,254,254,108,0,0,0,0,0,0,0,0,0,0,0,0,0,0,0,0,91,254,251,52,0,0,0,0,0,0,0,0,0,0,0,0,0,0,0,0,102,254,218,0,0,0,0,0,0,0,0,0,0,0,0,0,0,0,0,0,186,254,147,0,0,0,0,0,0,0,0,0,0,0,0,0,0,0,0,43,254,254,79,0,0,0,0,0,0,0,0,0,0,0,0,0,0,0,0,83,255,221,9,0,0,0,0,0,0,0,0,0,0,0,0,0,0,0,0,156,254,155,0,0,0,0,0,0,0,0,0,7
0,0,0,0,0,0,28,204,253,253,69,0,0,0,0,0,0,0,0,0,0,0,0,0,0,35,216,253,253,227,52,0,0,0,0,0,0,0,0,0,0,0,0,0,0,140,253,253,253,147,0,0,0,0,0,0,0,0,0,0,0,0,0,0,11,160,253,231,190,20,0,0,0,0,0,0,0,0,0,0,0,0,0,0,62,253,253,130,0,0,0,0,0,0,0,0,0,0,0,0,0,0,0,0,80,253,253,130,0,0,0,0,0,0,0,0,0,0,0,0,0,0,0,0,164,253,253,181,22,0,0,0,0,30,106,84,0,0,0,0,0,0,0,0,189,253,253,163,14,0,0,4,125,203,253,238,184,39,5,0,0,0,0,0,237,253,253,130,0,0,65,145,253,253,253,253,253,253,138,0,0,0,0,0,237,253,253,130,0,70,229,253,253,253,253,253,253,253,214,40,0,0,0,0,237,253,210,4,75,249,253,253,206,134,8,8,135,253,253,60,0,0,0,0,237,253,209,0,202,253,253,201,36,0,0,0,131,253,253,60,0,0,0,0,237,253,248,118,202,253,245,17,0,0,0,48,241,253,150,6,0,0,0,0,237,253,253,194,228,253,152,0,0,0,0,144,253,253,138,0,0,0,0,0,83,237,253,253,253,253,95,23,24,36,138,249,253,248,120,0,0,0,0,0,0,140,253,253,253,253,253,205,205,253,253,253,253,138,0,0,0,0,0,0,0,34,215,253,253,253,253,253,253,253,253,249,144,10,0,0,0,0,0,0,0,0,28,156,233,253,253,253,253,253,196,124,0,0,0,0,0,0,0,0,0,0,0,0,62,150,253,253,137,78,32,0,0,0,0,0,0,0,0,0,0,0,0,0,0,0,0,0,0,0,0,0,0,0,0,0,6
0,0,0,0,0,0,0,0,0,0,0,0,0,0,0,0,0,0,0,0,0,0,0,0,0,0,0,0,0,0,0,0,0,0,8,55,0,22,90,172,0,0,0,0,0,0,0,0,0,0,0,0,69,148,225,145,127,225,254,234,0,0,0,0,0,0,0,0,0,0,15,131,209,254,251,215,244,243,254,114,0,0,0,0,0,0,0,10,106,168,237,254,254,254,253,222,247,211,90,4,0,0,0,0,0,0,61,160,254,254,254,254,254,199,148,219,212,24,0,0,0,0,0,0,0,8,203,254,254,254,241,128,67,34,130,233,55,0,0,0,0,0,0,0,0,5,197,248,174,92,21,28,130,240,254,243,66,0,0,0,0,0,0,0,0,0,6,9,8,90,214,249,254,249,228,254,196,39,0,0,0,0,0,0,0,0,0,0,50,253,254,254,194,89,4,170,254,87,0,0,0,0,0,0,0,0,0,0,170,254,253,115,29,0,0,79,254,77,0,0,0,0,0,0,0,0,0,0,29,118,35,0,0,0,0,78,247,43,0,0,0,0,0,0,0,0,0,0,0,0,0,0,0,0,0,70,229,0,0,0,0,0,0,0,0,0,0,0,0,0,0,0,0,0,1,155,165,0,0,0,8,70,0,0,0,0,0,0,0,0,0,0,0,0,102,243,66,0,0,0,111,254,110,0,0,0,0,0,0,0,0,0,14,159,252,142,0,0,0,0,204,254,245,52,0,0,0,0,0,0,18,91,205,254,163,0,0,0,0,0,163,254,254,225,99,26,26,95,117,199,245,250,162,72,5,0,0,0,0,0,87,254,254,254,255,254,255,255,254,255,255,187,8,0,0,0,0,0,0,0,2,74,222,251,254,254,254,254,245,210,88,2,0,0,0,0,0,0,0,0,3
209,209,238,238,221,235,232,254,203,228,201,237,252,234,220,251,243,254,244,237,242,237,211,242,234,221,223,237,251,222,218,239,220,207,245,218,246,228,216,201,218,221,237,243,242,200,226,200,253,235,201,235,209,252,214,238,237,253,210,249,207,231,220,218,209,226,219,253,207,226,221,224,208,204,233,222,201,219,224,201,203,241,218,212,226,229,247,246,213,246,240,233,221,244,206,232,206,204,232,237,206,243,226,235,218,236,216,248,229,227,217,201,242,216,228,240,219,249,221,247,204,221,250,219,237,251,253,215,233,235,214,251,216,243,222,252,239,202,222,250,254,246,205,233,201,213,212,247,223,241,212,245,232,251,222,248,223,207,251,237,222,244,235,228,254,237,222,223,242,253,228,229,237,231,221,236,240,208,216,231,253,247,240,249,200,251,209,209,247,234,220,248,202,214,251,224,221,233,247,203,237,234,231,212,215,238,208,221,210,248,214,247,246,254,253,203,234,212,216,215,231,200,250,242,237,209,253,246,239,216,212,219,213,243,229,222,249,206,231,241,204,217,227,241,220,241,221,209,203,239,221,210,218,208,252,231,217,204,210,227,241,230,226,213,249,209,222,227,234,240,219,248,212,246,248,216,250,231,218,217,216,237,225,223,221,208,241,249,253,238,231,229,234,249,214,226,229,244,249,245,242,222,212,209,242,224,242,215,239,250,247,200,227,245,253,244,239,207,237,210,247,236,237,232,228,252,228,206,205,241,227,200,243,251,210,253,225,235,213,204,253,220,228,245,225,217,248,243,208,204,202,209,228,244,213,203,215,251,231,241,251,205,205,233,231,206,217,202,212,235,200,215,242,242,248,207,213,217,229,210,240,241,254,233,245,228,246,245,248,215,234,236,242,210,238,216,221,200,227,234,6
0,0,0,0,0,0,0,0,74,250,237,128,0,0,0,0,0,0,0,0,0,0,0,0,0,0,0,7,199,195,18,0,0,0,0,0,0,0,0,0,0,0,0,0,0,0,0,73,253,102,0,0,0,0,0,0,0,0,0,0,0,0,0,0,0,0,0,192,253,19,0,0,0,0,0,0,0,0,0,0,0,0,0,0,0,0,59,254,235,15,0,0,0,0,0,0,0,0,0,0,0,0,0,0,0,0,59,253,174,0,0,0,0,0,0,0,0,0,0,0,0,0,0,0,0,0,127,253,174,0,0,0,0,0,0,0,0,0,0,0,0,0,0,0,0,0,156,253,123,90,136,16,0,0,0,0,0,0,0,0,0,0,0,0,0,0,231,253,78,234,253,195,53,0,0,0,0,0,0,0,0,0,0,0,0,0,217,254,78,53,195,255,163,18,0,0,0,0,0,0,0,0,0,0,0,0,208,253,160,0,15,163,253,196,17,0,0,0,0,0,0,0,0,0,0,0,127,253,174,0,0,18,196,253,146,0,0,0,0,0,0,0,0,0,0,0,59,253,186,3,0,0,65,253,213,0,0,0,0,0,0,0,0,0,0,0,59,253,253,19,0,0,5,193,244,83,0,0,0,0,0,0,0,0,0,0,0,155,254,186,14,0,0,79,254,216,0,0,0,0,0,0,0,0,0,0,0,35,253,253,148,8,0,12,237,253,0,0,0,0,0,0,0,0,0,0,0,6,108,247,253,206,93,79,240,253,0,0,0,0,0,0,0,0,0,0,0,0,0,71,206,254,253,253,253,147,0,0,0,0,0,0,0,0,0,0,0,0,0,0,23,155,200,222,140,14,0,0,0,0,0,0,0,0,0,0,0,0,0,0,0,0,0,0,0,0,0,0,0,0,6
0,0,0,0,0,0,0,0,0,0,0,0,0,0,0,0,0,0,0,0,0,0,0,0,0,0,0,0,0,0,0,0,0,0,0,0,0,0,0,0,0,0,0,0,0,0,0,49,138,243,255,154,0,0,0,0,0,0,0,0,0,0,0,0,0,0,9,197,252,252,253,236,161,50,0,0,0,0,0,0,0,0,0,0,0,0,130,252,227,130,190,252,252,227,48,0,0,0,0,0,0,0,0,0,0,155,236,227,50,0,5,83,252,252,137,0,0,0,0,0,0,0,0,0,53,253,252,130,0,0,0,26,221,252,242,158,0,0,0,0,0,0,0,0,127,255,228,32,0,0,0,0,185,253,253,231,0,0,0,0,0,0,0,0,230,253,132,0,0,0,0,0,111,252,252,230,0,0,0,0,0,0,0,0,230,253,92,0,0,0,0,0,153,252,252,199,0,0,0,0,0,0,0,0,230,253,92,0,0,0,0,17,209,252,252,74,0,0,0,0,0,0,0,0,126,253,196,0,0,0,0,99,252,252,252,0,0,0,0,0,0,0,0,0,0,255,253,222,97,24,87,212,253,253,190,0,0,0,0,0,0,0,0,0,0,159,252,252,252,252,253,252,252,252,137,0,0,0,0,0,0,0,0,0,0,7,141,183,183,246,215,196,252,252,137,0,0,0,0,0,0,0,0,0,0,0,0,0,0,42,21,47,252,252,137,0,0,0,0,0,0,0,0,0,0,0,0,0,0,0,0,47,252,252,137,0,0,0,0,0,0,0,0,0,0,0,0,0,0,0,0,47,253,253,137,0,0,0,0,0,0,0,0,0,0,0,0,0,0,0,0,47,252,252,137,0,0,0,0,0,0,0,0,0,0,0,0,0,0,0,0,47,252,252,137,0,0,0,0,0,9
0,0,0,0,0,0,0,0,0,0,0,0,0,0,0,0,0,0,0,0,0,0,0,0,0,0,26,139,139,192,139,118,24,5,0,0,0,0,0,0,0,0,0,0,0,111,178,253,253,253,254,253,253,120,0,0,0,0,0,0,0,0,0,0,117,254,253,253,228,184,185,228,253,161,0,0,0,0,0,0,0,0,0,0,189,246,161,77,29,0,0,162,253,161,0,0,0,0,0,0,0,0,0,0,11,21,0,0,0,0,22,245,253,161,0,0,0,0,0,0,0,0,0,0,0,0,0,0,0,11,203,254,238,95,0,0,0,0,0,0,0,0,0,0,0,0,0,0,17,194,254,245,56,0,0,0,0,0,0,0,0,0,0,0,0,0,0,0,177,253,254,207,0,0,0,0,0,0,0,0,0,0,0,0,0,0,0,0,208,253,254,245,176,93,51,0,0,0,0,0,0,0,0,0,0,0,0,0,114,137,202,253,253,253,243,53,0,0,0,0,0,0,0,0,0,0,0,0,0,0,0,22,147,240,254,232,0,0,0,0,0,0,0,0,0,0,0,0,0,0,0,0,0,93,253,231,0,0,0,0,0,0,0,0,0,0,0,0,0,0,0,0,0,177,253,200,0,0,0,0,0,0,0,0,0,0,0,0,0,0,0,0,26,225,253,116,0,0,0,0,0,0,0,0,0,0,0,0,0,0,0,0,175,253,253,63,0,0,0,0,0,0,0,0,0,128,0,0,0,0,13,160,254,254,191,0,0,0,0,0,0,0,0,0,0,246,80,0,0,22,119,253,253,194,50,0,0,0,0,0,0,0,0,0,0,255,241,185,91,153,255,253,203,65,0,0,0,0,0,0,0,0,0,0,0,212,253,253,253,253,254,173,13,0,0,0,0,0,0,0,3
0,0,0,0,0,0,0,0,0,0,0,0,0,0,0,0,0,0,0,0,0,0,0,0,0,0,0,0,0,0,0,0,0,0,0,156,158,0,0,0,0,0,0,0,0,0,0,44,192,27,0,0,0,0,0,163,233,0,0,0,0,0,0,0,0,0,14,229,210,40,0,0,0,0,0,254,165,0,0,0,0,0,0,0,0,0,162,253,64,0,0,0,0,0,91,254,135,0,0,0,0,0,0,0,0,23,229,222,12,0,0,0,0,0,173,254,99,0,0,0,0,0,0,0,0,141,254,78,0,0,0,0,0,10,209,255,39,0,0,0,0,0,0,0,8,254,243,42,0,0,0,0,7,168,253,196,6,0,0,0,0,0,0,13,183,254,135,0,0,0,19,124,199,253,253,98,0,0,0,0,0,0,0,55,253,254,192,136,189,234,239,234,183,243,237,8,0,0,0,0,0,0,31,219,253,254,253,253,253,177,96,31,0,234,155,0,0,0,0,0,0,0,79,254,254,241,195,128,45,0,0,13,186,254,58,0,0,0,0,0,0,0,42,135,99,30,0,0,0,0,0,20,253,253,58,0,0,0,0,0,0,0,0,0,0,0,0,0,0,0,0,20,253,225,18,0,0,0,0,0,0,0,0,0,0,0,0,0,0,0,0,73,253,198,0,0,0,0,0,0,0,0,0,0,0,0,0,0,0,0,0,154,253,79,0,0,0,0,0,0,0,0,0,0,0,0,0,0,0,0,14,224,254,19,0,0,0,0,0,0,0,0,0,0,0,0,0,0,0,0,59,253,247,18,0,0,0,0,0,0,0,0,0,0,0,0,0,0,0,0,59,253,174,0,0,0,0,0,0,0,0,0,0,0,0,0,0,0,0,0,149,253,85,0,0,0,0,0,0,0,4
0,0,0,0,0,0,0,0,0,0,0,0,0,0,0,0,0,0,0,0,0,0,0,0,0,0,0,0,0,0,0,0,186,193,0,0,0,0,0,0,0,0,0,0,0,0,0,0,0,0,0,0,246,192,0,0,0,0,0,0,0,0,0,0,0,0,0,0,0,0,0,0,246,192,0,0,0,0,0,0,0,0,0,0,0,0,0,0,0,0,0,44,250,143,0,0,0,0,0,0,0,0,0,0,0,0,0,0,0,0,0,170,254,29,0,0,0,0,0,0,0,0,0,0,0,0,0,0,0,0,0,254,244,15,0,0,0,0,0,0,0,0,0,0,0,0,0,0,0,0,70,255,174,0,0,0,0,0,0,0,0,0,0,0,0,0,0,0,0,1,160,254,60,0,0,0,0,0,0,0,0,0,0,0,0,0,0,0,0,9,254,224,5,0,0,0,0,0,0,0,0,0,0,0,0,0,0,0,0,70,254,175,0,0,0,0,0,0,0,0,0,0,0,0,0,0,0,0,0,185,254,31,0,0,0,0,0,0,0,0,0,0,0,0,0,0,0,0,18,251,254,0,0,0,0,0,0,0,0,0,0,0,0,0,0,0,0,0,18,254,254,0,0,0,0,0,0,0,0,0,0,0,0,0,0,0,0,0,18,254,175,0,0,0,0,0,0,0,0,0,0,0,0,0,0,0,0,0,94,254,121,0,0,0,0,0,0,0,0,0,0,0,0,0,0,0,0,13,177,207,41,0,0,0,0,0,0,0,0,0,0,0,0,0,0,0,0,27,254,157,0,0,0,0,0,0,0,0,0,0,0,0,0,0,0,0,0,27,254,157,0,0,0,0,0,0,0,0,0,0,0,0,0,0,0,0,0,17,231,194,30,0,0,0,0,0,0,0,0,0,1
0,0,0,0,0,0,0,0,0,0,0,0,0,0,0,0,0,0,0,0,0,0,0,0,0,0,0,0,0,0,0,0,0,0,0,0,0,0,0,0,0,0,0,0,0,0,0,0,0,0,0,0,0,0,0,0,0,0,0,0,0,0,0,0,0,0,0,0,0,0,82,214,253,254,213,0,0,0,0,0,0,0,0,0,0,0,0,0,0,123,243,253,252,253,252,123,0,0,0,0,0,0,0,0,0,0,0,11,173,254,253,254,213,214,253,214,10,0,0,0,0,0,0,0,0,0,0,132,252,253,252,91,10,51,252,253,50,0,0,0,0,0,0,0,0,0,102,254,253,203,20,31,31,51,253,203,0,0,0,0,0,0,0,0,0,0,183,253,252,20,123,233,232,213,252,81,0,0,0,0,0,0,0,0,0,72,253,254,253,173,253,254,253,244,162,0,0,0,0,0,0,0,0,0,0,152,252,253,252,253,252,253,252,122,0,0,0,0,0,0,0,0,0,0,0,132,253,254,253,244,243,254,253,102,0,0,0,0,0,0,0,0,0,0,0,10,131,151,151,40,203,253,252,61,0,0,0,0,0,0,0,0,0,0,0,0,0,0,0,11,213,254,151,0,0,0,0,0,0,0,0,0,0,0,0,0,0,0,0,92,252,253,111,0,0,0,0,0,0,0,0,0,0,0,0,0,0,0,0,254,253,244,40,0,0,0,0,0,0,0,0,0,0,0,0,0,0,0,0,253,252,162,0,0,0,0,0,0,0,0,0,0,0,0,0,0,0,0,123,254,253,82,0,0,0,0,0,0,0,0,0,0,0,0,0,0,0,21,223,253,212,0,0,0,0,0,0,0,0,0,0,0,0,0,0,0,0,51,253,255,50,0,0,0,0,0,0,0,0,0,9
0,0,0,0,0,0,0,0,0,0,0,0,0,0,0,0,0,0,0,0,0,0,0,0,0,0,0,0,0,0,0,0,3,91,91,165,255,169,12,0,0,0,0,0,0,0,9,49,82,0,11,70,183,253,253,253,253,253,152,7,0,0,0,0,0,0,124,253,172,10,156,253,253,253,253,253,253,253,253,106,0,0,0,0,0,5,140,253,253,202,231,253,252,220,98,130,247,253,253,106,0,0,0,0,0,33,253,253,253,253,253,213,126,0,0,57,228,253,225,55,0,0,0,0,0,6,143,253,253,253,222,31,0,0,5,142,253,253,57,0,0,0,0,0,0,0,124,253,253,253,98,0,0,0,116,253,253,253,32,0,0,0,0,0,0,9,157,253,253,150,9,0,0,0,189,253,253,133,3,0,0,0,0,0,0,33,253,253,167,9,0,0,0,61,228,253,127,47,0,0,0,0,0,0,0,193,253,253,114,0,0,0,62,249,253,253,48,0,0,0,0,0,0,0,0,197,253,253,114,0,0,3,175,253,252,170,16,0,0,0,0,0,0,0,0,197,253,234,70,0,0,83,253,253,164,0,0,0,0,0,0,0,0,0,80,239,253,203,0,0,16,205,253,253,65,0,0,0,0,0,0,0,0,0,107,253,253,203,0,0,156,253,253,253,65,0,0,0,0,0,0,0,0,0,107,253,253,204,23,84,235,253,225,148,13,0,0,0,0,0,0,0,0,0,107,253,253,229,198,253,253,253,81,0,0,0,0,0,0,0,0,0,0,0,107,253,253,253,253,253,253,181,10,0,0,0,0,0,0,0,0,0,0,0,107,253,253,253,253,253,162,72,0,0,0,0,0,0,0,0,0,0,0,0,107,253,253,253,253,186,69,0,0,0,0,0,0,0,0,0,0
0,0,0,0,0,0,0,0,0,0,0,0,0,0,0,0,0,0,0,0,0,0,0,0,0,0,0,0,0,0,0,0,0,0,0,0,0,0,0,0,0,0,0,0,0,0,0,0,0,63,176,253,222,101,0,0,0,0,0,0,0,0,0,0,0,0,0,67,101,240,253,252,252,249,100,0,0,0,0,0,0,0,0,0,0,26,182,240,252,252,253,252,252,252,221,57,6,0,0,0,0,0,0,0,16,207,252,252,252,252,240,176,199,252,252,240,24,0,0,0,0,0,0,0,140,253,252,252,252,173,63,0,57,252,252,140,0,0,0,0,0,0,0,0,141,255,253,228,47,0,0,0,57,253,253,141,0,0,0,0,0,0,0,16,203,168,42,21,0,0,0,0,182,252,204,15,0,0,0,0,0,0,0,0,31,0,0,0,0,0,0,19,209,252,112,0,0,0,0,0,0,0,0,0,0,0,0,0,0,0,0,101,252,252,112,0,0,0,0,0,0,0,0,0,0,0,0,0,0,0,0,225,252,252,112,0,0,0,0,0,0,0,0,0,0,0,0,0,0,0,51,238,253,253,112,0,0,0,0,0,0,0,0,0,0,0,0,0,0,0,75,243,252,236,50,0,0,0,0,0,0,0,0,0,0,0,0,0,0,0,26,231,252,198,25,0,0,0,0,0,0,0,0,0,0,0,0,0,0,0,128,252,252,84,0,0,0,0,0,0,0,0,0,0,0,0,0,0,0,0,253,252,252,84,0,0,0,0,0,0,0,0,0,0,0,0,0,0,13,191,255,253,56,0,0,0,0,0,0,0,0,0,0,0,0,0,0,19,181,252,253,223,37,0,0,0,0,0,0,0,0,0,0,0,0,0,0,57,252,252,253,58,0,0,0,0,0,0,0,0,7
0,0,0,0,0,0,0,0,0,0,0,0,0,0,0,0,0,0,0,0,0,0,0,0,0,0,0,0,0,0,0,0,0,0,0,0,0,0,0,0,0,0,0,0,0,0,0,0,0,0,0,0,0,0,0,0,0,0,0,0,0,0,0,0,0,0,0,0,0,0,14,38,38,127,146,174,254,255,76,0,0,0,0,0,0,0,0,59,129,184,209,253,253,253,253,253,253,244,53,0,0,35,208,203,195,222,222,246,253,253,253,253,253,253,253,253,253,127,0,0,0,63,248,253,253,253,253,253,232,210,210,154,103,103,248,253,253,95,0,0,0,0,187,253,193,167,65,65,33,0,0,0,0,108,251,253,176,2,0,0,0,0,12,27,7,0,0,0,0,0,0,0,59,249,253,251,99,0,0,0,0,0,0,0,0,0,0,0,0,0,0,81,221,253,253,122,0,0,0,0,0,0,0,0,0,0,0,0,0,0,71,225,253,253,149,19,0,0,0,0,0,0,0,0,0,0,0,0,0,4,195,253,253,164,10,0,0,0,0,0,0,0,0,0,0,0,0,0,0,43,242,253,253,110,0,0,0,0,0,0,0,0,0,0,0,0,0,0,0,83,242,253,232,54,0,0,0,0,0,0,0,0,0,0,0,0,0,0,9,209,253,253,184,0,0,0,0,0,0,0,0,0,0,0,0,0,0,0,89,253,253,214,29,0,0,0,0,0,0,0,0,0,0,0,0,0,0,34,220,253,253,124,0,0,0,0,0,0,0,0,0,0,0,0,0,0,0,191,253,253,153,5,0,0,0,0,0,0,0,0,0,0,0,0,0,0,13,210,253,216,17,0,0,0,0,0,0,0,0,0,0,0,0,0,0,0,49,253,253,221,22,0,0,0,0,0,0,0,0,0,7
0,0,0,0,0,0,0,0,0,0,0,0,0,0,0,28,197,159,0,0,0,0,0,0,0,0,0,0,0,0,0,0,0,0,0,129,254,158,0,0,0,0,0,0,0,0,0,0,0,0,0,0,0,0,111,244,202,42,0,0,0,0,0,0,0,0,0,0,0,0,0,0,0,102,210,235,93,0,0,0,0,0,0,0,0,0,0,0,0,0,0,0,48,227,254,139,0,0,0,0,0,0,0,0,0,0,0,0,0,0,0,15,208,254,179,3,0,0,0,0,0,0,0,0,0,0,0,0,0,0,17,194,254,210,23,0,0,0,0,0,0,0,0,0,0,0,0,0,0,0,122,254,205,24,0,0,0,0,0,0,0,0,0,0,0,0,0,0,0,36,252,253,60,0,0,0,0,0,0,0,0,0,0,0,0,0,0,0,0,154,254,151,0,0,0,0,0,0,0,0,0,0,0,0,0,0,0,0,74,243,254,69,0,0,0,0,0,0,0,0,0,0,0,0,0,0,0,21,167,254,199,19,0,0,0,0,0,0,0,0,0,0,0,0,0,0,0,130,254,249,20,0,0,0,0,0,0,0,0,0,0,0,0,0,0,0,48,232,243,77,0,0,0,0,0,0,0,0,0,0,0,0,0,0,0,8,182,254,165,0,0,0,0,0,0,0,0,0,0,0,0,0,0,0,8,177,254,194,34,0,0,0,0,0,0,0,0,0,0,0,0,0,0,0,86,249,250,107,0,0,0,0,0,0,0,0,0,0,0,0,0,0,0,24,232,254,185,0,0,0,0,0,0,0,0,0,0,0,0,0,0,0,0,66,254,254,218,28,0,0,0,0,0,0,0,0,0,0,0,0,0,0,0,40,241,156,27,0,0,0,0,0,0,0,0,0,0,0,0,0,1
0,0,0,0,0,0,0,0,34,214,254,254,254,252,92,0,0,0,0,0,0,0,0,0,0,0,0,0,216,254,254,254,254,217,0,0,0,0,0,0,0,0,0,0,0,0,0,90,253,254,254,254,217,36,0,0,0,0,0,0,0,0,0,0,0,0,16,205,254,254,254,218,36,0,0,0,0,0,0,0,0,0,0,0,0,0,152,254,254,254,254,68,0,0,0,0,0,0,0,0,0,0,0,0,0,95,252,254,254,254,127,2,0,0,0,0,0,0,0,0,0,0,0,0,99,246,254,254,254,174,5,0,0,0,0,0,0,0,0,0,0,0,0,21,210,254,254,254,254,128,0,0,0,0,0,0,0,0,0,0,0,0,0,177,254,254,254,254,254,70,87,187,187,187,187,187,187,153,41,0,0,0,64,241,254,254,254,254,254,254,255,254,255,254,254,254,254,254,240,63,0,0,176,254,254,254,254,254,254,254,254,254,254,254,254,254,254,254,254,96,0,58,245,254,254,254,254,254,254,254,254,254,254,254,254,254,254,254,254,96,0,118,254,254,254,254,254,254,153,151,151,151,151,210,254,254,254,254,254,152,0,118,254,254,254,254,254,140,1,75,196,221,221,240,254,254,254,254,254,114,0,118,254,254,254,254,254,227,200,249,254,254,254,254,254,254,254,239,170,21,0,99,229,254,254,254,254,254,254,254,254,254,254,254,254,254,241,161,0,0,0,0,37,212,250,254,254,254,254,254,254,254,254,254,234,103,65,0,0,0,0,0,0,0,89,210,254,254,254,254,254,254,164,114,0,0,0,0,0,0,0,0,0,0,0,0,0,0,0,0,0,0,0,0,0,0,0,0,0,0,0,0,0,0,0,0,0,0,0,0,0,0,0,0,0,0,0,0,0,0,6
0,0,0,0,0,0,43,43,43,14,0,0,0,0,0,0,0,0,0,0,0,0,0,0,0,36,253,252,252,211,102,36,0,0,0,0,0,0,0,0,0,0,0,0,41,179,253,252,252,252,252,242,197,19,0,0,0,0,0,0,0,0,0,6,190,252,253,252,252,252,252,253,252,196,0,0,0,0,0,0,0,0,0,66,252,252,253,217,94,42,174,253,252,240,35,0,0,0,0,0,0,0,0,9,176,247,254,218,12,0,0,131,253,253,227,25,0,0,0,0,0,0,0,0,0,53,63,63,5,0,0,11,205,252,252,121,0,0,0,0,0,0,0,0,0,0,0,0,0,0,0,36,242,252,252,50,0,0,0,0,0,0,0,0,0,0,0,0,0,0,0,0,163,252,252,68,0,0,0,0,0,0,0,0,0,0,0,0,0,0,0,0,173,252,252,147,0,0,0,0,0,0,0,0,0,0,0,0,0,0,0,87,227,253,253,86,0,0,0,0,0,0,0,0,0,0,0,0,0,0,71,227,252,252,231,28,0,0,0,0,0,0,0,0,0,0,0,0,2,92,232,253,252,251,155,18,0,0,0,0,0,0,0,6,64,37,11,64,167,252,252,253,231,129,0,0,0,0,0,0,0,124,211,215,252,235,219,252,252,252,252,253,239,115,35,0,0,0,0,0,0,193,253,253,253,253,254,253,253,253,253,255,253,253,253,165,131,43,4,0,0,113,252,252,252,252,253,252,174,141,107,183,252,252,252,252,253,252,195,120,0,4,100,126,100,21,21,21,2,0,0,4,56,134,231,249,253,252,252,252,0,0,0,0,0,0,0,0,0,0,0,0,0,0,0,70,190,189,189,189,0,0,0,0,0,0,0,0,0,0,0,0,0,0,0,0,0,0,0,0,2
0,0,0,0,0,0,0,0,0,0,0,0,5,77,220,253,253,253,152,0,0,0,0,0,0,0,0,0,0,0,0,16,189,253,253,233,223,253,208,0,0,0,0,0,0,0,0,0,0,0,50,191,253,240,145,53,134,253,208,0,0,0,0,0,0,0,0,0,0,0,105,253,253,152,0,24,209,253,208,0,0,0,0,0,0,0,0,0,0,0,52,124,129,217,23,170,253,243,67,0,0,0,0,0,0,0,0,0,0,0,0,0,0,0,9,204,253,163,0,0,0,0,0,0,0,0,0,0,0,0,0,0,0,12,179,253,248,60,0,0,0,0,0,0,0,0,0,0,0,0,0,0,0,108,253,253,142,0,0,0,0,0,0,0,0,6,50,66,149,149,148,50,62,252,253,218,17,0,0,0,0,0,0,52,134,210,253,253,253,253,253,253,253,253,239,44,0,0,0,0,0,26,125,241,253,246,193,154,118,114,218,253,253,253,53,0,0,0,0,0,31,214,253,241,140,35,0,0,0,29,211,253,253,253,234,69,0,0,0,0,182,253,182,12,0,0,0,0,54,218,253,237,106,230,253,227,41,0,13,70,254,253,89,0,0,0,0,95,247,253,241,60,0,47,239,253,171,7,105,253,254,253,89,0,0,10,152,249,253,206,63,0,0,0,123,253,253,198,251,253,241,253,89,0,54,188,253,253,189,10,0,0,0,0,12,214,254,253,247,140,120,253,212,189,234,253,253,153,15,0,0,0,0,0,0,46,156,163,57,0,24,228,253,253,240,197,76,1,0,0,0,0,0,0,0,0,0,0,0,0,0,88,153,153,70,0,0,0,0,0,0,0,0,0,0,0,0,0,0,0,0,0,0,0,0,0,0,0,0,0,0,0,0,0,0,0,0,0,0,0,2
0,0,0,0,0,0,0,0,0,0,0,0,0,0,0,0,0,0,0,0,0,0,0,0,0,141,253,255,139,86,85,86,85,86,28,0,0,0,0,0,0,0,0,0,0,253,251,253,251,253,251,253,251,253,196,114,0,0,0,0,0,0,0,0,0,254,253,254,253,254,253,254,253,254,253,254,139,0,0,0,0,0,0,0,0,253,251,253,251,253,251,253,251,253,251,253,251,114,0,0,0,0,0,0,169,254,253,226,56,114,0,0,0,0,169,254,253,198,28,0,0,0,0,0,168,253,251,168,0,0,0,0,0,0,56,253,251,253,83,0,0,0,0,29,197,254,253,0,0,0,0,0,0,0,0,198,253,254,84,0,0,0,0,85,251,253,251,0,0,0,0,0,0,0,0,85,251,253,83,0,0,0,0,85,253,254,84,0,0,0,0,0,0,0,0,85,253,254,84,0,0,0,0,85,251,253,83,0,0,0,0,0,0,0,0,85,251,253,83,0,0,0,0,85,253,254,84,0,0,0,0,0,0,0,0,141,253,254,84,0,0,0,0,85,251,253,83,0,0,0,0,0,0,0,0,253,251,253,83,0,0,0,0,85,253,254,84,0,0,0,0,0,0,0,0,254,253,254,84,0,0,0,0,85,251,253,196,0,0,0,0,0,0,0,0,253,251,253,83,0,0,0,0,85,253,254,253,57,0,0,0,0,0,0,169,254,253,169,0,0,0,0,0,28,196,253,251,225,56,0,0,0,0,0,168,253,251,56,0,0,0,0,0,0,114,254,253,254,253,198,85,85,85,254,253,254,84,0,0,0,0,0,0,0,0,84,196,253,251,253,251,253,251,253,251,196,28,0,0,0,0,0,0,0,0,0,114,169,225,254,253,254,253,254,196,0,0,0,0,0,0
0,0,0,0,0,0,0,0,0,0,0,0,0,0,0,0,0,0,0,0,0,0,0,0,0,64,191,255,0,0,0,0,0,0,0,64,0,0,0,0,0,0,0,0,0,128,255,255,0,0,0,0,0,0,64,255,0,0,0,0,0,0,0,0,0,191,255,255,0,0,0,0,0,0,191,255,0,0,0,0,0,0,0,0,0,255,255,191,0,0,0,0,0,0,255,255,0,0,0,0,0,0,0,0,191,255,255,128,0,0,0,0,0,191,255,191,0,0,0,0,0,0,0,0,255,255,255,0,0,0,0,0,0,255,255,0,0,0,0,0,0,0,0,0,255,255,64,0,0,0,0,0,0,255,128,0,0,0,0,0,0,0,0,128,255,255,0,0,0,0,0,0,0,255,128,0,0,0,0,0,0,0,0,0,255,255,191,0,0,0,0,0,128,255,128,0,0,0,0,0,0,0,0,0,255,255,255,255,128,128,0,64,191,255,128,0,0,0,0,0,0,0,0,0,191,255,255,255,255,255,255,255,255,255,191,0,0,0,0,0,0,0,0,0,0,64,255,255,255,255,255,255,255,255,191,0,0,0,0,0,0,0,0,0,0,0,0,64,128,255,128,191,255,255,128,0,0,0,0,0,0,0,0,0,0,0,0,0,0,0,0,128,255,255,0,0,0,0,0,0,0,0,0,0,0,0,0,0,0,0,0,128,255,191,0,0,0,0,0,0,0,0,0,0,0,0,0,0,0,0,0,64,255,255,0,0,0,0,0,0,0,0,0,0,0,0,0,0,0,0,0,128,255,191,0,0,0,0,0,0,0,0,0,0,0,0,0,0,0,0,0,0,255,255,0,0,0,0,0,0,0,0,0,0,0,0,0,0,0,0,0,0,255,191,64,0,0,0,0,0,4
0,0,0,0,0,0,0,0,0,0,0,0,0,0,0,0,0,0,0,0,0,0,0,0,0,0,0,0,0,0,0,0,0,0,0,0,0,0,0,0,0,0,0,0,11,92,152,193,254,253,254,253,254,213,92,51,0,0,0,0,0,0,21,142,213,252,253,252,253,252,253,252,253,252,253,252,82,0,0,0,0,0,31,233,255,213,102,183,82,82,82,0,132,253,254,253,142,0,0,0,0,0,10,50,50,10,0,0,0,0,0,0,31,232,253,252,102,0,0,0,0,0,0,0,0,0,0,0,0,0,0,0,173,253,254,192,0,0,0,0,0,0,0,0,0,0,0,0,0,0,0,41,253,252,233,91,0,0,0,0,0,0,0,0,0,0,0,0,0,0,0,123,254,253,183,0,0,0,0,0,0,0,0,0,0,0,0,0,0,0,41,243,253,252,102,0,0,0,0,0,0,0,0,0,0,0,0,0,0,0,152,253,254,253,41,0,0,0,0,0,0,0,0,0,0,0,0,0,0,0,233,252,253,130,0,0,0,0,0,0,0,0,0,0,0,0,0,0,0,102,254,253,254,50,0,0,0,0,0,0,0,0,0,0,0,0,0,0,21,203,253,252,172,10,0,0,0,0,0,0,0,0,0,0,0,0,0,0,152,253,254,253,0,0,0,0,0,0,0,0,0,0,0,0,0,0,0,0,233,252,253,130,0,0,0,0,0,0,0,0,0,0,0,0,0,0,0,142,254,253,234,30,0,0,0,0,0,0,0,0,0,0,0,0,0,0,41,223,253,252,91,10,0,0,0,0,0,0,0,0,0,0,0,0,0,0,193,253,255,213,0,0,0,0,0,0,0,0,0,0,0,0,0,0,0,123,233,252,192,70,0,0,0,0,0,0,0,0,0,0,7
0,0,0,0,101,253,240,240,28,0,0,0,0,0,0,0,0,0,0,0,0,0,0,0,225,253,158,44,6,0,0,0,0,0,0,0,0,0,0,0,0,0,0,76,249,228,9,0,0,0,0,0,0,0,0,0,0,0,0,0,0,0,0,147,253,114,0,0,0,0,0,0,0,0,0,0,0,0,0,0,0,0,0,197,252,88,0,0,0,0,0,0,0,0,0,0,0,0,0,0,0,0,19,215,252,0,0,0,0,0,0,0,0,0,0,0,0,0,0,0,0,0,57,252,252,0,0,0,0,0,0,0,0,76,225,187,63,0,0,0,0,0,57,253,190,0,0,0,0,0,0,10,179,251,225,247,253,63,0,0,0,0,57,252,139,0,0,0,0,0,38,197,252,150,0,104,246,194,19,0,0,0,57,252,190,0,0,0,0,0,57,252,214,25,0,0,187,253,84,0,0,0,57,252,240,0,0,0,0,0,157,252,40,0,0,0,13,253,184,0,0,0,57,253,253,0,0,0,0,0,170,253,28,0,0,0,0,242,203,7,0,0,44,240,252,76,0,0,0,19,225,196,9,0,0,0,0,141,252,56,0,0,0,110,252,160,28,0,0,29,252,168,0,0,0,0,0,141,233,37,0,0,0,10,228,253,184,0,0,29,252,168,0,0,0,0,0,191,221,25,0,0,0,0,51,242,253,216,41,26,244,168,0,0,7,29,179,255,184,0,0,0,0,0,0,60,234,252,252,169,225,224,69,70,187,252,252,209,28,0,0,0,0,0,0,0,38,143,243,253,252,252,252,253,233,168,68,25,0,0,0,0,0,0,0,0,0,0,25,140,139,139,190,128,22,0,0,0,0,0,0,0,0,0,0,0,0,0,0,0,0,0,0,0,0,0,0,0,0,0,6
0,0,0,0,0,0,0,0,0,0,0,0,0,0,0,0,0,0,0,0,0,0,0,0,0,0,0,0,0,0,0,0,0,0,0,0,0,0,0,0,0,0,0,4,54,141,16,0,0,0,0,0,0,0,76,204,197,0,0,0,0,0,0,128,252,252,28,0,0,0,0,0,0,57,243,253,196,0,0,0,0,0,76,253,252,252,28,0,0,0,0,0,0,172,252,253,196,0,0,0,0,0,225,253,252,214,15,0,0,0,0,0,51,246,252,253,196,0,0,0,0,0,126,255,253,244,25,0,0,0,0,0,57,253,253,254,197,0,0,0,0,0,225,253,252,93,0,0,0,0,0,0,57,252,252,253,196,0,0,0,0,0,225,253,252,122,10,48,28,0,0,0,57,252,252,253,196,0,0,0,0,76,249,253,252,252,228,241,234,225,225,226,231,252,252,253,96,0,0,0,0,135,253,254,253,253,253,254,253,253,253,254,253,253,253,239,38,0,0,0,0,28,133,228,252,252,252,253,240,196,196,228,252,252,252,200,0,0,0,0,0,0,0,31,56,56,56,56,43,0,0,141,252,252,252,113,0,0,0,0,0,0,0,0,0,0,0,0,0,0,0,141,252,252,252,113,0,0,0,0,0,0,0,0,0,0,0,0,0,0,0,154,253,253,253,114,0,0,0,0,0,0,0,0,0,0,0,0,0,0,0,253,252,252,252,88,0,0,0,0,0,0,0,0,0,0,0,0,0,0,0,253,252,252,252,0,0,0,0,0,0,0,0,0,0,0,0,0,0,0,101,253,252,252,252,0,0,0,0,0,0,0,0,0,0,0,0,0,0,0,114,254,253,253,140,0,0,0,0,0,0,0,0,0,0,0,0,0,0,0,188,253,252,252,139,0,0,0,0,0,4
0,0,0,0,0,0,0,0,0,0,0,0,0,0,40,254,99,0,0,0,0,0,0,0,0,0,0,0,0,0,0,0,0,7,154,216,53,0,0,0,0,0,0,0,0,0,0,0,0,0,0,0,14,200,254,58,0,0,0,0,0,0,0,0,0,0,0,0,0,0,0,0,126,254,247,49,0,0,0,0,0,0,0,0,0,0,0,0,0,0,0,23,230,254,214,0,0,0,0,0,0,0,0,0,0,0,0,0,0,0,0,82,254,254,95,0,0,0,0,0,0,0,0,0,0,0,0,0,0,0,8,202,254,217,11,0,0,0,0,0,0,0,0,0,0,0,0,0,0,0,99,254,254,108,0,0,0,0,0,0,0,0,0,0,0,0,0,0,0,7,197,254,220,6,0,0,0,0,0,0,0,0,0,0,0,0,0,0,0,115,254,254,99,0,0,0,0,0,0,0,0,0,0,0,0,0,0,0,0,160,254,196,0,0,0,0,0,0,0,0,0,0,0,0,0,0,0,0,75,251,254,150,0,0,0,0,0,0,0,0,0,0,0,0,0,0,0,7,200,254,254,30,0,0,0,0,0,0,0,0,0,0,0,0,0,0,0,35,254,254,163,0,0,0,0,0,0,0,0,0,0,0,0,0,0,0,0,193,254,254,81,0,0,0,0,0,0,0,0,0,0,0,0,0,0,0,14,225,254,245,45,0,0,0,0,0,0,0,0,0,0,0,0,0,0,0,112,254,254,207,0,0,0,0,0,0,0,0,0,0,0,0,0,0,0,0,254,254,254,117,0,0,0,0,0,0,0,0,0,0,0,0,0,0,0,16,255,254,196,16,0,0,0,0,0,0,0,0,0,0,0,0,0,0,0,61,254,246,48,0,0,0,0,0,0,0,0,0,0,0,1
0,0,0,0,0,0,0,7,104,221,254,197,0,0,0,0,0,0,0,0,0,0,0,0,0,0,93,232,236,148,198,121,0,0,127,130,30,0,0,0,0,0,0,0,9,108,228,179,29,0,0,0,0,0,109,240,236,43,0,0,0,0,0,0,127,254,173,0,0,0,0,0,0,0,0,49,253,159,0,0,0,0,0,83,254,210,9,0,0,0,0,0,0,0,0,108,254,93,0,0,0,0,0,116,253,101,0,0,0,0,0,0,0,0,143,249,151,9,0,0,0,0,0,108,253,168,0,0,0,0,0,3,57,174,244,179,13,0,0,0,0,0,0,7,169,235,151,176,93,60,93,174,253,195,98,43,25,0,0,0,0,0,0,0,34,151,184,241,254,254,254,254,161,0,0,43,176,85,0,0,0,0,0,0,0,0,143,249,236,148,115,190,98,0,0,0,134,197,5,0,0,0,0,0,0,108,249,183,29,0,0,0,0,0,0,0,93,254,23,0,0,0,0,0,102,254,185,13,0,0,0,0,0,0,0,0,127,254,23,0,0,0,0,24,254,255,56,0,0,0,0,0,0,0,0,7,204,210,9,0,0,0,0,40,253,190,2,0,0,0,0,0,0,0,0,125,253,167,0,0,0,0,0,116,253,184,0,0,0,0,0,0,0,0,30,228,210,17,0,0,0,0,0,49,253,184,0,0,0,0,0,0,0,26,214,244,69,0,0,0,0,0,0,17,210,185,0,0,0,0,0,0,26,221,254,113,0,0,0,0,0,0,0,0,93,248,155,0,0,0,0,47,214,241,139,4,0,0,0,0,0,0,0,0,51,245,244,199,116,116,199,245,236,67,0,0,0,0,0,0,0,0,0,0,0,69,160,202,253,254,253,168,19,0,0,0,0,0,0,0,8
0,0,0,0,0,0,0,0,0,0,0,0,0,0,0,0,0,0,0,0,0,0,3,61,121,180,254,254,254,254,255,254,254,254,254,255,123,0,0,0,0,0,48,253,253,217,142,128,63,63,63,63,63,63,63,147,120,0,0,0,0,0,24,237,188,0,0,0,0,0,0,0,0,0,0,0,0,0,0,0,0,0,0,202,243,0,0,0,0,0,0,0,0,0,0,0,0,0,0,0,0,0,0,94,253,50,0,0,0,0,0,0,0,0,0,0,0,0,0,0,0,0,0,0,239,164,0,0,0,0,0,0,0,0,0,0,0,0,0,0,0,0,0,0,143,238,0,0,0,0,0,0,0,0,0,0,0,0,0,0,0,0,0,0,40,251,52,0,0,0,0,0,0,0,0,0,0,0,0,0,0,0,0,0,0,254,108,0,0,0,0,28,64,28,0,0,0,0,0,0,0,0,0,0,0,204,216,15,125,208,239,244,253,244,138,25,0,0,0,0,0,0,0,0,0,96,254,254,250,213,129,80,120,178,248,195,24,0,0,0,0,0,0,0,0,36,253,187,57,0,0,0,0,0,115,254,132,0,0,0,0,0,0,0,0,3,47,9,0,0,0,0,0,0,0,189,221,0,0,0,0,0,0,0,0,0,0,0,0,0,0,0,0,0,0,174,221,0,0,0,0,0,0,0,0,0,0,0,0,0,0,0,0,0,0,224,146,0,0,0,0,0,0,0,0,0,0,0,0,0,0,0,0,0,85,255,63,0,0,0,0,0,0,0,0,0,0,10,0,0,0,0,0,18,220,197,16,0,0,0,0,0,0,0,0,0,26,206,16,0,0,0,39,198,223,40,0,0,0,0,0,0,0,0,0,0,24,241,181,119,64,124,223,253,75,0,0,0,0,0,5
0,0,0,0,0,0,0,0,0,0,0,0,0,0,0,0,0,0,0,0,0,0,0,0,0,0,0,0,0,0,0,0,0,0,0,0,0,0,0,0,0,0,0,0,0,0,0,0,0,0,0,0,0,0,0,0,0,0,0,0,0,0,0,0,0,0,0,0,31,51,173,213,254,172,82,0,0,0,0,0,0,0,0,0,0,0,0,82,233,252,253,212,253,252,203,0,0,0,0,0,0,0,0,0,0,41,254,233,123,162,62,20,163,243,254,50,0,0,0,0,0,0,0,0,21,223,253,111,0,0,0,0,102,223,253,91,0,0,0,0,0,0,0,0,132,253,123,0,0,0,0,82,203,182,254,213,0,0,0,0,0,0,0,0,253,130,0,0,0,0,0,0,0,102,253,171,0,0,0,0,0,0,0,0,254,50,0,0,0,0,0,0,0,203,244,81,0,0,0,0,0,0,0,0,253,50,0,0,0,0,0,0,62,223,203,0,0,0,0,0,0,0,0,0,254,131,21,0,0,0,72,152,214,253,142,0,0,0,0,0,0,0,0,0,213,252,223,203,203,203,253,171,213,252,20,0,0,0,0,0,0,0,0,0,41,223,254,253,254,192,102,20,173,151,0,0,0,0,0,0,0,0,0,0,0,20,112,111,50,30,0,0,253,151,0,0,0,0,0,0,0,0,0,0,0,0,0,0,0,0,0,123,254,151,0,0,0,0,0,0,0,0,0,0,0,0,0,0,0,0,0,203,253,70,0,0,0,0,0,0,0,0,0,0,0,0,0,0,0,0,51,253,183,0,0,0,0,0,0,0,0,0,0,0,0,0,0,0,0,0,51,252,102,0,0,0,0,0,0,0,0,0,0,0,0,0,0,0,0,0,173,253,103,0,0,0,0,0,0,0,9
0,0,0,0,0,0,0,0,0,0,0,0,0,0,0,0,0,0,0,0,0,0,0,0,0,0,0,0,0,0,0,0,0,0,0,0,0,0,0,0,0,0,0,0,0,0,0,0,0,0,0,0,0,0,0,0,0,0,0,0,0,0,29,169,254,254,254,254,254,255,218,136,189,138,123,7,0,0,0,0,0,0,54,253,253,253,253,253,253,253,253,253,253,253,253,166,10,0,0,0,0,0,43,240,253,253,253,253,253,253,253,253,253,253,253,253,95,0,0,0,0,0,0,48,161,182,182,189,208,182,182,182,214,253,253,253,188,0,0,0,0,0,0,0,0,0,0,5,18,0,0,0,113,253,253,253,147,0,0,0,0,0,0,0,0,0,0,0,0,0,0,40,227,253,253,211,8,0,0,0,0,0,0,0,0,0,0,0,0,0,0,98,253,253,253,148,0,0,0,0,0,0,0,0,0,0,0,0,0,0,0,213,253,253,226,39,0,0,0,0,0,0,0,0,0,0,0,0,0,10,132,238,253,246,39,0,0,0,0,0,0,0,0,0,0,0,0,0,0,60,253,253,253,214,0,0,0,0,0,0,0,0,0,0,0,0,0,0,13,173,253,253,253,88,0,0,0,0,0,0,0,0,0,0,0,0,0,0,141,253,253,253,159,1,0,0,0,0,0,0,0,0,0,0,0,0,0,75,245,253,253,211,24,0,0,0,0,0,0,0,0,0,0,0,0,0,6,251,253,253,253,98,0,0,0,0,0,0,0,0,0,0,0,0,0,0,20,253,253,253,208,17,0,0,0,0,0,0,0,0,0,0,0,0,0,0,146,253,253,215,62,0,0,0,0,0,0,0,0,0,0,0,0,0,0,28,245,253,253,164,0,0,0,0,0,0,0,0,0,0,7
0,0,0,0,0,0,0,0,0,0,0,0,0,0,0,0,0,0,0,0,0,0,0,0,0,0,0,0,0,0,0,0,0,0,0,0,0,0,0,0,0,0,0,0,0,0,0,37,26,0,0,0,0,27,171,249,31,0,0,0,0,0,0,0,0,0,42,244,109,0,0,0,0,213,191,52,0,0,0,0,0,0,0,0,0,0,125,255,36,0,0,0,63,239,42,0,0,0,0,0,0,0,0,0,0,0,145,254,36,0,0,0,207,197,0,0,0,0,0,0,0,0,0,0,0,0,217,217,0,0,0,27,243,115,0,0,0,0,0,0,0,0,0,0,0,84,217,217,0,0,0,120,253,11,0,0,0,0,0,0,0,0,0,0,0,161,254,223,6,0,0,182,202,0,0,0,0,0,0,0,0,0,0,0,0,6,119,254,57,0,0,181,180,0,0,0,0,0,0,0,0,0,0,0,0,0,42,255,139,0,0,182,181,0,0,0,0,0,0,0,0,0,0,0,0,0,0,233,243,115,32,202,180,0,0,0,0,0,0,0,0,0,0,0,0,0,0,94,238,254,254,254,254,182,150,156,52,0,0,0,0,0,0,0,0,0,0,0,21,57,36,212,253,36,5,0,0,0,0,0,0,0,0,0,0,0,0,0,0,0,0,110,254,0,0,0,0,0,0,0,0,0,0,0,0,0,0,0,0,0,0,89,253,0,0,0,0,0,0,0,0,0,0,0,0,0,0,0,0,0,0,37,254,53,0,0,0,0,0,0,0,0,0,0,0,0,0,0,0,0,0,16,233,135,0,0,0,0,0,0,0,0,0,0,0,0,0,0,0,0,0,0,187,218,0,0,0,0,0,0,0,0,0,0,0,0,0,0,0,0,0,0,145,217,0,0,0,0,0,0,4
0,0,0,0,0,0,7,57,0,0,0,0,77,195,254,77,0,0,0,0,0,0,0,0,0,0,141,243,234,234,159,234,246,253,253,150,0,0,0,0,0,0,0,0,0,30,237,253,253,253,253,253,253,251,177,31,0,0,0,0,0,0,0,0,0,35,253,225,64,184,198,198,109,60,0,0,0,0,0,0,0,0,0,0,0,54,253,123,0,0,0,0,0,0,0,0,0,0,0,0,0,0,0,0,0,172,253,123,0,0,0,0,0,0,0,0,0,0,0,0,0,0,0,0,0,172,253,123,0,0,0,0,0,0,0,0,0,0,0,0,0,0,0,0,54,251,247,70,0,0,0,0,72,111,177,248,203,24,0,0,0,0,0,0,130,253,244,90,90,90,201,227,244,251,97,193,253,54,0,0,0,0,0,0,41,231,253,253,253,253,234,184,169,46,0,104,253,182,21,0,0,0,0,0,0,65,231,205,205,156,50,0,0,0,0,104,253,253,75,0,0,0,0,0,0,0,48,0,0,0,0,0,0,0,0,104,253,253,75,0,0,0,0,0,0,0,0,0,0,0,0,0,0,0,0,104,253,253,75,0,0,0,0,0,0,0,0,0,0,0,0,0,0,0,0,170,253,223,39,0,0,0,0,0,23,197,228,0,0,0,0,0,0,0,51,246,253,191,0,0,0,0,0,0,174,253,194,0,0,0,0,0,0,6,236,253,253,72,0,0,0,0,0,60,240,253,139,63,2,0,0,0,41,68,253,253,199,41,0,0,0,0,0,76,253,253,253,253,180,179,179,179,227,253,253,180,10,0,0,0,0,0,0,29,126,235,253,253,253,253,253,253,251,232,232,64,0,0,0,0,0,0,0,0,0,16,124,253,193,116,228,253,151,0,0,0,0,0,0,0,5
0,0,0,0,0,0,0,0,0,0,0,0,0,0,0,0,0,0,0,0,0,0,0,0,0,0,0,0,0,0,0,0,0,0,0,0,0,0,0,0,0,0,0,0,0,0,13,66,66,142,254,254,255,240,36,0,0,0,0,0,0,0,0,0,0,0,214,253,253,253,253,253,254,253,56,0,0,0,0,0,0,0,0,0,0,0,156,243,243,97,56,98,254,220,13,0,0,0,0,0,0,0,0,0,0,0,0,0,0,0,19,231,254,59,0,0,0,0,0,0,0,0,0,0,0,0,0,0,0,0,81,253,241,23,0,0,0,0,0,0,0,0,0,0,0,0,0,0,0,26,215,253,105,0,0,0,0,0,0,0,0,0,0,0,0,0,0,0,0,123,253,253,0,0,0,0,0,0,0,0,0,0,0,0,0,0,0,26,57,208,253,218,151,150,150,213,244,202,45,0,0,0,0,0,0,0,23,215,253,253,253,253,254,253,253,253,226,106,11,0,0,0,0,0,0,0,13,183,253,253,253,253,254,169,121,65,5,0,0,0,0,0,0,0,0,0,0,114,254,218,14,0,0,0,0,0,0,0,0,0,0,0,0,0,0,0,0,161,253,113,0,0,0,0,0,0,0,0,0,0,0,0,0,0,0,0,20,225,253,30,0,0,0,0,0,0,0,0,0,0,0,0,0,0,0,0,111,253,227,6,0,0,0,0,0,0,0,0,0,0,0,0,0,0,0,0,141,253,168,0,0,0,0,0,0,0,0,0,0,0,0,0,0,0,0,0,183,253,92,0,0,0,0,0,0,0,0,0,0,0,0,0,0,0,0,54,247,239,22,0,0,0,0,0,0,0,0,0,0,0,0,0,0,0,0,131,253,178,0,0,0,0,0,0,0,0,0,0,0,0,7
0,0,0,0,0,0,0,0,0,0,0,0,0,0,0,0,0,0,0,0,0,0,0,0,0,0,0,0,115,118,229,255,165,114,0,0,0,0,0,0,0,0,0,0,0,0,13,234,253,253,253,253,253,253,166,5,0,0,0,0,0,0,0,0,0,30,215,253,253,253,253,253,253,253,253,128,0,0,0,0,0,0,0,0,0,65,253,253,253,253,253,253,253,253,253,150,0,0,0,0,0,0,0,0,8,183,253,253,253,100,82,182,241,253,253,220,23,0,0,0,0,0,0,0,137,253,253,253,253,27,0,0,165,253,253,253,34,0,0,0,0,0,0,0,192,253,253,253,196,13,0,0,81,197,253,253,105,0,0,0,0,0,0,0,192,253,253,253,84,0,0,0,0,144,253,253,170,0,0,0,0,0,0,0,192,253,253,253,6,0,0,0,0,144,253,253,215,30,0,0,0,0,0,0,192,253,253,146,2,0,0,0,0,70,253,253,238,44,0,0,0,0,0,0,192,253,253,123,0,0,0,0,0,144,253,253,253,54,0,0,0,0,0,0,192,253,253,123,0,0,0,0,0,144,253,253,199,19,0,0,0,0,0,0,192,253,253,123,0,0,0,0,20,206,253,253,170,0,0,0,0,0,0,0,126,253,253,186,71,0,0,0,165,253,253,253,104,0,0,0,0,0,0,0,33,220,253,253,248,118,48,129,249,253,253,155,2,0,0,0,0,0,0,0,0,128,253,253,253,253,235,253,253,253,253,106,0,0,0,0,0,0,0,0,0,27,228,253,253,253,253,253,253,253,155,3,0,0,0,0,0,0,0,0,0,0,55,253,253,253,253,253,253,226,39,0,0,0,0,0,0,0,0,0,0,0,6,166,232,240,253,249,217,41,0,0,0,0,0,0,0
0,0,0,0,0,0,0,0,0,0,0,0,0,0,0,0,0,0,0,0,0,0,0,0,0,19,128,202,253,253,253,253,74,0,0,0,0,0,0,0,0,0,0,0,45,236,252,253,252,252,252,252,245,59,0,0,0,0,0,0,0,0,0,0,19,219,252,253,252,252,252,252,253,92,0,0,0,0,0,0,0,0,0,0,0,165,252,253,252,227,160,244,253,133,0,0,0,0,0,0,0,0,0,0,0,51,242,253,106,16,0,73,253,206,0,0,0,0,0,0,0,0,0,0,0,11,0,0,0,0,0,11,255,207,0,0,0,0,0,0,0,0,0,9,66,95,0,0,0,0,0,136,253,185,0,0,0,0,0,0,0,0,0,13,19,0,0,0,0,0,0,230,253,92,0,0,0,0,0,0,0,0,0,0,0,0,0,0,0,0,76,248,253,92,0,0,0,0,0,0,0,0,0,0,0,0,0,0,0,0,144,252,232,8,0,0,0,0,0,0,0,0,0,0,0,0,0,0,0,38,233,253,168,0,0,0,0,0,0,0,0,0,0,0,0,0,0,0,0,70,252,252,95,0,0,0,0,5,47,47,0,0,0,0,0,0,0,0,13,172,252,221,38,91,184,184,184,191,252,252,0,0,0,0,0,0,0,0,140,252,252,232,233,252,185,160,202,150,45,45,0,0,0,0,0,0,0,179,244,252,252,252,190,64,6,0,11,0,0,0,0,0,0,0,0,0,127,255,253,253,203,116,0,0,0,0,0,0,0,0,0,0,0,0,13,140,244,253,252,187,58,0,0,0,0,0,0,0,0,0,0,0,0,34,203,252,252,247,110,19,0,0,0,0,0,0,0,0,0,0,0,0,0,47,252,252,252,94,0,0,0,0,0,0,0,0,0,0,0,0,2
0,0,0,0,0,0,0,0,0,0,0,0,0,0,0,0,0,0,0,0,0,0,0,0,0,0,0,0,0,0,0,0,0,0,0,0,0,0,0,0,0,0,0,0,0,0,0,0,0,0,0,0,0,0,0,0,0,0,0,0,0,0,0,0,0,0,0,0,0,0,0,0,0,0,0,0,0,0,0,0,0,0,0,0,0,0,0,0,0,0,0,0,0,0,0,0,0,0,9,56,0,0,0,0,0,0,0,0,0,0,0,0,0,0,0,61,127,227,244,254,0,0,0,0,0,0,0,0,0,0,0,0,6,93,204,253,246,205,124,42,0,0,0,0,0,0,0,0,0,0,0,127,221,254,174,96,23,0,0,0,0,0,0,0,0,0,0,0,7,183,179,247,187,85,2,0,0,0,0,0,0,0,0,0,0,0,0,0,19,240,254,97,0,0,0,0,0,0,0,0,0,0,0,0,0,0,0,0,79,254,106,0,0,0,0,0,0,0,0,0,0,0,0,0,0,0,0,0,142,233,26,0,0,0,0,0,0,0,0,0,0,71,8,0,0,0,0,0,179,165,0,0,0,0,0,0,0,0,0,0,0,242,83,3,0,0,0,53,242,51,0,0,0,0,0,0,0,0,0,0,0,109,250,197,29,0,0,111,219,31,0,0,0,0,0,0,0,0,0,0,0,0,84,229,248,129,52,237,98,0,0,0,0,0,0,0,0,0,0,0,0,0,0,40,118,202,254,195,12,0,0,0,0,0,0,0,0,0,0,0,0,0,0,0,0,8,55,27,0,0,0,0,0,0,0,0,0,0,0,0,0,0,0,0,0,0,0,0,0,0,0,0,0,0,0,0,0,0,0,0,0,0,0,0,0,0,0,0,0,0,0,0,0,0,0,0,0,0,0,0,5
0,0,0,0,0,0,0,0,0,0,0,0,0,0,0,0,0,0,0,0,0,0,0,0,0,0,0,0,0,0,0,0,0,0,0,0,46,182,243,0,0,0,0,0,0,0,0,0,0,0,21,38,0,0,0,45,227,253,242,0,0,0,0,0,0,0,0,0,144,210,223,235,211,133,100,228,253,219,51,0,0,0,0,0,0,0,15,110,243,253,253,244,254,253,253,251,159,31,0,0,0,0,0,0,0,112,223,253,203,179,88,50,254,253,253,231,0,0,0,0,0,0,0,0,79,251,253,145,5,0,0,78,254,253,253,231,0,0,0,0,0,0,0,0,100,253,157,7,0,0,43,237,253,136,22,68,0,0,0,0,0,0,0,0,83,252,253,90,4,28,228,253,153,0,0,0,0,0,0,0,0,0,0,0,0,128,253,253,140,156,253,220,29,0,0,0,0,0,0,0,0,0,0,0,0,13,167,253,253,253,253,47,0,0,0,0,0,0,0,0,0,0,0,0,0,0,0,126,252,254,254,96,0,0,0,0,0,0,0,0,0,0,0,0,0,0,0,24,238,253,253,220,30,0,0,0,0,0,0,0,0,0,0,0,0,0,0,180,253,144,228,253,154,0,0,0,0,0,0,0,0,0,0,0,0,0,5,204,243,4,76,251,239,41,0,0,0,0,0,0,0,0,0,0,0,0,44,242,242,0,0,221,255,77,0,0,0,0,0,0,0,0,0,0,0,0,44,242,204,0,0,221,254,77,0,0,0,0,0,0,0,0,0,0,0,0,56,253,185,0,4,223,254,77,0,0,0,0,0,0,0,0,0,0,0,0,46,244,249,107,185,253,215,30,0,0,0,0,0,0,0,0,0,0,0,0,0,199,253,253,253,253,77,0,0,0,0,0,0,0,8
0,0,0,0,0,0,0,0,0,0,0,0,0,0,0,0,0,0,0,0,0,0,0,0,0,0,0,0,0,0,0,0,0,2,152,255,206,13,0,0,0,0,0,0,0,0,0,0,0,0,0,0,0,87,253,253,253,24,0,0,0,0,0,0,0,0,0,0,0,0,0,0,43,232,253,253,253,24,0,0,0,0,0,0,0,0,0,0,0,0,0,7,153,253,253,244,120,10,0,0,0,0,0,0,0,0,0,0,0,0,0,144,253,253,253,145,0,0,0,0,0,0,0,0,0,0,0,0,0,0,40,231,253,253,179,14,0,0,0,0,0,0,0,0,0,0,0,0,0,10,156,253,253,239,36,0,0,0,0,0,0,0,0,0,0,0,0,0,0,81,253,253,239,79,0,0,0,0,0,0,0,0,0,0,0,0,0,0,11,196,253,253,179,0,0,0,0,0,0,0,0,0,0,0,0,0,0,0,81,253,253,253,88,0,0,0,0,0,0,0,0,0,0,0,0,0,0,0,174,253,253,168,14,0,0,0,0,0,0,0,0,0,0,0,0,0,0,71,236,253,235,44,0,0,0,0,0,0,0,0,0,0,0,0,0,0,31,237,253,253,151,0,0,0,0,0,0,0,0,0,0,0,0,0,0,0,80,253,253,234,45,0,0,0,0,0,0,0,0,0,0,0,0,0,0,73,240,253,253,152,0,0,0,0,0,0,0,0,0,0,0,0,0,0,0,155,253,253,234,45,0,0,0,0,0,0,0,0,0,0,0,0,0,0,11,196,253,253,152,0,0,0,0,0,0,0,0,0,0,0,0,0,0,0,80,253,253,253,80,0,0,0,0,0,0,0,0,0,0,0,0,0,0,0,149,253,253,212,4,0,0,0,0,0,0,0,0,0,0,0,1
0,0,0,0,0,0,0,0,0,0,0,0,0,0,0,84,251,96,0,0,0,0,0,0,0,0,0,0,0,0,0,0,0,0,0,165,244,20,0,0,0,0,0,0,0,0,0,0,0,0,0,0,0,0,25,229,181,2,0,0,0,0,0,0,0,0,0,0,0,76,147,9,0,0,76,248,57,0,0,0,0,0,0,0,0,0,0,0,0,193,143,0,0,3,245,148,0,0,0,0,0,0,0,0,0,0,0,0,81,239,36,0,1,148,237,48,0,54,0,0,0,0,0,0,0,0,0,0,202,243,17,0,65,254,177,2,0,116,19,0,0,0,0,0,0,0,0,94,254,116,1,5,185,237,2,0,19,179,1,0,0,0,0,0,0,0,22,233,172,8,0,98,251,63,0,0,166,78,0,0,0,0,0,0,0,0,136,230,48,0,31,229,173,5,0,115,191,3,0,0,0,0,0,0,0,2,210,185,0,0,80,252,82,0,43,203,45,0,0,0,0,0,0,0,0,59,254,123,0,0,204,214,0,66,217,44,0,0,0,0,0,0,0,0,58,233,253,98,5,124,250,192,191,187,69,2,0,0,0,0,0,0,0,19,206,254,239,254,254,254,255,233,153,13,0,0,0,0,0,0,0,0,0,67,254,178,7,89,188,246,76,4,0,0,0,0,0,0,0,0,0,0,0,86,233,62,0,10,214,167,6,0,0,0,0,0,0,0,0,0,0,0,0,11,17,0,1,103,248,70,0,0,0,0,0,0,0,0,0,0,0,0,0,0,0,0,28,239,156,0,0,0,0,0,0,0,0,0,0,0,0,0,0,0,0,0,56,254,121,0,0,0,0,0,0,0,0,0,0,0,0,0,0,0,0,0,55,223,17,0,0,0,0,0,0,0,0,0,0,0,4
0,0,0,0,0,0,0,0,0,0,0,0,0,0,0,0,0,0,0,0,0,0,0,0,0,0,0,0,0,0,0,0,0,113,193,254,213,21,0,0,0,0,0,0,0,0,0,0,0,0,0,123,203,253,252,253,252,142,0,0,0,0,0,0,0,0,0,0,0,72,233,254,253,254,253,254,253,41,0,0,0,0,0,0,0,0,0,0,123,253,252,253,252,253,252,253,252,102,20,0,0,0,0,0,0,0,0,173,253,254,233,102,102,254,253,254,253,255,50,0,0,0,0,0,0,21,183,253,252,213,30,82,243,253,252,253,252,172,10,0,0,0,0,0,0,132,253,254,172,11,92,254,253,254,253,254,233,0,0,0,0,0,0,0,0,253,252,233,112,132,252,253,252,253,252,233,50,0,0,0,0,0,0,0,0,254,253,254,253,254,253,254,253,254,233,41,0,0,0,0,0,0,0,0,0,112,232,253,252,253,252,253,252,253,111,0,0,0,0,0,0,0,0,0,0,0,0,0,0,132,253,254,253,224,20,0,0,0,0,0,0,0,0,0,0,0,0,0,123,253,252,253,252,162,0,0,0,0,0,0,0,0,0,0,0,0,0,113,253,254,253,254,253,102,0,0,0,0,0,0,0,0,0,0,0,0,123,233,252,213,252,253,252,20,0,0,0,0,0,0,0,0,0,0,0,72,233,254,172,51,253,254,91,0,0,0,0,0,0,0,0,0,0,0,41,253,252,172,10,132,252,253,50,0,0,0,0,0,0,0,0,0,0,11,173,255,253,41,21,254,253,224,20,0,0,0,0,0,0,0,0,0,0,51,252,253,212,123,223,253,252,81,0,0,0,0,0,0,0,0,0,0,0,41,243,255,253,254,253,244,81,0,0,0,0,0,0,0,0,0,8
0,0,0,0,0,0,0,0,0,0,0,0,0,0,0,0,0,0,0,0,0,0,0,0,0,0,0,0,0,0,0,0,0,0,0,0,85,255,82,0,0,0,0,0,0,0,0,30,172,231,214,76,0,0,0,13,222,254,98,0,0,0,0,0,0,0,106,212,253,254,253,224,32,0,0,74,253,247,21,0,0,0,0,0,0,119,247,253,119,69,169,253,135,0,34,240,253,151,0,0,0,0,0,7,104,254,241,67,0,0,139,254,161,45,212,254,169,0,0,0,0,0,0,91,253,241,35,0,0,0,138,253,177,204,253,215,6,0,0,0,0,0,0,207,253,84,0,0,0,0,138,253,253,254,223,42,0,0,0,0,0,0,0,207,253,235,184,109,59,26,214,253,253,228,40,0,0,0,0,0,0,0,0,85,184,185,248,254,254,254,254,254,228,34,0,0,0,0,0,0,0,0,0,0,0,0,21,107,206,254,253,244,52,0,0,0,0,0,0,0,0,0,0,0,0,0,0,0,51,254,253,253,69,0,0,0,0,0,0,0,0,0,0,0,0,0,0,17,234,254,253,253,103,0,0,0,0,0,0,0,0,0,0,0,0,0,0,208,254,185,147,254,161,0,0,0,0,0,0,0,0,0,0,0,0,0,26,232,236,42,138,253,160,0,0,0,0,0,0,0,0,0,0,0,0,0,164,253,85,0,180,253,160,0,0,0,0,0,0,0,0,0,0,0,0,0,230,253,69,26,239,253,94,0,0,0,0,0,0,0,0,0,0,0,0,0,231,254,69,128,254,214,25,0,0,0,0,0,0,0,0,0,0,0,0,0,180,253,169,212,253,137,0,0,0,0,0,0,0,0,0,0,0,0,0,0,59,249,253,254,189,42,0,0,0,0,0,0,0,0,8
0,0,0,0,0,0,0,0,0,0,0,0,0,0,0,0,0,0,0,0,0,0,0,0,0,0,0,0,2,7,101,167,154,130,176,255,30,4,0,0,0,0,0,0,0,0,0,3,66,253,253,253,253,253,253,253,253,147,7,0,0,0,0,0,0,0,0,120,253,253,253,253,253,253,253,253,253,253,202,3,0,0,0,0,0,22,149,220,253,253,253,253,253,253,253,253,253,253,253,79,0,0,0,0,0,53,253,253,253,253,253,253,253,227,222,222,235,253,253,205,0,0,0,4,114,220,253,253,253,253,253,253,183,16,0,0,39,242,253,253,0,0,4,65,253,253,253,253,253,253,253,183,17,0,0,0,19,239,253,253,0,0,44,253,253,253,253,253,253,253,206,18,0,0,0,0,191,253,253,168,0,37,221,253,253,253,244,236,241,197,205,27,0,0,0,99,246,253,253,102,0,136,253,253,253,226,56,71,149,46,185,14,0,0,69,245,253,253,253,5,0,136,253,253,245,98,0,0,0,63,253,55,0,58,197,253,253,253,130,2,5,228,253,253,126,0,0,0,0,63,253,55,24,223,253,253,253,220,8,0,7,253,253,253,99,0,0,0,0,63,253,79,196,253,253,253,253,103,0,0,110,253,253,233,17,0,0,0,0,105,253,233,253,253,253,253,174,12,0,0,237,253,253,228,0,0,0,0,49,244,253,253,253,253,253,217,15,0,0,0,145,253,253,238,39,0,18,184,230,253,253,253,253,253,217,33,0,0,0,0,18,253,253,253,224,125,234,253,253,253,253,253,253,165,33,0,0,0,0,0,7,253,253,253,253,253,253,253,253,253,253,253,163,24,0,0,0,0,0,0,1,85,253,253,253,253,253,253,253,253,253,125,3,0,0,0,0,0,0,0,0
0,0,0,0,0,0,0,0,0,0,0,0,0,0,0,0,0,0,0,0,0,0,0,0,0,0,0,0,0,0,0,0,0,0,0,0,0,0,0,0,0,0,0,0,0,0,0,0,0,0,0,0,0,0,0,0,0,0,0,0,0,0,0,0,0,0,0,0,0,0,0,0,0,0,0,0,0,0,0,0,0,0,0,0,0,0,0,0,0,0,0,0,0,0,0,0,0,0,0,0,0,66,146,146,50,38,122,54,146,146,146,146,188,254,255,254,67,0,0,0,0,114,253,253,253,253,253,253,253,253,253,253,253,253,253,253,113,0,0,0,0,114,253,253,253,253,253,253,253,253,253,253,249,251,253,251,18,0,0,0,0,95,210,242,214,210,210,210,210,210,154,102,20,135,253,150,0,0,0,0,0,0,0,48,7,0,0,0,0,0,0,0,0,216,253,150,0,0,0,0,0,0,0,0,0,0,0,0,0,0,0,0,0,244,253,146,0,0,0,0,0,0,0,0,0,0,0,0,0,0,0,0,19,246,253,43,0,0,0,0,0,0,0,0,0,0,0,0,0,0,0,0,98,253,203,10,0,0,0,0,0,0,0,0,0,0,0,0,0,0,0,0,98,253,90,0,0,0,0,0,0,0,0,0,0,0,0,0,0,0,0,0,167,253,81,0,0,0,0,0,0,0,0,0,0,0,0,0,0,0,0,0,206,253,81,0,0,0,0,0,0,0,0,0,0,0,0,0,0,0,0,6,210,253,81,0,0,0,0,0,0,0,0,0,0,0,0,0,0,0,0,60,253,253,81,0,0,0,0,0,0,0,0,0,0,0,0,0,0,0,0,60,253,243,50,0,0,0,0,0,0,0,0,0,0,0,0,0,0,0,0,60,253,226,0,0,0,0,0,0,7
0,0,0,0,0,0,0,0,0,0,0,0,0,0,0,0,0,0,0,0,34,54,0,0,0,0,0,0,0,0,0,0,0,0,0,0,0,0,0,0,238,249,43,0,0,0,0,0,0,0,0,0,0,0,0,0,0,0,0,0,190,254,232,23,0,0,0,0,0,0,0,0,0,0,0,0,0,0,0,0,109,254,254,43,0,0,0,0,0,0,138,197,27,0,0,0,0,0,0,0,18,155,254,211,32,0,0,0,0,0,166,254,179,0,0,0,0,0,0,0,0,20,254,253,72,0,0,0,0,0,205,254,190,0,0,0,0,0,0,0,0,3,189,254,119,0,0,0,0,0,60,254,250,101,0,0,0,0,0,0,0,0,111,254,245,150,140,140,104,41,45,254,254,190,41,41,41,41,18,0,0,0,41,242,254,254,254,254,254,254,254,254,254,254,254,254,254,254,221,80,0,0,0,161,254,254,254,254,254,254,254,254,254,254,254,254,254,254,254,213,0,0,0,24,119,149,222,249,249,249,249,249,254,254,254,249,249,249,249,172,0,0,0,0,0,0,0,0,0,0,0,0,128,254,235,18,0,0,0,38,0,0,0,0,0,0,0,0,0,0,0,0,95,254,245,51,0,0,0,0,0,0,0,0,0,0,0,0,0,0,0,0,5,198,254,174,0,0,0,0,0,0,0,0,0,0,0,0,0,0,0,0,0,153,252,245,27,0,0,0,0,0,0,0,0,0,0,0,0,0,0,0,0,50,246,254,120,0,0,0,0,0,0,0,0,0,0,0,0,0,0,0,0,33,225,254,217,9,0,0,0,0,0,0,0,0,0,0,0,0,0,0,0,0,126,254,254,65,0,0,0,0,0,0,0,0,0,0,0,0,0,0,0,0,15,180,142,3,0,0,4
0,0,0,0,0,0,3,146,254,254,254,162,0,0,0,0,0,0,0,0,0,0,0,0,0,49,200,254,254,254,245,89,0,0,0,0,0,0,0,0,0,0,0,0,0,163,254,254,254,80,51,0,0,0,0,0,0,0,0,0,0,0,0,0,21,220,254,231,98,3,0,0,0,0,0,0,0,0,0,0,0,0,0,0,44,254,254,138,0,0,0,0,0,0,0,0,0,0,0,0,0,0,0,0,128,254,209,23,0,0,0,0,0,0,0,0,0,0,0,0,0,0,0,6,246,254,82,0,0,0,0,0,0,0,0,0,0,0,0,0,0,0,0,6,254,202,10,0,0,0,0,0,0,0,0,0,0,0,0,0,0,0,0,46,254,173,0,0,0,0,0,0,0,0,0,0,0,0,0,0,0,0,0,106,254,127,0,0,0,0,0,8,78,130,89,22,7,0,0,0,0,0,0,6,254,192,7,0,0,0,13,177,254,254,254,254,168,36,0,0,0,0,0,6,254,254,69,0,0,7,178,254,254,254,254,254,254,191,2,0,0,0,0,5,244,254,245,64,0,17,254,254,241,234,254,254,254,254,5,0,0,0,0,0,125,254,254,239,91,22,254,191,40,19,81,145,255,254,5,0,0,0,0,0,8,124,244,254,254,218,254,116,9,104,60,120,254,254,5,0,0,0,0,0,0,0,108,254,254,254,254,253,251,254,253,254,254,254,5,0,0,0,0,0,0,0,4,110,254,254,254,254,254,254,254,254,254,226,4,0,0,0,0,0,0,0,0,8,38,144,254,254,254,254,254,196,146,41,0,0,0,0,0,0,0,0,0,0,0,0,0,0,0,0,0,0,0,0,0,0,0,0,0,0,0,0,0,0,0,0,0,0,0,0,0,0,0,0,0,0,6
0,0,0,0,0,0,0,0,0,0,0,0,0,0,0,0,0,0,0,0,0,0,0,0,0,0,0,0,0,0,40,132,255,247,72,0,0,0,0,0,0,0,0,0,0,0,0,0,14,121,236,254,254,254,210,77,0,0,0,0,0,0,0,0,0,0,0,14,192,254,244,140,104,236,254,154,0,0,0,0,0,0,0,0,0,0,0,72,254,220,72,0,0,170,254,240,20,0,0,0,0,0,0,0,0,0,151,246,243,67,0,0,0,79,254,246,30,0,0,0,0,0,0,0,0,52,251,254,140,0,0,0,7,172,254,241,0,0,0,0,0,0,0,0,0,57,254,237,45,0,0,7,164,254,254,163,0,0,0,0,0,0,0,0,0,26,238,254,180,9,8,134,254,254,254,108,0,0,0,0,0,0,0,0,0,0,105,254,254,226,225,254,254,254,239,10,0,0,0,0,0,0,0,0,0,0,8,55,125,196,231,238,137,254,222,0,0,0,0,0,0,0,0,0,0,0,0,0,0,0,21,38,26,254,92,0,0,0,0,0,0,0,0,0,0,0,0,0,0,0,0,0,137,254,138,0,0,0,0,0,0,0,0,0,0,0,0,0,0,0,0,25,243,236,13,0,0,0,0,0,0,0,0,0,0,0,0,0,0,0,0,98,254,232,0,0,0,0,0,0,0,0,0,0,0,0,0,0,0,0,27,221,251,125,0,0,0,0,0,0,0,66,81,7,0,0,0,0,0,0,106,254,192,0,0,0,0,0,0,0,0,123,253,191,17,0,0,0,0,38,241,252,76,0,0,0,0,0,0,0,0,0,145,253,236,133,96,96,110,242,254,101,0,0,0,0,0,0,0,0,0,0,0,95,214,254,254,254,254,238,151,16,0,0,0,0,0,0,0,0,9
0,0,0,0,0,0,0,0,0,0,0,0,0,0,0,0,0,0,0,0,26,0,0,0,0,0,52,249,254,254,255,255,254,117,14,0,0,0,0,0,0,0,0,0,0,0,165,254,254,254,254,254,254,254,151,0,0,0,0,0,0,0,0,0,0,0,107,254,254,254,238,166,254,254,250,33,0,0,0,0,0,0,0,0,0,0,2,59,59,4,4,1,32,240,254,91,0,0,0,0,0,0,0,0,0,0,0,0,0,0,0,0,44,241,254,91,0,0,0,0,0,0,0,0,0,0,0,0,0,0,0,4,197,254,254,91,0,0,0,0,0,0,0,0,0,0,0,0,0,0,66,226,254,254,172,4,0,0,0,0,0,0,0,0,0,0,0,37,116,181,250,254,254,178,10,0,0,0,0,0,0,0,0,0,0,7,149,250,254,254,254,254,254,150,0,0,0,0,0,0,0,0,0,0,0,128,254,254,254,254,254,254,254,251,109,0,0,0,0,0,0,0,0,0,0,211,254,254,242,173,143,143,216,254,194,0,0,0,0,0,0,0,0,0,0,112,177,123,16,0,0,0,54,238,252,62,0,0,0,0,0,0,0,0,0,0,0,0,0,0,0,0,0,141,254,143,0,0,0,0,0,0,0,0,0,0,0,0,0,0,0,0,0,134,254,186,0,0,0,0,0,0,0,0,0,0,0,0,0,0,0,0,0,162,254,186,0,0,0,0,0,0,0,14,89,0,0,0,0,0,0,2,103,243,254,135,0,0,0,0,0,0,0,124,144,3,0,0,1,5,111,199,254,254,210,21,0,0,0,0,0,0,0,87,254,212,163,163,168,254,254,254,254,203,21,0,0,0,0,0,0,0,0,10,233,254,254,254,254,254,254,252,156,22,0,0,0,0,0,0,3
0,0,0,0,0,0,0,0,0,19,181,252,215,121,6,0,0,0,0,0,0,0,0,0,0,0,0,0,0,166,245,195,31,0,0,0,0,0,0,0,0,0,0,0,0,0,0,0,10,203,223,0,0,0,0,0,0,0,0,0,0,0,0,0,0,0,0,0,85,252,145,0,0,0,0,0,0,0,0,0,0,0,0,0,0,0,0,0,226,228,47,0,0,0,0,0,0,0,0,0,0,0,0,0,0,0,0,101,249,148,0,0,0,0,0,0,0,0,0,0,0,0,0,0,0,0,0,113,252,55,0,0,0,0,0,0,0,0,0,0,0,0,0,0,0,0,0,113,252,55,0,0,0,0,0,0,0,0,0,0,0,0,0,0,0,0,0,191,252,55,0,0,0,0,0,0,0,0,0,0,0,0,0,0,0,0,0,255,253,56,0,0,0,0,0,0,0,0,0,0,0,0,0,0,0,0,0,253,252,55,0,0,0,0,0,0,0,0,0,0,0,0,0,0,0,0,0,253,204,37,73,197,198,197,88,19,0,0,0,0,0,0,0,0,0,0,0,253,252,205,249,223,84,84,215,180,13,0,0,0,0,0,0,0,0,0,0,253,252,252,145,0,0,0,197,252,112,0,0,0,0,0,0,0,0,0,0,192,253,228,47,0,0,0,57,253,253,0,0,0,0,0,0,0,0,0,0,113,252,195,0,0,0,0,104,252,252,0,0,0,0,0,0,0,0,0,0,113,252,208,19,0,0,0,197,245,118,0,0,0,0,0,0,0,0,0,0,38,209,246,180,29,92,169,234,208,0,0,0,0,0,0,0,0,0,0,0,0,0,88,112,189,253,204,112,37,0,0,0,0,0,0,0,0,0,0,0,0,0,0,0,0,0,0,0,0,0,0,0,0,6
0,0,0,0,0,0,0,0,0,0,0,0,0,0,0,0,0,0,0,0,0,0,0,0,0,0,0,0,0,0,0,0,0,0,0,0,0,0,0,0,0,0,144,253,154,121,121,121,121,121,121,121,121,25,0,0,0,0,0,0,0,0,213,252,252,252,252,252,252,253,252,252,252,242,119,0,0,0,0,0,0,0,164,252,252,252,252,252,252,253,252,252,252,252,198,0,0,0,0,0,0,0,13,39,39,39,39,39,39,39,39,118,252,252,198,0,0,0,0,0,0,0,0,0,0,0,0,0,0,0,29,135,252,234,76,0,0,0,0,0,0,0,0,0,0,0,0,0,0,54,208,252,252,185,0,0,0,0,0,0,0,0,0,0,0,0,0,24,111,253,252,252,176,58,0,0,0,0,0,0,0,0,0,0,0,5,41,213,252,253,241,176,15,0,0,0,0,0,0,0,0,0,0,0,0,41,252,252,252,253,145,0,0,0,0,0,0,0,0,0,0,0,0,0,0,41,252,252,252,253,202,133,21,0,0,0,0,0,0,0,0,0,0,0,0,41,253,253,253,255,253,253,211,89,0,0,0,0,0,0,0,0,0,0,0,2,13,90,145,253,252,252,252,249,119,0,0,0,0,0,0,0,0,0,0,0,0,0,0,26,82,193,252,252,246,71,0,0,0,0,0,0,0,0,0,0,0,0,0,0,0,15,82,235,252,191,0,0,0,0,0,0,0,0,0,0,0,0,0,0,0,0,0,95,252,212,0,0,0,0,0,0,0,0,0,0,0,0,0,0,0,0,0,165,252,114,0,0,0,0,0,0,0,0,0,28,89,17,0,0,0,15,153,236,252,79,0,0,0,0,0,0,0,0,0,36,228,198,160,161,160,194,252,252,204,29,0,0,0,0,3
0,0,0,0,0,0,0,0,0,0,0,0,0,0,0,0,0,0,0,0,0,0,0,0,0,0,0,0,0,0,0,0,0,0,0,0,0,0,0,0,0,0,0,0,0,0,149,180,38,0,0,0,0,0,0,0,149,159,7,0,0,0,0,0,0,22,253,252,69,0,0,0,0,0,0,22,253,252,141,0,0,0,0,0,0,116,253,252,69,0,0,0,0,0,0,146,253,252,183,0,0,0,0,0,0,157,253,252,69,0,0,0,0,0,0,230,253,235,64,0,0,0,0,0,85,250,253,210,6,0,0,0,0,0,43,240,253,206,0,0,0,0,0,7,212,253,252,135,0,0,0,0,0,38,233,253,252,84,0,0,0,0,0,91,252,252,230,0,0,0,0,0,0,70,252,252,209,0,0,0,0,0,13,203,252,252,146,0,0,0,0,0,13,172,252,252,116,0,0,0,0,0,30,227,252,252,21,0,0,0,0,0,140,252,252,252,21,0,0,0,0,0,0,184,252,252,221,116,116,74,106,116,203,252,252,95,0,0,0,0,0,0,0,64,249,253,255,253,253,253,253,255,253,253,253,23,0,0,0,0,0,0,0,0,118,227,253,252,252,252,252,253,252,252,193,8,0,0,0,0,0,0,0,0,0,32,79,183,183,183,215,253,252,233,64,0,0,0,0,0,0,0,0,0,0,0,0,0,0,0,116,253,252,183,0,0,0,0,0,0,0,0,0,0,0,0,0,0,0,43,230,253,252,79,0,0,0,0,0,0,0,0,0,0,0,0,0,0,0,93,253,255,196,0,0,0,0,0,0,0,0,0,0,0,0,0,0,0,0,114,252,253,92,0,0,0,0,0,0,0,0,0,0,0,0,0,0,0,0,207,252,236,25,0,0,0,0,0,0,0,4
0,0,0,0,0,0,0,0,0,0,0,0,0,0,0,0,0,0,0,0,0,0,0,0,0,0,0,0,0,0,0,0,0,0,0,0,0,0,0,0,0,0,0,0,0,0,0,0,0,0,0,0,0,0,0,0,0,0,0,0,0,0,0,0,0,0,0,57,86,170,226,255,198,198,141,29,0,0,0,0,0,0,0,0,0,57,198,255,255,255,255,255,170,198,226,170,0,0,0,0,0,0,0,0,0,255,255,255,114,86,0,0,0,0,226,226,226,57,0,0,0,0,0,0,114,255,198,29,0,0,0,0,0,0,141,255,255,86,0,0,0,0,0,0,170,255,86,0,0,0,0,0,0,29,226,255,198,29,0,0,0,0,0,0,170,255,0,0,0,0,0,0,0,170,255,198,29,0,0,0,0,0,0,0,170,255,57,0,0,0,0,0,114,255,198,29,0,0,0,0,0,0,0,0,86,255,86,0,0,0,29,141,255,226,29,0,0,0,0,0,0,0,0,0,0,198,255,170,170,170,255,255,255,29,0,0,0,0,0,0,0,0,0,0,0,86,226,255,255,255,226,255,114,0,0,0,0,0,0,0,0,0,0,0,0,0,0,0,0,29,226,170,0,0,0,0,0,0,0,0,0,0,0,0,0,0,0,0,0,198,226,29,0,0,0,0,0,0,0,0,0,0,0,0,0,0,0,0,114,255,86,0,0,0,0,0,0,0,0,0,0,0,0,0,0,0,0,0,198,226,0,0,0,0,0,0,0,0,0,0,0,0,0,0,0,0,0,114,255,114,0,0,0,0,0,0,0,0,0,0,0,0,0,0,0,0,0,198,255,29,0,0,0,0,0,0,0,0,0,0,0,0,0,0,0,0,57,255,141,0,0,0,0,0,0,0,0,0,0,0,9
0,0,0,0,0,0,0,0,0,0,0,0,0,0,0,8,34,3,0,0,0,0,0,0,0,0,0,0,0,0,0,0,0,99,177,194,253,178,26,0,0,49,0,0,0,0,0,0,0,0,0,57,128,246,253,253,253,253,190,0,0,0,0,0,0,0,0,0,0,0,117,250,253,253,242,207,121,117,9,0,0,0,0,0,0,0,0,0,0,17,228,254,239,107,42,13,56,157,166,166,0,0,0,0,0,0,0,0,0,164,253,228,41,35,89,125,253,253,253,253,0,0,0,0,0,0,0,0,0,188,253,223,89,222,253,253,245,141,113,22,0,0,0,0,0,0,0,0,0,188,253,254,253,253,211,136,22,0,0,0,0,0,0,0,0,0,0,4,78,208,253,254,233,85,3,0,0,0,0,0,0,0,0,0,0,0,39,165,253,253,253,225,24,0,0,0,0,0,0,0,0,0,0,0,18,106,231,254,249,246,254,222,0,0,0,0,0,0,0,0,0,0,0,27,213,253,253,217,64,91,245,221,0,0,0,0,0,0,0,0,0,0,56,227,253,253,136,23,0,0,221,234,31,0,0,0,0,0,0,0,0,3,179,253,251,134,3,0,0,0,163,255,87,0,0,0,0,0,0,0,0,34,253,253,159,0,0,0,0,0,111,254,201,10,0,0,0,0,0,0,0,8,193,253,34,0,0,0,0,0,149,254,253,44,0,0,0,0,0,0,0,0,172,253,175,122,84,16,122,204,251,254,250,42,0,0,0,0,0,0,0,0,26,142,252,253,253,253,253,253,253,249,107,0,0,0,0,0,0,0,0,0,0,0,73,176,176,176,176,176,176,58,0,0,0,0,0,0,0,0,0,0,0,0,0,0,0,0,0,0,0,0,0,0,0,0,0,0,0,0,8
0,0,0,0,0,0,0,96,249,240,6,0,0,0,0,0,0,0,0,0,0,0,0,0,0,0,49,245,253,190,0,0,0,0,0,0,0,0,0,0,0,0,0,0,0,0,167,253,188,17,0,0,0,0,69,81,21,0,0,0,0,0,0,0,0,89,240,207,69,0,0,0,0,0,179,253,186,21,0,0,0,0,0,0,0,201,253,80,0,0,0,0,0,0,64,242,253,178,0,0,0,0,0,0,56,237,253,80,0,0,0,0,0,0,0,99,243,241,86,0,0,0,0,0,165,253,219,29,0,0,0,0,0,0,0,0,187,253,226,0,0,0,0,55,237,253,192,0,0,0,0,0,0,0,0,0,107,249,228,6,0,0,0,94,253,218,31,0,0,0,0,0,0,0,0,0,0,174,253,107,0,0,0,95,254,124,0,0,0,0,0,0,0,0,0,0,0,175,255,107,0,0,0,221,253,53,0,0,0,0,0,0,0,0,0,0,52,249,253,107,0,0,40,237,253,53,0,0,0,0,0,0,0,0,0,0,104,253,243,67,0,0,108,253,185,9,0,0,0,0,0,0,0,0,0,0,187,253,226,0,0,0,108,253,173,0,0,0,0,0,0,0,0,0,22,103,240,253,121,0,0,0,85,248,232,39,0,0,0,0,0,0,0,98,208,253,253,195,25,0,0,0,0,206,253,190,67,0,0,3,41,41,168,245,253,253,195,25,0,0,0,0,0,35,143,253,234,161,161,165,253,255,253,253,188,93,25,0,0,0,0,0,0,0,34,216,253,253,253,253,253,241,183,107,17,0,0,0,0,0,0,0,0,0,0,32,120,120,204,246,120,0,0,0,0,0,0,0,0,0,0,0,0,0,0,0,0,0,0,0,0,0,0,0,0,0,0,0,0,0,0
0,0,0,0,0,0,0,0,0,0,0,0,0,0,0,0,0,0,0,0,0,0,0,0,0,0,0,0,0,0,0,0,0,0,0,0,0,0,0,113,0,0,0,0,0,0,0,0,0,0,0,0,0,0,0,0,0,0,47,235,0,0,0,0,0,0,0,0,0,0,0,0,0,0,0,0,0,47,198,232,0,0,0,0,0,0,0,0,0,0,0,0,0,0,0,0,34,198,203,39,0,0,0,0,0,0,0,17,15,0,0,0,0,0,0,0,177,231,89,0,0,0,0,0,0,5,151,237,202,37,0,0,0,0,0,127,250,68,0,0,0,0,0,0,34,214,254,221,228,62,0,0,0,0,97,228,156,0,0,0,0,0,0,0,226,244,105,3,3,2,0,0,0,43,252,175,3,0,0,0,0,0,0,111,253,52,0,0,0,0,0,0,28,204,230,12,0,0,0,0,0,0,14,233,117,5,0,0,0,0,0,24,207,236,70,0,0,0,0,0,0,0,14,201,149,32,7,0,0,0,8,181,251,98,0,0,0,0,0,0,0,0,0,93,245,254,209,162,108,108,204,254,162,6,18,0,0,0,0,0,0,0,0,18,71,146,231,250,253,254,254,253,254,205,253,184,70,0,0,0,0,0,0,0,0,0,0,0,143,254,187,55,85,123,140,144,6,0,0,0,0,0,0,0,0,0,0,33,252,138,4,0,0,0,0,0,0,0,0,0,0,0,0,0,0,0,5,163,218,35,0,0,0,0,0,0,0,0,0,0,0,0,0,0,0,0,115,236,40,0,0,0,0,0,0,0,0,0,0,0,0,0,0,0,0,13,220,116,0,0,0,0,0,0,0,0,0,0,0,0,0,0,0,0,0,64,234,44,0,0,0,0,0,0,0,0,0,0,0,0,4
0,0,0,0,0,0,0,0,0,0,0,0,0,0,0,0,0,0,0,0,0,0,0,0,0,0,0,0,0,0,0,0,0,0,0,0,0,0,0,0,0,0,0,0,0,141,170,226,255,255,255,255,170,170,170,141,57,0,0,0,0,0,0,0,57,255,255,255,255,255,255,255,255,255,255,255,255,170,57,0,0,0,0,0,226,255,255,226,141,141,170,170,170,198,255,255,255,255,255,86,0,0,0,0,226,255,255,170,0,0,0,0,0,0,0,29,86,198,255,170,0,0,0,0,86,255,255,170,0,0,0,0,0,0,0,0,0,0,29,57,0,0,0,0,0,255,255,170,0,0,0,0,0,0,0,0,0,0,0,0,0,0,0,0,0,255,255,170,0,0,0,0,0,0,0,0,0,0,0,0,0,0,0,0,86,255,255,141,0,0,0,0,0,0,0,0,0,0,0,0,0,0,0,0,86,255,255,86,0,0,0,0,0,0,0,0,0,0,0,0,0,0,0,0,86,255,255,141,114,170,255,198,114,0,0,0,0,0,0,0,0,0,0,0,141,255,255,255,255,255,255,255,255,141,0,0,0,0,0,0,0,0,0,0,170,255,255,255,255,198,170,198,255,255,29,0,0,0,0,0,0,0,0,0,198,255,255,226,57,0,0,29,255,255,141,0,0,0,0,0,0,0,0,0,198,255,170,0,0,0,0,0,170,255,170,0,0,0,0,0,0,0,0,0,29,86,0,0,0,0,0,0,170,255,170,0,0,0,0,0,0,0,0,0,0,0,0,0,0,0,0,29,255,255,141,0,0,0,0,0,0,0,0,0,0,0,0,0,0,0,0,114,255,226,29,0,0,0,0,0,0,0,0,0,0,0,0,0,0,0,86,255,255,114,0,0,0,0,0,0,5
239,207,228,234,242,249,230,227,235,210,235,227,213,200,250,206,218,228,219,250,213,231,243,212,203,213,244,248,219,250,217,240,202,229,243,206,242,215,242,251,230,240,210,205,235,214,223,253,244,237,236,206,253,211,204,253,243,204,237,251,236,205,236,239,219,216,208,236,216,216,236,227,220,225,243,249,222,236,212,229,236,235,203,218,225,224,251,205,221,210,237,248,247,245,233,214,228,242,235,242,250,240,241,244,236,247,220,202,224,217,208,238,205,254,203,222,247,254,232,203,211,247,216,230,228,248,244,254,250,218,224,221,201,243,226,208,238,211,209,208,206,202,242,244,236,222,240,239,205,206,249,242,214,210,218,204,208,249,225,218,252,209,205,204,216,242,239,233,213,201,254,236,230,231,201,220,215,221,220,202,217,212,250,200,222,244,237,235,231,248,234,230,204,206,208,225,228,203,223,229,234,225,215,202,251,216,250,200,233,229,206,240,224,227,203,247,230,219,232,230,208,231,241,253,243,224,234,205,246,215,250,226,217,208,243,239,235,232,202,214,234,221,204,241,252,229,219,254,248,234,220,243,209,207,204,206,245,240,244,205,213,200,238,249,212,252,237,234,235,240,204,204,241,202,208,250,248,234,230,252,203,227,217,248,247,208,246,237,223,205,247,237,237,231,250,239,222,208,241,219,249,238,223,236,211,221,211,201,220,220,223,247,202,243,205,240,242,245,209,214,221,206,217,247,224,223,237,222,204,221,224,221,232,202,239,238,207,219,229,204,252,220,201,236,200,234,225,217,250,219,214,220,229,220,225,200,231,250,236,232,231,214,251,246,238,221,223,238,202,241,236,240,218,253,227,219,216,228,214,254,243,233,208,213,233,239,223,244,217,214,220,245,203,249,246,239,247,210,237,242,5
0,0,0,0,0,0,0,0,0,0,0,0,0,0,0,0,0,0,0,0,0,28,136,136,177,254,254,255,235,136,136,136,136,76,16,0,0,0,0,0,0,154,253,253,253,253,253,253,253,253,253,253,253,253,242,154,60,0,0,0,0,67,200,167,82,234,253,223,200,212,253,253,253,253,253,253,232,116,0,0,0,0,0,0,0,107,250,112,0,15,65,65,65,126,224,253,253,194,10,0,0,0,0,0,0,0,146,112,0,0,0,0,0,0,52,253,253,253,35,0,0,0,0,0,0,0,73,65,0,0,0,0,0,0,80,253,253,218,20,0,0,0,0,0,0,0,0,0,0,0,0,0,0,67,200,253,253,168,0,0,0,0,0,0,0,0,0,0,0,0,0,9,131,251,253,253,206,23,0,0,0,0,0,0,0,0,0,0,0,10,78,195,253,253,253,246,59,0,0,0,0,0,0,0,0,0,0,0,0,142,253,253,253,251,180,62,0,0,0,0,0,0,0,0,0,0,0,0,0,177,253,253,253,60,0,0,0,0,0,0,0,0,0,0,0,0,0,0,0,177,253,253,253,105,0,0,0,0,0,0,0,0,0,0,0,0,0,0,0,44,228,253,253,242,148,0,0,0,0,0,0,0,0,0,0,0,0,0,0,0,76,246,253,253,225,5,0,0,0,0,0,0,0,0,0,0,0,0,0,0,0,40,240,253,253,88,0,0,0,0,0,0,0,0,0,0,0,0,0,0,0,18,235,253,248,72,0,0,0,0,0,0,0,0,0,0,0,7,55,46,102,209,253,253,224,0,0,0,0,0,0,12,163,201,201,201,201,206,245,238,253,253,253,249,96,0,0,0,0,0,0,36,253,253,253,253,253,253,253,253,253,253,253,93,0,0,0,0,0,0,3
0,0,0,0,0,0,0,0,0,0,0,0,0,0,0,0,0,0,0,0,0,0,0,0,0,0,0,0,0,31,201,176,200,176,177,176,134,123,99,86,0,0,0,0,0,0,0,0,0,79,255,254,254,254,239,245,254,254,227,214,0,0,0,0,0,0,0,0,0,187,250,99,87,39,24,30,39,39,12,0,0,0,0,0,0,0,0,0,0,235,235,0,0,0,0,0,0,0,0,0,0,0,0,0,0,0,0,0,84,254,157,0,0,0,0,0,0,0,0,0,0,0,0,0,0,0,0,0,120,254,97,0,0,0,0,0,0,0,0,0,0,0,0,0,0,0,0,10,188,254,37,0,0,0,0,0,0,0,0,0,0,0,0,0,0,0,0,88,254,157,0,0,0,0,0,0,0,0,0,0,0,0,0,0,0,0,0,119,254,104,0,0,0,0,0,0,0,0,0,0,0,0,0,0,0,0,0,100,248,236,196,135,76,3,0,0,0,0,0,0,0,0,0,0,0,0,0,0,76,189,236,254,254,104,0,0,0,0,0,0,0,0,0,0,0,0,0,0,0,0,14,19,218,248,0,0,0,0,0,0,0,0,0,0,0,0,0,0,0,0,0,0,216,254,0,0,0,0,0,0,0,0,0,43,6,0,0,0,0,0,0,31,245,217,0,0,0,0,0,0,0,0,0,118,147,0,0,0,0,0,0,124,254,110,0,0,0,0,0,0,0,0,0,94,231,36,0,0,0,0,37,231,236,19,0,0,0,0,0,0,0,0,0,40,254,152,0,0,0,37,231,251,60,0,0,0,0,0,0,0,0,0,0,9,176,236,97,0,76,226,251,85,0,0,0,0,0,0,0,0,0,0,0,0,28,207,240,215,248,236,60,0,0,0,0,0,0,0,0,0,5
0,0,0,0,0,0,0,0,0,0,0,0,0,0,0,0,0,0,0,0,0,0,0,0,0,0,0,64,128,128,191,191,191,0,0,0,0,0,0,0,0,0,0,0,0,0,128,255,255,255,255,255,255,191,0,0,0,0,0,0,0,0,0,0,0,191,255,255,255,255,255,255,255,255,255,128,255,128,0,0,0,0,0,0,128,255,255,255,191,128,128,128,255,255,255,255,191,0,0,0,0,0,0,0,128,255,255,64,0,0,0,0,64,255,255,255,128,0,0,0,0,0,0,0,128,255,255,64,0,0,0,0,191,255,255,255,0,0,0,0,0,0,0,0,128,255,255,191,0,0,0,64,255,255,255,64,0,0,0,0,0,0,0,0,64,255,255,255,255,0,128,255,255,255,128,0,0,0,0,0,0,0,0,0,0,64,255,255,255,255,255,255,255,191,0,0,0,0,0,0,0,0,0,0,0,0,64,255,255,255,255,255,191,0,0,0,0,0,0,0,0,0,0,0,0,0,0,128,255,255,255,255,255,0,0,0,0,0,0,0,0,0,0,0,0,0,0,255,255,255,255,255,255,191,0,0,0,0,0,0,0,0,0,0,0,0,191,255,255,128,191,255,255,255,64,0,0,0,0,0,0,0,0,0,0,128,255,255,191,0,0,191,255,255,191,0,0,0,0,0,0,0,0,0,0,255,255,191,0,0,0,0,255,255,255,0,0,0,0,0,0,0,0,0,128,255,255,255,64,0,0,0,64,255,255,64,0,0,0,0,0,0,0,0,64,255,255,255,255,255,191,0,64,255,255,128,0,0,0,0,0,0,0,0,0,64,255,255,255,255,255,255,255,255,255,64,0,0,0,0,0,0,0,0,0,0,0,128,191,255,255,255,255,255,255,0,0,0,0,0,8
0,0,0,0,0,0,0,0,0,0,0,0,0,0,0,0,0,0,0,0,0,0,0,0,0,0,12,88,48,0,0,18,151,255,110,0,0,0,0,0,0,0,0,0,0,1,172,254,216,0,0,51,254,254,191,0,0,0,0,0,0,0,0,0,0,26,254,254,216,0,0,51,254,254,191,0,0,0,0,0,0,0,0,0,0,26,254,254,156,0,0,51,254,254,191,0,0,0,0,0,0,0,0,0,0,60,254,254,132,0,0,51,254,254,191,0,0,0,0,0,0,0,0,0,0,109,254,254,132,0,0,86,254,254,191,0,0,0,0,0,0,0,0,0,0,109,254,254,132,0,0,133,254,254,181,0,0,0,0,0,0,0,0,0,0,147,254,254,122,0,7,204,254,254,108,0,0,0,0,0,0,0,0,0,4,201,254,254,147,148,145,254,254,254,96,0,0,0,0,0,0,0,0,0,21,254,254,254,254,254,254,254,254,206,5,0,0,0,0,0,0,0,0,0,18,242,254,254,254,254,254,254,254,214,8,0,0,0,0,0,0,0,0,0,0,100,203,165,81,37,219,254,254,195,0,0,0,0,0,0,0,0,0,0,0,0,0,0,0,0,213,254,254,195,0,0,0,0,0,0,0,0,0,0,0,0,0,0,0,38,249,254,254,195,0,0,0,0,0,0,0,0,0,0,0,0,0,0,0,42,254,254,254,195,0,0,0,0,0,0,0,0,0,0,0,0,0,0,0,42,254,254,254,195,0,0,0,0,0,0,0,0,0,0,0,0,0,0,0,42,254,254,254,144,0,0,0,0,0,0,0,0,0,0,0,0,0,0,0,42,254,254,254,60,0,0,0,0,0,0,0,0,0,0,0,0,0,0,0,42,254,254,219,11,0,0,0,0,0,0,4
0,0,0,0,0,0,0,0,0,0,0,0,0,0,0,0,0,0,0,0,0,0,0,24,96,255,253,253,91,0,0,0,0,0,0,0,0,0,0,0,0,0,0,182,251,253,227,220,66,0,0,0,0,0,20,92,47,0,0,0,0,0,64,236,251,126,31,0,0,0,0,0,0,0,158,253,62,0,0,0,0,0,127,251,211,0,0,0,0,0,0,0,0,0,158,253,62,0,0,0,0,0,127,251,94,0,0,0,0,0,0,0,0,40,217,253,62,0,0,0,0,0,128,253,95,0,0,0,0,0,0,0,0,124,253,255,63,0,0,0,0,0,127,251,114,0,0,0,0,0,0,0,16,225,251,241,54,0,0,0,0,0,127,251,251,0,0,0,0,0,0,0,127,251,251,158,0,0,0,0,0,0,127,251,251,163,64,32,0,0,24,84,236,251,251,158,0,0,0,0,0,0,48,232,251,253,251,204,158,158,194,251,251,251,251,59,0,0,0,0,0,0,0,139,158,255,253,253,253,253,255,253,253,253,253,0,0,0,0,0,0,0,0,0,0,63,62,62,161,161,161,62,157,251,231,0,0,0,0,0,0,0,0,0,0,0,0,0,0,0,0,0,127,251,94,0,0,0,0,0,0,0,0,0,0,0,0,0,0,0,0,28,236,251,94,0,0,0,0,0,0,0,0,0,0,0,0,0,0,0,0,32,251,251,94,0,0,0,0,0,0,0,0,0,0,0,0,0,0,0,0,32,253,253,95,0,0,0,0,0,0,0,0,0,0,0,0,0,0,0,0,32,251,251,114,0,0,0,0,0,0,0,0,0,0,0,0,0,0,0,0,32,251,251,251,128,111,0,0,0,0,0,0,0,0,0,0,0,0,0,0,4,141,251,251,253,180,0,0,0,9
0,0,0,0,0,0,0,0,0,0,0,0,0,0,0,0,0,0,0,0,0,0,0,0,0,0,0,0,0,0,0,3,9,3,0,0,0,0,2,57,0,0,0,0,0,0,0,0,0,0,40,202,254,143,99,99,138,180,197,254,0,0,0,0,0,0,0,0,6,100,245,254,254,254,254,254,254,254,254,210,0,0,0,0,0,0,0,0,174,243,254,254,229,139,139,139,139,70,57,6,0,0,0,0,0,0,0,0,50,196,254,240,16,0,0,0,0,0,0,0,0,0,0,0,0,0,0,0,182,254,254,103,0,0,0,0,0,0,0,0,0,0,0,0,0,0,60,209,250,254,126,12,0,0,0,0,0,0,0,0,0,0,0,0,0,41,233,254,254,215,69,66,67,19,0,0,0,0,0,0,0,0,0,0,8,208,254,254,254,250,253,254,254,237,91,0,0,0,0,0,0,0,0,38,226,254,254,254,254,254,176,171,228,254,200,0,0,0,0,0,0,0,0,154,254,254,248,161,64,0,0,0,67,254,238,19,0,0,0,0,0,0,0,58,155,144,14,0,0,0,0,0,172,254,239,23,0,0,0,0,0,0,0,0,0,0,0,0,0,0,0,16,233,254,193,15,0,0,0,0,0,0,0,0,0,0,0,0,0,0,10,229,255,230,15,0,0,0,0,0,0,0,44,119,11,0,0,0,0,0,180,254,252,92,0,0,0,0,0,0,0,0,133,254,92,0,0,0,44,171,251,254,121,12,0,0,0,0,0,0,0,0,217,254,161,21,71,139,239,254,237,117,0,0,0,0,0,0,0,0,0,0,162,235,254,238,254,254,254,173,22,0,0,0,0,0,0,0,0,0,0,0,0,76,187,254,194,164,27,2,0,0,0,0,0,0,0,0,0,0,5
0,0,0,0,0,0,0,0,0,0,0,0,0,0,0,0,0,0,0,0,0,0,0,0,0,0,0,0,39,0,0,0,0,8,127,244,60,0,0,0,0,0,0,0,0,0,0,96,239,36,0,0,37,163,142,50,0,0,0,0,0,0,0,0,0,0,41,252,138,0,0,0,157,254,187,6,0,0,58,0,0,0,0,0,0,0,164,254,58,0,0,73,241,224,17,0,0,0,28,0,0,0,0,0,0,54,245,187,3,0,3,207,244,63,0,0,0,0,0,0,0,0,0,0,0,188,254,110,0,0,109,254,155,0,0,0,0,0,0,0,0,0,0,0,0,188,242,41,0,0,214,251,61,0,0,0,0,0,0,0,0,0,0,0,0,188,246,51,0,42,240,202,0,0,0,0,0,0,0,0,0,0,0,0,0,188,254,123,0,150,254,115,0,6,42,165,180,54,0,0,0,0,0,0,0,124,254,226,150,185,254,194,156,253,254,248,98,0,0,0,0,0,0,0,0,17,198,255,254,254,254,254,254,238,120,45,0,0,0,0,0,0,0,0,0,0,3,35,220,254,254,148,26,4,0,0,0,0,0,0,0,0,0,0,0,0,0,0,121,254,170,0,0,0,0,0,0,0,0,0,0,0,0,0,0,0,0,9,222,254,132,0,0,0,0,0,0,0,0,0,0,0,0,0,0,0,0,74,254,254,41,0,0,0,0,0,0,0,0,0,0,0,0,0,0,0,0,74,254,254,41,0,0,0,0,0,0,0,0,0,0,0,0,0,0,0,0,74,254,212,14,0,0,0,0,0,0,0,0,0,0,0,0,0,0,0,0,74,254,246,217,41,0,0,0,0,0,0,0,0,0,0,0,0,0,0,0,74,254,254,202,0,0,0,0,0,0,0,0,0,4
0,0,0,0,0,0,0,0,0,0,0,173,253,253,253,253,243,54,0,0,0,0,0,0,0,0,0,0,0,0,108,250,253,253,253,253,253,117,0,0,0,0,0,0,0,0,0,0,0,0,183,253,253,253,199,253,253,117,0,0,0,0,0,0,0,0,0,0,0,0,45,155,135,25,36,253,253,117,0,0,0,0,0,0,0,0,0,0,0,0,0,0,0,0,74,253,253,117,0,0,0,0,0,0,0,0,0,0,0,0,0,0,0,0,156,253,249,78,0,0,0,0,0,0,0,0,0,0,0,0,0,0,0,11,186,253,200,0,0,0,0,0,0,0,0,0,0,0,0,0,0,0,12,162,253,238,23,0,0,0,0,0,0,0,0,0,0,0,0,0,0,0,73,253,253,200,0,0,0,0,0,0,0,0,0,0,0,0,0,0,0,65,232,253,203,27,0,0,0,0,0,0,0,0,0,0,0,0,0,0,11,192,253,253,97,0,0,0,0,0,0,0,0,0,0,0,38,10,0,11,156,253,253,207,30,0,0,0,0,0,0,0,0,86,169,169,239,186,169,189,253,253,227,30,0,0,0,0,0,0,0,0,85,244,253,253,253,253,253,253,253,253,219,29,0,0,0,0,0,0,0,0,235,253,253,253,253,253,253,253,253,253,253,241,74,0,0,0,0,0,0,77,246,253,253,253,253,253,253,141,104,194,247,253,243,72,0,0,0,0,7,242,253,253,253,253,253,249,139,28,0,0,94,242,253,234,0,0,0,0,118,253,253,253,253,253,207,84,0,0,0,0,0,32,251,244,63,0,0,0,118,253,253,253,253,142,22,0,0,0,0,0,0,0,156,253,240,0,0,0,0,0,0,0,0,0,0,0,0,0,0,0,0,0,0,0,0,0,0,0,2
0,0,0,0,0,0,0,0,0,0,0,0,0,0,0,0,0,0,0,0,0,0,0,0,0,0,0,0,0,0,0,0,0,0,0,0,0,0,0,0,0,0,0,0,0,0,0,0,0,0,0,0,0,0,0,0,0,0,0,0,0,0,0,0,0,0,9,182,255,254,228,60,0,0,0,0,0,0,0,0,0,0,0,0,0,47,198,254,254,254,254,251,203,32,0,0,0,0,0,0,0,0,0,0,0,174,254,254,209,213,254,254,254,244,106,0,0,0,0,0,0,0,0,0,89,249,230,98,7,9,111,252,254,254,219,9,0,0,0,0,0,0,0,0,147,254,139,0,0,0,0,246,254,254,254,89,0,0,0,0,0,0,0,0,219,254,98,0,0,0,66,252,254,254,248,83,0,0,0,0,0,0,0,0,219,254,122,0,0,0,80,254,254,254,201,0,0,0,0,0,0,0,0,0,213,254,217,70,5,0,86,254,254,254,123,0,0,0,0,0,0,0,0,0,131,254,254,254,203,154,230,254,254,254,123,0,0,0,0,0,0,0,0,0,56,239,254,254,254,254,254,254,254,254,123,0,0,0,0,0,0,0,0,0,0,43,193,254,255,254,203,67,180,255,180,0,0,0,0,0,0,0,0,0,0,0,4,45,96,35,3,0,149,254,210,0,0,0,0,0,0,0,0,0,0,0,0,0,0,0,0,0,149,254,210,0,0,0,0,0,0,0,0,0,0,0,0,0,0,0,0,0,149,254,210,0,0,0,0,0,0,0,0,0,0,0,0,0,0,0,0,0,149,254,210,0,0,0,0,0,0,0,0,0,0,0,0,0,0,0,0,0,137,254,210,0,0,0,0,0,0,0,0,0,0,0,0,0,0,0,0,0,62,254,210,0,0,0,0,0,9
0,0,0,0,0,0,0,0,0,0,0,0,0,0,0,0,0,0,0,0,0,0,0,0,0,0,0,0,0,0,0,0,0,0,0,0,0,0,0,0,0,0,0,0,0,0,0,0,0,0,0,0,0,0,0,0,0,0,0,0,0,0,0,0,0,0,0,0,0,0,0,0,0,0,0,0,0,0,0,0,0,0,0,0,0,63,110,109,109,109,110,109,129,253,110,78,0,0,0,0,73,73,217,217,217,237,253,252,252,252,253,252,252,252,253,242,103,0,0,0,252,252,252,231,252,252,253,252,252,252,253,252,231,252,253,252,241,78,0,0,252,252,108,88,252,252,253,252,231,108,108,108,46,108,253,252,252,108,0,0,143,143,252,252,252,189,144,20,0,0,0,0,0,0,253,252,252,108,0,0,0,1,35,35,35,15,0,0,0,0,0,0,0,125,253,252,179,15,0,0,0,0,0,0,0,0,0,0,0,0,0,0,47,221,253,252,71,0,0,0,0,0,0,0,0,0,0,0,0,0,0,0,181,252,253,210,31,0,0,0,0,0,0,0,0,0,0,0,0,0,0,135,253,253,255,119,0,0,0,0,0,0,0,0,0,0,0,0,0,0,94,247,252,252,119,5,0,0,0,0,0,0,0,0,0,0,0,0,0,0,129,252,252,231,0,0,0,0,0,0,0,0,0,0,0,0,0,0,0,0,253,252,231,46,0,0,0,0,0,0,0,0,0,0,0,0,0,0,0,0,255,253,217,0,0,0,0,0,0,0,0,0,0,0,0,0,0,0,0,0,253,252,215,0,0,0,0,0,0,0,0,0,0,0,0,0,0,0,0,0,253,252,221,16,0,0,0,0,0,0,0,0,0,0,0,0,0,0,0,0,170,252,252,108,0,0,0,0,0,0,7
0,0,0,0,0,0,0,0,29,114,198,255,255,226,57,0,0,0,0,0,0,0,0,0,0,0,0,0,255,255,255,255,255,198,29,0,0,0,0,0,0,0,0,0,0,0,57,170,255,255,198,86,0,0,0,0,0,0,0,0,0,0,0,0,0,0,255,255,198,86,0,0,0,0,0,0,0,0,0,0,0,0,0,0,0,29,255,255,0,0,0,0,0,0,0,0,0,0,0,0,0,0,0,0,29,255,255,114,0,0,0,0,0,0,0,0,0,0,0,0,0,0,0,0,141,255,198,0,0,29,170,170,170,57,0,0,0,0,0,0,0,0,0,29,255,255,86,0,0,198,255,255,255,255,170,0,0,0,0,0,0,0,0,141,255,255,0,0,86,255,255,255,255,255,255,141,0,0,0,0,0,0,0,170,255,170,0,0,141,255,226,198,226,255,255,255,57,0,0,0,0,0,0,198,255,29,0,0,255,255,0,0,29,226,255,255,255,86,0,0,0,0,0,255,255,0,0,0,86,170,0,0,0,29,255,255,255,226,0,0,0,0,0,226,255,0,0,0,0,0,0,0,0,0,86,255,255,255,0,0,0,0,0,226,255,114,0,0,0,0,0,0,0,0,0,114,255,255,114,0,0,0,0,114,255,255,198,29,0,0,0,0,0,0,0,170,255,255,114,0,0,0,0,0,255,255,255,255,170,170,170,114,170,170,255,255,255,255,0,0,0,0,0,0,170,255,255,255,255,255,255,255,255,255,255,255,255,255,0,0,0,0,0,0,29,114,255,255,255,255,255,255,255,255,198,255,226,29,0,0,0,0,0,0,0,0,29,86,114,170,226,170,170,141,57,114,29,0,0,0,0,0,0,0,0,0,0,0,0,0,0,0,0,0,0,0,0,0,0,0,6
0,0,0,0,0,0,0,0,0,0,0,0,0,0,0,0,0,0,0,0,0,0,0,0,0,0,0,0,0,0,0,0,0,0,0,0,0,0,0,0,0,0,0,0,0,0,0,0,0,0,0,0,0,0,7,19,132,143,143,3,0,0,0,0,0,0,0,0,0,0,0,8,25,68,188,254,255,254,254,67,0,0,0,0,0,0,0,0,7,32,65,185,254,254,243,223,252,254,254,128,0,0,0,0,0,0,7,38,146,254,254,254,224,174,59,34,234,254,237,66,0,0,0,0,0,28,141,254,254,244,211,114,17,0,0,163,254,254,136,0,0,0,0,5,66,225,254,220,204,94,0,0,0,0,0,120,250,254,217,65,0,0,5,137,254,246,198,124,0,0,0,0,0,0,0,0,118,246,254,67,0,34,77,254,216,164,0,0,0,0,0,0,0,0,0,25,175,254,195,4,0,77,254,214,133,0,0,0,0,0,0,0,0,0,26,141,254,224,9,0,39,172,249,75,0,0,0,0,0,0,0,0,0,26,96,240,223,101,0,0,171,251,160,0,0,0,0,0,0,0,0,0,66,140,254,254,109,0,0,0,194,199,0,0,0,0,0,0,0,22,88,125,246,254,254,177,77,0,0,0,194,229,41,0,0,0,63,94,122,227,254,254,254,176,116,5,0,0,0,0,145,254,238,224,224,224,244,254,254,254,254,176,116,5,0,0,0,0,0,0,13,148,255,255,255,254,254,182,148,148,54,6,0,0,0,0,0,0,0,0,0,10,18,18,18,18,18,6,0,0,0,0,0,0,0,0,0,0,0,0,0,0,0,0,0,0,0,0,0,0,0,0,0,0,0,0,0,0,0,0,0,0,0,0,0,0,0,0,0,0,0,0,0,0,0,0,0,0,0,0,0
0,0,0,0,0,0,0,0,0,0,0,0,0,0,0,0,0,0,0,0,0,0,0,0,0,0,0,0,0,0,0,38,153,254,60,0,0,0,0,0,0,0,0,0,0,0,0,0,0,0,72,235,253,253,93,26,47,114,114,5,0,0,0,0,0,0,0,0,19,149,254,253,253,253,225,232,253,253,254,140,0,0,0,0,0,0,0,34,215,253,254,253,253,253,254,253,219,253,254,139,0,0,0,0,0,0,45,245,254,203,34,0,51,118,34,13,153,254,210,9,0,0,0,0,0,17,204,253,164,6,0,0,0,0,30,185,253,202,17,0,0,0,0,0,0,93,254,206,9,0,0,0,0,51,203,253,183,29,0,0,0,0,0,0,0,127,254,81,0,0,0,0,85,234,254,151,13,0,0,0,0,0,0,0,0,185,255,23,0,0,19,170,254,254,102,0,0,0,0,0,0,0,0,0,0,101,254,124,0,17,204,253,223,48,0,0,0,0,0,0,0,0,0,0,0,51,245,228,124,224,254,215,42,0,0,0,0,0,0,0,0,0,0,0,0,0,95,253,253,253,195,15,0,0,0,0,0,0,0,0,0,0,0,0,0,0,153,254,254,254,0,0,0,0,0,0,0,0,0,0,0,0,0,0,22,147,254,253,253,253,0,0,0,0,0,0,0,0,0,0,0,0,0,5,195,253,247,96,140,253,43,0,0,0,0,0,0,0,0,0,0,0,0,114,253,219,84,0,82,253,127,0,0,0,0,0,0,0,0,0,0,0,0,198,254,103,0,0,49,254,160,0,0,0,0,0,0,0,0,0,0,0,0,230,253,69,30,114,241,253,76,0,0,0,0,0,0,0,0,0,0,0,0,230,253,220,237,253,251,196,0,0,0,0,0,0,0,0,0,0,8
0,0,0,0,0,0,0,0,0,12,220,106,0,0,0,0,0,0,0,0,0,0,0,0,0,0,0,0,0,49,254,177,0,0,0,0,0,0,0,0,0,0,0,0,0,0,0,0,0,49,254,177,0,0,0,0,0,0,0,0,0,0,0,0,0,0,0,0,0,49,254,177,0,0,0,0,0,0,0,0,0,0,0,0,0,0,0,0,0,49,254,177,0,0,0,0,0,0,0,0,0,0,0,0,0,0,0,0,0,82,254,177,0,0,0,0,0,0,0,0,0,0,0,0,0,0,0,0,0,144,254,177,0,0,0,0,0,0,0,0,0,0,0,0,0,0,0,0,0,144,254,177,0,0,0,0,0,0,0,0,0,0,0,0,0,0,0,0,0,144,254,177,0,0,0,0,0,0,0,0,0,0,0,0,0,0,0,0,0,144,254,177,0,0,0,0,0,0,0,0,0,0,0,0,0,0,0,0,0,144,254,177,0,0,0,0,0,0,0,0,0,0,0,0,0,0,0,0,0,210,254,148,0,0,0,0,0,0,0,0,0,0,0,0,0,0,0,0,0,241,254,82,0,0,0,0,0,0,0,0,0,0,0,0,0,0,0,0,35,247,243,17,0,0,0,0,0,0,0,0,0,0,0,0,0,0,0,0,83,254,240,0,0,0,0,0,0,0,0,0,0,0,0,0,0,0,0,0,83,254,240,0,0,0,0,0,0,0,0,0,0,0,0,0,0,0,0,0,83,254,240,0,0,0,0,0,0,0,0,0,0,0,0,0,0,0,0,0,119,254,214,0,0,0,0,0,0,0,0,0,0,0,0,0,0,0,0,0,119,254,143,0,0,0,0,0,0,0,0,0,0,0,0,0,0,0,0,0,20,244,143,0,0,0,0,0,0,0,0,0,1
0,0,0,0,0,0,0,0,0,0,0,0,0,0,0,0,0,0,0,0,0,0,0,0,0,0,0,0,0,0,0,0,0,0,0,0,0,0,0,0,0,0,0,0,0,0,0,0,0,0,0,0,0,0,0,0,0,0,0,0,0,0,0,0,0,0,0,0,5,7,98,130,167,255,255,255,255,142,9,0,0,0,0,0,0,0,27,136,217,253,253,253,253,253,253,253,253,253,18,0,0,0,0,0,0,88,213,253,253,253,253,239,235,134,111,163,253,253,18,0,0,0,0,0,0,155,253,253,248,201,105,26,0,0,0,94,253,253,30,0,0,0,0,0,0,95,253,253,204,0,0,0,10,32,74,191,253,253,127,0,0,0,0,0,0,155,253,253,235,161,161,161,188,253,253,253,253,253,18,0,0,0,0,0,0,68,216,253,253,253,253,253,253,253,253,253,253,102,6,0,0,0,0,0,0,0,12,101,204,204,173,187,253,253,253,235,95,8,0,0,0,0,0,0,0,0,0,0,0,0,14,110,253,253,253,206,15,0,0,0,0,0,0,0,0,0,0,0,0,14,170,253,253,253,201,61,0,0,0,0,0,0,0,0,0,0,0,0,14,170,253,253,253,198,31,0,0,0,0,0,0,0,0,0,0,0,0,0,147,253,253,253,158,11,0,0,0,0,0,0,0,0,0,0,0,0,12,103,238,253,253,192,38,0,0,0,0,0,0,0,0,0,0,0,0,11,172,253,253,253,159,11,0,0,0,0,0,0,0,0,0,0,0,0,10,173,253,253,253,160,10,0,0,0,0,0,0,0,0,0,0,0,0,8,175,253,253,253,161,9,0,0,0,0,0,0,0,0,0,0,0,0,0,10,202,253,253,183,47,0,0,0,0,0,0,0,0,0,0,0,9
0,0,0,0,0,0,0,0,0,0,0,0,0,0,0,0,0,0,0,0,0,0,0,0,0,0,0,57,238,255,145,63,20,0,0,0,0,0,0,0,0,0,0,0,0,0,0,149,254,254,254,254,231,204,122,29,29,29,11,0,0,0,0,0,0,0,0,220,254,158,157,202,254,254,254,254,254,254,127,0,0,0,0,0,0,0,0,245,254,77,0,2,34,101,101,128,181,101,36,0,0,0,0,0,0,0,0,245,254,77,0,0,0,0,0,0,0,0,0,0,0,0,0,0,0,0,0,245,254,77,0,0,0,0,0,0,0,0,0,0,0,0,0,0,0,0,0,245,250,61,0,0,0,0,0,0,0,0,0,0,0,0,0,0,0,0,0,245,250,64,0,0,0,0,0,0,0,0,0,0,0,0,0,0,0,0,0,245,254,133,5,0,0,0,0,0,0,0,0,0,0,0,0,0,0,0,0,90,246,254,223,46,0,0,0,0,0,0,0,0,0,0,0,0,0,0,0,0,127,244,254,228,41,0,0,0,0,0,0,0,0,0,0,0,0,0,0,0,0,27,215,254,200,6,0,0,0,0,0,0,0,0,0,0,0,0,0,0,0,0,84,246,254,72,0,0,0,0,0,0,0,0,0,0,0,0,0,0,0,0,0,130,254,119,0,0,0,0,0,0,0,0,0,0,0,0,0,0,0,0,0,111,254,210,0,0,0,0,0,0,0,0,0,0,0,0,0,0,0,0,0,111,254,210,0,0,0,0,0,0,0,0,1,42,4,0,0,0,0,0,0,113,254,172,0,0,0,0,0,0,0,0,11,126,232,163,163,71,63,0,93,237,233,48,0,0,0,0,0,0,0,0,0,0,180,183,231,254,251,226,241,252,118,0,0,0,0,0,0,0,5
0,0,0,0,0,0,0,0,0,0,0,0,0,0,0,0,0,0,0,0,0,0,0,0,0,0,0,0,0,0,0,0,0,0,0,0,0,0,0,0,0,0,0,0,0,0,0,0,18,139,213,123,0,0,0,0,0,0,0,0,0,0,0,0,0,0,0,18,170,254,254,254,242,213,27,0,0,0,0,0,0,0,0,0,0,0,17,138,254,254,248,199,118,221,238,37,0,0,0,0,0,0,0,0,0,2,140,254,254,207,51,0,0,13,235,187,0,0,0,0,0,0,0,0,0,81,254,254,192,7,0,0,0,0,126,243,28,0,0,0,0,0,0,0,12,190,254,198,5,0,0,0,0,0,223,254,36,0,0,0,0,0,0,0,113,254,254,64,0,0,0,0,0,86,252,236,24,0,0,0,0,0,0,0,200,223,144,2,0,0,0,6,107,253,254,175,0,0,0,0,0,0,0,34,251,156,12,0,0,0,39,187,254,254,254,60,0,0,0,0,0,0,0,30,245,240,134,78,98,150,238,236,113,195,254,22,0,0,0,0,0,0,0,0,114,246,254,254,247,207,123,26,16,254,188,4,0,0,0,0,0,0,0,0,0,43,58,58,45,0,0,0,132,254,67,0,0,0,0,0,0,0,0,0,0,0,0,0,0,0,0,1,185,253,65,0,0,0,0,0,0,0,0,0,0,0,0,0,0,0,0,107,254,115,0,0,0,0,0,0,0,0,0,0,0,0,0,0,0,0,9,212,252,33,0,0,0,0,0,0,0,0,0,0,0,0,0,0,0,0,101,254,149,0,0,0,0,0,0,0,0,0,0,0,0,0,0,0,0,8,217,231,35,0,0,0,0,0,0,0,0,0,0,0,0,0,0,0,0,96,254,75,0,0,0,0,0,0,0,0,9
0,0,0,0,0,0,0,0,0,0,0,0,0,0,0,0,0,0,0,0,0,0,0,0,0,0,0,0,0,0,0,190,255,141,0,0,0,0,0,0,0,0,0,0,0,0,0,0,0,0,0,189,253,207,0,0,0,0,0,0,0,0,0,0,0,0,0,0,0,0,29,217,253,231,44,0,0,0,0,0,0,0,0,0,0,0,0,0,0,0,66,253,253,207,0,0,0,0,0,0,0,0,0,0,0,0,0,0,0,0,66,253,253,90,0,0,0,0,0,0,0,0,0,0,0,0,0,0,0,0,179,253,207,10,0,0,0,0,0,0,0,0,0,0,0,0,0,0,0,62,245,253,91,0,0,0,0,0,0,0,0,0,0,0,0,0,0,0,0,113,253,253,71,0,0,0,0,0,0,0,0,0,0,0,0,0,0,0,0,202,253,237,51,0,0,0,0,0,0,0,0,0,0,0,0,0,0,0,21,215,253,194,0,0,0,0,0,0,0,0,0,0,0,0,0,0,0,0,79,253,253,98,0,0,0,0,0,0,0,0,0,0,0,0,0,0,0,0,106,253,206,18,0,0,0,0,0,0,0,0,0,0,0,0,0,0,0,0,209,253,188,0,0,0,0,0,0,0,0,0,0,0,0,0,0,0,0,57,239,253,188,0,0,0,0,0,0,0,0,0,0,0,0,0,0,0,0,86,253,253,171,0,0,0,0,0,0,0,0,0,0,0,0,0,0,0,0,86,253,253,58,0,0,0,0,0,0,0,0,0,0,0,0,0,0,0,0,86,253,253,58,0,0,0,0,0,0,0,0,0,0,0,0,0,0,0,0,159,253,253,58,0,0,0,0,0,0,0,0,0,0,0,0,0,0,0,0,212,253,251,57,0,0,0,0,0,0,0,0,0,1
0,0,0,0,202,252,250,250,250,252,250,160,102,0,0,0,0,0,0,0,0,0,0,0,80,100,160,250,250,252,250,250,250,123,0,0,0,0,0,0,0,0,0,0,0,0,20,49,211,252,250,250,250,243,202,80,0,0,0,0,0,0,0,0,0,0,0,0,0,0,0,123,243,254,252,252,49,0,0,0,0,0,0,0,0,0,0,0,0,0,0,0,121,252,250,250,130,0,0,0,0,0,0,0,0,0,0,0,0,0,0,0,0,130,250,250,250,0,0,0,0,0,0,0,0,0,0,0,0,0,0,0,0,51,250,250,250,0,0,0,0,0,0,0,0,0,0,0,0,0,0,0,0,51,252,252,252,0,0,0,0,0,0,0,0,0,0,0,0,0,0,0,0,51,250,250,250,0,0,0,0,0,0,0,0,0,0,0,0,0,0,0,0,20,160,250,250,0,0,0,0,0,0,0,0,0,0,0,0,0,0,0,0,0,102,250,250,0,0,0,0,0,0,0,41,51,51,51,51,51,51,20,41,92,252,252,252,0,0,0,0,0,0,0,202,252,250,250,250,252,250,160,221,252,250,250,250,0,0,0,0,0,0,92,231,252,250,250,250,252,250,250,250,252,250,250,250,153,91,0,0,0,82,231,250,252,250,250,250,252,250,250,250,252,250,250,250,252,149,0,0,0,103,252,252,255,252,252,252,254,252,252,252,254,252,222,202,203,121,0,0,0,61,210,250,252,250,250,250,252,250,250,250,232,149,60,0,0,0,0,0,0,0,151,250,252,250,250,250,252,250,250,250,80,0,0,0,0,0,0,0,0,0,30,49,49,130,128,211,49,49,49,49,0,0,0,0,0,0,0,0,0,0,0,0,0,0,0,0,0,0,0,0,0,0,0,0,0,0,0,2
0,0,0,0,0,0,0,0,0,0,0,0,0,0,0,0,0,0,0,0,0,0,0,0,0,0,0,0,0,11,70,197,253,211,0,0,0,0,0,0,0,0,0,0,0,0,0,0,21,231,252,253,252,185,65,54,145,145,41,3,0,0,0,0,0,0,28,134,239,252,252,252,216,238,252,252,252,252,252,41,0,0,0,0,10,135,233,252,252,231,204,80,0,157,252,252,229,252,252,143,0,0,0,38,155,252,252,232,192,52,0,3,125,165,169,72,119,252,252,115,0,0,0,65,252,252,252,208,17,0,0,3,54,0,0,53,210,252,252,23,0,0,0,134,252,252,228,54,0,0,0,0,0,0,17,205,252,252,220,16,0,0,0,111,252,252,207,65,0,0,0,0,0,32,224,252,252,252,52,0,0,0,0,89,252,252,252,244,229,21,0,58,178,232,252,252,169,104,4,0,0,0,0,7,35,218,252,252,252,242,127,248,252,252,229,131,31,0,0,0,0,0,0,0,0,0,128,241,252,253,253,255,253,234,40,0,0,0,0,0,0,0,0,0,0,0,0,61,237,252,252,253,238,137,0,0,0,0,0,0,0,0,0,0,0,113,157,234,252,252,252,248,57,0,0,0,0,0,0,0,0,0,0,0,56,229,252,252,210,225,252,253,130,0,0,0,0,0,0,0,0,0,0,113,229,252,235,151,10,31,244,253,234,23,0,0,0,0,0,0,0,0,19,230,252,252,145,0,0,0,241,253,252,96,0,0,0,0,0,0,0,6,173,252,252,252,100,0,120,205,250,253,232,18,0,0,0,0,0,0,0,0,145,252,252,252,242,217,247,252,252,253,125,0,0,0,0,0,0,0,0,0,14,114,252,252,252,252,252,252,252,138,10,0,0,0,0,0,0,0,8
0,0,0,0,0,0,0,0,0,0,0,0,0,0,0,0,0,0,0,0,0,0,0,0,0,0,0,0,0,0,0,0,0,0,0,0,0,0,0,0,0,0,0,0,0,0,0,0,0,0,0,0,0,0,0,0,0,0,0,0,0,0,0,0,0,0,0,0,0,0,0,0,0,0,0,4,25,17,46,107,0,0,0,0,0,0,0,0,0,55,36,116,141,176,197,206,254,235,254,254,0,0,0,0,0,0,0,68,171,251,254,255,238,213,202,130,130,130,162,242,0,0,0,0,0,0,85,225,225,130,41,41,25,0,0,0,0,0,112,34,0,0,0,0,0,82,249,158,22,0,0,0,0,0,0,0,0,0,0,0,0,0,0,0,41,226,161,4,0,0,0,0,0,0,0,0,0,0,0,0,0,0,0,0,116,254,72,0,0,0,0,0,0,0,0,0,0,0,0,0,0,0,0,0,116,254,205,164,164,164,164,80,0,0,0,0,0,0,0,0,0,0,0,0,38,148,207,246,246,220,252,253,50,0,0,0,0,0,0,0,0,0,0,0,0,0,0,0,0,0,106,255,74,0,0,0,0,0,0,0,0,0,0,27,0,0,0,0,0,0,143,254,67,0,0,0,0,0,0,0,0,0,11,0,0,0,0,0,0,71,231,145,0,0,0,0,0,0,0,0,0,47,102,0,0,0,0,10,111,235,227,16,0,0,0,0,0,0,0,0,0,127,12,21,50,90,147,223,241,130,15,0,0,0,0,0,0,0,0,0,0,224,222,235,254,226,154,96,24,0,0,0,0,0,0,0,0,0,0,0,0,17,24,24,24,13,0,0,0,0,0,0,0,0,0,0,0,0,0,0,0,0,0,0,0,0,0,0,0,0,0,0,0,0,0,0,0,0,0,0,5
0,0,0,0,0,0,0,0,0,0,0,0,0,0,0,0,0,0,0,0,0,0,0,0,0,0,0,0,0,0,0,0,0,68,29,0,0,0,0,0,0,0,0,0,0,0,0,0,0,0,45,122,237,252,222,67,0,0,0,0,0,0,0,0,0,0,0,0,51,206,246,253,254,253,253,114,0,0,0,0,0,0,0,0,0,0,0,0,201,253,253,253,240,130,253,188,0,0,0,0,0,0,0,0,0,0,0,0,177,253,252,218,61,142,253,158,0,0,0,0,0,0,0,0,0,0,0,0,6,52,50,0,0,157,253,114,0,0,0,0,0,0,0,0,0,0,0,0,0,0,0,0,0,224,253,77,0,0,0,0,0,0,0,0,0,0,0,0,0,0,0,0,61,251,229,16,0,0,0,0,0,0,0,0,0,0,0,0,0,0,0,0,166,253,131,0,0,0,0,0,0,0,0,0,0,0,0,66,79,79,79,110,255,254,48,0,0,0,0,0,0,0,0,0,0,82,233,251,253,253,253,253,254,253,164,139,71,71,71,71,0,0,0,17,164,251,125,105,105,166,253,253,254,253,253,253,253,253,253,253,0,0,17,229,253,139,4,0,51,217,253,216,56,26,108,114,114,114,114,114,0,0,200,253,185,4,0,91,246,253,233,38,0,0,0,0,0,0,0,0,0,0,254,253,32,32,127,245,253,190,51,0,0,0,0,0,0,0,0,0,0,0,254,253,204,248,253,249,148,13,0,0,0,0,0,0,0,0,0,0,0,0,175,235,235,235,220,67,0,0,0,0,0,0,0,0,0,0,0,0,0,0,0,0,0,0,0,0,0,0,0,0,0,0,0,0,0,0,0,0,0,0,0,0,0,0,0,0,0,0,0,0,0,0,0,0,0,0,0,0,2
0,0,0,0,0,0,0,0,4,140,210,63,0,0,0,0,0,0,0,0,0,0,0,0,0,0,0,0,22,253,253,107,0,0,0,0,0,0,0,0,0,0,0,0,0,0,0,0,22,253,253,107,0,0,0,0,0,0,0,0,0,0,0,0,0,0,0,0,22,253,253,107,0,0,0,0,0,0,0,0,0,0,0,0,0,0,0,0,22,253,253,107,0,0,0,0,0,0,0,0,0,0,0,0,0,0,0,0,22,254,254,107,0,0,0,0,0,0,0,0,0,0,0,0,0,0,0,0,22,253,253,107,0,0,0,0,0,0,0,0,0,0,0,0,0,0,0,0,22,253,253,107,0,0,0,0,0,0,0,0,0,0,0,0,0,0,0,0,22,253,253,107,0,0,0,0,0,0,0,0,0,0,0,0,0,0,0,0,22,253,253,107,0,0,0,0,0,0,0,0,0,0,0,0,0,0,0,0,22,255,254,107,0,0,0,0,0,0,0,0,0,0,0,0,0,0,0,0,22,253,253,107,0,0,0,0,0,0,0,0,0,0,0,0,0,0,0,0,22,253,253,107,0,0,0,0,0,0,0,0,0,0,0,0,0,0,0,0,22,253,253,107,0,0,0,0,0,0,0,0,0,0,0,0,0,0,0,0,22,253,253,107,0,0,0,0,0,0,0,0,0,0,0,0,0,0,0,0,22,255,254,125,0,0,0,0,0,0,0,0,0,0,0,0,0,0,0,0,15,225,253,226,21,0,0,0,0,0,0,0,0,0,0,0,0,0,0,0,0,41,233,254,158,11,0,0,0,0,0,0,0,0,0,0,0,0,0,0,0,0,212,254,253,21,0,0,0,0,0,0,0,0,0,0,0,0,0,0,0,0,80,254,218,12,0,0,0,0,0,0,1
0,0,0,0,0,0,0,0,0,0,0,0,0,0,0,0,0,0,0,0,0,0,0,0,0,0,0,0,0,0,0,0,0,0,0,0,0,0,0,0,0,0,0,0,0,0,0,13,41,141,178,203,79,10,0,0,0,0,0,0,0,0,0,0,0,0,82,206,253,252,252,252,253,109,0,0,0,0,0,0,0,0,0,0,0,82,240,252,253,196,168,168,253,215,85,47,0,0,0,0,0,0,0,0,76,243,252,252,128,9,0,0,203,252,252,240,0,0,0,0,0,0,0,13,255,253,253,178,0,0,0,0,0,170,253,241,0,0,0,0,0,0,0,113,253,252,170,9,0,0,0,0,19,225,252,139,0,0,0,0,0,0,0,113,253,252,56,0,0,0,0,0,66,252,252,139,0,0,0,0,0,0,0,63,253,252,156,0,0,0,0,0,241,252,252,40,0,0,0,0,0,0,0,0,242,253,253,153,41,141,141,241,254,253,244,25,0,0,0,0,0,0,0,0,60,208,252,252,253,252,252,252,253,252,168,0,0,0,0,0,0,0,0,0,0,13,94,168,168,168,168,168,253,252,168,0,0,0,0,0,0,0,0,0,0,0,0,0,0,0,0,0,253,252,168,0,0,0,0,0,0,0,0,0,0,0,0,0,0,0,0,0,254,253,168,0,0,0,0,0,0,0,0,0,0,0,0,0,0,0,0,26,253,252,168,0,0,0,0,0,0,0,0,0,0,0,0,0,0,0,0,113,253,252,168,0,0,0,0,0,0,0,0,0,0,0,0,0,0,0,0,113,253,252,118,0,0,0,0,0,0,0,0,0,0,0,0,0,0,0,0,114,254,253,168,0,0,0,0,0,0,0,0,0,0,0,0,0,0,0,0,113,253,252,168,0,0,0,0,0,9
0,0,0,0,43,155,242,253,252,252,252,182,36,0,0,0,0,0,0,0,0,0,39,162,242,252,252,253,252,252,252,252,158,0,0,0,0,0,0,0,0,0,253,252,252,252,252,253,252,252,252,252,211,0,0,0,0,0,0,0,0,0,253,252,252,252,252,253,173,147,147,235,211,0,0,0,0,0,0,0,0,0,254,253,250,185,106,45,0,0,11,219,212,0,0,0,0,0,0,0,0,0,125,89,58,0,0,0,0,0,143,252,211,0,0,0,0,0,0,0,0,0,0,0,0,0,0,0,0,82,246,252,202,0,0,0,0,0,0,0,0,0,0,0,0,0,0,0,0,232,252,252,80,0,0,0,0,0,0,0,0,0,0,0,0,0,0,18,185,249,252,164,0,0,0,0,0,0,0,0,0,0,0,0,0,0,18,123,253,253,243,79,0,0,0,0,0,0,0,0,0,0,0,0,0,22,155,253,252,252,110,0,0,0,0,0,0,0,0,0,0,0,0,0,20,202,252,253,252,171,7,0,0,0,0,0,0,0,0,0,0,0,0,0,197,252,252,253,205,16,0,0,0,0,0,0,0,0,0,0,0,0,0,71,249,252,252,174,11,0,0,0,0,0,0,0,89,168,211,211,0,0,0,85,253,253,253,148,148,148,192,236,255,253,253,253,253,255,253,253,0,0,0,85,252,252,252,253,252,252,252,252,253,252,252,252,252,253,252,252,0,0,0,7,225,252,252,253,252,252,252,252,253,252,252,252,252,241,231,231,0,0,0,0,96,231,252,253,252,221,189,215,190,189,189,189,101,35,0,0,0,0,0,0,0,28,42,42,42,21,0,18,0,0,0,0,0,0,0,0,0,0,0,0,0,0,0,0,0,0,0,0,0,0,0,0,0,0,0,0,2
0,0,0,0,0,0,51,179,253,138,0,0,0,0,0,0,0,0,0,0,0,0,0,0,0,19,209,252,252,252,12,3,42,60,0,0,0,0,0,0,0,0,0,0,38,230,252,238,164,211,104,42,252,234,45,0,0,0,0,0,0,0,0,10,155,252,236,69,0,0,0,145,252,243,58,0,0,0,0,0,0,0,9,155,252,252,139,0,0,0,38,222,252,118,0,0,0,0,0,0,0,7,156,252,252,231,34,0,0,0,132,252,242,60,0,0,0,0,0,0,0,25,252,252,232,62,0,0,0,41,231,252,216,0,0,0,0,0,0,0,0,25,252,252,215,97,19,0,0,121,253,243,76,0,0,0,0,0,0,0,0,25,252,252,252,252,233,183,109,235,253,228,0,0,0,0,0,0,0,0,0,2,87,212,252,252,252,252,252,252,253,239,121,40,0,0,0,0,0,0,0,0,0,0,116,241,245,249,252,253,255,253,253,230,105,9,0,0,0,0,0,0,0,0,0,0,37,67,229,252,252,230,252,252,252,221,39,0,0,0,0,0,0,0,0,0,0,0,212,252,166,10,113,223,252,252,220,22,0,0,0,0,0,0,0,0,0,0,109,252,121,0,0,16,124,252,252,116,0,0,0,0,0,0,0,0,0,0,109,252,149,0,0,0,61,252,252,155,0,0,0,0,0,0,0,0,0,0,78,249,250,83,0,0,61,252,252,155,0,0,0,0,0,0,0,0,0,0,0,241,253,213,73,0,101,252,252,155,0,0,0,0,0,0,0,0,0,0,0,92,253,252,247,217,242,252,252,52,0,0,0,0,0,0,0,0,0,0,0,0,143,252,252,252,252,252,66,4,0,0,0,0,0,0,0,0,0,0,0,0,6,81,149,171,103,11,3,0,0,0,8
0,0,0,0,0,0,0,0,0,0,0,0,0,0,0,0,0,0,0,0,0,0,0,0,0,0,0,0,0,0,0,0,0,0,0,0,0,0,0,0,0,0,0,0,0,0,0,0,118,255,95,0,0,0,0,0,0,0,0,0,0,0,0,0,0,15,76,175,228,253,247,184,97,3,0,0,0,0,0,0,0,1,24,114,211,228,253,253,253,253,253,253,253,165,39,0,0,0,0,0,0,71,253,253,253,253,253,253,253,238,232,253,253,253,227,108,1,0,0,0,0,195,253,253,253,253,253,179,103,41,33,135,238,253,253,253,40,0,0,0,0,121,243,161,134,114,27,3,0,0,0,0,22,194,253,253,163,0,0,0,0,0,0,0,0,0,0,0,0,0,0,0,0,69,253,253,221,0,0,0,0,0,0,0,0,0,0,0,0,0,0,0,0,111,253,253,221,0,0,0,0,0,0,0,0,0,0,0,0,0,0,0,0,188,253,253,115,0,0,0,0,0,0,0,0,0,0,0,0,0,0,0,86,250,253,253,5,0,0,0,0,0,0,0,0,0,0,0,0,0,0,22,223,253,253,216,3,0,0,0,0,0,0,0,0,0,0,0,0,0,12,205,253,253,220,28,0,0,0,0,0,0,0,0,0,0,0,0,0,0,120,253,253,253,117,0,0,0,0,0,0,0,0,0,0,0,0,0,0,75,251,253,253,190,16,0,0,0,0,0,0,0,0,0,0,0,0,2,120,247,253,253,190,9,0,0,0,0,0,0,0,0,0,0,0,0,0,164,253,253,253,185,16,0,0,0,0,0,0,0,0,0,0,0,0,20,186,250,253,253,191,15,0,0,0,0,0,0,0,0,0,0,0,0,20,162,253,253,253,202,55,0,0,0,0,0,0,0,0,0,7
0,0,0,0,0,0,0,0,0,0,0,0,0,0,0,0,0,0,0,0,0,0,0,0,0,0,43,228,248,111,0,0,0,0,0,0,0,0,0,0,0,0,0,0,0,94,246,253,219,35,0,0,0,0,0,0,0,0,0,0,0,0,0,0,98,229,253,253,207,105,78,0,22,32,0,0,0,0,0,0,0,0,0,101,251,253,253,253,253,253,247,228,233,236,141,35,0,0,0,0,0,0,0,225,253,253,253,223,190,227,162,162,162,225,253,233,208,38,0,0,0,0,84,245,218,119,38,26,12,28,0,0,0,27,138,253,253,231,94,0,0,0,248,253,109,0,0,0,0,0,0,0,0,0,28,185,253,253,217,0,0,136,252,253,19,0,0,0,0,0,0,0,0,0,0,7,176,253,251,93,0,190,250,225,14,0,0,0,0,0,0,0,0,0,0,0,156,253,253,219,0,255,253,142,0,0,0,0,0,0,0,0,0,0,0,0,54,229,253,253,0,255,253,165,4,0,0,0,0,0,0,0,0,0,0,0,0,150,253,253,0,164,253,253,19,0,0,0,0,0,0,0,0,0,0,0,5,169,253,253,0,41,162,253,176,37,0,0,0,0,0,0,0,0,0,0,47,253,253,253,0,0,58,247,253,206,17,0,0,0,0,0,0,23,33,117,219,253,253,232,0,0,45,232,253,216,156,46,27,27,27,27,121,224,253,253,253,251,153,45,0,0,0,46,232,253,253,253,253,253,253,253,253,253,253,253,228,96,0,0,0,0,0,0,46,160,252,253,253,253,253,250,240,240,220,110,42,0,0,0,0,0,0,0,0,0,102,117,224,210,117,90,0,0,0,0,0,0,0,0,0,0,0,0,0,0,0,0,0,0,0,0,0,0,0,0,0,0,0,0,0
0,0,0,0,0,0,0,0,0,0,0,50,137,245,69,0,0,0,0,0,0,0,0,0,0,0,0,0,0,6,120,232,254,254,69,0,0,0,0,0,0,0,0,0,0,0,0,27,121,186,254,254,254,231,98,0,0,0,0,0,0,0,0,0,0,0,114,222,254,254,254,254,228,47,0,0,0,0,0,0,0,0,0,0,0,115,249,254,254,254,254,227,49,0,0,0,0,0,0,0,0,0,0,0,114,249,254,254,254,254,179,48,0,0,0,0,0,0,0,0,0,0,0,0,190,254,254,249,129,111,4,0,0,0,0,0,0,0,0,0,0,0,0,42,226,254,254,129,0,0,0,0,0,0,0,0,0,0,0,0,0,0,0,153,254,254,254,206,42,16,0,0,0,0,0,0,0,0,0,0,0,0,0,42,239,254,254,254,254,206,96,60,38,0,0,0,0,0,0,0,0,0,0,0,154,254,254,254,254,254,254,254,233,143,38,0,0,0,0,0,0,0,0,0,45,193,254,254,254,254,255,254,255,254,234,200,33,0,0,0,0,0,0,0,0,8,128,250,202,254,254,254,254,254,254,254,240,117,0,0,0,0,0,0,0,0,0,5,3,25,207,243,253,254,254,254,254,253,58,0,0,0,0,0,0,0,0,0,0,0,0,0,90,241,254,255,254,254,171,0,0,0,0,0,0,0,0,0,0,8,48,139,166,247,254,254,254,242,139,0,0,0,0,0,0,0,0,88,132,196,254,254,254,254,254,254,254,104,0,0,0,0,0,0,0,0,0,126,254,254,254,254,254,254,254,254,178,15,0,0,0,0,0,0,0,0,0,126,254,254,254,254,254,254,250,139,12,0,0,0,0,0,0,0,0,0,0,67,81,155,171,100,17,17,16,0,0,0,0,0,5
0,0,0,0,0,0,0,0,0,0,0,0,0,0,0,0,0,0,0,0,0,0,0,0,0,0,0,0,51,118,22,23,132,254,254,254,255,118,0,0,0,0,0,0,0,0,6,97,239,253,237,237,253,253,253,253,253,248,69,0,0,0,0,0,0,0,14,253,253,253,253,253,245,177,214,253,253,253,75,0,0,0,0,0,0,0,14,253,253,253,238,172,55,32,152,253,253,206,18,0,0,0,0,0,0,0,14,253,253,253,110,0,4,159,253,253,242,91,0,0,0,0,0,0,0,0,6,173,245,253,225,51,115,253,253,248,87,0,0,0,0,0,0,0,0,0,0,0,111,253,253,253,253,253,189,73,0,0,0,0,0,0,0,0,0,0,0,0,3,228,253,253,253,186,3,0,0,0,0,0,0,0,0,0,0,0,0,0,147,250,253,253,253,109,0,0,0,0,0,0,0,0,0,0,0,0,49,206,252,253,234,197,253,221,0,0,0,0,0,0,0,0,0,0,0,7,171,253,253,236,75,49,253,251,119,3,0,0,0,0,0,0,0,0,0,125,253,253,181,58,0,43,244,253,253,13,0,0,0,0,0,0,0,0,32,218,253,250,65,0,0,0,165,253,253,13,0,0,0,0,0,0,0,0,123,253,246,63,0,0,0,0,98,253,253,13,0,0,0,0,0,0,0,73,250,253,239,0,0,0,0,0,158,253,253,13,0,0,0,0,0,0,0,76,253,253,120,0,0,0,0,87,242,253,145,2,0,0,0,0,0,0,0,76,253,253,135,0,0,0,162,239,253,214,28,0,0,0,0,0,0,0,0,64,243,253,249,179,105,179,239,253,249,92,0,0,0,0,0,0,0,0,0,0,103,246,253,253,253,253,253,249,132,0,0,0,0,0,0,0,8
0,0,0,0,0,0,0,0,0,0,0,0,0,0,0,0,0,0,0,0,0,0,0,0,0,0,0,0,0,0,0,0,0,0,16,193,193,16,0,0,0,0,0,0,0,0,0,0,0,0,0,0,0,63,182,253,254,77,0,0,0,0,0,0,0,0,0,0,0,0,6,37,100,243,253,253,254,180,0,0,0,0,0,0,0,0,0,0,0,42,161,253,254,253,253,253,254,222,42,0,0,0,0,0,0,0,0,0,110,233,253,253,254,253,253,253,254,253,72,0,0,0,0,0,0,0,53,156,254,253,253,211,150,233,253,253,160,77,51,0,0,0,0,0,0,74,233,253,254,222,113,31,110,253,253,253,145,0,0,0,0,0,0,1,145,238,253,253,192,15,0,0,110,253,253,253,145,0,0,0,0,0,16,193,254,254,239,62,0,0,0,0,63,177,254,254,146,0,0,0,0,0,162,253,253,190,30,0,0,0,0,0,0,11,191,253,145,0,0,0,16,162,233,253,217,71,0,0,0,0,0,0,0,0,182,253,161,37,32,0,110,253,253,253,0,0,0,0,0,0,0,0,0,0,182,253,254,253,133,0,110,255,254,109,0,0,0,0,0,32,110,110,172,254,254,254,209,104,0,0,110,253,253,233,155,73,73,156,219,228,253,253,223,180,233,253,145,0,0,0,94,248,253,253,253,253,253,253,254,253,248,133,42,0,182,253,145,0,0,0,0,93,212,253,253,253,253,253,109,108,93,0,0,0,182,253,145,0,0,0,0,0,0,1,83,0,0,0,0,0,0,0,0,0,183,254,193,16,0,0,0,0,0,0,0,0,0,0,0,0,0,0,0,0,182,253,254,35,0,0,0,0,0,0,0,0,0,0,0,0,0,0,0,0,182,253,239,30,0,0,4
0,0,0,0,0,0,0,0,0,0,0,0,0,0,0,0,0,0,0,0,0,0,0,0,0,0,0,0,0,27,0,37,115,167,227,221,76,0,0,0,0,0,0,0,0,0,0,0,119,240,242,248,206,160,192,230,252,110,0,0,0,0,0,0,0,0,2,110,254,255,213,42,6,0,0,40,208,250,44,0,0,0,0,0,0,16,138,254,254,180,19,0,0,0,0,0,28,237,125,0,0,0,0,0,0,113,254,217,86,4,0,0,0,0,0,0,0,219,177,0,0,0,0,0,0,147,248,73,0,0,0,0,0,0,0,0,0,188,228,0,0,0,0,0,55,238,156,0,0,0,0,0,0,0,0,0,0,158,246,43,0,0,0,0,126,248,49,0,0,0,0,0,0,0,0,0,0,130,196,1,0,0,0,50,232,148,0,0,0,0,0,0,0,0,0,0,0,130,228,0,0,0,0,139,254,127,0,0,0,0,0,0,0,0,0,0,0,146,228,0,0,0,8,153,237,28,0,0,0,0,0,0,0,0,0,0,0,188,228,0,0,0,37,243,212,0,0,0,0,0,0,0,0,0,0,0,0,219,190,0,0,0,0,228,163,1,0,0,0,0,0,0,0,0,0,0,0,218,76,0,0,0,0,228,230,18,0,0,0,0,0,0,0,0,0,0,0,158,138,0,0,0,0,228,253,76,0,0,0,0,0,0,0,0,0,0,89,241,83,0,0,0,0,97,254,142,0,0,0,0,0,0,0,0,0,0,113,254,100,0,0,0,0,50,254,231,49,0,0,0,0,0,0,0,0,11,224,220,37,0,0,0,0,10,213,254,233,47,0,0,0,0,0,0,0,77,254,116,0,0,0,0,0,0,90,254,254,234,48,1,0,0,0,0,10,193,228,21,0,0,0
0,0,0,0,0,0,0,0,0,0,0,0,0,0,0,0,0,0,0,0,0,0,0,0,0,0,0,0,0,0,0,0,0,0,0,0,0,0,0,0,0,0,0,0,0,0,0,0,0,0,0,0,0,0,0,0,0,0,0,0,113,222,253,253,255,253,253,253,253,255,253,253,253,174,114,113,25,0,0,0,252,252,252,252,253,252,252,252,252,253,252,252,252,252,253,252,231,209,38,0,195,195,233,220,222,201,195,195,195,196,246,220,220,252,253,252,252,252,221,0,0,0,56,37,38,9,0,0,0,0,75,37,37,84,84,218,252,252,252,0,0,0,0,0,0,0,0,0,0,0,0,0,0,0,0,163,252,252,252,0,0,0,0,0,0,0,0,0,0,0,0,0,0,0,114,253,253,253,112,0,0,0,0,0,0,0,0,0,0,0,0,0,0,48,238,252,252,226,12,0,0,0,0,0,0,0,0,0,0,0,0,0,23,227,253,252,252,192,0,0,0,0,0,0,0,0,0,0,0,0,0,7,131,252,253,252,245,74,0,0,0,0,0,0,0,0,0,0,0,0,0,135,252,252,253,252,118,0,0,0,0,0,0,0,0,0,0,0,0,0,147,253,253,253,255,152,31,0,0,0,0,0,0,0,0,0,0,0,0,147,249,252,252,252,106,3,0,0,0,0,0,0,0,0,0,0,0,7,135,253,252,252,230,55,0,0,0,0,0,0,0,0,0,0,0,0,23,131,252,253,252,245,121,0,0,0,0,0,0,0,0,0,0,0,0,0,197,252,252,253,204,87,0,0,0,0,0,0,0,0,0,0,0,0,0,38,222,253,253,204,15,0,0,0,0,0,0,0,0,0,0,0,0,0,38,219,252,252,252,140,0,0,0,0,0,0,0,0,0,0,7
0,0,0,0,0,0,0,0,0,0,0,0,76,113,114,113,113,101,0,0,0,0,0,0,0,0,0,0,0,0,76,194,243,252,253,252,252,233,38,0,0,0,0,0,0,0,0,0,32,198,246,252,252,252,253,220,252,252,142,0,0,0,0,0,0,0,0,4,153,253,252,245,208,84,84,47,221,252,157,0,0,0,0,0,0,0,0,13,189,253,252,118,0,0,0,85,252,252,112,0,0,0,0,0,0,0,0,0,0,141,94,0,0,0,0,147,253,240,63,0,0,0,0,0,0,0,0,0,0,0,0,0,0,0,101,249,252,223,0,0,0,0,0,0,0,0,0,0,0,0,0,0,0,32,222,252,239,96,0,0,0,0,0,0,0,0,0,0,0,0,0,0,35,215,253,252,180,0,0,0,0,0,0,0,0,0,0,0,0,0,0,32,215,252,253,252,55,0,0,0,0,0,0,0,0,0,89,113,113,176,253,253,253,253,204,94,0,0,0,0,0,0,10,85,226,225,246,252,252,253,252,252,252,252,94,0,0,0,0,0,19,88,203,252,253,252,208,202,252,253,252,252,252,252,111,0,0,0,0,0,181,252,249,145,84,93,78,178,252,253,252,236,252,252,140,0,0,0,0,0,252,220,99,0,63,178,252,252,252,253,127,81,252,252,140,0,0,0,0,0,253,222,207,253,255,253,253,253,190,0,0,57,253,253,255,27,0,0,0,0,252,252,252,252,253,252,186,151,12,0,0,57,252,252,253,27,0,0,0,0,252,239,195,195,133,55,12,0,0,0,0,88,252,252,228,21,0,0,0,0,84,65,0,0,0,0,0,0,0,0,0,97,242,252,126,0,0,0,0,0,0,0,0,0,0,0,0,0,0,0,0,0,75,112,0,0,0,0,0,0,2
0,0,0,0,0,0,0,0,0,0,0,0,0,0,0,0,0,0,0,0,0,0,0,0,0,0,0,0,0,0,0,0,0,0,0,0,0,0,0,0,0,0,0,51,243,255,232,138,138,34,11,0,0,0,11,0,0,0,0,0,0,0,0,93,252,253,252,252,252,252,203,161,161,161,150,0,0,0,0,0,0,0,0,25,173,253,252,252,252,252,253,252,252,252,252,116,0,0,0,0,0,0,0,0,0,161,219,252,176,244,253,252,252,252,252,230,0,0,0,0,0,0,0,0,0,0,15,75,4,73,201,252,252,252,252,230,0,0,0,0,0,0,0,0,0,0,0,0,0,0,0,110,253,253,253,106,0,0,0,0,0,0,0,0,0,0,0,0,0,0,5,178,252,252,178,0,0,0,0,0,0,0,0,0,0,0,0,0,0,0,191,252,252,252,189,0,0,0,0,0,0,0,0,0,0,0,0,0,0,0,253,252,252,252,85,0,0,0,0,0,0,0,0,0,0,0,0,0,0,106,253,252,252,252,32,0,0,0,0,0,0,0,0,0,0,0,0,0,0,127,255,253,253,203,11,0,0,0,0,0,0,0,0,0,0,0,0,0,0,230,253,252,252,139,0,0,0,0,0,0,0,0,0,0,0,0,0,0,26,236,253,252,252,45,0,0,0,0,0,0,0,0,0,0,0,0,0,100,224,252,253,252,227,29,0,0,0,0,0,0,0,0,0,0,0,0,22,215,252,252,253,252,130,0,0,0,0,0,0,0,0,0,0,0,0,0,47,253,253,253,255,228,32,0,0,0,0,0,0,0,0,0,0,0,0,0,120,252,252,252,253,132,0,0,0,0,0,0,0,0,0,0,0,0,0,0,161,252,252,252,236,25,0,0,0,0,0,0,0,0,7
0,0,0,0,0,0,0,0,0,64,253,254,140,0,0,0,0,0,0,0,0,0,0,0,0,0,0,0,16,203,253,216,10,0,0,0,0,0,0,0,0,0,0,0,0,0,0,0,133,253,253,26,0,0,0,0,0,0,0,0,0,0,0,0,0,0,0,55,254,248,84,0,0,0,0,0,0,0,0,0,0,0,0,0,0,0,0,158,253,215,0,0,0,0,0,0,0,0,0,0,0,0,0,0,0,0,63,250,247,92,0,0,0,0,0,0,0,0,0,0,0,0,0,0,0,0,144,253,216,0,0,0,0,0,0,0,0,0,0,0,0,0,0,0,0,33,228,253,151,0,0,0,0,0,0,0,0,0,0,0,0,0,0,0,0,92,255,238,26,0,0,0,0,0,0,0,0,0,0,0,0,0,0,0,0,91,254,198,0,0,0,0,0,0,0,0,0,0,0,0,0,0,0,0,0,168,254,153,0,0,0,0,0,0,0,0,0,0,0,0,0,0,0,0,8,212,254,37,0,0,0,0,0,0,15,19,7,0,0,0,0,0,0,0,51,253,228,12,0,0,0,27,111,181,238,253,181,39,0,0,0,0,0,0,110,254,182,0,0,6,137,255,254,254,254,254,255,109,0,0,0,0,0,0,90,253,249,88,60,185,253,254,253,225,209,253,254,108,0,0,0,0,0,0,3,178,254,245,248,253,253,254,253,235,245,253,204,22,0,0,0,0,0,0,0,52,208,253,253,253,253,254,253,253,199,112,20,0,0,0,0,0,0,0,0,0,21,208,253,246,162,163,111,72,16,0,0,0,0,0,0,0,0,0,0,0,0,0,0,0,0,0,0,0,0,0,0,0,0,0,0,0,0,0,0,0,0,0,0,0,0,0,0,0,0,0,0,0,0,0,6
0,0,0,0,0,0,0,0,0,0,7,13,94,132,132,93,2,0,0,0,0,0,0,0,0,0,0,11,25,88,206,252,252,252,252,252,159,25,0,0,0,0,0,0,0,0,14,187,252,253,252,247,216,224,252,252,252,211,25,0,0,0,0,0,0,0,120,252,252,228,134,72,0,20,84,197,252,252,154,0,0,0,0,0,0,0,188,252,223,35,0,0,0,0,0,65,244,252,252,0,0,0,0,0,0,0,23,60,31,0,0,0,0,0,0,0,217,252,252,0,0,0,0,0,0,0,0,0,0,0,0,0,0,0,0,0,217,252,252,0,0,0,0,0,0,0,0,0,0,0,0,0,0,0,0,33,230,252,148,0,0,0,0,0,0,89,155,177,109,0,0,0,0,0,0,136,252,252,80,0,0,0,0,0,128,250,252,252,252,116,0,0,0,0,70,250,252,148,1,0,0,0,3,128,250,143,121,172,253,255,109,0,0,3,197,253,202,11,0,0,0,4,126,246,106,0,0,0,172,253,179,10,0,129,252,244,84,0,0,0,4,126,245,107,0,0,0,0,46,253,252,119,118,225,242,143,0,0,0,0,106,245,108,0,0,0,0,0,0,230,252,252,252,252,156,0,0,0,0,0,222,187,0,0,0,0,0,0,0,161,252,252,252,209,17,0,0,0,0,0,252,96,0,0,0,0,63,125,193,253,252,252,252,209,18,0,0,0,0,0,252,148,85,85,177,205,246,252,252,209,167,220,252,252,216,108,85,49,0,0,252,252,252,252,252,252,252,113,36,17,0,22,116,225,252,252,252,237,10,0,93,195,143,143,110,23,23,3,0,0,0,0,0,46,175,252,252,205,7,0,0,6,0,0,0,0,0,0,0,0,0,0,0,0,4,11,11,7,0,0,2
0,0,0,0,0,0,0,10,79,129,79,253,153,26,0,0,0,0,0,0,0,0,0,0,0,0,0,160,252,253,252,252,252,244,144,13,0,0,0,0,0,0,0,0,0,0,82,240,252,253,252,252,252,253,252,171,10,0,0,0,0,0,0,0,0,26,243,252,252,253,151,116,139,253,252,252,128,0,0,0,0,0,0,0,0,104,253,253,253,151,0,0,0,76,244,253,253,76,0,0,0,0,0,0,76,253,252,252,177,0,0,0,0,0,56,215,252,225,0,0,0,0,0,0,150,253,252,148,31,0,0,0,0,0,0,131,243,235,28,0,0,0,0,38,237,253,252,56,0,0,0,0,0,0,0,0,225,253,133,0,0,0,0,147,253,255,247,50,0,0,0,0,0,0,0,0,226,254,197,0,0,0,13,209,252,247,103,0,0,0,0,0,0,0,0,0,200,253,171,0,0,0,57,252,252,225,0,0,0,0,0,0,0,0,0,0,200,253,171,0,0,0,7,203,252,225,0,0,0,0,0,0,0,0,0,38,237,253,196,0,0,0,32,229,253,226,0,0,0,0,0,0,0,0,0,198,253,254,184,0,0,0,57,252,252,175,0,0,0,0,0,0,0,7,131,234,252,234,28,0,0,0,38,183,252,225,0,0,0,0,0,0,38,154,252,252,252,187,0,0,0,0,0,147,252,250,150,25,0,0,0,0,213,253,252,252,151,13,0,0,0,0,0,0,163,255,253,253,203,141,216,253,253,254,253,143,13,0,0,0,0,0,0,0,38,253,252,252,252,253,252,252,252,253,189,19,0,0,0,0,0,0,0,0,0,128,252,186,243,253,252,214,214,106,19,0,0,0,0,0,0,0,0,0,0,4,28,6,175,253,177,40,66,0,0,0,0,0,0,0,0
0,0,0,0,0,95,101,101,147,254,254,255,255,184,15,0,0,0,0,0,0,0,0,8,131,250,253,253,253,253,253,253,253,253,66,0,0,0,0,0,0,0,0,128,253,253,253,253,253,253,253,253,253,253,191,0,0,0,0,0,0,0,0,29,211,253,223,7,7,7,52,235,253,253,41,0,0,0,0,0,0,0,0,0,34,61,53,0,0,0,124,253,253,235,32,0,0,0,0,0,0,0,0,0,0,0,0,0,0,13,194,253,253,137,0,0,0,0,0,0,0,0,0,0,0,0,0,0,26,194,253,253,187,8,0,0,0,0,0,0,0,0,0,0,0,0,0,0,190,253,253,253,105,17,0,0,0,0,0,0,0,0,0,0,0,0,0,69,243,253,253,253,253,197,131,48,0,0,0,0,0,0,0,0,0,0,10,168,253,253,253,253,253,253,253,234,45,0,0,0,0,0,0,0,0,0,29,230,251,253,242,230,230,240,253,253,145,0,0,0,0,0,0,0,0,0,0,0,119,129,67,0,0,60,235,253,145,0,0,0,0,0,0,0,0,0,0,0,0,0,0,0,0,32,226,253,145,0,0,0,0,0,16,133,77,0,0,0,0,0,0,0,1,125,253,252,136,0,0,0,0,68,250,235,63,0,0,0,0,0,0,0,87,253,253,245,0,0,0,0,0,146,253,214,0,0,0,0,0,0,0,98,241,253,253,114,0,0,0,0,0,142,253,239,162,17,8,4,3,8,84,242,253,253,209,33,0,0,0,0,0,0,181,253,253,253,253,178,152,253,253,253,253,253,38,0,0,0,0,0,0,0,17,170,253,253,253,253,253,253,253,253,207,45,7,0,0,0,0,0,0,0,0,16,99,99,211,253,253,145,99,99,33,0,0,0,0,0,0,0,3
0,0,0,0,0,0,0,0,0,0,0,0,0,7,66,141,255,253,56,0,0,0,0,0,0,0,0,0,0,0,0,0,70,187,252,252,253,252,130,0,0,0,0,0,0,0,0,0,0,0,67,185,253,252,252,252,253,252,168,0,0,0,0,0,0,0,0,0,0,101,246,252,253,151,28,28,40,215,243,25,0,0,0,0,0,0,0,13,154,253,244,225,51,0,0,0,0,169,253,28,0,0,0,0,0,0,0,138,253,214,81,0,0,0,0,0,7,187,233,22,0,0,0,0,0,0,104,246,244,56,0,0,0,0,0,0,154,252,168,0,0,0,0,0,0,0,197,252,75,0,0,0,0,76,113,213,253,227,43,0,0,0,0,0,0,70,253,203,29,29,117,141,254,253,253,253,214,38,0,0,0,0,0,0,0,169,252,252,253,252,252,252,253,252,252,252,0,0,0,0,0,0,0,0,0,169,252,252,253,252,252,252,168,168,234,252,0,0,0,0,0,0,0,0,76,243,252,252,241,139,52,28,0,0,197,252,0,0,0,0,0,0,0,13,254,253,194,113,0,0,0,0,4,128,253,253,0,0,0,0,0,0,57,206,247,121,19,0,0,0,0,0,179,252,252,151,0,0,0,0,0,132,215,252,50,0,0,0,0,0,67,134,253,252,148,6,0,0,0,0,13,206,252,102,0,0,0,0,63,188,246,252,253,177,31,0,0,0,0,0,41,253,156,0,0,19,117,191,254,253,253,228,114,38,0,0,0,0,0,0,141,252,149,57,120,225,252,252,253,214,109,9,0,0,0,0,0,0,0,0,104,252,252,252,253,252,252,252,156,19,0,0,0,0,0,0,0,0,0,0,16,215,252,252,241,139,103,28,0,0,0,0,0,0,0,0,0,0,0,0,8
0,0,0,0,0,0,0,0,0,0,0,0,0,0,0,0,0,0,0,0,0,0,0,0,0,0,0,0,0,0,0,0,0,0,0,0,0,0,0,0,0,0,0,0,0,0,0,0,0,61,164,29,16,20,126,164,196,239,239,226,0,0,0,0,0,0,0,0,3,183,254,220,254,254,254,254,236,169,108,73,0,0,0,0,0,0,0,0,60,254,210,232,192,179,122,83,18,0,0,0,0,0,0,0,0,0,0,8,198,241,43,0,0,0,0,0,0,0,0,0,0,0,0,0,0,0,0,118,254,137,6,61,61,4,0,0,0,0,0,0,0,0,0,0,0,0,55,251,254,199,239,254,254,236,151,20,0,0,0,0,0,0,0,0,0,23,220,254,254,254,227,201,151,211,254,214,14,0,0,0,0,0,0,0,0,45,254,254,134,47,12,0,0,33,236,254,53,0,0,0,0,0,0,0,0,0,0,0,0,0,0,0,0,11,237,254,23,0,0,0,0,0,0,0,0,0,0,0,0,0,0,0,0,51,254,192,0,0,0,0,0,0,0,0,0,0,0,0,0,0,0,47,151,245,238,50,0,0,0,0,0,32,35,0,0,0,0,0,30,103,164,255,254,247,111,0,0,0,0,0,0,224,247,220,149,149,159,224,243,254,254,254,254,63,0,0,0,0,0,0,0,128,254,254,254,228,216,157,206,232,254,203,49,0,0,0,0,0,0,0,0,19,146,250,254,215,210,220,254,225,128,14,0,0,0,0,0,0,0,0,0,0,0,63,125,164,164,103,41,8,0,0,0,0,0,0,0,0,0,0,0,0,0,0,0,0,0,0,0,0,0,0,0,0,0,0,0,0,0,0,0,0,0,0,0,0,0,0,0,0,0,0,0,0,0,0,0,0,0,0,5
0,0,0,0,0,0,0,0,0,0,0,0,0,0,0,0,0,0,0,0,0,0,0,0,0,0,0,0,0,0,0,0,0,0,0,0,0,0,0,0,0,0,0,0,0,0,0,0,44,140,254,255,244,189,76,0,0,0,0,0,0,0,0,0,0,0,44,171,252,254,254,254,254,254,246,124,0,0,0,0,0,0,0,20,146,246,250,254,254,254,254,229,195,213,254,253,92,0,0,0,0,0,0,117,254,254,254,254,254,174,115,8,3,15,164,236,207,0,0,0,0,0,69,253,254,254,217,224,254,245,40,0,0,0,21,250,241,0,0,0,0,0,6,243,254,212,29,195,226,93,4,0,0,0,22,254,241,0,0,0,0,0,0,145,254,254,207,254,206,0,0,0,0,15,210,254,192,0,0,0,0,0,0,32,209,254,254,254,248,151,126,64,138,150,254,238,18,0,0,0,0,0,0,0,31,210,254,254,254,254,254,254,254,254,242,83,0,0,0,0,0,0,0,0,0,10,106,219,254,254,254,254,254,254,86,0,0,0,0,0,0,0,0,0,0,0,0,44,222,254,248,215,246,254,174,0,0,0,0,0,0,0,0,0,0,0,0,0,9,106,40,0,63,254,235,9,0,0,0,0,0,0,0,0,0,0,0,0,0,0,0,0,27,247,254,145,9,0,0,0,0,0,0,0,0,0,0,0,0,0,0,0,4,204,254,246,39,0,0,0,0,0,0,0,0,0,0,0,0,0,0,23,184,254,254,163,0,0,0,0,0,0,0,0,0,0,0,0,0,0,9,188,254,254,252,60,0,0,0,0,0,0,0,0,0,0,0,0,0,22,205,254,254,252,104,0,0,0,0,0,0,0,0,0,0,0,0,0,21,205,254,254,250,103,0,0,0,0,0,0,9
0,0,0,0,0,0,0,0,0,0,0,0,0,0,0,0,0,0,0,0,0,0,0,0,0,0,0,0,0,0,0,0,0,0,0,0,0,0,0,0,0,0,0,0,0,0,15,192,253,253,254,253,200,122,25,0,0,0,0,0,0,0,0,0,0,0,21,237,252,252,253,252,252,252,182,36,0,0,0,0,0,0,0,0,0,0,0,81,231,231,232,238,252,252,252,106,0,0,0,0,0,0,0,0,0,0,0,0,0,0,0,112,252,252,226,35,0,0,0,0,0,0,0,0,0,0,0,0,0,0,124,242,252,252,103,0,0,0,0,0,0,0,0,0,0,0,15,52,148,236,255,253,250,115,0,0,0,0,0,0,0,0,0,0,0,68,211,252,252,252,253,189,66,0,0,0,0,0,0,0,0,0,0,0,0,139,252,252,252,252,236,46,0,0,0,0,0,0,0,0,0,0,0,0,0,14,120,247,252,252,253,224,67,0,0,0,0,0,0,0,0,0,0,0,0,0,0,38,113,191,253,252,249,70,0,0,0,0,0,0,0,0,0,0,0,0,0,0,0,45,175,253,253,227,25,0,0,0,0,0,0,0,0,0,0,0,0,0,0,0,29,231,252,252,121,0,0,0,0,0,0,0,0,0,0,0,0,0,0,0,0,102,252,252,94,0,0,0,0,0,0,0,0,0,0,0,0,0,0,0,11,206,252,252,42,0,0,0,0,0,0,0,0,0,0,0,0,0,0,0,43,252,252,155,7,0,0,0,0,0,0,0,0,0,0,0,0,0,0,18,210,253,250,70,0,0,0,0,0,0,0,0,0,0,0,0,0,0,22,155,253,252,117,0,0,0,0,0,0,0,0,0,0,0,0,0,0,29,202,252,250,196,11,0,0,0,0,0,0,0,3
0,0,0,0,0,0,0,0,0,0,0,0,0,0,0,0,0,0,0,0,0,0,0,0,0,0,0,0,0,0,0,0,22,69,148,166,253,104,14,0,0,0,0,0,0,0,0,0,0,0,0,29,213,252,252,253,252,252,120,0,0,0,0,0,0,0,0,0,0,0,31,213,252,252,252,253,252,252,247,92,0,0,0,0,0,0,0,0,0,0,218,252,252,236,189,227,252,252,252,147,0,0,0,0,0,0,0,0,0,132,253,252,146,31,0,25,156,252,252,235,0,0,0,0,0,0,0,22,139,253,230,53,0,0,0,0,36,242,253,236,0,0,0,0,0,0,64,213,231,168,27,0,0,0,0,0,0,232,252,147,0,0,0,0,0,84,221,233,51,0,0,0,0,0,0,0,0,232,252,147,0,0,0,0,71,253,205,51,0,0,0,0,0,0,0,0,0,232,236,66,0,0,0,54,228,236,37,0,0,0,0,0,0,0,0,0,116,249,189,0,0,0,75,218,236,0,0,0,0,0,0,0,0,0,0,8,201,250,115,0,0,29,213,205,37,0,0,0,0,0,0,0,0,0,0,201,252,117,0,0,4,187,233,51,0,0,0,0,0,0,0,0,0,41,171,253,157,11,0,0,69,252,126,0,0,0,0,0,0,0,0,0,112,225,252,128,21,0,0,0,236,252,126,0,0,0,0,0,0,0,18,185,249,252,121,0,0,0,0,0,254,253,127,0,0,0,0,0,55,148,255,253,223,35,0,0,0,0,0,0,253,252,221,120,50,86,85,182,232,252,253,153,32,0,0,0,0,0,0,0,191,252,252,252,244,253,252,252,247,187,65,5,0,0,0,0,0,0,0,0,14,211,252,252,252,253,231,136,63,0,0,0,0,0,0,0,0,0,0,0,0
0,0,0,0,0,0,0,0,0,0,0,0,0,15,48,48,26,0,0,0,0,0,0,0,0,0,0,0,0,0,18,175,198,215,254,254,225,95,17,0,0,0,0,0,0,0,0,0,0,0,18,218,254,254,255,254,254,254,104,0,0,0,0,0,0,0,0,0,0,0,0,193,254,229,162,67,194,254,193,0,0,0,0,0,0,0,0,0,0,0,0,16,119,87,0,35,143,254,182,0,0,0,0,0,0,0,0,0,0,0,0,0,0,0,36,122,254,254,89,0,0,0,0,0,0,0,0,0,0,0,0,0,2,91,229,254,254,149,6,0,0,0,0,0,0,0,0,0,0,0,11,63,129,254,254,254,193,0,0,0,0,0,0,0,0,0,0,5,27,110,176,254,254,254,252,151,6,0,0,0,0,0,0,0,0,0,13,222,254,254,254,254,254,217,61,0,0,0,0,0,0,0,0,0,0,0,39,239,254,254,254,254,254,113,0,0,0,0,0,0,0,0,0,0,0,0,26,152,213,213,111,159,254,165,11,0,0,0,0,0,0,0,0,0,0,0,0,0,0,0,0,58,249,203,9,0,0,0,0,0,0,0,0,0,0,0,0,0,0,0,23,172,254,213,12,0,0,0,0,0,0,76,113,172,24,0,0,0,17,48,191,254,254,144,0,0,0,0,0,0,183,254,254,233,14,19,47,170,235,245,254,254,166,8,0,0,0,0,0,0,254,254,254,254,197,245,254,254,254,254,188,108,5,0,0,0,0,0,0,0,254,254,254,254,254,254,254,244,119,36,1,0,0,0,0,0,0,0,0,0,131,252,254,201,197,148,94,15,0,0,0,0,0,0,0,0,0,0,0,0,0,45,46,4,0,0,0,0,0,0,0,0,0,0,0,0,0,0,0,0,3
0,0,0,0,0,0,0,0,0,63,211,254,255,183,105,0,0,0,0,0,0,0,0,0,0,0,0,0,0,107,254,253,253,253,253,116,0,0,0,0,0,0,0,0,0,0,0,0,6,163,254,253,234,246,253,233,85,0,0,0,0,0,0,0,0,0,0,0,134,253,254,253,21,128,243,254,225,14,0,0,0,0,0,0,0,0,0,63,240,253,192,147,12,0,124,254,253,153,0,0,0,0,0,0,0,0,15,238,254,192,0,0,0,0,0,193,254,246,50,0,0,0,0,0,0,15,186,253,170,37,0,0,0,0,0,69,253,253,84,0,0,0,0,0,0,52,253,243,42,0,0,0,0,0,0,43,253,253,84,0,0,0,0,0,27,219,253,134,0,0,0,0,0,0,0,32,238,253,84,0,0,0,0,0,107,254,218,12,0,0,0,0,0,0,0,0,191,253,84,0,0,0,0,56,237,248,97,0,0,0,0,0,0,0,0,0,192,251,71,0,0,0,8,198,253,176,0,0,0,0,0,0,0,0,0,33,238,232,0,0,0,0,31,253,245,53,0,0,0,0,0,0,0,0,0,52,253,82,0,0,0,0,198,253,147,0,0,0,0,0,0,0,0,0,27,219,253,21,0,0,0,0,233,253,104,0,0,0,0,0,0,0,0,0,150,255,138,4,0,0,0,0,234,244,35,0,0,0,0,0,0,0,49,219,255,195,0,0,0,0,0,0,233,211,14,0,0,0,0,36,104,191,248,253,218,27,0,0,0,0,0,36,242,253,192,128,128,136,233,242,255,253,225,100,12,0,0,0,0,0,0,0,233,253,253,254,253,253,253,253,217,154,7,0,0,0,0,0,0,0,0,0,92,218,253,254,218,147,147,59,18,0,0,0,0,0,0,0,0,0,0
0,0,0,0,0,0,0,0,0,0,0,0,0,0,0,0,0,0,0,0,0,0,0,0,0,0,0,0,0,0,0,0,0,0,0,0,0,0,70,32,0,0,0,0,0,0,0,0,0,0,0,43,89,138,139,222,230,230,254,241,0,0,0,0,0,0,0,0,0,17,141,249,253,253,254,253,253,253,254,253,0,0,0,0,0,0,0,0,9,176,254,253,253,253,254,253,253,253,254,253,0,0,0,0,0,0,0,0,100,229,254,254,197,151,93,42,0,0,0,85,0,0,0,0,0,0,0,26,232,253,254,77,4,0,0,0,0,0,0,0,0,0,0,0,0,0,15,199,253,253,247,54,0,0,0,0,0,0,0,0,0,0,0,0,0,0,229,253,253,253,84,0,0,0,0,0,0,0,0,0,0,0,0,0,0,60,254,254,254,254,70,32,0,0,0,0,0,0,0,0,0,0,0,0,0,9,220,253,253,253,254,241,188,38,0,0,0,0,0,0,0,0,0,0,0,0,254,253,253,244,254,253,253,186,0,0,0,0,0,0,0,0,0,85,84,0,69,69,69,44,69,69,119,253,102,0,0,0,0,0,0,0,128,254,254,152,0,0,0,0,0,0,0,160,229,15,0,0,0,0,0,0,161,253,253,253,68,0,0,0,0,0,0,142,254,107,0,0,0,0,0,0,186,253,253,253,216,19,0,0,0,0,104,240,228,31,0,0,0,0,0,0,104,253,253,253,254,182,76,93,151,184,240,253,169,6,0,0,0,0,0,0,0,198,254,254,255,254,254,254,254,254,254,203,68,0,0,0,0,0,0,0,0,71,160,253,254,253,253,253,254,253,173,31,0,0,0,0,0,0,0,0,0,0,13,137,230,230,230,162,171,88,9,0,0,0,0,0,0,0,5
0,0,0,0,0,0,0,0,0,0,0,0,0,0,0,0,0,0,0,0,0,0,0,0,0,0,0,0,0,0,0,0,0,0,0,0,0,0,0,0,0,0,0,0,0,0,0,0,0,0,38,146,185,185,185,185,128,57,0,0,0,0,0,0,0,0,0,0,25,151,238,254,254,254,254,250,250,245,37,0,0,0,0,0,0,0,0,2,174,254,254,227,211,109,103,20,11,77,0,0,0,0,0,0,0,0,0,11,254,254,161,24,0,0,0,67,94,190,190,190,0,0,0,0,0,0,0,58,254,217,24,7,51,222,228,250,254,252,244,197,0,0,0,0,0,0,0,11,254,254,165,220,254,254,254,215,102,73,0,0,0,0,0,0,0,0,0,11,254,254,254,254,254,163,59,12,0,0,0,0,0,0,0,0,0,0,48,130,254,254,253,215,44,2,0,0,0,0,0,0,0,0,0,0,2,55,204,254,231,254,249,59,0,0,0,0,0,0,0,0,0,0,0,0,43,211,254,206,31,208,254,177,0,0,0,0,0,0,0,0,0,0,0,0,170,254,220,69,0,140,254,228,28,0,0,0,0,0,0,0,0,0,0,123,244,254,220,15,0,133,254,231,31,0,0,0,0,0,0,0,0,0,31,241,254,238,76,5,19,198,254,123,11,0,0,0,0,0,0,0,0,0,108,254,240,52,0,34,247,254,169,4,0,0,0,0,0,0,0,0,0,0,181,254,187,0,84,246,254,254,68,0,0,0,0,0,0,0,0,0,0,0,147,254,235,212,244,254,254,138,4,0,0,0,0,0,0,0,0,0,0,0,87,254,254,254,254,248,93,2,0,0,0,0,0,0,0,0,0,0,0,0,12,154,184,184,184,84,0,0,0,0,0,0,0,0,0,0,0,0,8
0,0,0,0,0,0,0,0,0,0,0,0,0,0,0,0,0,0,0,0,0,0,0,0,0,0,0,0,0,0,0,0,0,0,0,0,0,0,0,0,0,0,0,0,0,0,0,41,113,193,254,253,254,213,62,0,0,0,0,0,0,0,0,0,0,0,82,243,253,252,253,252,253,252,223,81,0,0,0,0,0,0,0,0,11,132,254,253,244,203,123,203,203,243,254,253,21,0,0,0,0,0,0,0,132,252,253,212,81,0,0,0,0,122,253,252,142,0,0,0,0,0,0,21,255,253,224,40,0,0,0,0,0,0,254,253,203,0,0,0,0,0,0,183,253,252,61,0,0,0,0,0,0,82,253,252,203,0,0,0,0,0,0,203,254,192,0,0,0,0,0,0,51,193,254,253,203,0,0,0,0,0,41,243,213,30,0,0,0,0,21,142,233,252,253,252,122,0,0,0,0,0,52,253,254,131,51,51,72,112,214,253,254,253,244,203,41,0,0,0,0,0,51,252,253,252,253,252,253,252,253,252,253,252,122,0,0,0,0,0,0,0,0,123,254,253,254,253,244,162,113,233,254,233,0,0,0,0,0,0,0,0,0,0,50,91,112,111,40,0,51,252,253,151,0,0,0,0,0,0,0,0,0,0,0,0,0,0,0,0,214,253,254,91,0,0,0,0,0,0,0,0,0,0,0,0,0,0,0,41,253,252,192,30,0,0,0,0,0,0,0,0,0,0,0,0,0,0,0,163,254,253,92,31,102,0,0,0,0,0,0,0,0,0,0,0,0,0,21,223,253,252,253,151,20,0,0,0,0,0,0,0,0,0,0,0,0,0,51,253,255,253,244,81,0,0,0,0,0,0,0,0,0,0,0,0,0,0,132,252,253,252,81,0,0,0,0,0,0,0,9
0,0,0,0,0,0,0,0,0,0,0,0,0,0,0,0,0,0,0,0,0,0,0,0,0,0,0,0,0,0,0,0,0,0,0,0,0,0,0,0,0,0,0,0,0,0,0,13,121,121,184,253,90,0,0,64,64,0,0,0,0,0,0,0,0,23,128,241,252,252,253,252,158,0,29,212,246,88,0,0,0,0,0,0,0,103,252,252,247,158,159,103,16,0,67,252,237,59,0,0,0,0,0,0,22,207,252,243,93,0,0,0,0,0,67,252,212,0,0,0,0,0,0,0,172,252,252,120,0,0,0,0,0,0,67,252,212,0,0,0,0,0,0,0,200,252,243,73,0,0,0,0,0,0,137,252,212,0,0,0,0,0,0,13,208,252,212,0,0,0,0,0,0,0,67,252,218,15,0,0,0,0,0,95,252,246,120,0,0,0,0,0,0,0,151,252,248,83,0,0,0,0,55,236,252,198,0,0,0,0,0,0,5,56,230,252,212,0,0,0,0,0,94,252,252,198,0,0,0,0,64,133,177,252,252,252,212,0,0,0,0,0,94,253,253,225,38,13,121,190,255,253,253,253,253,253,213,0,0,0,0,0,54,235,252,252,244,241,252,252,253,252,156,109,252,252,155,0,0,0,0,0,0,22,131,228,252,252,252,252,159,32,3,200,252,232,50,0,0,0,0,0,0,0,0,29,130,172,95,39,0,0,0,213,252,198,0,0,0,0,0,0,0,0,0,0,0,0,0,0,0,0,0,213,252,163,0,0,0,0,0,0,0,0,0,0,0,0,0,0,0,0,0,213,252,66,0,0,0,0,0,0,0,0,0,0,0,0,0,0,0,0,15,219,252,66,0,0,0,0,0,0,0,0,0,0,0,0,0,0,0,0,84,248,252,66,0,0,0,0,9
0,0,0,0,0,0,9,97,239,254,253,253,253,254,190,25,0,0,0,0,0,0,0,0,0,0,130,253,253,254,253,253,253,254,253,122,0,0,0,0,0,0,0,0,0,26,239,253,253,228,160,119,103,186,253,137,0,0,0,0,0,0,0,0,0,51,248,188,93,0,0,0,0,70,254,138,0,0,0,0,0,0,0,0,0,0,122,4,0,0,0,0,0,87,253,137,0,0,0,0,0,0,0,0,0,0,0,0,0,0,0,0,0,170,253,129,0,0,0,0,0,0,0,0,0,0,0,0,0,0,0,0,134,254,253,46,0,0,0,0,0,0,0,0,0,0,0,0,0,0,13,153,254,254,199,17,0,0,0,0,0,0,0,0,0,0,0,0,0,30,185,253,253,199,19,0,0,0,0,0,0,0,0,0,0,0,0,3,57,237,253,253,210,51,0,0,0,0,0,0,0,0,0,0,0,0,0,125,253,254,253,135,44,0,0,0,0,0,0,0,0,0,0,0,0,0,130,254,254,254,140,17,0,0,0,0,0,0,0,0,0,0,0,0,0,81,251,253,236,124,2,0,0,0,0,0,0,0,0,0,0,0,0,0,43,237,253,225,29,0,0,0,0,0,0,0,0,0,0,0,0,0,0,0,127,254,236,54,0,0,0,0,0,0,51,93,93,0,0,0,0,0,0,15,229,255,186,70,70,70,170,254,220,221,254,254,254,185,0,0,0,0,0,24,253,254,253,253,253,254,253,253,253,254,253,253,253,151,0,0,0,0,0,13,213,254,253,253,253,254,253,253,244,230,213,137,104,0,0,0,0,0,0,0,59,161,194,169,185,228,77,69,44,0,0,0,0,0,0,0,0,0,0,0,0,0,0,0,0,0,0,0,0,0,0,0,0,0,0,0,2
0,0,0,0,0,0,0,0,0,141,253,255,139,0,0,0,0,0,0,0,0,0,0,0,0,0,0,0,114,253,251,253,251,169,168,0,0,0,0,0,0,0,0,0,0,0,0,255,253,254,253,254,253,254,253,254,139,0,0,0,0,0,0,0,0,0,114,253,251,253,251,253,251,253,251,253,251,0,0,0,0,0,0,0,0,86,197,255,253,254,253,254,253,254,253,254,253,198,28,0,0,0,0,0,0,253,251,253,251,253,251,196,83,84,196,253,251,253,196,0,0,0,0,0,57,255,253,255,253,169,56,0,0,0,0,254,253,254,253,0,0,0,0,57,224,253,251,253,251,0,0,0,0,0,114,253,251,253,251,0,0,0,0,141,253,254,253,226,56,0,0,0,0,0,169,254,253,254,253,0,0,0,0,253,251,253,251,56,0,0,0,0,0,0,168,253,251,253,251,0,0,0,0,254,253,254,253,0,0,0,0,0,0,85,253,254,253,254,84,0,0,0,0,253,251,253,251,0,0,0,0,0,0,197,251,253,251,196,28,0,0,0,57,254,253,254,84,0,0,0,0,0,57,254,253,254,253,114,0,0,0,0,168,253,251,196,28,0,0,0,0,57,224,253,251,253,251,0,0,0,0,0,169,254,253,0,0,0,0,0,57,254,253,254,253,254,196,0,0,0,0,0,168,253,251,114,0,0,0,57,224,253,251,253,251,196,28,0,0,0,0,0,114,254,253,254,253,254,253,254,253,254,253,254,253,0,0,0,0,0,0,0,0,253,251,253,251,253,251,253,251,253,251,253,138,0,0,0,0,0,0,0,0,57,225,254,253,254,253,254,253,254,196,0,0,0,0,0,0,0,0,0,0,0,56,139,251,253,251,253,251,84,28,0,0,0,0,0,0,0,0
0,0,0,3,67,67,67,67,67,67,136,135,67,39,0,0,0,0,0,0,0,0,0,109,253,253,253,253,253,253,253,253,253,203,44,0,0,0,0,0,0,3,109,241,253,253,253,253,253,253,253,253,253,253,216,21,0,0,0,0,0,123,253,253,253,253,247,177,177,242,253,253,253,253,253,205,0,0,0,0,0,255,253,253,253,173,104,0,0,96,112,201,253,253,253,205,0,0,0,0,0,235,234,227,46,20,0,0,0,0,0,160,253,253,253,65,0,0,0,0,0,0,0,0,0,0,0,0,0,0,0,160,253,253,253,142,0,0,0,0,0,0,0,0,0,0,0,0,0,0,0,160,253,253,253,17,0,0,0,0,0,0,0,0,0,0,0,0,0,0,82,239,253,253,108,3,0,0,0,0,0,0,0,0,0,0,0,0,0,82,153,253,253,214,53,0,0,0,0,0,0,0,0,0,0,0,0,0,0,217,253,253,253,149,0,0,0,0,0,0,0,0,0,0,0,0,0,13,150,249,253,253,247,127,0,0,0,0,0,0,0,0,0,0,0,0,8,154,253,253,253,253,137,0,0,0,0,0,0,0,0,0,0,0,0,0,19,253,253,253,253,145,9,0,0,0,0,0,0,0,0,0,0,0,0,27,203,253,253,253,235,76,0,0,0,0,0,0,0,0,0,0,0,0,0,141,253,253,253,253,158,0,0,0,77,114,114,114,114,114,0,0,0,0,0,141,253,253,253,253,225,179,179,179,228,253,253,253,253,253,0,0,0,0,0,141,253,253,253,253,253,253,253,253,253,253,253,253,253,253,0,0,0,0,0,73,231,253,253,253,253,253,253,253,253,253,253,253,225,130,0,0,0,0,0,0,67,253,253,253,253,253,253,175,65,65,65,65,50,0,2
0,0,0,0,0,0,0,0,0,0,6,76,160,244,154,35,0,0,0,0,0,0,0,0,0,0,0,0,0,30,214,253,247,239,253,168,0,0,0,0,0,0,0,0,0,0,0,9,137,250,216,92,39,47,191,251,67,0,0,0,0,0,0,0,0,0,38,213,237,91,99,16,0,0,35,254,142,0,0,0,0,0,0,0,0,0,151,159,22,149,254,88,0,0,0,229,142,0,0,0,0,0,0,0,0,0,0,3,150,254,229,20,0,0,0,175,147,0,0,0,0,0,0,0,0,0,0,142,253,173,0,0,0,0,0,174,221,0,0,0,0,0,0,0,0,0,41,244,221,8,0,0,0,0,0,174,181,0,0,0,0,0,0,0,0,9,216,253,76,0,0,0,0,0,0,174,142,0,0,0,0,0,0,0,0,140,253,133,2,0,0,0,0,0,0,174,142,0,0,0,0,0,0,0,30,230,242,30,0,0,0,0,0,0,0,255,142,0,0,0,0,0,0,0,139,254,128,0,0,0,0,0,0,0,0,254,142,0,0,0,0,0,0,12,226,251,51,0,0,0,0,0,0,0,40,254,103,0,0,0,0,0,0,109,253,218,0,0,0,0,0,0,0,0,100,245,28,0,0,0,0,0,0,142,253,133,0,0,0,0,0,0,0,40,243,163,0,0,0,0,0,0,0,143,254,80,0,0,0,0,0,0,38,219,224,25,0,0,0,0,0,0,0,177,253,20,0,0,0,0,2,77,222,225,73,0,0,0,0,0,0,0,0,182,253,40,0,0,42,48,160,247,190,45,0,0,0,0,0,0,0,0,0,124,253,227,142,207,249,253,245,72,0,0,0,0,0,0,0,0,0,0,0,4,139,254,253,253,233,125,15,0,0,0,0,0,0,0,0,0,0
0,0,0,0,0,0,0,73,253,253,253,254,253,123,0,0,0,0,0,0,0,0,0,0,0,0,41,241,253,195,78,186,247,121,0,0,0,0,0,0,0,0,0,0,0,0,201,253,225,23,0,12,55,0,0,0,0,0,0,0,0,0,0,0,0,76,254,237,18,0,0,0,0,0,0,0,0,0,0,0,0,0,0,0,10,209,255,151,0,0,0,0,0,0,0,0,0,0,0,0,0,0,0,0,47,253,226,21,0,0,0,0,0,0,0,0,0,0,0,0,0,0,0,0,136,253,165,0,0,0,0,0,0,0,0,0,0,0,0,0,0,0,0,0,227,253,83,0,0,0,0,0,0,0,0,0,0,0,0,0,0,0,0,99,248,177,0,0,0,0,0,0,0,0,16,135,196,105,0,0,0,0,0,176,254,155,0,0,0,0,0,0,0,49,209,254,255,254,101,0,0,0,0,175,253,155,0,0,0,0,0,0,17,196,253,200,158,250,241,16,0,0,7,199,253,126,0,0,0,0,0,0,147,253,195,18,0,214,253,19,0,0,20,253,253,58,0,0,0,0,0,55,250,210,16,0,10,220,253,19,0,0,20,253,253,58,0,0,0,0,0,134,253,137,0,0,97,253,192,5,0,0,16,236,254,119,0,0,0,0,0,217,234,0,0,46,255,249,60,0,0,0,0,168,253,238,132,19,0,0,8,254,159,50,132,244,254,68,0,0,0,0,0,24,172,253,254,247,175,175,205,254,253,253,253,253,116,12,0,0,0,0,0,0,11,131,223,253,253,253,253,254,253,253,247,176,0,0,0,0,0,0,0,0,0,0,14,58,88,155,155,216,253,253,101,0,0,0,0,0,0,0,0,0,0,0,0,0,0,0,0,0,0,0,0,0,0,0,0,0,6
0,0,0,0,0,0,0,0,0,0,0,0,0,0,7,206,211,5,0,0,0,0,0,0,0,0,0,0,0,0,0,0,0,0,156,254,254,71,0,0,0,0,0,0,0,0,0,0,0,0,0,0,21,162,253,254,222,23,0,0,0,0,0,0,0,0,0,0,0,0,0,0,96,254,254,246,94,0,0,0,0,0,0,0,0,0,0,0,0,0,0,28,206,254,254,128,0,0,0,0,0,0,0,0,0,0,0,0,0,0,0,183,254,254,194,12,0,0,0,0,0,0,0,0,0,0,0,0,0,1,118,252,254,252,10,0,0,0,0,0,0,0,0,0,0,0,0,0,0,53,254,254,246,73,0,0,0,0,0,0,0,0,0,0,0,0,0,0,16,220,254,254,159,0,0,0,0,0,0,0,0,0,0,0,0,0,0,0,108,254,255,236,67,0,0,0,0,0,0,0,0,0,0,0,0,0,0,5,229,254,254,86,0,0,0,0,0,0,0,0,0,0,0,0,0,0,0,206,254,254,232,37,0,0,0,0,0,0,0,0,0,0,0,0,0,0,98,254,254,236,53,0,0,0,0,0,0,0,0,0,0,0,0,0,0,46,238,254,254,207,0,0,0,0,0,0,0,0,0,0,0,0,0,0,0,90,254,254,252,84,0,0,0,0,0,0,0,0,0,0,0,0,0,0,14,176,254,254,153,0,0,0,0,0,0,0,0,0,0,0,0,0,0,0,157,254,254,254,113,0,0,0,0,0,0,0,0,0,0,0,0,0,0,0,190,254,254,254,113,0,0,0,0,0,0,0,0,0,0,0,0,0,0,0,190,254,254,254,113,0,0,0,0,0,0,0,0,0,0,0,0,0,0,0,46,233,254,252,60,0,0,0,0,0,0,0,0,0,0,0,1
0,0,0,0,0,0,0,0,0,0,0,0,0,0,0,0,0,0,0,0,0,0,0,0,0,0,0,0,0,0,0,0,188,228,0,0,0,0,0,0,0,0,0,0,0,0,0,0,0,0,35,209,249,237,42,0,0,0,0,0,0,0,0,0,0,0,0,0,0,0,91,254,254,254,232,214,158,52,0,0,0,0,0,0,0,0,0,0,0,25,201,254,254,254,254,254,254,235,160,47,0,0,0,0,0,0,0,0,0,129,254,245,119,82,86,220,89,202,186,69,0,0,0,0,0,0,0,0,8,249,250,101,0,0,0,0,0,0,0,0,0,0,0,0,0,0,0,8,195,254,164,0,0,0,0,0,0,0,0,0,0,0,0,0,0,0,0,149,254,254,164,0,0,0,0,0,0,0,0,0,0,0,0,0,0,0,155,244,254,254,90,0,0,0,0,0,0,0,0,0,0,0,0,0,0,46,239,254,254,254,238,207,107,25,0,0,0,0,0,0,0,0,0,0,0,15,162,235,254,207,249,254,254,190,0,0,0,0,0,0,0,0,0,0,0,0,0,54,89,2,80,224,254,245,72,0,0,0,0,0,0,0,0,0,0,0,0,0,0,0,0,207,254,239,48,0,0,0,0,0,0,0,0,0,0,0,0,0,0,0,45,230,254,227,0,0,0,0,0,0,0,0,0,0,0,0,0,0,0,0,91,254,208,12,0,0,0,0,0,0,0,0,0,0,0,0,0,0,0,82,219,254,206,0,0,0,0,0,0,0,0,0,0,0,53,15,0,0,33,250,254,254,98,0,0,0,0,0,0,0,0,0,0,0,214,198,87,50,218,254,240,101,20,0,0,0,0,0,0,0,0,0,0,0,203,254,254,254,254,174,62,0,0,0,0,0,0,0,0,0,5
0,0,0,0,0,0,0,0,0,0,0,0,0,0,0,0,0,0,0,0,0,0,0,0,0,0,0,0,0,0,0,0,0,0,0,0,0,0,0,0,0,0,113,202,192,16,0,0,0,0,0,0,0,0,0,78,125,55,0,0,0,0,112,254,254,160,0,0,0,0,0,0,0,0,94,252,254,245,55,0,0,0,169,254,254,38,0,0,0,0,0,0,0,38,250,254,254,254,117,0,0,110,254,254,163,3,0,0,0,0,0,0,19,196,254,254,254,254,117,0,0,119,254,254,106,0,0,0,0,0,0,21,194,254,254,254,254,249,72,0,0,233,254,217,16,0,0,0,0,0,0,101,254,254,195,219,254,241,0,0,0,249,254,83,0,0,0,0,0,0,31,220,254,254,108,207,254,241,0,0,0,249,254,149,0,0,0,0,0,0,90,242,254,181,27,187,254,201,0,0,0,249,254,149,0,0,0,0,0,90,242,254,180,17,33,254,254,111,0,0,0,249,254,176,66,9,56,32,66,212,254,214,18,0,33,254,254,111,0,0,0,125,252,254,254,198,245,221,254,254,254,105,0,0,131,254,254,111,0,0,0,0,216,254,254,254,254,254,240,202,105,20,0,0,164,254,250,88,0,0,0,0,34,218,237,208,208,101,56,0,0,0,0,8,180,255,235,0,0,0,0,0,0,35,52,0,0,0,0,0,0,0,0,40,254,254,147,0,0,0,0,0,0,0,0,0,0,0,0,0,0,0,0,40,254,254,121,0,0,0,0,0,0,0,0,0,0,0,0,0,0,0,0,40,254,255,235,0,0,0,0,0,0,0,0,0,0,0,0,0,0,0,0,118,254,255,157,0,0,0,0,0,0,0,0,0,0,0,0,0,0,0,0,170,254,254,104,0,0,0,4
0,0,0,0,0,0,0,0,76,113,255,253,253,253,174,0,0,0,0,0,0,0,0,0,0,0,29,194,243,252,253,252,252,252,252,126,0,0,0,0,0,0,0,0,0,0,194,252,252,252,253,252,252,252,252,140,0,0,0,0,0,0,0,0,0,63,240,252,252,252,162,84,84,103,252,216,18,0,0,0,0,0,0,0,0,0,225,252,252,173,0,0,0,29,252,253,27,0,0,0,0,0,0,0,0,0,48,140,47,0,0,0,0,29,253,204,15,0,0,0,0,0,0,0,0,0,0,0,0,0,0,0,0,29,252,178,9,0,0,0,0,0,0,0,0,0,0,0,0,0,0,0,0,29,252,253,27,0,0,0,0,0,0,0,0,0,0,0,0,0,0,0,0,44,252,178,9,0,0,0,0,0,0,0,0,0,0,0,0,0,0,0,0,169,252,140,0,0,0,0,0,0,0,0,0,0,0,0,0,0,0,0,26,207,253,0,0,0,0,0,0,0,0,0,0,0,29,85,85,85,85,85,200,252,252,0,0,0,0,0,0,0,0,0,0,120,215,252,252,252,253,252,252,252,252,0,0,0,0,0,0,0,0,19,169,253,252,252,252,252,253,252,252,252,252,108,3,0,0,0,0,0,0,107,252,253,252,252,173,252,253,252,252,252,252,253,106,0,0,0,0,0,26,207,253,79,126,31,92,253,255,253,165,140,203,255,253,56,0,0,0,0,57,252,252,126,76,194,243,252,253,176,6,0,15,27,181,133,0,0,0,0,135,252,252,229,246,252,252,252,228,52,0,0,0,0,163,55,0,0,0,0,19,196,252,253,242,223,223,145,47,0,0,0,0,0,28,97,0,0,0,0,0,91,252,253,167,0,0,0,0,0,0,0,0,0,0,0,0,0,2
213,249,215,222,230,209,202,202,254,231,203,210,249,238,200,224,201,232,253,215,242,216,249,231,203,249,248,233,254,215,233,213,247,254,245,219,220,234,203,214,216,252,252,219,203,227,211,208,203,216,210,235,222,249,241,202,234,217,245,239,209,211,250,252,228,231,203,245,249,242,211,221,238,227,208,222,209,211,216,208,250,241,223,246,225,244,218,245,214,200,252,250,221,248,238,243,208,214,239,237,215,200,239,207,218,227,210,252,221,203,231,200,241,236,239,227,217,219,251,242,237,249,223,204,241,254,238,248,206,248,254,239,213,200,245,244,216,210,223,230,248,207,201,235,237,241,249,212,205,203,242,231,203,219,235,242,223,225,227,218,224,218,226,246,254,240,210,217,217,200,243,214,219,202,230,206,212,233,217,207,214,216,251,246,225,207,249,219,209,237,218,202,206,246,251,239,200,252,221,222,228,223,201,243,209,247,219,228,222,238,242,231,233,248,247,216,212,227,225,200,217,203,230,247,204,201,219,222,205,207,220,228,252,211,244,221,249,239,203,218,249,223,248,214,214,207,253,229,223,245,208,250,229,213,233,235,232,251,231,245,207,235,248,219,204,228,200,247,221,223,216,203,208,227,201,253,229,243,204,223,204,208,232,240,250,250,247,226,222,254,218,212,237,235,253,210,252,222,230,203,231,250,223,237,216,212,248,227,252,219,210,242,219,221,251,252,245,232,200,230,240,220,227,230,238,247,243,225,227,204,213,252,207,221,209,203,208,254,248,201,247,223,243,242,240,201,246,222,214,204,230,232,211,216,226,204,253,214,243,214,227,240,252,200,225,251,216,214,236,216,239,227,238,254,208,222,252,251,207,220,205,232,201,230,223,212,209,201,242,222,231,230,210,229,207,223,231,241,250,204,6
0,0,0,0,0,0,0,0,0,0,0,0,32,192,227,104,0,0,0,0,0,0,0,0,0,0,85,85,182,190,190,191,237,252,252,252,0,0,0,0,0,0,0,0,32,171,253,252,252,252,252,253,236,178,126,82,0,0,0,0,0,0,0,0,64,252,243,189,92,84,84,84,21,0,0,0,0,0,0,0,0,0,0,0,64,252,211,0,0,0,0,0,0,0,0,0,0,0,0,0,0,0,0,0,64,253,212,0,0,0,0,0,0,0,0,0,0,0,0,0,0,0,0,0,143,252,211,0,0,0,0,0,0,0,0,0,0,0,0,0,0,0,0,0,169,252,211,0,0,0,0,0,0,0,0,0,0,0,0,0,0,0,0,0,142,252,222,16,0,0,0,0,48,64,21,0,0,0,0,0,0,0,0,0,152,252,253,98,158,211,211,212,242,252,225,124,0,0,0,0,0,0,0,0,64,253,254,253,253,253,253,255,222,232,253,253,80,0,0,0,0,0,0,0,64,252,253,252,245,141,63,63,16,32,154,252,243,48,0,0,0,0,0,0,64,252,253,252,126,0,0,0,0,0,64,252,253,63,0,0,0,0,0,0,48,242,253,196,7,0,0,0,0,0,64,252,253,63,0,0,0,0,0,0,0,79,147,54,0,0,0,0,0,0,108,252,253,63,0,0,0,0,0,0,0,0,0,0,0,0,0,0,0,101,253,253,194,0,0,0,0,0,0,0,0,0,0,0,0,0,0,0,143,247,252,252,27,0,0,0,0,0,0,0,0,0,0,0,73,127,127,145,247,252,247,99,0,0,0,0,0,0,0,0,0,0,0,0,232,252,252,253,252,141,63,0,0,0,0,0,0,0,0,0,0,0,0,0,188,252,252,253,94,4,0,0,0,0,0,0,5
0,0,0,0,0,0,0,0,0,0,0,29,197,255,253,0,0,0,0,0,0,0,0,0,0,0,0,0,0,0,0,85,251,253,251,0,0,0,0,0,0,0,0,0,0,0,0,0,0,0,0,254,253,254,253,0,0,0,0,0,0,0,0,0,0,0,0,0,0,0,0,253,251,253,251,0,0,0,0,0,0,0,0,0,0,0,0,0,0,0,169,254,253,254,196,0,0,0,0,0,0,0,0,0,0,0,0,0,0,0,168,253,251,253,83,0,0,0,0,0,0,0,0,0,0,0,0,0,0,0,169,254,253,226,56,0,0,0,0,0,0,0,0,0,0,0,0,0,0,57,224,253,251,168,0,0,0,0,0,0,0,0,0,0,0,0,0,0,57,254,253,254,253,114,0,0,0,0,0,0,0,0,0,0,0,0,0,0,168,253,251,253,251,0,0,0,0,0,0,0,0,0,0,0,0,0,0,0,169,254,253,169,0,0,0,0,0,0,0,0,0,0,0,0,0,0,0,0,168,253,251,56,0,0,0,0,0,0,0,0,0,0,0,0,0,0,0,29,197,254,253,169,0,0,0,0,0,0,0,0,0,0,0,0,0,0,0,197,251,253,251,168,0,0,0,0,0,0,0,0,0,0,0,0,0,0,0,254,253,254,253,0,0,0,0,0,0,0,0,0,0,0,0,0,0,0,0,253,251,253,251,0,0,0,0,0,0,0,0,0,0,0,0,0,0,0,0,254,253,254,253,0,0,0,0,0,0,0,0,0,0,0,0,0,0,0,114,253,251,253,251,0,0,0,0,0,0,0,0,0,0,0,0,0,0,0,169,254,253,254,253,0,0,0,0,0,0,0,0,0,0,0,0,0,0,0,56,253,251,253,138,0,0,0,0,0,0,0,0,0,1
0,0,0,0,0,0,0,0,0,0,0,0,0,0,0,114,255,163,0,0,0,0,0,0,0,0,0,0,0,0,0,0,0,0,0,197,254,197,0,0,0,0,0,0,0,0,0,0,0,0,0,0,0,0,111,243,254,158,0,0,0,0,0,0,0,0,0,0,0,0,0,0,0,0,141,254,254,75,0,0,0,0,0,0,0,0,16,104,131,30,0,0,0,0,229,254,206,4,0,0,0,0,0,0,0,2,167,254,254,159,0,0,0,139,250,254,162,0,0,0,0,0,0,0,0,86,254,254,244,72,0,0,4,198,254,254,75,0,0,0,0,0,0,0,32,179,254,254,148,0,0,0,10,254,254,179,3,0,0,0,0,0,0,48,231,254,254,195,6,0,0,0,170,254,254,130,0,0,0,0,0,0,78,232,254,254,222,30,0,0,0,15,219,254,236,30,0,0,0,0,0,0,199,254,254,225,91,0,0,0,0,157,254,254,147,0,0,0,0,0,0,0,198,254,254,157,38,16,0,0,35,240,254,254,64,0,0,0,0,0,0,0,198,254,254,254,254,220,198,198,213,254,254,225,12,0,0,0,0,0,0,0,105,229,254,254,254,254,254,254,254,254,254,254,47,0,0,0,0,0,0,0,0,13,18,61,113,147,198,254,254,254,254,222,57,0,0,0,0,0,0,0,0,0,0,0,0,0,29,254,254,251,88,16,0,0,0,0,0,0,0,0,0,0,0,0,0,19,138,254,254,184,0,0,0,0,0,0,0,0,0,0,0,0,0,0,0,57,254,254,254,31,0,0,0,0,0,0,0,0,0,0,0,0,0,0,0,127,254,254,212,15,0,0,0,0,0,0,0,0,0,0,0,0,0,0,0,36,240,254,25,0,0,0,0,0,0,0,0,0,4
0,0,0,0,0,0,0,0,0,0,0,0,0,0,0,0,0,0,0,0,0,0,0,0,0,0,0,0,0,0,0,0,0,0,0,0,0,0,0,0,0,0,0,0,0,0,0,0,0,0,0,50,157,209,209,104,61,4,0,0,0,0,0,0,0,0,0,0,0,9,165,238,253,253,253,253,253,169,47,0,0,0,0,0,0,0,0,43,120,198,254,253,253,253,182,253,253,253,229,49,0,0,0,0,0,0,40,227,253,253,254,191,81,29,34,104,143,249,253,236,0,0,0,0,9,136,219,253,253,235,162,13,0,0,93,253,214,249,253,253,0,0,0,0,154,253,253,253,229,49,0,0,0,0,145,253,253,253,253,253,0,0,59,161,251,253,253,116,12,0,0,0,0,0,75,253,253,253,253,253,0,11,180,253,253,203,59,4,0,0,0,0,0,0,75,253,253,253,245,120,0,148,253,253,209,31,0,0,0,0,0,0,0,0,75,253,253,253,120,0,106,254,254,254,29,0,0,0,0,0,0,0,0,0,76,254,254,217,35,0,105,253,253,154,5,0,0,0,0,0,0,0,4,61,206,253,253,163,0,0,193,253,243,47,0,0,0,0,0,0,0,13,30,253,253,253,245,66,0,0,106,253,245,64,0,0,0,0,0,0,50,230,253,253,253,239,63,0,0,0,105,253,253,240,92,22,0,125,224,224,238,253,253,217,134,26,0,0,0,0,93,248,253,253,253,201,179,249,253,253,255,246,214,39,0,0,0,0,0,0,0,99,206,253,253,253,253,253,253,253,199,91,0,0,0,0,0,0,0,0,0,0,107,163,243,253,253,168,136,14,8,0,0,0,0,0,0,0,0,0,0,0,0,0,52,59,59,4,0,0,0,0,0,0,0,0,0,0,0,0,0
0,0,0,0,0,0,0,0,0,0,0,0,0,0,0,0,0,0,0,0,0,0,0,0,0,0,0,0,0,32,59,60,32,0,0,0,0,0,0,0,0,0,0,0,19,118,118,118,118,191,253,254,190,118,100,0,0,0,0,0,0,0,0,124,188,253,253,253,253,253,253,254,253,253,241,176,68,0,0,0,0,10,130,247,253,253,253,253,253,253,253,254,253,253,253,253,121,6,0,0,0,59,253,253,253,253,253,253,253,253,253,254,253,253,253,253,253,38,0,0,0,180,253,253,228,97,97,97,97,97,97,133,253,253,253,253,253,158,0,0,0,254,253,253,198,0,0,0,0,0,0,9,38,174,251,253,253,233,0,0,0,175,174,174,13,0,0,0,0,0,0,0,0,0,235,253,253,233,0,0,0,0,0,0,0,0,0,0,0,0,0,0,0,0,235,253,253,233,0,0,0,0,0,0,0,0,0,0,0,0,0,0,0,136,249,253,253,233,0,0,0,0,0,0,0,0,0,0,0,0,0,14,59,195,254,254,255,38,0,0,0,0,0,0,0,0,73,118,118,118,118,150,253,253,253,253,180,20,0,0,0,0,0,124,176,176,223,253,253,253,253,254,253,253,253,253,205,27,0,0,0,10,130,247,253,253,253,253,253,253,253,254,253,253,253,253,253,237,174,40,0,134,253,253,253,253,253,253,253,253,253,254,253,253,253,253,253,253,253,253,0,255,253,253,253,253,253,253,253,253,253,255,180,97,97,156,253,253,253,253,0,239,253,253,253,253,253,253,246,233,233,38,20,0,0,15,38,38,38,38,0,41,174,229,240,174,174,174,121,0,0,0,0,0,0,0,0,0,0,0,0,0,0,81,98,0,0,0,0,0,0,0,0,0,0,0,0,0,0,0,2
0,0,0,0,0,0,0,0,0,0,0,0,0,0,0,0,0,0,0,0,0,0,0,0,0,0,0,0,0,0,0,0,0,0,0,0,0,0,0,0,0,0,0,0,0,0,0,0,0,0,0,0,0,0,0,0,0,0,0,0,0,0,0,0,0,0,0,0,49,160,181,244,159,49,0,0,0,0,0,0,0,0,0,0,0,0,0,22,216,240,192,222,254,214,0,0,0,0,0,0,0,0,0,0,0,0,0,165,241,64,0,48,123,252,47,0,0,0,0,0,0,0,0,0,0,0,0,175,108,0,83,243,156,251,14,0,0,0,0,0,0,0,0,0,0,0,0,175,102,6,176,201,179,179,0,0,0,0,0,0,0,0,0,0,0,0,0,137,236,203,234,77,240,126,0,0,0,0,0,0,0,0,0,0,0,0,0,0,79,80,38,151,254,71,0,0,0,0,0,0,0,0,0,0,0,0,0,0,0,0,29,238,212,1,0,0,0,0,0,0,0,0,0,0,0,0,0,0,0,0,128,254,147,0,0,0,0,0,0,0,0,0,0,0,0,0,0,0,0,0,134,249,59,0,0,0,0,0,0,0,0,0,0,0,0,0,0,0,0,0,177,180,0,0,0,0,0,0,0,0,0,0,0,0,0,0,0,0,0,46,248,133,0,0,0,0,0,0,0,0,0,0,0,0,0,0,0,0,0,92,254,101,0,0,0,0,0,0,0,0,0,0,0,0,0,0,0,0,0,148,254,44,0,0,0,0,0,0,0,0,0,0,0,0,0,0,0,0,0,203,187,2,0,0,0,0,0,0,0,0,0,0,0,0,0,0,0,0,66,253,121,0,0,0,0,0,0,0,0,0,0,0,0,0,0,0,0,0,87,254,121,0,0,0,0,0,0,0,0,0,9
0,0,0,0,0,33,138,176,255,233,150,22,0,0,0,0,0,0,0,0,0,0,0,70,189,236,253,253,253,253,253,189,0,0,0,0,0,0,0,0,0,29,236,251,253,253,253,253,253,253,253,212,0,0,0,0,0,0,0,0,16,216,253,253,253,253,180,170,172,253,253,212,0,0,0,0,0,0,0,0,47,253,253,200,114,20,3,0,112,253,253,212,0,0,0,0,0,0,0,0,47,253,127,21,0,21,122,176,241,253,253,224,73,5,0,0,0,0,0,0,6,31,2,0,19,200,253,253,253,253,253,253,253,225,191,69,6,0,0,0,0,0,0,0,130,253,253,253,253,253,253,253,253,253,253,253,150,0,0,0,0,0,0,0,85,248,248,180,103,144,144,161,250,253,253,253,243,120,0,0,0,0,0,0,0,0,0,0,0,0,0,0,35,159,253,253,253,243,0,0,0,0,0,0,0,0,0,0,0,0,0,0,0,7,156,253,253,247,37,0,0,0,0,0,0,0,0,0,0,0,0,0,0,0,2,169,253,253,152,0,0,0,0,0,10,27,0,0,0,0,0,0,0,0,0,125,253,253,196,0,0,0,0,11,182,132,0,0,0,0,0,0,0,0,0,125,253,253,141,0,0,0,0,157,253,181,0,0,0,0,0,0,0,0,0,156,253,246,27,0,0,0,0,187,253,246,89,8,0,0,0,4,21,119,199,251,253,192,0,0,0,0,0,187,253,253,253,200,171,171,171,185,253,253,253,253,208,46,0,0,0,0,0,27,232,253,253,253,253,253,253,253,253,253,253,197,60,0,0,0,0,0,0,0,101,236,253,253,253,253,253,253,253,246,196,58,0,0,0,0,0,0,0,0,0,32,137,218,253,253,213,149,71,41,0,0,0,0,0,0,3
0,0,0,0,0,0,0,0,0,0,0,0,0,0,0,0,0,0,0,0,0,0,0,0,0,0,0,0,0,0,0,0,0,0,0,0,0,0,0,0,0,0,0,0,0,0,0,0,0,0,0,31,178,255,155,0,0,0,0,0,0,0,0,0,0,0,0,0,0,2,111,217,254,254,236,0,0,0,0,0,0,0,0,0,0,0,0,0,13,177,254,233,109,254,236,0,0,0,0,0,0,0,0,111,4,0,0,14,192,254,177,14,2,199,206,214,142,0,0,0,0,0,0,158,93,0,13,194,254,175,8,0,6,223,254,254,157,0,0,0,0,0,0,158,103,0,154,254,223,7,0,0,11,254,254,254,125,0,0,0,0,0,0,72,12,55,244,247,47,0,0,0,107,254,254,153,3,0,0,0,0,0,0,0,0,150,254,148,0,0,0,26,214,254,151,3,0,0,0,0,0,0,0,0,0,217,254,148,69,79,161,231,254,207,10,0,0,0,0,0,0,0,0,0,0,102,247,254,254,254,254,254,252,53,0,0,0,0,0,0,0,0,0,0,0,0,29,105,108,57,204,254,160,0,0,0,0,0,0,0,0,0,0,0,0,0,0,0,0,49,254,254,88,0,0,0,0,0,0,0,0,0,0,0,0,0,0,0,0,174,254,184,11,0,0,0,0,0,0,0,0,0,0,0,0,0,0,0,14,251,254,126,0,0,0,0,0,0,0,0,0,0,0,0,0,0,0,0,119,254,227,44,0,0,0,0,0,0,0,0,0,0,0,0,0,0,0,7,221,254,162,0,0,0,0,0,0,0,0,0,0,0,0,0,0,0,0,57,254,250,56,0,0,0,0,0,0,0,0,0,0,0,0,0,0,0,0,159,254,218,0,0,0,0,0,0,0,0,0,0,9
0,0,0,0,0,0,0,0,0,0,0,0,22,252,226,0,0,0,0,0,0,0,0,0,0,0,0,0,0,0,4,22,173,252,252,216,92,2,0,0,0,0,0,0,0,0,0,0,0,54,183,252,252,252,199,227,252,118,0,0,0,0,0,0,0,0,0,9,176,246,253,252,244,77,7,42,226,240,35,0,0,0,0,0,0,0,15,237,253,253,254,186,9,0,0,0,86,253,84,0,0,0,0,0,0,0,85,252,252,217,151,16,0,0,0,0,85,252,163,0,0,0,0,0,0,0,43,126,56,12,0,0,0,0,0,0,14,236,136,0,0,0,0,0,0,0,0,0,0,0,0,0,0,0,0,11,171,252,84,0,0,0,0,0,0,0,0,0,0,0,0,0,0,0,0,43,252,235,14,0,0,0,0,0,0,0,0,0,0,0,0,0,0,0,18,210,253,65,0,0,0,0,0,0,0,0,0,0,0,0,0,0,0,0,141,253,224,14,0,0,0,0,0,0,0,0,0,0,0,0,0,0,2,119,249,206,14,0,0,0,0,0,0,0,27,64,143,169,169,169,64,64,167,252,226,35,0,0,0,0,0,0,0,71,211,253,252,252,252,252,253,252,252,226,42,0,0,0,0,0,0,32,237,253,218,150,106,97,100,236,255,253,253,253,122,18,0,0,0,0,32,237,252,126,11,0,0,131,232,252,239,132,72,224,252,199,21,0,0,0,43,252,136,7,18,84,206,251,247,143,17,0,0,126,252,253,166,2,0,0,43,252,210,169,239,253,252,185,63,0,0,0,0,169,252,253,252,47,0,0,25,226,252,252,252,174,42,4,0,0,0,0,0,99,235,236,147,74,0,0,0,0,0,0,0,0,0,0,0,0,0,0,0,0,0,0,0,0,0,0,2
0,0,0,0,0,0,0,0,0,0,0,0,0,0,0,0,0,19,201,81,0,0,0,0,0,0,0,0,0,0,0,0,0,0,0,0,0,128,229,20,0,0,0,0,0,0,0,0,0,0,0,0,0,0,0,0,14,237,148,0,0,0,0,0,0,0,0,0,0,80,22,0,0,0,0,0,101,220,50,0,0,0,0,0,0,0,0,0,0,201,146,0,0,0,0,29,249,169,0,0,0,0,0,0,0,0,0,1,70,254,158,0,0,0,5,158,250,68,0,0,0,0,0,0,0,0,0,41,254,254,18,0,0,0,155,254,127,0,0,0,0,0,0,0,0,0,32,173,254,102,1,0,0,100,254,178,5,0,0,0,0,0,0,0,0,9,208,252,105,1,0,0,39,230,231,36,0,0,0,0,0,0,0,0,0,162,254,166,0,0,0,8,176,254,144,0,0,0,0,0,0,0,0,0,127,248,182,27,0,0,0,99,254,217,133,171,101,0,0,0,0,0,0,0,191,254,169,108,108,20,71,237,254,253,203,101,0,0,0,0,0,0,0,0,88,204,250,253,254,254,254,254,239,87,0,0,0,0,0,0,0,0,0,0,0,0,0,63,85,192,254,178,0,0,0,0,0,0,0,0,0,0,0,0,0,0,0,0,47,249,215,29,0,0,0,0,0,0,0,0,0,0,0,0,0,0,0,47,248,220,22,0,0,0,0,0,0,0,0,0,0,0,0,0,0,0,12,190,254,94,0,0,0,0,0,0,0,0,0,0,0,0,0,0,0,26,192,254,144,18,0,0,0,0,0,0,0,0,0,0,0,0,0,0,0,162,254,207,20,0,0,0,0,0,0,0,0,0,0,0,0,0,0,0,0,183,207,20,0,0,0,0,0,0,0,0,0,0,0,0,4
0,0,0,0,0,0,0,0,0,0,0,0,0,0,0,0,0,0,0,0,0,0,0,0,0,0,0,0,0,0,0,0,0,0,0,0,0,0,0,0,0,0,0,0,0,0,0,0,0,0,0,0,0,0,0,0,0,0,0,0,0,0,0,0,0,0,0,0,0,0,0,0,0,0,0,0,0,0,0,0,165,220,243,254,254,254,208,255,254,255,255,243,146,236,180,12,0,0,0,0,253,253,253,253,253,253,253,253,253,253,253,253,253,253,253,153,0,0,0,0,253,253,253,253,253,253,253,253,253,253,253,253,253,253,253,183,0,0,0,0,166,129,199,210,128,223,253,219,229,210,210,215,253,253,253,183,0,0,0,0,0,0,0,0,0,32,133,37,28,0,0,7,193,253,253,183,0,0,0,0,0,0,0,0,0,0,0,0,0,0,0,0,173,253,253,183,0,0,0,0,0,0,0,0,0,0,0,0,0,0,0,0,173,253,253,183,0,0,0,0,0,0,0,0,0,0,0,0,0,0,0,0,173,253,242,75,0,0,0,0,0,0,0,0,0,0,0,0,0,0,0,0,173,253,221,0,0,0,0,0,0,0,0,0,0,0,0,0,0,0,0,18,225,253,242,48,0,0,0,0,0,0,0,0,0,0,0,0,0,0,0,28,253,253,242,48,0,0,0,0,0,0,0,0,0,0,0,0,0,0,0,129,253,253,221,0,0,0,0,0,0,0,0,0,0,0,0,0,0,0,0,135,253,253,221,0,0,0,0,0,0,0,0,0,0,0,0,0,0,0,0,223,253,253,221,0,0,0,0,0,0,0,0,0,0,0,0,0,0,0,0,244,253,253,209,0,0,0,0,0,0,0,0,0,0,0,0,0,0,0,0,244,253,253,140,0,0,0,0,0,7
0,0,0,0,0,0,0,0,0,0,0,0,0,0,0,0,0,0,0,0,0,0,0,0,0,0,0,0,0,0,0,0,15,66,66,49,0,0,0,0,0,0,0,0,0,0,0,0,0,0,0,59,193,253,225,184,11,0,0,0,0,0,0,0,0,0,0,0,0,2,128,236,188,70,15,0,0,0,0,0,0,0,0,0,0,0,0,0,0,111,253,168,3,0,0,0,0,0,0,0,0,0,0,0,0,0,0,0,60,238,165,6,0,0,0,0,0,41,169,209,0,0,0,0,0,0,0,54,206,165,9,0,0,0,0,12,117,235,143,21,0,0,0,0,0,0,27,236,168,6,0,0,0,10,85,226,209,65,0,0,0,0,0,0,0,0,184,226,34,0,0,0,34,196,232,103,15,0,0,0,0,0,0,0,0,32,234,63,0,0,0,52,186,218,48,0,0,0,0,0,0,0,0,0,0,170,180,0,0,0,84,234,211,10,0,0,0,0,0,0,0,0,0,0,0,255,63,0,0,131,249,156,4,0,0,0,0,0,0,0,0,0,0,0,0,254,91,2,163,244,95,0,0,0,0,0,0,0,0,0,0,0,0,0,0,177,244,164,250,94,0,0,0,0,0,0,0,0,0,0,0,0,0,0,0,22,234,253,165,6,0,0,0,0,0,0,0,0,0,0,0,0,0,0,0,0,225,253,253,166,9,0,0,0,0,0,0,0,0,0,0,0,0,0,0,0,218,248,168,251,124,0,0,0,0,0,0,0,0,0,0,0,0,0,0,0,66,250,60,200,206,0,0,0,0,0,0,0,0,0,0,0,0,0,0,0,30,240,247,252,178,0,0,0,0,0,0,0,0,0,0,0,0,0,0,0,0,103,193,120,21,0,0,0,0,0,0,0,0,0,8
0,0,0,0,0,0,0,0,0,0,255,255,255,255,191,0,0,0,0,0,0,0,0,0,0,0,0,0,128,255,255,255,255,255,128,0,0,0,0,0,0,0,0,0,0,0,0,128,255,255,255,255,255,64,0,0,0,0,0,0,0,0,0,0,0,0,191,255,255,255,255,64,0,0,0,0,0,0,0,0,0,0,0,0,0,191,255,255,255,255,128,0,0,0,0,0,0,0,0,0,0,0,0,0,255,255,255,255,255,128,0,0,0,0,0,0,0,0,0,0,0,0,0,128,255,255,255,255,128,0,0,0,0,0,64,128,128,128,64,0,0,0,64,255,255,255,255,255,128,0,0,64,128,255,255,255,255,255,255,0,0,0,191,255,255,255,255,255,0,0,128,191,255,255,255,255,255,255,255,64,0,0,255,255,255,255,255,0,0,191,255,255,255,255,255,255,255,255,255,255,0,128,255,255,255,191,64,0,64,255,255,255,255,128,128,128,128,255,255,255,0,128,255,255,255,128,0,0,128,255,255,191,0,0,0,0,128,255,255,255,0,128,255,255,255,191,0,0,191,255,255,128,0,0,64,191,255,255,255,255,0,0,255,255,255,255,64,128,255,255,255,128,64,128,255,255,255,255,255,191,0,0,128,255,255,255,255,255,255,255,255,255,255,255,255,255,255,255,255,0,0,0,0,191,255,255,255,255,255,255,255,255,255,255,255,255,255,255,191,0,0,0,0,0,191,255,255,255,255,255,255,255,255,255,255,255,255,64,0,0,0,0,0,0,0,64,128,255,255,255,255,255,255,255,128,0,0,0,0,0,0,0,0,0,0,0,0,0,0,0,0,0,0,0,0,0,0,0,0,0,0,0,0,0,0,0,0,0,0,0,0,0,0,0,0,0,0,0,0,0,6
0,0,0,0,0,91,218,254,254,254,254,254,254,254,254,97,1,0,0,0,0,0,0,0,0,168,254,254,254,249,236,236,236,252,254,255,97,1,0,0,0,0,0,0,0,70,190,202,105,77,0,0,0,91,225,255,254,24,0,0,0,0,0,0,0,0,0,0,0,0,0,0,0,0,39,225,254,150,1,0,0,0,0,0,0,0,0,0,0,0,0,0,0,0,0,107,254,254,6,0,0,0,0,0,0,0,0,0,0,0,0,0,0,0,0,128,254,176,2,0,0,0,0,0,0,0,0,0,0,0,0,0,0,0,0,231,254,136,0,0,0,0,0,0,0,0,0,0,0,0,0,0,0,0,99,248,254,48,0,0,0,0,0,0,0,0,0,0,0,0,0,0,0,23,232,254,227,9,0,0,0,0,0,0,0,0,0,0,0,0,0,0,24,198,254,226,43,0,0,0,0,0,0,0,0,0,0,0,0,0,0,0,125,254,254,112,0,0,0,0,0,0,0,0,0,0,0,0,0,0,0,166,246,254,134,5,0,0,0,0,0,0,0,0,0,0,18,69,0,24,185,246,254,133,5,0,0,0,0,0,0,0,56,94,94,176,225,247,218,228,254,254,179,6,0,0,0,0,0,0,107,224,242,254,254,254,254,254,254,254,254,254,244,179,61,0,0,0,0,0,254,255,255,241,164,254,255,254,254,254,254,254,254,254,245,179,60,0,0,0,254,254,181,143,240,254,232,115,18,18,18,58,181,254,254,254,247,119,3,0,254,254,254,254,254,176,49,0,0,0,0,0,4,58,241,254,254,254,125,0,73,139,193,178,51,2,0,0,0,0,0,0,0,0,54,182,254,254,69,0,0,0,0,0,0,0,0,0,0,0,0,0,0,0,0,0,0,0,0,0,2
0,0,0,0,0,0,0,0,0,0,0,0,0,0,0,0,0,0,0,0,0,0,1,7,25,130,215,166,222,255,255,154,88,1,0,0,0,0,0,0,0,1,98,253,253,253,253,253,253,253,253,253,253,43,0,0,0,0,0,0,0,9,185,253,253,241,235,235,204,205,235,250,253,160,0,0,0,0,0,0,0,0,11,165,105,36,0,0,0,0,0,205,253,160,0,0,0,0,0,0,0,0,0,0,0,0,0,0,0,0,10,211,253,160,0,0,0,0,0,0,0,0,0,0,0,0,0,0,0,11,101,253,240,76,0,0,0,0,0,0,0,0,0,0,0,0,0,0,11,161,253,253,145,0,0,0,0,0,0,0,0,0,0,0,0,0,0,0,147,253,253,173,14,0,0,0,0,0,0,0,0,0,0,0,0,0,63,180,234,253,253,49,0,0,0,0,0,0,0,0,0,0,0,0,0,63,232,253,253,253,253,99,41,0,0,0,0,0,0,0,0,0,0,0,0,62,198,253,253,253,253,253,232,147,42,0,0,0,0,0,0,0,0,0,0,0,11,143,88,116,152,179,241,253,232,56,0,0,0,0,0,0,0,0,0,0,0,0,0,0,0,0,111,253,253,148,0,0,0,0,0,0,0,0,0,0,0,0,0,0,0,0,88,253,253,148,0,0,0,0,0,0,0,0,0,0,0,0,0,46,0,0,132,253,253,148,0,0,0,0,0,0,0,0,0,0,0,0,104,178,0,32,228,253,253,100,0,0,0,0,0,0,0,0,0,0,0,103,247,185,83,213,253,253,112,3,0,0,0,0,0,0,0,0,0,0,47,248,253,249,249,253,253,157,17,0,0,0,0,0,0,0,0,0,0,0,27,219,253,253,253,253,170,2,0,0,0,0,0,0,3
0,0,0,0,0,0,0,0,0,0,0,0,0,0,0,0,0,0,0,0,0,0,0,0,0,0,0,0,0,0,0,0,0,0,0,0,0,0,0,0,0,0,0,0,0,0,0,0,0,12,101,136,136,189,254,255,232,46,0,0,0,0,0,0,0,0,0,1,103,217,253,253,253,253,253,253,253,188,0,0,0,0,0,0,0,0,23,168,253,253,253,253,253,253,253,253,253,188,0,0,0,0,0,0,0,59,203,253,253,253,237,182,128,129,65,78,229,188,0,0,0,0,0,0,25,223,253,253,253,197,71,0,0,0,0,0,166,241,85,0,0,0,0,0,122,253,253,251,81,11,0,0,0,0,0,63,202,253,244,31,0,0,0,52,251,253,253,189,0,0,0,0,0,6,73,249,253,253,171,2,0,0,0,54,253,253,253,199,142,142,142,142,142,243,253,253,253,217,23,0,0,0,0,20,213,253,253,253,253,253,253,253,253,253,253,253,226,157,0,0,0,0,0,0,57,172,247,253,253,253,253,253,253,253,251,180,27,0,0,0,0,0,0,0,0,0,52,59,59,127,253,253,253,219,168,0,0,0,0,0,0,0,0,0,0,0,0,0,9,139,253,253,253,149,3,0,0,0,0,0,0,0,0,0,0,0,0,3,181,253,253,253,159,13,0,0,0,0,0,0,0,0,0,0,0,0,55,188,253,253,223,88,1,0,0,0,0,0,0,0,0,0,0,0,0,0,176,253,253,253,126,0,0,0,0,0,0,0,0,0,0,0,0,0,14,144,243,253,249,131,27,0,0,0,0,0,0,0,0,0,0,0,0,39,203,253,253,252,116,0,0,0,0,0,0,0,0,0,0,0,0,0,12,174,253,253,218,112,0,0,0,0,0,0,0,0,0,0,0,0,9
0,0,0,0,0,0,0,0,0,0,0,19,252,166,0,0,0,0,0,0,0,0,0,0,0,0,0,0,0,0,41,220,254,85,0,0,0,0,0,0,0,0,0,0,0,0,0,0,0,0,68,254,199,3,0,0,0,0,0,0,0,0,0,0,0,0,0,0,0,0,156,254,66,0,0,0,0,0,0,0,0,0,0,0,0,0,0,0,0,1,166,254,109,0,0,0,0,0,0,0,0,0,0,0,0,0,0,0,0,6,254,255,109,0,0,0,0,0,0,0,0,0,0,0,0,0,0,0,0,6,254,254,17,0,0,0,0,0,0,0,0,0,0,0,0,0,0,0,0,74,254,230,4,0,0,0,0,0,0,0,0,0,0,0,0,0,0,0,0,112,254,111,0,0,0,0,0,0,0,0,0,0,0,0,0,0,0,0,13,222,254,52,0,0,0,0,0,0,0,0,0,0,0,0,0,0,0,0,63,254,254,52,0,0,0,0,0,0,0,0,0,0,0,0,0,0,0,0,63,254,246,43,0,0,0,0,0,0,0,0,0,0,0,0,0,0,0,0,141,254,202,0,0,0,0,0,0,0,0,0,0,0,0,0,0,0,0,0,167,254,147,0,0,0,0,0,0,0,0,0,0,0,0,0,0,0,0,0,167,254,99,0,0,0,0,0,0,0,0,0,0,0,0,0,0,0,0,8,210,254,99,0,0,0,0,0,0,0,0,0,0,0,0,0,0,0,0,16,254,254,168,0,0,0,0,0,0,0,0,0,0,0,0,0,0,0,0,16,254,254,155,0,0,0,0,0,0,0,0,0,0,0,0,0,0,0,0,16,254,251,36,0,0,0,0,0,0,0,0,0,0,0,0,0,0,0,0,10,219,206,0,0,0,0,0,0,0,0,0,0,1
0,0,0,0,0,0,0,0,0,0,0,0,0,0,0,0,0,0,0,0,0,0,0,0,0,0,0,0,0,0,0,0,0,0,0,0,0,0,0,0,0,0,0,0,0,0,0,0,0,0,211,239,0,0,0,0,0,0,0,0,0,0,0,0,8,61,4,0,0,0,209,250,138,7,0,0,0,0,0,0,0,0,0,0,39,253,117,4,0,69,238,253,253,38,0,0,0,0,0,0,0,0,0,0,179,253,253,129,0,106,253,253,253,178,0,0,0,0,0,0,0,0,0,0,179,253,253,248,92,105,253,253,253,178,0,0,0,0,0,0,0,0,0,0,179,253,253,253,210,211,253,253,253,178,0,0,0,0,0,0,0,0,0,0,179,253,253,253,253,254,253,253,253,178,0,0,0,0,0,0,0,0,0,0,179,253,253,253,253,255,253,253,253,178,0,0,0,0,0,0,0,0,0,0,65,253,253,253,253,254,253,253,253,178,0,0,0,0,0,0,0,0,0,0,30,253,253,253,253,254,253,253,253,178,0,0,0,0,0,0,0,0,0,0,0,0,142,149,149,194,254,254,254,179,0,0,0,0,0,0,0,0,0,0,0,0,0,0,0,105,253,253,253,178,0,0,0,0,0,0,0,0,0,0,0,0,0,0,0,99,250,253,253,178,0,0,0,0,0,0,0,0,0,0,0,0,0,0,0,0,209,253,253,178,0,0,0,0,0,0,0,0,0,0,0,0,0,0,0,0,209,253,253,178,0,0,0,0,0,0,0,0,0,0,0,0,0,0,0,0,209,253,253,178,0,0,0,0,0,0,0,0,0,0,0,0,0,0,0,0,209,253,253,178,0,0,0,0,0,0,0,0,0,0,0,0,0,0,0,0,210,253,253,178,0,0,0,0,0,0,4
0,0,0,0,0,0,0,0,118,254,210,0,0,0,0,0,0,0,0,0,0,0,0,0,0,0,0,120,243,253,251,111,111,83,6,0,0,0,0,0,0,0,0,0,0,8,137,249,253,253,253,253,253,253,200,19,0,0,0,0,0,0,0,2,50,214,254,253,254,242,192,134,139,247,254,160,0,0,0,0,0,0,0,21,253,253,253,167,79,33,0,0,0,169,254,144,0,0,0,0,0,0,0,2,123,212,91,2,0,0,0,0,77,246,251,66,0,0,0,0,0,0,0,0,0,0,0,67,66,85,85,147,243,253,156,0,0,0,0,0,0,0,0,0,0,88,212,251,250,253,253,253,253,199,19,0,0,0,0,0,0,0,0,0,95,248,253,253,254,253,253,254,253,84,0,0,0,0,0,0,0,0,0,0,140,249,217,188,104,6,4,91,246,223,18,0,0,0,0,0,0,0,0,0,0,45,14,0,0,0,0,0,214,253,110,0,0,0,0,0,0,0,0,0,0,0,0,0,0,0,0,0,215,253,129,0,0,0,0,0,0,0,0,0,0,0,0,0,0,0,0,0,214,253,128,0,0,0,0,0,0,0,0,0,0,0,0,0,0,0,0,0,214,253,128,0,0,0,0,0,0,0,0,0,0,0,19,26,26,124,124,49,234,253,80,0,0,0,0,0,0,0,0,0,0,124,233,253,253,253,253,253,253,253,61,0,0,0,0,0,0,0,0,3,133,252,242,163,120,198,254,254,254,253,244,122,0,0,0,0,0,0,0,21,253,253,159,145,190,227,253,254,183,253,254,173,0,0,0,0,0,0,0,21,254,253,254,253,254,254,233,86,2,76,197,143,0,0,0,0,0,0,0,5,152,253,253,253,177,134,32,0,0,0,0,0,0,0,0,0,3
0,0,0,0,0,0,0,29,130,237,156,39,0,0,0,0,0,0,0,0,0,0,0,0,0,0,8,197,252,253,252,247,190,111,0,0,0,0,0,0,0,0,0,0,0,0,2,29,109,127,126,242,252,155,9,0,0,0,0,0,0,0,0,0,0,0,15,204,169,27,0,135,252,252,204,69,0,0,0,0,0,0,0,0,0,0,13,217,252,194,0,4,113,235,253,239,62,0,0,0,0,0,0,0,0,0,0,0,150,254,218,12,0,45,131,253,253,183,25,0,0,0,0,0,0,0,0,0,27,138,252,91,0,0,11,170,252,252,42,0,0,0,0,0,0,0,0,0,0,22,221,242,42,0,0,85,252,247,38,0,0,0,0,0,0,0,0,0,0,0,120,252,84,0,11,171,252,162,0,0,0,0,0,0,0,0,0,0,0,0,50,244,84,0,43,252,244,49,0,0,0,0,0,0,0,0,0,0,0,0,0,233,227,104,210,253,65,0,0,0,0,0,0,0,0,0,0,0,0,0,29,239,252,252,253,189,14,0,0,0,0,0,0,0,0,0,0,0,9,39,213,252,252,190,109,5,0,0,0,0,0,0,0,0,0,0,0,114,204,253,252,247,119,14,0,0,0,0,0,0,0,0,0,0,0,36,115,239,252,253,252,99,0,0,0,0,0,0,0,0,0,0,0,18,123,253,253,225,202,255,186,9,0,0,0,0,0,0,0,0,0,0,22,199,253,252,122,104,242,222,16,0,0,0,0,0,0,0,0,0,0,20,202,252,223,47,84,246,199,62,0,0,0,0,0,0,0,0,0,0,22,202,252,155,35,84,246,210,66,0,0,0,0,0,0,0,0,0,0,0,199,252,155,7,124,242,244,49,0,0,0,0,0,0,0,0,0,0,0,0,8
0,0,0,0,0,0,0,0,0,0,0,0,0,0,0,0,0,0,0,0,0,0,0,0,0,0,0,0,0,0,0,0,0,0,0,137,226,181,0,0,0,0,0,0,0,0,0,0,0,0,0,0,0,1,105,249,216,86,0,0,0,0,0,0,0,0,0,0,0,0,0,0,0,106,254,213,27,0,0,0,0,0,0,0,0,0,0,0,0,0,0,1,108,249,213,29,0,0,0,0,0,0,0,0,0,0,0,0,0,0,0,35,254,214,27,0,0,0,0,0,0,0,0,0,0,0,0,0,0,0,26,221,247,45,0,0,0,0,0,0,0,0,0,0,0,0,0,0,0,0,156,254,161,0,0,0,0,0,0,0,0,0,0,0,0,0,0,0,0,69,253,234,6,0,0,0,0,0,0,0,0,0,0,0,0,0,0,0,16,217,236,55,0,0,0,0,0,0,0,0,0,0,0,0,0,0,0,0,138,254,126,0,0,0,0,0,0,0,0,0,0,0,0,0,0,0,0,2,182,215,3,0,0,0,0,0,0,0,0,0,0,0,0,0,0,0,0,148,254,135,0,0,0,0,0,0,0,0,0,0,0,0,0,0,0,0,2,189,215,10,0,0,0,0,0,0,0,0,0,0,0,0,0,0,0,0,125,254,115,0,0,0,0,0,0,0,0,0,0,0,0,0,0,0,0,0,230,246,25,0,0,0,0,0,0,0,0,0,0,0,0,0,0,0,0,24,238,138,0,0,0,0,0,0,0,0,0,0,0,0,0,0,0,52,106,128,255,70,0,0,0,0,0,0,0,0,0,0,0,0,0,0,0,0,0,175,232,18,0,0,0,0,0,0,0,0,0,0,0,0,0,0,0,0,20,252,207,0,0,0,0,0,0,0,0,0,0,0,0,0,1
0,0,0,0,0,0,0,0,0,0,0,0,25,141,249,253,253,253,253,247,0,0,0,0,0,0,0,0,0,0,0,84,207,253,253,253,253,187,135,12,0,0,0,0,0,0,0,0,0,0,0,189,253,253,183,132,19,8,0,0,0,0,0,0,0,0,0,0,0,79,199,224,128,25,9,0,0,0,0,0,0,0,0,0,0,0,0,0,183,247,253,81,0,0,0,0,0,0,0,0,0,0,0,0,0,0,31,128,247,253,231,43,0,0,0,0,0,0,0,0,0,0,0,0,0,0,92,253,229,138,34,0,0,0,0,0,0,0,0,0,0,0,0,0,0,0,196,253,197,15,0,0,0,0,0,0,0,0,0,0,0,0,0,0,0,0,188,253,253,170,49,0,0,0,0,0,0,0,0,0,0,0,0,0,0,0,71,214,253,253,237,79,0,0,0,0,0,0,0,0,0,0,0,0,0,0,0,24,178,243,253,237,78,0,0,0,0,0,0,0,0,0,0,0,0,0,0,0,0,99,243,253,210,14,0,0,0,0,0,0,0,0,0,0,0,0,0,0,0,0,99,243,253,164,0,0,0,0,0,0,0,0,0,0,0,0,0,0,0,0,0,165,244,237,54,0,0,0,0,0,0,0,153,89,0,0,0,0,0,0,0,20,190,253,84,0,0,0,0,0,0,10,248,208,150,33,20,20,20,20,54,227,253,226,35,0,0,0,0,0,0,54,250,253,253,253,253,253,253,253,253,253,250,129,0,0,0,0,0,0,0,0,242,250,253,253,253,253,253,253,252,216,93,0,0,0,0,0,0,0,0,0,0,54,244,253,253,253,253,149,92,0,0,0,0,0,0,0,0,0,0,0,0,0,0,0,0,0,0,0,0,0,0,0,0,0,0,0,0,0,5
0,0,0,0,0,0,0,0,0,0,0,0,0,0,0,0,0,0,0,0,0,0,0,0,0,0,0,0,0,63,145,0,0,0,0,0,0,0,0,0,0,0,0,0,0,0,0,21,176,237,238,72,0,0,0,0,11,73,42,0,0,0,0,0,0,0,16,181,252,252,253,231,51,0,16,37,68,252,222,129,0,0,0,0,0,84,191,252,252,252,253,252,175,144,191,252,252,252,253,97,0,0,0,0,0,144,252,252,215,0,109,252,252,252,253,252,252,252,253,35,0,0,0,0,32,237,252,252,91,0,15,35,35,35,180,242,252,252,119,5,0,0,0,0,37,252,252,252,71,0,0,0,0,0,16,222,252,148,0,0,0,0,0,0,16,190,252,252,154,0,0,0,0,0,191,252,231,46,0,0,0,0,0,0,0,84,191,253,253,253,63,0,0,63,255,253,154,0,0,0,0,0,0,0,0,0,15,77,190,252,238,217,134,237,253,189,10,0,0,0,0,0,0,0,0,0,0,0,32,236,253,252,252,252,217,71,0,0,0,0,0,0,0,0,0,0,0,0,21,206,253,252,252,252,0,0,0,0,0,0,0,0,0,0,0,1,109,109,212,253,255,253,253,108,0,0,0,0,0,0,0,0,0,0,73,217,252,252,252,252,253,252,220,15,0,0,0,0,0,0,0,0,0,53,232,252,252,220,112,71,170,252,236,62,0,0,0,0,0,0,0,0,0,73,252,252,189,15,0,84,253,252,215,0,0,0,0,0,0,0,0,0,0,73,253,253,47,109,212,253,255,253,154,0,0,0,0,0,0,0,0,0,0,73,252,252,232,252,252,252,222,179,51,0,0,0,0,0,0,0,0,0,0,63,241,252,252,252,226,215,41,0,0,0,0,0,0,0,0,0,8
0,0,0,0,0,0,0,0,0,0,0,0,0,0,0,0,0,0,0,0,0,0,0,0,0,0,0,0,0,0,0,0,0,0,0,0,12,236,235,38,0,0,0,0,0,0,0,0,0,0,0,67,67,158,114,0,118,253,193,20,0,0,0,0,0,0,0,0,0,75,148,254,253,253,250,119,244,253,99,0,0,0,0,0,0,0,8,124,200,251,253,252,231,250,253,249,253,238,47,0,0,0,0,0,0,13,173,253,253,253,205,77,0,186,253,253,253,60,0,0,0,0,0,0,0,142,253,253,199,83,7,0,0,95,249,253,222,14,0,0,0,0,0,0,1,170,253,190,9,0,0,2,41,231,253,198,14,0,0,0,0,0,0,0,42,253,253,113,0,0,0,53,253,253,220,35,0,0,0,0,0,0,0,0,133,253,253,22,0,0,117,226,253,223,36,0,0,0,0,0,0,0,0,0,85,253,253,166,0,117,249,254,224,39,0,0,0,0,0,0,0,0,0,0,10,190,254,254,254,254,254,145,0,0,0,0,0,0,0,0,0,0,0,0,0,17,186,253,253,253,253,30,0,0,0,0,0,0,0,0,0,0,0,0,0,0,89,253,253,253,253,215,31,0,0,0,0,0,0,0,0,0,0,0,2,95,223,238,54,181,253,255,134,0,0,0,0,0,0,0,0,0,0,0,120,253,234,55,0,27,232,254,187,0,0,0,0,0,0,0,0,0,0,79,251,234,60,0,0,28,232,254,148,0,0,0,0,0,0,0,0,0,32,222,252,93,0,0,0,179,253,253,74,0,0,0,0,0,0,0,0,0,86,253,163,0,0,2,64,228,253,134,0,0,0,0,0,0,0,0,0,0,143,253,219,188,188,191,253,253,220,0,0,0,0,0,0,0,0,0,8
0,0,0,0,0,0,0,0,0,0,0,0,0,0,0,0,0,0,0,0,0,0,0,0,0,0,0,21,34,82,144,173,254,148,65,0,0,0,0,0,0,0,0,0,15,67,168,224,253,224,196,253,253,253,237,38,0,0,0,0,0,0,0,0,100,253,205,154,72,25,6,44,44,202,253,55,0,0,0,0,0,0,0,0,31,83,6,0,0,0,0,0,0,142,253,55,0,0,0,0,0,0,0,0,0,0,0,0,0,0,0,0,90,250,193,19,0,0,0,0,0,0,0,0,0,0,0,0,0,0,0,92,244,246,57,0,0,0,0,0,0,0,0,0,0,0,0,0,4,12,185,247,205,121,0,0,0,0,0,0,0,0,0,0,0,0,0,28,156,253,254,145,60,0,0,0,0,0,0,0,0,0,0,0,0,28,179,228,253,253,255,130,48,0,0,0,0,0,0,0,0,0,0,0,49,232,253,253,253,253,254,253,241,58,0,0,0,0,0,0,0,0,0,0,0,88,111,44,0,0,15,197,254,232,0,0,0,0,0,0,0,0,0,0,0,0,0,0,0,0,0,21,194,247,91,0,0,0,0,0,0,0,0,0,0,0,0,0,0,0,0,0,100,253,220,22,0,0,0,0,0,0,0,0,0,0,0,0,0,0,0,0,100,253,253,55,0,0,0,0,0,0,0,0,0,0,0,0,0,0,0,0,100,253,253,55,0,0,0,0,0,0,0,0,0,0,0,0,0,0,0,0,138,253,210,12,0,0,0,0,0,0,0,0,0,0,0,0,0,0,2,118,250,238,104,0,0,0,0,0,0,0,0,0,10,29,0,0,33,45,168,253,236,52,0,0,0,0,0,0,0,0,0,0,137,231,188,188,237,253,244,99,40,0,0,0,0,0,0,0,3
0,0,0,0,0,0,0,0,0,0,0,0,0,0,0,0,0,0,0,0,0,0,0,0,0,0,0,0,0,0,0,0,0,0,0,0,0,0,0,0,0,0,0,0,0,0,0,0,0,0,0,0,0,0,0,0,0,0,0,0,5,108,180,253,255,253,201,253,148,24,24,7,0,0,0,0,0,0,0,0,120,252,252,252,253,252,252,252,252,253,252,186,120,47,22,0,0,0,0,0,65,202,227,183,184,196,252,252,252,253,252,252,252,252,216,163,51,0,0,0,0,13,29,0,0,9,45,45,98,161,219,252,252,252,253,252,240,80,0,0,0,0,0,0,0,0,0,0,0,0,15,22,22,75,253,252,252,160,0,0,0,0,0,0,0,0,0,0,0,0,0,0,0,0,34,253,253,161,0,0,0,0,0,0,0,0,0,0,0,0,0,0,0,0,212,252,240,79,0,0,0,0,0,0,0,0,0,0,0,0,0,0,0,116,253,252,183,0,0,0,0,0,0,0,0,0,0,0,0,0,0,0,76,248,253,252,89,0,0,0,0,0,0,0,0,0,0,0,0,0,0,32,218,252,253,157,6,0,0,0,0,0,0,0,0,0,0,0,0,0,5,191,253,253,158,0,0,0,0,0,0,0,0,0,0,0,0,0,0,5,136,252,252,231,0,0,0,0,0,0,0,0,0,0,0,0,0,0,0,55,252,252,227,100,0,0,0,0,0,0,0,0,0,0,0,0,0,0,43,233,252,252,160,0,0,0,0,0,0,0,0,0,0,0,0,0,0,0,116,253,252,221,35,0,0,0,0,0,0,0,0,0,0,0,0,0,0,51,243,255,253,69,0,0,0,0,0,0,0,0,0,0,0,0,0,0,0,166,252,253,244,56,0,0,0,0,0,0,0,0,7
0,0,0,0,0,0,0,0,0,0,0,0,0,0,0,0,0,0,0,0,0,0,0,0,0,0,0,0,0,0,0,0,0,0,0,0,0,0,0,0,0,0,0,0,0,0,0,0,0,0,67,204,254,254,161,2,0,0,0,0,0,0,0,0,0,0,0,0,5,97,254,253,203,226,254,99,0,0,0,0,0,0,0,0,0,0,0,0,117,254,216,85,0,78,249,130,0,0,0,0,0,0,0,0,0,0,0,100,250,216,37,0,0,0,205,167,0,0,0,0,0,0,0,0,0,0,60,249,218,62,0,0,0,107,244,123,0,0,0,0,0,0,0,0,0,26,199,241,66,0,0,0,80,245,254,123,0,0,0,0,0,0,0,0,0,114,254,125,0,0,0,79,245,254,254,123,0,0,0,0,0,0,0,0,38,250,202,3,0,0,125,247,254,254,230,25,0,0,0,0,0,0,0,0,142,254,96,0,22,153,254,249,235,254,135,0,0,0,0,0,0,0,0,0,205,238,41,104,217,254,223,63,210,254,130,0,0,0,0,0,0,0,0,0,203,254,254,254,252,140,0,73,254,243,32,0,0,0,0,0,0,0,0,0,49,227,254,228,84,0,0,130,254,162,0,0,0,0,0,0,0,0,0,0,0,13,65,49,0,0,41,235,254,131,0,0,0,0,0,0,0,0,0,0,0,0,0,0,0,0,102,254,232,32,0,0,0,0,0,0,0,0,0,0,0,0,0,0,0,0,212,254,133,0,0,0,0,0,0,0,0,0,0,0,0,0,0,0,0,43,254,245,32,0,0,0,0,0,0,0,0,0,0,0,0,0,0,0,0,101,255,165,0,0,0,0,0,0,0,0,0,0,0,0,0,0,0,0,0,185,254,134,0,0,0,0,0,0,0,0,9
0,0,0,0,11,87,138,222,253,253,255,232,138,97,3,0,0,0,0,0,0,0,0,132,203,253,252,240,206,206,207,206,240,252,43,0,0,0,0,0,0,0,0,150,183,69,69,50,0,0,0,0,82,240,221,32,0,0,0,0,0,0,0,0,0,0,0,0,0,0,0,0,0,207,252,116,0,0,0,0,0,0,0,0,0,0,0,0,0,0,0,0,0,207,252,116,0,0,0,0,0,0,0,0,0,0,0,0,0,0,0,0,38,233,253,0,0,0,0,0,0,0,0,0,0,0,0,0,0,0,0,9,155,252,178,0,0,0,0,0,0,0,0,0,0,0,0,0,0,0,0,47,252,252,106,0,0,0,0,0,0,0,0,0,0,0,0,0,0,0,0,140,252,218,14,0,0,0,0,0,0,0,0,0,0,0,0,0,0,0,74,244,252,56,0,0,0,0,0,0,0,0,0,0,0,0,0,0,0,11,149,253,205,21,0,0,0,0,0,0,0,0,0,0,0,0,0,0,0,189,253,202,25,0,0,0,0,0,0,0,0,0,0,0,0,0,0,0,100,246,247,67,0,0,0,0,0,0,0,0,0,0,0,0,0,0,0,100,244,252,94,0,0,0,0,0,0,0,0,0,0,0,0,0,0,0,95,246,252,95,0,0,0,0,0,0,0,0,0,0,0,0,0,0,0,45,253,247,94,0,0,0,0,0,0,0,0,0,0,0,0,0,0,0,43,253,252,123,47,47,47,47,13,0,0,0,0,0,0,0,0,0,0,68,246,253,252,221,252,252,253,252,202,184,184,70,25,0,0,0,0,0,0,187,252,253,252,252,252,252,253,252,252,252,252,253,185,0,0,0,0,0,0,155,252,190,137,54,22,22,23,22,107,137,85,23,18,0,0,0,2
0,0,0,0,0,0,0,0,0,0,0,0,0,0,0,0,0,0,0,0,0,0,0,0,0,0,0,0,0,0,0,0,0,0,0,0,0,0,0,0,0,0,0,0,0,0,0,0,0,0,0,0,0,0,0,0,0,0,0,0,0,0,0,0,0,0,0,0,0,0,0,0,0,0,0,0,0,0,0,0,0,0,0,0,0,0,0,0,0,0,0,0,90,213,157,0,0,0,0,0,241,135,85,74,40,0,57,52,108,108,149,241,250,253,226,0,0,0,0,0,253,253,248,245,237,228,241,241,253,253,253,253,253,253,250,96,0,0,0,0,253,253,253,253,253,253,253,254,253,253,142,39,155,253,253,107,0,0,0,0,53,158,186,186,186,186,186,187,186,66,9,0,54,253,253,107,0,0,0,0,0,0,0,0,0,0,0,0,0,0,0,0,54,253,253,107,0,0,0,0,0,0,0,0,0,0,0,0,0,0,0,0,54,253,253,107,0,0,0,0,0,0,0,0,0,0,0,0,0,0,0,0,68,253,250,95,0,0,0,0,0,0,0,0,0,0,0,0,0,0,0,0,187,253,242,62,0,0,0,0,0,0,0,0,0,0,0,0,0,0,0,0,187,253,253,107,0,0,0,0,0,0,0,0,0,0,0,0,0,0,0,0,188,255,255,107,0,0,0,0,0,0,0,0,0,0,0,0,0,0,0,0,187,253,228,6,0,0,0,0,0,0,0,0,0,0,0,0,0,0,0,0,187,253,226,0,0,0,0,0,0,0,0,0,0,0,0,0,0,0,0,0,187,253,226,0,0,0,0,0,0,0,0,0,0,0,0,0,0,0,0,0,187,253,226,0,0,0,0,0,0,0,0,0,0,0,0,0,0,0,0,0,89,253,226,0,0,0,0,0,7
0,0,0,0,0,0,0,0,0,15,163,254,254,254,216,12,0,0,0,0,0,0,0,0,0,0,0,0,0,0,100,253,253,253,253,70,0,0,0,0,0,0,0,0,0,0,0,0,0,0,12,127,253,253,253,22,0,0,0,0,0,0,0,0,0,0,0,0,0,0,35,228,253,253,158,1,0,0,0,0,0,0,0,0,0,0,0,0,0,0,91,253,253,241,43,0,0,0,0,0,0,0,0,0,0,0,0,0,0,114,237,253,253,112,0,0,0,0,0,0,0,0,0,0,0,0,0,0,10,197,253,253,128,8,0,0,0,0,0,0,0,0,0,0,0,0,0,48,241,254,253,253,10,0,0,0,0,0,0,0,0,0,0,0,0,0,0,54,244,254,253,253,78,0,0,0,0,0,0,0,0,0,0,0,0,0,0,0,221,254,253,253,251,125,0,0,0,0,0,0,0,0,0,0,0,0,0,0,0,112,139,234,254,254,118,0,0,0,0,0,0,0,0,0,0,0,0,0,0,0,0,31,246,253,188,6,0,0,0,0,0,0,0,0,0,0,0,0,0,0,0,0,243,253,253,22,0,0,0,0,0,0,0,0,0,0,0,0,0,0,0,9,244,253,207,11,0,0,0,0,0,0,0,0,0,0,0,0,0,0,15,181,253,253,165,0,0,0,0,0,0,0,0,0,0,0,0,0,0,65,213,253,253,253,127,0,0,0,0,0,0,0,0,0,9,12,31,122,218,245,253,253,252,145,5,0,0,0,0,0,0,0,33,155,232,253,253,253,253,255,253,253,97,0,0,0,0,0,0,0,0,0,44,193,253,253,253,253,253,254,199,85,3,0,0,0,0,0,0,0,0,0,0,8,120,196,253,253,157,81,10,0,0,0,0,0,0,0,0,0,3
0,0,0,0,0,0,0,0,0,0,0,0,0,0,0,0,0,0,0,0,0,0,0,0,0,0,0,0,0,0,0,0,0,0,0,0,0,0,0,0,0,0,0,0,0,0,0,0,0,0,0,0,0,0,0,0,0,0,0,0,0,0,0,0,0,0,0,0,0,0,0,0,0,0,0,0,0,0,0,0,0,0,0,0,0,0,0,0,0,0,0,0,0,0,0,0,0,0,102,142,0,0,0,0,0,0,0,0,0,0,214,131,52,132,152,152,254,253,255,253,0,0,0,0,0,0,0,0,21,183,253,252,253,252,253,252,253,252,253,252,0,0,0,0,0,0,0,0,132,253,254,213,203,162,102,102,41,0,0,82,0,0,0,0,0,0,0,123,253,252,172,10,0,0,0,0,0,0,0,0,0,0,0,0,0,0,132,253,254,253,234,30,0,0,0,0,0,0,0,0,0,0,0,0,21,183,253,252,253,252,253,131,0,0,0,0,0,0,0,0,0,0,51,152,52,253,254,233,203,243,254,151,0,0,0,0,0,0,0,0,0,0,193,252,132,131,131,30,21,223,253,111,0,0,0,0,0,0,0,0,0,0,254,253,123,0,0,0,72,253,254,50,0,0,0,0,0,0,0,0,0,0,253,252,41,0,21,142,233,252,172,10,0,0,0,0,0,0,0,0,0,0,254,253,132,173,254,253,244,162,0,0,0,0,0,0,0,0,0,0,0,0,213,252,253,252,253,212,81,0,0,0,0,0,0,0,0,0,0,0,0,0,21,183,203,162,41,0,0,0,0,0,0,0,0,0,0,0,0,0,0,0,0,0,0,0,0,0,0,0,0,0,0,0,0,0,0,0,0,0,0,0,0,0,0,0,0,0,0,0,0,0,0,0,0,0,0,0,0,0,5
0,0,0,0,0,0,0,0,0,0,0,0,116,157,0,0,0,0,0,0,0,0,0,0,0,0,0,0,0,0,0,0,235,36,0,0,0,0,0,0,0,0,0,0,0,0,0,0,0,0,0,93,208,0,0,0,0,0,0,0,0,0,0,0,0,0,0,0,0,0,0,185,151,0,0,0,0,0,0,0,0,0,0,0,0,0,0,0,0,0,16,231,98,0,0,0,0,0,0,0,0,0,0,0,0,0,0,0,0,0,100,254,86,0,0,0,0,0,0,0,0,0,0,0,0,0,0,0,0,0,135,240,15,0,0,0,0,0,0,0,0,0,0,0,0,0,0,0,0,0,196,195,0,0,0,0,0,0,0,0,0,0,0,0,0,0,0,0,0,26,254,118,0,0,0,0,0,0,0,0,0,0,0,0,0,0,0,0,0,38,218,117,0,0,0,0,0,0,0,0,0,0,0,0,0,0,0,0,0,117,245,42,0,0,0,0,0,0,0,0,0,0,0,0,0,0,0,0,0,176,166,0,0,0,0,0,0,0,0,0,0,0,0,0,0,0,0,0,0,207,136,0,0,0,0,0,0,0,0,0,0,0,0,0,0,0,0,0,37,254,136,0,0,0,0,0,0,0,0,0,0,0,0,0,0,0,0,0,79,255,95,0,0,0,0,0,0,0,0,0,0,0,0,0,0,0,0,0,127,236,5,0,0,0,0,0,0,0,0,0,0,0,0,0,0,0,0,0,157,157,0,0,0,0,0,0,0,0,0,0,0,0,0,0,0,0,0,0,193,156,0,0,0,0,0,0,0,0,0,0,0,0,0,0,0,0,0,50,251,91,0,0,0,0,0,0,0,0,0,0,0,0,0,0,0,0,0,23,194,31,0,0,0,0,0,0,0,0,0,0,1
0,0,0,0,0,0,0,0,0,0,0,0,0,0,0,0,0,0,0,0,0,0,0,0,0,0,0,0,0,0,0,0,0,0,0,0,0,0,0,0,0,0,0,0,0,0,0,0,0,0,0,0,0,0,0,0,0,0,0,0,0,0,0,79,109,109,109,109,109,110,109,109,191,255,253,253,253,110,15,0,0,0,0,181,252,252,252,252,252,253,252,252,252,253,252,252,252,253,159,0,0,0,0,72,215,231,241,215,215,217,215,112,71,72,71,98,252,253,179,0,0,0,0,0,0,47,77,0,0,0,0,0,0,0,1,120,252,253,97,0,0,0,0,0,0,0,0,0,0,0,0,0,0,0,134,252,252,206,20,0,0,0,0,0,0,0,0,0,0,0,0,0,0,32,227,252,210,104,0,0,0,0,0,0,0,0,0,0,0,0,0,0,21,212,252,226,31,0,0,0,0,0,0,0,0,0,0,0,0,0,0,21,206,253,252,132,0,0,0,0,0,0,0,0,0,0,0,0,0,0,32,212,253,255,119,0,0,0,0,0,0,0,0,0,0,0,0,0,0,0,115,252,252,119,5,0,0,0,0,0,0,0,0,0,0,0,0,0,0,99,242,252,148,0,0,0,0,0,0,0,0,0,0,0,0,0,0,0,84,253,252,148,46,0,0,0,0,0,0,0,0,0,0,0,0,0,0,16,191,255,180,0,0,0,0,0,0,0,0,0,0,0,0,0,0,0,0,161,252,222,45,0,0,0,0,0,0,0,0,0,0,0,0,0,0,0,73,232,252,41,0,0,0,0,0,0,0,0,0,0,0,0,0,0,0,63,237,252,252,0,0,0,0,0,0,0,0,0,0,0,0,0,0,0,1,171,253,237,62,0,0,0,0,0,0,0,0,0,0,0,7
0,0,0,0,0,0,0,0,0,0,0,0,0,0,0,0,0,0,0,0,0,0,0,0,0,0,0,0,0,0,6,134,203,254,255,254,185,3,0,0,0,0,0,0,0,0,0,0,0,63,197,254,253,253,253,253,218,25,0,0,0,0,0,0,0,0,0,0,61,199,253,253,205,96,96,96,96,31,95,21,0,0,0,0,0,0,0,17,185,253,230,81,0,0,0,0,73,198,253,87,0,0,0,0,0,0,35,194,253,175,38,0,0,0,0,102,236,253,184,41,0,0,0,0,0,0,148,242,179,34,0,0,0,0,0,153,253,253,99,0,0,0,0,0,0,30,222,253,99,0,0,0,0,30,206,240,253,86,30,0,0,0,0,0,0,30,222,253,99,0,0,0,126,223,253,253,191,7,0,0,0,0,0,0,0,30,222,253,140,10,53,231,243,253,253,140,17,0,0,0,0,0,0,0,0,0,194,253,253,243,248,254,253,218,11,9,0,0,0,0,0,0,0,2,13,186,254,254,254,254,254,249,161,0,0,0,0,0,0,0,0,0,0,19,213,253,253,253,253,253,253,110,0,0,0,0,0,0,0,0,0,0,4,68,253,245,217,217,231,253,253,151,0,0,0,0,0,0,0,0,0,0,36,207,253,169,0,0,33,105,248,250,73,0,0,0,0,0,0,0,0,0,88,253,253,129,0,0,0,31,158,252,140,0,0,0,0,0,0,0,0,0,53,253,253,164,0,0,0,0,64,248,52,0,0,0,0,0,0,0,0,0,5,175,253,242,147,0,0,37,165,202,0,0,0,0,0,0,0,0,0,0,0,100,253,253,243,177,98,222,253,179,0,0,0,0,0,0,0,0,0,0,0,31,213,253,253,253,253,253,201,70,0,0,0,0,0,0,0,0,8
0,0,0,0,0,1,25,130,155,254,254,254,157,30,2,0,0,0,0,0,0,0,0,0,8,103,253,253,253,253,253,253,253,253,114,2,0,0,0,0,0,0,0,11,208,253,253,253,253,253,253,253,253,253,253,107,0,0,0,0,0,0,0,31,253,253,253,253,253,253,253,253,253,253,253,215,101,3,0,0,0,0,23,210,253,253,253,248,161,222,222,246,253,253,253,253,253,39,0,0,0,0,136,253,253,253,229,77,0,0,0,70,218,253,253,253,253,215,91,0,0,5,214,253,253,253,195,0,0,0,0,0,104,224,253,253,253,253,215,29,0,116,253,253,253,247,75,0,0,0,0,0,0,26,200,253,253,253,253,216,0,254,253,253,253,195,0,0,0,0,0,0,0,0,26,200,253,253,253,253,0,254,253,253,253,99,0,0,0,0,0,0,0,0,0,25,231,253,253,253,0,254,253,253,253,99,0,0,0,0,0,0,0,0,0,0,223,253,253,253,0,254,253,253,253,99,0,0,0,0,0,0,0,0,0,0,127,253,253,253,0,254,253,253,253,99,0,0,0,0,0,0,0,0,0,0,139,253,253,253,0,254,253,253,253,99,0,0,0,0,0,0,0,0,0,78,248,253,253,253,0,254,253,253,253,216,34,0,0,0,0,0,0,0,33,152,253,253,253,107,0,206,253,253,253,253,140,0,0,0,0,0,30,139,234,253,253,253,154,2,0,16,205,253,253,253,250,208,106,106,106,200,237,253,253,253,253,209,22,0,0,0,82,253,253,253,253,253,253,253,253,253,253,253,253,253,209,22,0,0,0,0,1,91,253,253,253,253,253,253,253,253,253,253,213,90,7,0,0,0,0,0,0,1,18,129,208,253,253,253,253,159,129,90,4,0,0,0,0,0,0
0,0,0,0,0,0,0,0,0,0,0,0,0,0,0,0,0,0,0,0,0,0,0,0,0,0,0,0,0,0,0,0,0,0,0,0,0,0,0,0,0,0,0,0,0,0,0,0,0,15,83,194,216,169,103,83,79,0,0,0,0,0,0,0,0,0,0,34,194,209,254,254,254,254,254,254,250,101,0,0,0,0,0,0,0,64,160,238,254,254,193,111,26,47,29,109,235,249,27,0,0,0,0,0,88,242,254,223,24,13,3,0,0,0,0,0,48,234,239,23,0,0,67,204,253,239,93,14,0,0,0,0,0,0,0,0,8,225,253,54,0,0,181,254,239,31,0,0,0,0,0,0,0,0,0,0,84,254,254,82,0,138,254,125,19,0,0,0,0,0,0,0,0,0,5,128,248,253,166,9,17,252,239,10,0,0,0,0,0,0,0,0,0,6,62,233,254,213,27,0,55,253,107,0,0,0,0,0,0,0,0,19,105,176,254,254,227,10,0,0,55,253,230,52,73,4,44,113,44,118,159,206,225,254,254,246,77,0,0,0,42,185,240,254,254,195,227,254,247,201,71,88,82,254,254,123,0,0,0,0,0,0,30,129,75,133,56,47,39,0,0,29,212,254,191,34,0,0,0,0,0,0,0,0,0,0,0,0,0,0,0,131,254,243,33,0,0,0,0,0,0,0,0,0,0,0,0,0,0,29,155,244,241,69,0,0,0,0,0,0,0,0,0,0,0,0,0,0,12,199,254,244,88,0,0,0,0,0,0,0,0,0,0,0,0,0,0,34,213,254,239,50,0,0,0,0,0,0,0,0,0,0,0,0,0,0,8,227,254,252,117,0,0,0,0,0,0,0,0,0,0,0,0,0,0,23,214,255,254,118,0,0,0,0,0,0,0,0,0,0,9
0,0,0,0,0,0,0,0,0,0,0,0,0,0,0,0,0,0,0,0,0,0,0,0,0,0,0,0,0,0,0,0,0,0,0,0,0,0,0,189,0,0,0,0,0,0,0,0,0,0,0,71,0,0,0,0,0,0,100,247,0,0,0,0,0,0,0,0,0,0,41,232,54,0,0,0,0,93,247,242,0,0,0,0,0,0,0,0,0,41,225,252,35,0,0,0,54,218,231,86,0,0,0,0,0,0,0,0,71,232,252,121,0,0,0,0,211,236,54,0,0,0,0,0,0,0,0,43,183,253,199,62,0,0,13,174,253,132,0,0,0,0,0,0,0,0,116,227,252,201,21,0,0,0,136,252,137,0,0,0,0,0,0,0,2,48,232,253,236,72,0,0,4,22,232,205,39,62,0,0,0,0,0,0,119,252,252,154,21,0,0,0,139,252,245,169,239,229,27,0,0,0,0,0,232,252,252,167,106,106,106,150,253,252,252,252,252,229,27,0,0,0,25,227,253,253,253,254,253,253,253,253,255,253,250,211,124,0,0,0,0,0,11,170,252,252,252,253,252,252,252,252,204,89,58,0,0,0,0,0,0,0,0,7,118,126,126,69,156,252,238,99,9,0,0,0,0,0,0,0,0,0,0,0,0,0,0,139,252,212,28,0,0,0,0,0,0,0,0,0,0,0,0,0,0,0,132,253,217,29,0,0,0,0,0,0,0,0,0,0,0,0,0,0,4,69,236,247,97,0,0,0,0,0,0,0,0,0,0,0,0,0,0,0,92,252,217,97,0,0,0,0,0,0,0,0,0,0,0,0,0,0,0,43,242,252,94,0,0,0,0,0,0,0,0,0,0,0,0,0,0,0,0,112,221,119,14,0,0,0,0,0,0,0,0,0,0,0,0,0,4
0,0,0,0,37,102,186,204,102,102,102,92,0,0,0,0,0,0,0,0,0,0,9,47,217,254,254,254,254,254,254,250,202,159,44,0,0,0,0,0,0,0,47,254,254,254,254,254,254,254,254,254,254,254,248,81,0,0,0,0,0,0,47,254,254,254,119,7,7,7,7,21,161,187,254,252,210,34,0,0,0,0,47,254,254,225,28,0,0,0,0,0,0,17,73,254,254,216,112,0,0,0,131,254,254,130,0,0,0,0,0,0,0,39,146,254,254,254,146,0,0,0,202,254,254,61,0,0,0,0,0,0,0,123,254,254,254,254,249,43,0,0,202,254,186,17,0,0,0,0,0,18,186,247,254,240,231,254,254,46,0,0,202,254,161,0,0,0,0,0,0,104,254,254,254,138,63,255,254,126,0,0,202,254,161,0,0,0,0,0,119,248,254,254,193,12,6,171,254,200,0,0,202,254,161,0,0,0,0,13,235,254,254,205,26,0,0,163,254,200,0,0,202,254,161,0,0,0,0,132,254,254,254,110,0,0,31,208,254,200,0,0,202,254,187,17,0,0,71,240,254,248,110,4,0,0,105,254,254,64,0,0,98,254,254,164,0,0,186,254,254,222,0,0,1,87,242,254,248,43,0,0,47,254,254,233,53,0,186,254,254,77,0,32,126,254,254,255,146,0,0,0,36,228,254,254,116,74,244,254,236,64,63,209,254,254,254,116,22,0,0,0,0,54,251,254,204,194,254,255,179,126,254,254,254,251,209,34,0,0,0,0,0,0,182,254,254,254,254,254,254,254,254,254,254,138,0,0,0,0,0,0,0,0,74,208,254,254,254,254,254,254,254,206,97,25,0,0,0,0,0,0,0,0,0,16,100,246,254,255,254,240,100,12,0,0,0,0,0,0,0
0,0,0,0,0,0,0,29,213,252,252,253,252,161,0,0,0,0,0,0,0,0,0,0,0,0,0,182,252,252,235,232,238,251,86,0,0,0,0,0,0,0,0,0,0,0,0,190,252,183,14,0,28,212,189,0,0,0,0,0,0,0,0,0,0,0,0,190,252,84,0,0,0,127,189,0,0,0,0,0,0,0,0,0,0,0,0,116,247,70,0,0,0,66,200,7,0,0,0,0,0,0,0,0,0,0,0,0,53,0,0,0,0,22,252,42,0,0,0,0,0,0,0,0,0,0,0,0,0,0,0,0,0,2,175,95,0,0,0,0,0,0,0,0,0,0,0,0,0,0,0,0,0,0,169,147,0,0,0,0,0,0,0,0,0,0,0,0,0,0,0,0,0,0,169,147,0,0,0,0,0,0,0,0,0,0,0,0,0,0,0,0,0,13,218,147,0,0,0,0,0,0,0,0,0,0,0,0,0,0,0,0,0,101,252,147,0,0,0,0,0,0,0,0,0,0,0,0,73,127,127,171,127,190,252,138,0,0,0,0,0,0,0,0,0,0,29,169,246,252,252,253,252,252,210,14,0,0,0,0,0,0,0,0,0,89,219,252,252,252,252,253,252,252,215,18,0,0,0,0,0,0,0,0,64,253,254,204,106,106,185,255,253,253,253,209,0,0,0,0,0,0,0,0,64,252,253,89,43,112,242,253,252,210,224,252,116,0,0,0,0,0,0,0,64,252,253,237,242,252,252,253,157,19,41,170,220,27,0,0,0,0,0,0,21,198,253,252,252,252,252,128,21,0,0,0,35,0,0,0,0,0,0,0,0,18,165,252,252,226,103,0,0,0,0,0,0,0,0,0,0,0,0,0,0,0,0,0,0,0,0,0,0,0,0,0,0,0,0,0,2
0,0,0,0,0,0,0,0,0,0,0,0,0,0,0,0,0,0,0,0,0,0,0,0,0,0,0,0,0,0,0,0,0,0,0,0,0,0,0,0,0,0,0,0,0,0,45,229,254,255,255,199,121,24,0,0,0,0,0,0,0,0,0,0,25,127,227,253,253,253,253,253,253,185,68,0,0,0,0,0,0,0,1,24,205,253,252,128,32,32,32,88,213,253,250,120,0,0,0,0,0,0,6,253,253,253,140,0,0,0,0,0,79,253,253,227,44,0,0,0,0,0,87,253,253,129,25,0,0,0,0,17,232,253,253,253,183,2,0,0,0,0,114,253,184,4,0,0,0,0,4,170,253,253,253,223,134,3,0,0,0,0,114,253,253,27,0,0,0,11,124,253,253,253,253,188,0,0,0,0,0,0,31,253,253,110,0,0,80,168,253,253,253,253,253,188,0,0,0,0,0,0,6,240,253,244,166,208,252,253,248,229,217,253,253,181,0,0,0,0,0,0,0,16,172,248,253,253,253,195,59,22,253,253,253,81,0,0,0,0,0,0,0,0,0,48,121,79,54,20,0,22,253,253,253,81,0,0,0,0,0,0,0,0,0,0,0,0,0,0,0,78,253,253,240,40,0,0,0,0,0,0,0,0,0,0,0,0,0,0,0,155,253,253,201,0,0,0,0,0,0,0,0,0,0,0,0,0,0,0,0,238,253,253,119,0,0,0,0,0,0,0,0,0,0,0,0,0,0,0,10,240,253,253,107,0,0,0,0,0,0,0,0,0,0,0,0,0,0,0,93,253,253,253,10,0,0,0,0,0,0,0,0,0,0,0,0,0,0,0,93,253,253,253,10,0,0,0,0,0,0,0,0,0,0,0,0,0,0,0,107,253,253,144,1,0,0,0,0,0,9
0,0,0,0,0,0,0,0,0,0,0,0,0,0,0,0,0,0,0,0,0,0,0,0,0,0,0,0,0,0,23,192,195,254,254,210,25,0,0,0,0,0,0,0,0,0,0,0,0,0,49,253,253,253,253,253,181,0,0,0,0,0,0,0,0,0,0,0,0,0,34,227,253,253,253,253,150,0,0,0,0,0,0,0,0,0,0,0,0,0,11,184,253,253,253,235,43,0,0,0,0,0,0,0,0,0,0,0,0,0,49,253,253,253,253,170,0,0,0,0,0,0,0,0,0,0,0,0,0,0,49,253,253,253,253,89,0,0,0,0,0,0,0,0,0,0,0,0,0,0,120,253,253,253,253,34,0,0,0,0,0,0,0,0,0,0,0,0,0,30,215,253,253,253,93,1,0,0,0,0,0,0,0,0,0,0,0,0,0,192,253,253,253,253,13,0,0,0,0,0,0,0,0,0,0,0,0,0,74,244,253,253,253,219,10,0,0,0,0,0,0,0,0,0,0,0,0,81,209,253,253,253,222,35,0,0,0,0,0,0,0,0,0,0,0,0,0,111,253,253,253,253,109,0,0,0,0,0,0,0,0,0,0,0,0,0,4,189,253,253,253,234,47,0,0,0,0,0,0,0,0,0,0,0,0,7,190,253,253,253,230,46,0,0,0,0,0,0,0,0,0,0,0,0,0,14,253,253,253,253,149,0,0,0,0,0,0,0,0,0,0,0,0,0,57,166,253,253,253,186,46,0,0,0,0,0,0,0,0,0,0,0,0,14,192,253,253,253,231,36,0,0,0,0,0,0,0,0,0,0,0,0,13,162,253,253,253,253,141,0,0,0,0,0,0,0,0,0,0,0,0,0,76,253,253,253,253,184,10,0,0,0,0,0,0,0,0,0,0,0,1
0,0,0,0,0,0,0,0,114,254,54,0,0,0,0,0,0,0,0,0,0,0,0,0,0,0,0,0,230,254,54,0,0,0,0,0,0,0,0,0,0,0,0,0,0,0,0,0,236,254,54,0,0,0,0,0,0,0,0,0,0,0,0,0,0,0,0,0,126,254,93,0,0,0,0,0,0,0,0,0,0,0,0,0,0,0,0,0,55,254,210,0,0,0,0,0,0,0,0,0,0,0,0,0,0,0,0,0,55,254,145,0,0,0,0,0,0,0,0,0,0,0,0,0,0,0,0,0,43,246,144,0,0,0,0,0,0,0,0,0,0,0,0,0,0,0,0,0,48,249,223,0,0,0,0,0,0,0,0,0,0,0,0,0,0,0,0,0,12,226,235,0,0,0,0,0,0,0,0,0,0,0,0,0,0,0,0,0,20,231,235,0,0,0,0,0,0,0,0,0,0,0,0,0,0,0,0,0,0,219,236,0,0,0,0,0,0,0,0,0,0,0,0,0,0,0,0,0,0,218,239,16,0,0,0,0,0,0,0,0,0,0,0,0,0,0,0,0,0,218,254,72,0,0,0,0,0,0,0,0,0,0,0,0,0,0,0,0,0,146,254,143,0,0,0,0,0,0,0,0,0,0,0,0,0,0,0,0,0,63,254,228,0,0,0,0,0,0,0,0,0,0,0,0,0,0,0,0,0,0,201,255,92,0,0,0,0,0,0,0,0,0,0,0,0,0,0,0,0,0,128,254,158,4,0,0,0,0,0,0,0,0,0,0,0,0,0,0,0,0,10,217,254,77,0,0,0,0,0,0,0,0,0,0,0,0,0,0,0,0,0,72,248,242,200,76,0,0,0,0,0,0,0,0,0,0,0,0,0,0,0,0,73,215,162,16,0,0,0,0,1
0,0,0,0,0,0,0,0,0,0,0,178,193,50,0,0,0,0,0,0,0,0,0,0,0,0,0,0,0,0,13,180,253,247,214,46,0,0,0,0,0,0,0,0,0,0,0,0,0,99,224,247,199,253,253,165,0,0,0,0,0,0,0,0,0,0,4,70,189,248,229,85,6,167,253,227,21,0,0,0,0,0,0,0,0,0,58,253,253,177,23,0,0,40,253,254,151,0,0,0,0,0,0,0,0,82,254,235,90,0,0,0,0,40,231,156,234,0,0,0,0,0,0,0,46,239,236,27,0,0,0,0,0,21,46,74,242,36,0,0,0,0,0,13,183,235,86,0,0,0,0,0,0,0,0,127,253,78,0,0,0,0,0,129,253,142,0,0,0,0,0,0,0,0,0,171,253,78,0,0,0,0,0,212,215,23,0,0,0,0,0,0,0,0,0,254,253,78,0,0,0,0,102,254,155,0,0,0,0,0,0,0,0,0,0,255,211,0,0,0,0,0,175,253,73,0,0,0,0,0,0,0,0,0,46,254,128,0,0,0,0,0,175,253,58,0,0,0,0,0,0,0,0,0,128,254,39,0,0,0,0,0,86,253,111,0,0,0,0,0,0,0,0,22,226,244,33,0,0,0,0,0,18,238,155,0,0,0,0,0,0,0,0,40,253,157,0,0,0,0,0,0,0,175,216,0,0,0,0,0,0,0,0,159,254,0,0,0,0,0,0,0,0,129,253,128,0,0,0,0,0,0,74,250,200,0,0,0,0,0,0,0,0,28,235,236,125,0,0,0,19,124,229,225,18,0,0,0,0,0,0,0,0,0,90,254,251,204,136,136,201,253,195,23,0,0,0,0,0,0,0,0,0,0,0,81,200,253,253,253,193,111,18,0,0,0,0,0,0,0,0
0,0,0,0,0,0,0,0,0,0,0,0,0,0,0,0,0,0,0,0,0,0,0,0,0,0,0,0,0,0,0,0,0,0,0,0,0,0,0,0,0,0,0,0,0,0,0,0,86,170,200,135,3,0,0,0,0,0,0,0,0,0,0,0,0,0,4,139,245,158,156,221,192,28,0,0,0,0,0,0,0,0,0,0,0,0,153,248,57,0,0,31,219,174,0,0,0,0,0,0,0,0,0,0,0,50,247,115,0,0,0,0,70,226,7,0,0,0,0,0,0,0,0,0,0,198,226,13,0,0,0,0,25,254,49,0,0,0,0,0,0,0,0,0,22,235,86,0,0,0,0,0,41,248,40,0,0,0,0,0,0,0,0,0,32,245,33,0,0,0,0,0,108,165,30,0,0,0,0,0,0,0,0,0,0,214,81,0,0,0,0,0,17,175,205,0,0,0,0,0,0,0,0,0,0,190,227,39,0,0,0,0,25,254,189,0,0,0,0,0,0,0,0,0,0,20,207,250,146,56,3,88,200,233,20,0,0,0,0,0,0,0,0,0,0,0,0,97,215,247,251,253,255,82,0,0,0,0,0,0,0,0,0,0,0,0,0,0,0,0,24,181,230,0,0,0,0,0,0,0,0,0,0,0,0,0,0,0,0,0,4,212,168,0,0,0,0,0,0,0,0,0,0,0,0,0,0,0,0,0,9,254,111,0,0,0,0,0,0,0,0,0,0,0,0,0,0,0,0,0,49,246,34,0,0,0,0,0,0,0,0,0,0,0,0,0,0,0,0,0,91,238,0,0,0,0,0,0,0,0,0,0,0,0,0,0,0,0,0,0,136,238,0,0,0,0,0,0,0,0,0,0,0,0,0,0,0,0,0,0,99,238,0,0,0,0,0,0,0,0,9
0,0,0,0,0,0,0,0,0,0,0,177,253,88,0,0,0,0,0,0,0,0,0,0,0,0,0,0,0,0,9,196,252,230,0,0,0,0,0,0,0,0,0,0,0,0,0,0,0,0,34,252,252,230,0,0,0,0,0,0,0,0,0,0,0,0,0,0,0,0,148,252,252,116,0,0,0,0,0,0,0,0,0,0,0,0,0,0,0,0,253,252,252,10,0,0,0,0,0,0,0,0,0,0,0,0,0,0,0,0,253,252,218,7,0,0,0,0,0,0,0,0,0,0,0,0,0,0,0,54,253,252,153,0,0,0,0,0,0,0,0,0,0,0,0,0,0,0,0,111,253,252,153,0,0,0,0,0,0,0,0,0,0,0,0,0,0,0,0,144,253,252,72,0,0,0,0,0,0,0,0,0,0,0,0,0,0,0,68,248,253,194,6,0,0,0,0,0,0,0,0,0,0,0,0,0,0,0,78,253,255,125,0,0,0,0,0,0,0,0,0,0,0,0,0,0,0,0,107,252,253,77,0,0,0,0,0,0,0,0,0,0,0,0,0,0,0,0,187,252,253,77,0,0,0,0,0,0,0,0,0,0,0,0,0,0,0,33,221,252,250,70,0,0,0,0,0,0,0,0,0,0,0,0,0,0,0,154,252,252,220,0,0,0,0,0,0,0,0,0,0,0,0,0,0,0,0,154,252,252,96,0,0,0,0,0,0,0,0,0,0,0,0,0,0,0,68,244,252,199,0,0,0,0,0,0,0,0,0,0,0,0,0,0,0,0,231,252,239,70,0,0,0,0,0,0,0,0,0,0,0,0,0,0,0,27,238,252,175,0,0,0,0,0,0,0,0,0,0,0,0,0,0,0,0,12,234,233,51,0,0,0,0,0,0,0,0,0,0,0,1
0,0,0,0,0,0,0,0,92,233,203,0,0,0,0,0,0,0,0,0,0,0,0,0,0,0,0,0,152,252,243,40,0,0,0,0,0,0,0,0,0,0,0,0,0,0,0,0,254,253,254,151,0,0,0,0,0,0,0,0,0,0,0,0,0,0,0,0,253,252,253,151,0,0,0,0,0,0,0,0,0,0,0,0,0,0,0,0,254,253,254,131,0,0,0,0,0,0,0,0,0,0,0,0,0,0,0,0,213,252,253,131,0,0,0,0,0,0,0,0,0,0,0,0,0,0,0,0,152,253,254,151,0,0,0,0,0,0,0,0,0,0,0,0,0,0,0,0,152,252,253,151,0,0,0,0,0,0,0,0,0,0,0,0,0,0,0,0,234,253,254,192,0,0,0,0,0,0,0,0,0,0,0,0,0,0,0,0,152,252,253,232,0,0,0,0,0,0,0,0,0,0,0,0,0,0,0,0,152,253,254,151,0,0,0,0,0,0,0,0,0,0,0,0,0,0,0,0,152,252,253,192,0,0,0,0,0,0,0,0,0,0,0,0,0,0,0,0,152,253,254,253,0,0,0,0,0,0,0,0,0,0,0,0,0,0,0,0,152,252,253,252,0,0,0,0,0,0,0,0,0,0,0,0,0,0,0,0,152,253,254,253,0,0,0,0,0,0,0,0,0,0,0,0,0,0,0,0,152,252,253,252,0,0,0,0,0,0,0,0,0,0,0,0,0,0,0,0,152,253,255,253,0,0,0,0,0,0,0,0,0,0,0,0,0,0,0,0,152,252,253,252,0,0,0,0,0,0,0,0,0,0,0,0,0,0,0,0,123,243,255,253,0,0,0,0,0,0,0,0,0,0,0,0,0,0,0,0,0,122,253,212,0,0,0,0,0,0,0,0,1
0,0,0,0,0,0,0,0,0,0,0,0,0,0,0,0,0,0,0,0,0,0,0,0,0,0,0,0,0,0,0,0,0,0,0,0,0,0,0,0,0,0,0,0,0,0,0,13,13,7,29,128,204,253,253,253,255,197,0,0,0,0,0,0,7,131,169,206,207,187,252,252,253,252,252,252,253,196,0,0,0,0,0,0,117,252,252,252,253,252,252,177,106,56,122,252,253,109,0,0,0,0,0,0,28,165,252,252,253,177,52,3,0,26,210,252,178,9,0,0,0,0,0,0,0,0,0,0,0,0,0,0,29,216,253,253,101,0,0,0,0,0,0,0,0,0,0,0,0,0,0,0,166,252,252,151,0,0,0,0,0,0,0,0,0,0,0,0,0,0,0,76,253,252,224,19,0,0,0,0,0,0,0,0,0,0,0,0,0,0,38,237,253,227,43,0,0,0,0,0,0,0,0,0,0,0,0,0,0,32,178,253,251,125,0,0,0,0,0,0,0,0,0,0,0,0,0,0,0,131,252,252,150,0,0,0,0,0,0,0,0,0,0,0,0,0,0,0,60,234,252,214,25,0,0,0,0,0,0,0,0,0,0,0,0,0,0,0,241,252,252,40,0,0,0,0,0,0,0,0,0,0,0,0,0,0,10,179,254,247,100,0,0,0,0,0,0,0,0,0,0,0,0,0,0,13,172,252,253,171,0,0,0,0,0,0,0,0,0,0,0,0,0,0,0,95,252,252,194,19,0,0,0,0,0,0,0,0,0,0,0,0,0,0,76,243,252,252,63,0,0,0,0,0,0,0,0,0,0,0,0,0,0,13,204,253,253,78,0,0,0,0,0,0,0,0,0,0,0,0,0,0,19,194,253,252,196,9,0,0,0,0,0,0,0,0,0,0,0,0,7
0,0,0,0,0,0,0,0,0,0,0,0,0,0,0,0,0,0,0,0,0,0,0,0,0,0,0,0,0,0,0,0,0,0,0,0,0,0,0,0,0,0,0,0,0,0,111,191,255,253,165,28,0,0,0,0,0,0,0,0,0,0,0,0,0,63,234,252,253,252,252,215,108,19,0,0,0,0,0,0,0,0,0,0,10,197,252,252,253,252,252,252,253,84,0,0,0,0,0,0,0,0,0,0,79,252,252,252,128,28,65,240,253,234,100,0,0,0,0,0,0,0,0,0,154,253,253,128,0,0,0,51,254,253,168,0,0,0,0,0,0,0,0,0,178,252,252,28,0,0,0,26,253,252,224,19,0,0,0,0,0,0,0,0,229,252,186,6,0,0,29,210,253,252,252,65,0,0,0,0,0,0,0,0,253,252,243,75,0,0,185,252,253,252,252,40,0,0,0,0,0,0,0,0,79,253,253,253,204,253,253,253,254,253,253,140,0,0,0,0,0,0,0,0,10,159,240,252,253,252,252,252,253,252,252,65,0,0,0,0,0,0,0,0,0,0,81,168,168,168,130,56,253,252,224,19,0,0,0,0,0,0,0,0,0,0,0,0,0,0,0,0,253,252,243,25,0,0,0,0,0,0,0,0,0,0,0,0,0,0,0,114,254,253,168,0,0,0,0,0,0,0,0,0,0,0,0,0,0,0,0,113,253,252,168,0,0,0,0,0,0,0,0,0,0,0,0,0,0,0,0,200,253,252,168,0,0,0,0,0,0,0,0,0,0,0,0,0,0,0,38,237,253,252,118,0,0,0,0,0,0,0,0,0,0,0,0,0,0,0,85,253,254,253,56,0,0,0,0,0,0,0,0,0,0,0,0,0,0,0,85,252,253,252,106,0,0,0,0,0,9
0,0,0,0,0,0,0,0,0,0,0,0,0,0,0,0,0,0,0,0,0,0,0,0,0,0,0,0,0,0,0,0,0,0,0,0,0,0,0,0,0,0,0,0,0,0,0,0,0,0,1,82,133,214,254,254,173,2,0,0,0,0,0,0,0,0,0,0,0,12,94,253,253,249,229,229,241,32,0,0,0,0,0,0,0,0,0,0,34,198,254,250,217,118,0,0,46,0,0,0,0,0,0,0,0,0,17,96,246,253,223,76,0,0,12,141,170,105,0,0,0,0,0,0,0,47,183,253,253,137,35,0,0,12,165,253,233,62,0,0,0,0,0,0,53,211,253,253,135,3,0,0,63,205,253,253,168,0,0,0,0,0,0,40,240,253,253,134,5,0,45,154,235,253,253,253,128,0,0,0,0,0,14,185,253,225,116,5,42,155,238,253,175,181,253,191,7,0,0,0,0,0,146,253,253,102,149,230,240,253,249,75,95,246,253,71,0,0,0,0,0,0,157,253,253,248,253,253,253,195,11,12,203,253,195,3,0,0,0,0,0,0,93,245,254,251,202,122,12,0,1,94,254,229,35,0,0,0,0,0,0,0,0,21,109,78,0,0,0,0,13,253,253,135,0,0,0,0,0,0,0,0,0,0,0,0,0,0,0,0,106,253,213,32,0,0,0,0,0,0,0,0,0,0,0,0,0,0,0,24,254,253,96,0,0,0,0,0,0,0,0,0,0,0,0,0,0,0,0,150,254,236,28,0,0,0,0,0,0,0,0,0,0,0,0,0,0,0,32,245,251,106,0,0,0,0,0,0,0,0,0,0,0,0,0,0,0,0,208,253,242,0,0,0,0,0,0,0,0,0,0,0,0,0,0,0,0,0,230,253,242,0,0,0,0,0,0,0,0,0,9
0,0,0,0,0,0,0,0,0,0,0,0,0,0,0,0,0,0,0,0,0,0,0,0,0,0,0,0,0,0,0,7,156,3,0,0,0,0,0,0,0,0,0,0,0,50,61,0,0,0,0,10,235,14,0,0,0,0,0,0,0,0,0,0,0,114,153,0,0,0,0,0,162,69,0,0,0,0,0,0,0,0,0,0,0,140,161,0,0,0,0,0,128,85,0,0,0,0,0,0,0,0,0,0,0,184,99,0,0,0,0,0,128,85,0,0,0,0,0,0,0,0,0,0,0,184,99,0,0,0,0,0,128,85,0,0,0,0,0,0,0,0,0,0,0,184,157,0,0,0,0,0,128,147,0,0,0,0,0,0,0,0,0,0,0,239,63,0,0,0,0,0,112,190,0,0,0,0,0,0,0,0,0,0,0,254,68,0,0,0,0,0,105,225,0,0,0,0,0,0,0,0,0,0,0,255,28,0,0,0,0,0,128,225,0,0,0,0,0,0,0,0,0,0,0,243,80,0,0,0,0,0,117,226,0,0,0,0,0,0,0,0,0,0,0,122,161,0,22,85,156,136,197,251,147,0,0,0,0,0,0,0,0,0,0,114,211,182,251,238,146,127,127,231,109,0,0,0,0,0,0,0,0,0,0,106,244,135,37,10,0,0,0,169,109,0,0,0,0,0,0,0,0,0,0,7,28,0,0,0,0,0,0,169,113,0,0,0,0,0,0,0,0,0,0,0,0,0,0,0,0,0,0,170,113,0,0,0,0,0,0,0,0,0,0,0,0,0,0,0,0,0,0,169,113,0,0,0,0,0,0,0,0,0,0,0,0,0,0,0,0,0,0,169,113,0,0,0,0,0,0,0,0,0,0,0,0,0,0,0,0,0,0,162,113,0,0,0,0,0,4
0,0,0,0,0,0,0,0,0,0,0,0,0,0,0,0,0,0,0,0,0,0,0,0,0,0,0,0,0,0,0,0,0,0,0,0,0,0,0,0,0,0,0,0,0,0,0,0,0,0,0,0,0,0,0,0,0,0,0,0,0,0,0,11,24,24,24,24,3,0,0,17,66,191,255,211,7,0,0,0,0,0,0,136,253,252,252,252,169,162,161,228,252,252,253,252,69,0,0,0,0,0,26,236,253,252,252,252,189,222,252,252,252,252,253,240,50,0,0,0,0,0,187,252,253,172,45,45,4,25,45,45,45,234,253,206,0,0,0,0,0,0,207,252,253,92,0,0,0,0,0,0,43,240,253,206,0,0,0,0,0,38,233,253,242,42,0,0,0,0,0,0,104,253,252,84,0,0,0,0,0,57,244,252,209,0,0,0,0,0,0,13,215,252,209,0,0,0,0,0,0,0,56,69,32,0,0,0,0,0,0,70,252,252,116,0,0,0,0,0,0,0,0,0,0,0,0,0,0,0,0,112,252,252,116,0,0,0,0,0,0,0,0,0,0,0,0,0,0,0,22,215,252,252,63,0,0,0,0,0,0,0,0,0,0,0,0,0,0,0,162,253,253,137,0,0,0,0,0,0,0,0,0,0,0,0,0,0,0,5,178,252,252,64,0,0,0,0,0,0,0,0,0,0,0,0,0,0,0,24,252,252,252,22,0,0,0,0,0,0,0,0,0,0,0,0,0,0,0,160,252,252,176,4,0,0,0,0,0,0,0,0,0,0,0,0,0,0,0,253,252,252,56,0,0,0,0,0,0,0,0,0,0,0,0,0,0,0,11,255,253,184,0,0,0,0,0,0,0,0,0,0,0,0,0,0,0,0,116,253,252,183,0,0,0,0,0,0,0,0,7
0,0,0,0,0,0,0,0,0,0,0,0,0,0,0,0,0,0,0,0,0,0,0,0,0,0,0,0,0,0,0,0,0,0,0,0,0,0,0,0,0,0,0,0,0,0,0,0,0,0,0,0,0,0,0,0,0,0,0,0,0,0,0,0,0,0,0,0,0,19,117,191,255,228,44,0,0,0,0,0,0,0,0,0,0,0,0,0,120,225,252,252,253,252,224,19,0,0,0,0,0,0,0,0,0,0,0,126,253,252,252,252,253,252,252,28,0,0,0,0,0,0,0,0,0,26,150,249,253,252,252,252,253,252,252,28,0,0,0,0,0,0,0,0,0,57,253,253,254,209,185,241,254,253,253,28,0,0,0,0,0,0,0,0,0,82,252,252,253,146,234,252,253,252,252,28,0,0,0,0,0,0,0,0,10,197,252,252,253,252,252,252,253,252,252,28,0,0,0,0,0,0,0,0,29,252,252,252,253,252,252,151,253,252,252,28,0,0,0,0,0,0,0,0,0,157,253,253,254,209,76,63,254,247,100,0,0,0,0,0,0,0,0,0,0,19,171,196,134,28,0,138,253,196,0,0,0,0,0,0,0,0,0,0,0,0,0,0,0,0,0,225,253,196,0,0,0,0,0,0,0,0,0,0,0,0,0,0,0,0,0,225,253,196,0,0,0,0,0,0,0,0,0,0,0,0,0,0,0,0,10,229,254,197,0,0,0,0,0,0,0,0,0,0,0,0,0,0,0,0,85,252,253,121,0,0,0,0,0,0,0,0,0,0,0,0,0,0,0,0,172,252,244,56,0,0,0,0,0,0,0,0,0,0,0,0,0,0,0,51,246,252,175,0,0,0,0,0,0,0,0,0,0,0,0,0,0,0,4,128,253,253,101,0,0,0,0,0,0,0,9
0,0,0,0,0,0,125,253,253,253,253,255,253,253,175,21,0,0,0,0,0,0,0,0,0,0,253,251,251,251,251,253,251,251,251,174,105,0,0,0,0,0,0,0,0,27,253,251,246,215,215,164,138,215,230,251,243,113,31,0,0,0,0,0,47,211,253,251,215,0,0,0,0,0,62,142,253,251,215,0,0,0,0,0,109,251,253,251,215,0,0,0,0,0,0,0,253,251,215,0,0,0,0,37,253,253,255,253,35,0,0,0,0,0,0,0,202,253,253,143,0,0,0,37,251,251,253,251,35,0,0,0,0,0,0,0,176,251,251,142,0,0,0,63,251,251,253,127,5,0,0,0,0,0,0,0,98,251,251,236,0,0,0,217,251,251,221,61,0,0,0,0,0,0,0,0,73,251,251,251,0,0,0,217,251,251,51,0,0,0,0,0,0,0,0,0,73,251,251,251,0,21,176,253,253,253,0,0,0,0,0,0,0,0,0,0,255,253,253,253,0,73,251,251,251,251,0,0,0,0,0,0,0,0,0,0,253,251,251,251,0,73,251,251,251,251,0,0,0,0,0,0,0,0,16,166,253,251,251,157,0,73,251,251,251,251,0,0,0,0,0,0,0,0,109,251,253,251,235,82,0,21,174,251,251,251,0,0,0,0,0,0,0,27,211,251,253,251,215,0,0,0,145,253,253,253,53,0,0,0,0,0,0,218,253,253,234,180,25,0,0,0,144,251,251,251,222,62,0,0,0,42,144,236,251,251,180,0,0,0,0,0,20,195,251,251,253,231,217,217,217,228,251,251,251,225,25,0,0,0,0,0,0,21,189,251,253,251,251,251,251,253,251,235,142,41,0,0,0,0,0,0,0,0,31,200,201,174,251,251,251,253,147,61,0,0,0,0,0,0,0
0,0,0,0,0,0,0,0,0,0,0,0,0,0,0,0,0,0,0,0,0,0,0,0,0,0,184,17,29,0,0,0,0,0,0,0,0,0,0,0,0,0,0,0,0,149,254,126,214,135,121,14,0,0,0,0,0,0,0,0,0,0,0,0,0,151,254,238,191,254,254,248,154,26,0,0,0,0,0,0,0,0,0,0,0,81,249,213,170,254,254,241,184,236,164,176,63,0,0,0,0,0,0,0,0,0,66,217,254,254,254,254,249,254,254,254,150,0,0,0,0,0,0,0,0,0,0,12,177,254,254,254,254,254,254,254,150,0,0,0,0,0,0,0,0,0,0,0,14,85,40,154,206,254,254,254,150,0,0,0,0,0,0,0,0,0,0,0,0,0,0,0,12,220,254,254,122,0,0,0,0,0,0,0,0,0,0,0,0,42,91,78,164,254,254,247,54,0,0,0,0,0,0,0,0,0,11,112,216,236,254,254,254,254,254,254,79,0,0,0,0,0,0,0,0,0,52,237,254,254,254,254,254,254,251,221,77,0,0,0,0,0,0,0,0,0,29,196,254,254,254,254,254,254,205,16,0,0,0,0,0,0,0,0,0,0,33,157,234,250,254,254,254,241,31,0,0,0,0,0,0,0,0,0,0,0,0,0,60,247,254,254,254,119,0,0,0,0,0,0,0,0,0,0,0,0,0,5,128,254,254,254,154,13,0,0,0,0,0,0,0,0,0,0,0,0,0,98,254,254,222,107,28,0,0,0,0,0,0,0,0,0,0,0,0,0,24,239,254,254,207,0,0,0,0,0,0,0,0,0,0,0,0,0,0,0,126,254,255,253,92,0,0,0,0,0,0,0,0,0,0,0,0,0,0,77,248,254,236,75,0,0,0,0,0,0,0,0,0,0,7
0,0,0,0,0,0,0,0,0,0,0,0,0,0,0,0,0,0,0,0,0,0,0,0,0,0,0,0,0,0,0,0,0,0,0,0,0,0,0,0,0,0,0,0,0,0,0,0,3,135,198,252,135,3,0,0,0,0,0,0,0,0,0,0,0,0,0,0,103,253,253,254,253,124,0,0,0,0,0,0,0,0,0,0,0,0,0,51,247,253,245,229,238,218,32,0,0,0,0,0,0,0,0,0,0,0,39,227,253,243,97,15,195,253,217,22,0,0,0,0,0,0,0,0,0,0,116,253,242,71,0,91,253,253,253,115,0,0,0,0,0,0,0,0,0,0,131,253,145,0,16,148,253,253,253,130,0,0,0,0,0,0,0,0,0,0,87,253,234,221,231,254,253,253,245,48,0,0,0,0,0,0,0,0,0,0,21,213,253,253,253,254,253,253,146,0,0,0,0,0,0,0,0,0,0,0,0,9,64,147,176,254,253,246,72,0,0,0,0,0,0,0,0,0,0,0,0,0,0,0,135,254,253,149,0,0,0,0,0,0,0,0,0,0,0,0,0,0,0,53,251,255,213,21,0,0,0,0,0,0,0,0,0,0,0,0,0,0,5,188,253,248,119,0,0,0,0,0,0,0,0,0,0,0,0,0,0,0,101,253,253,156,0,0,0,0,0,0,0,0,0,0,0,0,0,0,0,27,222,253,242,45,0,0,0,0,0,0,0,0,0,0,0,0,0,0,0,71,253,253,158,0,0,0,0,0,0,0,0,0,0,0,0,0,0,0,0,181,253,253,47,0,0,0,0,0,0,0,0,0,0,0,0,0,0,0,43,249,253,188,1,0,0,0,0,0,0,0,0,0,0,0,0,0,0,0,50,253,253,85,0,0,0,0,0,0,0,0,0,0,9
0,0,0,0,0,0,0,0,0,0,0,0,0,0,0,0,0,0,0,0,0,0,0,0,0,0,0,0,0,0,0,0,0,0,0,0,0,0,0,0,0,0,0,0,0,0,0,0,25,246,36,0,0,0,0,0,0,0,0,0,0,0,0,0,0,0,0,11,234,254,136,38,3,0,12,100,14,0,0,0,0,0,0,0,0,0,11,187,254,254,254,254,184,118,217,254,141,0,0,0,0,0,0,0,0,0,155,254,251,111,109,193,249,254,254,251,115,0,0,0,0,0,0,0,0,99,252,254,123,0,0,0,49,175,254,189,0,0,0,0,0,0,0,0,0,142,255,178,6,0,0,0,0,233,252,58,0,0,0,0,0,0,0,0,0,165,227,34,0,0,0,1,143,254,218,0,0,0,0,0,0,0,0,0,0,0,0,0,0,0,0,115,254,250,28,0,0,0,0,0,0,0,0,0,0,0,0,0,0,0,31,244,254,83,0,0,0,0,0,0,0,0,0,0,0,0,0,0,0,0,169,254,211,9,0,0,0,0,0,0,0,0,0,0,0,0,0,0,0,15,230,244,35,0,0,0,0,0,0,0,0,0,0,0,0,0,0,0,5,189,254,134,0,0,0,0,0,0,0,0,0,0,0,0,0,0,0,0,142,254,205,16,0,0,0,0,0,0,0,0,0,0,0,0,0,0,0,61,254,254,78,0,0,0,0,0,0,0,0,0,0,0,0,0,0,0,0,172,254,136,0,0,0,0,0,0,0,0,0,0,0,0,0,0,0,0,93,253,252,56,0,0,0,0,0,0,0,0,0,0,0,0,0,0,0,0,194,254,184,0,0,0,0,0,0,0,0,0,0,0,0,0,0,0,0,71,252,254,60,0,0,0,0,0,0,0,0,0,0,0,7
0,0,0,0,0,0,0,0,0,0,0,9,249,47,0,0,0,0,0,0,0,0,0,0,0,0,0,0,0,0,0,72,253,141,0,0,0,0,0,0,0,0,0,0,0,0,0,0,0,0,0,172,253,65,0,0,0,0,0,0,0,0,0,0,0,0,0,0,0,0,0,172,253,65,0,0,0,0,0,0,0,0,0,0,0,0,0,0,0,0,0,238,253,65,0,0,0,0,0,0,0,0,0,0,0,0,0,0,0,0,0,254,245,32,0,0,0,0,0,0,0,0,0,0,0,0,0,0,0,0,19,254,237,0,0,0,0,0,0,0,0,0,0,0,0,0,0,0,0,0,104,254,141,0,0,0,0,0,0,0,0,0,0,0,0,0,0,0,0,0,164,254,74,0,0,0,0,0,0,0,0,0,0,0,0,0,0,0,0,128,222,254,74,0,0,0,0,0,0,0,0,0,0,0,0,0,0,0,43,219,254,255,77,153,0,0,0,0,0,0,0,0,0,0,0,0,0,0,0,155,253,214,0,0,0,0,0,0,0,0,0,0,0,0,0,0,0,0,0,190,253,104,0,0,0,0,0,0,0,0,0,0,0,0,0,0,0,0,0,238,253,83,0,0,0,0,0,0,0,0,0,0,0,0,0,0,0,0,32,245,253,56,0,0,0,0,0,0,0,0,0,0,0,0,0,0,0,0,134,253,253,83,0,0,0,0,0,0,0,0,0,0,0,0,0,0,0,0,147,253,253,37,0,0,0,0,0,0,0,0,0,0,0,0,0,0,0,0,195,253,157,0,0,0,0,0,0,0,0,0,0,0,0,0,0,0,0,54,252,253,90,0,0,0,0,0,0,0,0,0,0,0,0,0,0,0,0,21,211,203,8,0,0,0,0,0,0,0,0,0,1
0,0,0,0,0,0,0,0,0,123,253,111,0,0,0,0,0,0,0,0,0,0,0,0,0,0,0,0,51,233,142,0,0,0,0,0,0,0,0,0,0,0,0,0,0,0,0,0,233,252,61,0,0,0,0,0,0,0,0,0,0,0,0,0,0,0,0,123,254,91,0,0,0,0,0,0,0,0,0,0,0,0,0,0,0,0,41,243,213,10,0,0,0,0,0,0,0,0,0,0,0,0,0,0,0,0,132,253,41,0,0,0,0,0,0,0,0,0,0,0,0,0,0,0,0,82,253,171,0,0,0,0,0,0,0,0,0,0,0,0,0,0,0,0,0,123,224,20,0,0,0,0,0,0,0,0,0,0,0,0,0,0,0,0,21,223,203,0,0,0,0,0,0,0,0,0,0,0,0,0,0,0,0,0,113,253,142,0,0,0,0,0,11,92,173,253,254,253,132,10,0,0,0,0,152,252,61,0,0,0,21,142,213,252,233,151,213,252,253,131,0,0,0,0,152,253,0,0,11,132,214,233,183,102,0,0,0,142,254,151,0,0,0,0,152,252,0,41,213,252,172,30,0,0,0,0,0,142,233,50,0,0,0,0,153,253,193,233,142,20,0,0,0,0,0,41,132,253,183,0,0,0,0,0,152,252,253,212,0,0,0,0,0,82,123,243,253,130,20,0,0,0,0,0,0,183,255,253,254,172,214,253,254,253,203,122,0,0,0,0,0,0,0,0,0,20,131,252,253,252,253,171,131,50,0,0,0,0,0,0,0,0,0,0,0,0,0,0,0,0,0,0,0,0,0,0,0,0,0,0,0,0,0,0,0,0,0,0,0,0,0,0,0,0,0,0,0,0,0,0,0,0,0,0,0,0,0,0,0,0,0,0,0,0,0,0,0,0,0,0,6
0,0,0,0,0,0,0,0,0,0,194,0,0,0,0,0,0,0,0,0,0,0,0,0,0,0,0,0,8,85,120,0,0,0,0,0,0,0,0,0,0,0,0,0,0,0,0,0,22,252,244,0,0,0,0,0,0,0,0,0,0,0,0,0,0,0,0,0,22,252,252,0,0,0,0,0,0,0,0,0,0,0,0,0,0,0,0,0,22,252,164,0,0,0,0,0,0,0,0,0,0,0,0,0,0,0,0,0,22,253,253,0,0,0,0,0,0,0,0,0,0,0,0,0,0,0,0,0,22,252,252,0,0,0,0,0,0,0,0,0,0,0,0,0,0,0,0,0,22,252,252,0,0,0,0,0,0,0,0,0,0,0,0,0,0,0,0,0,22,252,252,0,0,0,0,0,0,0,0,0,0,0,0,0,0,0,0,0,13,217,252,0,0,0,0,0,0,0,0,0,0,0,0,0,0,0,0,0,13,174,209,18,0,0,0,0,0,0,0,0,0,0,0,0,0,0,0,0,22,252,252,106,0,0,0,0,0,0,0,0,0,0,0,0,0,0,0,0,11,202,244,9,0,0,0,0,0,0,0,0,0,0,0,0,0,0,0,0,0,64,217,71,0,0,0,0,0,0,0,0,0,0,0,0,0,0,0,0,0,64,252,150,0,0,0,0,0,0,0,0,0,0,0,0,0,0,0,0,0,27,229,255,63,0,0,0,0,0,0,0,0,0,0,0,0,0,0,0,0,0,211,253,142,0,0,0,0,0,0,0,0,0,0,0,0,0,0,0,0,0,211,253,168,0,0,0,0,0,0,0,0,0,0,0,0,0,0,0,0,0,185,253,168,0,0,0,0,0,0,0,0,0,0,0,0,0,0,0,0,0,18,209,203,9,0,0,0,0,0,0,1
0,0,0,0,0,0,0,160,201,248,255,253,178,190,132,41,3,0,0,0,0,0,0,0,0,0,0,217,252,252,253,252,252,252,252,252,165,32,0,0,0,0,0,0,0,0,0,217,252,252,253,252,252,252,252,252,252,216,32,0,0,0,0,0,0,0,0,119,204,204,205,204,129,84,170,218,252,252,143,0,0,0,0,0,0,0,0,0,0,0,0,0,0,0,0,21,169,244,169,3,0,0,0,0,0,0,0,0,0,0,0,0,0,0,0,0,0,182,252,46,0,0,0,0,0,0,0,0,0,0,0,0,0,0,0,0,0,19,233,131,0,0,0,0,0,0,0,0,0,0,0,0,0,0,0,0,0,129,249,131,0,0,0,0,0,0,0,0,0,0,0,0,0,0,0,0,37,232,252,131,0,0,0,0,0,0,0,0,0,0,0,0,0,0,0,70,245,252,252,74,0,0,8,36,132,225,253,149,184,138,128,11,0,0,96,225,253,253,144,0,2,94,211,252,252,252,252,252,252,252,253,242,145,145,222,252,252,243,73,0,88,252,252,252,252,242,216,216,249,252,253,252,252,252,252,252,252,81,0,0,156,252,252,252,223,94,0,42,234,252,253,252,252,252,252,252,172,12,0,0,253,252,252,252,252,232,181,242,252,252,253,252,252,252,252,252,48,0,0,0,161,252,252,252,252,252,252,252,252,252,253,210,180,156,197,252,139,0,0,0,35,252,252,252,252,252,252,252,252,252,168,72,0,0,34,204,196,12,0,0,2,105,99,155,155,155,155,110,36,36,0,0,0,0,0,147,252,36,0,0,0,0,0,0,0,0,0,0,0,0,0,0,0,0,0,182,212,19,0,0,0,0,0,0,0,0,0,0,0,0,0,0,0,0,0,193,212,19,0,0,2
0,0,0,0,0,0,0,0,0,0,0,0,0,102,234,86,0,0,0,0,0,0,0,0,0,0,0,0,0,0,0,0,30,229,253,212,0,0,0,0,0,0,0,0,0,0,0,0,0,0,0,0,47,253,253,222,0,0,0,0,0,0,0,0,0,0,0,0,0,0,0,0,141,253,253,137,0,0,0,0,0,0,0,0,0,0,0,0,0,0,0,22,245,253,253,86,0,0,0,0,0,0,0,0,0,0,0,0,0,0,0,139,254,254,193,11,0,0,0,0,0,0,0,0,0,0,0,0,0,0,0,160,253,253,46,0,0,0,0,0,0,0,0,0,0,0,0,0,0,0,32,254,253,234,33,0,0,0,0,0,0,0,0,0,0,0,0,0,0,0,211,254,236,65,0,0,0,0,0,0,0,0,0,0,0,0,0,0,0,137,251,254,207,0,0,0,0,0,0,0,0,0,0,0,0,0,0,0,70,254,254,254,84,0,0,0,0,0,0,0,0,0,0,0,0,0,0,9,156,253,253,157,0,0,0,0,0,0,0,0,0,0,0,0,0,0,0,131,253,253,222,32,0,0,0,0,0,0,0,0,0,0,0,0,0,0,9,195,253,253,96,0,0,0,0,0,0,0,0,0,0,0,0,0,0,0,181,253,253,253,23,0,0,0,0,0,0,0,0,0,0,0,0,0,0,11,203,254,254,204,11,0,0,0,0,0,0,0,0,0,0,0,0,0,0,116,254,253,253,88,0,0,0,0,0,0,0,0,0,0,0,0,0,0,0,32,255,253,253,46,0,0,0,0,0,0,0,0,0,0,0,0,0,0,0,0,212,253,253,46,0,0,0,0,0,0,0,0,0,0,0,0,0,0,0,0,139,253,190,4,0,0,0,0,0,0,0,0,0,0,1
0,0,0,0,0,0,0,0,0,0,0,0,0,0,0,0,0,0,0,0,0,0,0,9,76,139,138,138,138,138,139,212,253,253,253,255,211,7,0,0,0,0,13,174,252,253,252,252,252,252,253,252,252,252,252,253,223,56,0,0,0,0,51,240,252,253,252,252,252,252,215,183,183,183,246,253,175,0,0,0,0,0,0,37,45,46,45,45,45,45,21,0,0,119,248,253,206,0,0,0,0,0,0,0,0,0,0,0,0,0,0,0,64,248,252,253,153,0,0,0,0,0,0,0,0,0,0,0,0,0,13,118,253,253,253,179,42,0,0,0,0,0,0,0,0,0,0,0,38,99,212,252,252,252,252,84,0,0,0,0,0,0,0,0,0,81,184,184,240,252,253,252,252,252,252,247,184,153,13,0,0,0,0,0,189,253,252,252,252,252,253,252,252,252,252,253,252,252,215,19,0,0,0,43,240,253,252,252,252,200,128,22,22,65,137,137,211,252,252,75,0,0,0,0,53,179,209,116,21,0,0,0,0,0,0,0,47,253,253,137,0,0,0,0,0,0,0,0,0,0,0,0,0,0,0,0,47,252,252,137,0,0,0,0,0,0,0,0,0,0,0,0,0,0,0,38,155,252,252,137,0,0,0,0,0,0,0,0,0,0,0,0,0,0,43,180,252,252,252,96,0,0,0,0,0,0,0,0,0,0,0,0,32,157,240,253,252,252,64,2,13,76,24,5,0,0,0,0,19,76,139,212,253,253,253,252,209,116,21,0,212,252,221,63,151,162,161,161,236,252,253,252,252,252,231,84,0,0,0,0,253,252,252,252,252,253,252,252,252,252,253,252,233,141,37,0,0,0,0,0,159,252,252,252,252,253,252,252,218,160,150,45,33,0,0,0,0,0,0,0,3
0,0,0,0,0,0,0,0,0,0,0,0,0,0,0,0,0,0,0,0,0,0,0,0,0,0,0,0,0,0,0,0,0,0,0,0,0,0,0,0,0,0,0,0,0,0,0,0,0,0,0,0,0,0,0,0,0,0,0,0,0,0,0,0,8,158,253,253,253,253,255,176,143,86,34,8,0,0,0,0,0,0,0,0,85,252,252,252,252,223,253,252,252,252,252,154,6,0,0,0,0,0,0,19,237,252,205,86,44,25,44,121,235,252,252,252,21,0,0,0,0,0,0,21,245,252,74,0,0,0,0,0,9,137,252,252,21,0,0,0,0,0,0,0,58,88,8,0,0,0,0,0,0,132,252,194,8,0,0,0,0,0,0,0,0,0,0,0,0,0,0,0,35,222,252,126,0,0,0,0,0,0,0,0,0,0,0,0,0,0,0,0,152,252,250,52,0,0,0,0,0,0,0,0,0,0,0,0,0,0,0,12,217,252,197,0,0,0,0,0,0,0,0,0,0,0,0,0,0,0,0,100,252,246,89,0,0,0,0,0,0,0,0,0,0,0,0,0,0,0,0,176,252,230,0,0,0,0,0,0,0,0,0,0,0,0,0,0,0,0,48,253,253,107,0,0,0,0,0,0,0,0,0,0,0,0,0,0,0,0,220,252,226,8,0,0,0,0,0,0,0,0,0,0,0,0,0,0,0,0,253,252,153,0,0,0,0,0,0,0,0,0,0,0,0,0,0,0,0,107,253,252,143,0,0,0,0,0,0,0,0,0,0,0,0,0,0,0,0,182,253,238,34,0,0,0,0,0,0,0,0,0,0,0,0,0,0,0,61,245,253,147,0,0,0,0,0,0,0,0,0,0,0,0,0,0,0,2,133,252,253,77,0,0,0,0,0,0,0,0,7
0,0,0,0,0,0,0,0,0,0,0,0,0,0,0,0,0,0,0,0,0,0,0,9,86,208,254,254,255,156,36,0,0,0,0,0,0,0,0,0,0,0,0,47,253,253,253,253,253,253,240,113,0,0,0,0,0,0,0,0,0,0,0,21,222,253,253,253,253,253,253,247,70,0,0,0,0,0,0,0,0,0,0,0,163,253,192,118,67,74,225,253,201,0,0,0,0,0,0,0,0,0,0,0,8,20,14,37,130,136,247,253,207,6,0,0,0,0,0,0,0,0,0,0,0,56,202,253,253,253,253,253,253,124,0,0,0,0,0,0,0,0,0,0,0,140,253,253,253,253,253,253,253,242,60,0,0,0,0,0,0,0,0,0,0,115,228,253,253,253,238,148,204,253,239,41,0,0,0,0,0,0,0,0,0,6,59,187,144,53,31,0,30,185,253,186,9,0,0,0,0,0,0,0,0,0,0,0,0,0,0,0,0,0,164,253,119,0,0,0,0,0,0,0,0,0,0,0,0,0,0,0,0,0,26,230,119,0,0,0,0,0,0,0,0,0,0,0,0,0,0,0,0,0,0,192,221,0,0,0,0,0,0,0,0,0,0,0,0,0,0,0,0,0,0,192,246,55,0,0,0,0,0,0,0,0,0,0,0,0,0,0,0,0,0,108,253,72,0,0,0,0,0,0,0,0,0,0,0,0,0,0,0,0,0,192,253,72,0,0,0,0,0,20,201,72,6,0,0,0,0,0,0,17,140,247,238,37,0,0,0,0,0,0,197,253,193,161,68,68,68,113,171,237,253,253,152,0,0,0,0,0,0,0,66,249,253,253,253,253,253,253,253,253,253,167,23,0,0,0,0,0,0,0,0,221,253,253,253,253,253,253,253,253,204,23,0,0,0,0,3
0,0,0,0,0,0,0,0,0,0,0,0,0,0,0,0,0,0,0,0,0,0,0,0,0,0,0,0,77,253,255,253,133,19,0,0,0,0,0,0,0,0,0,0,0,23,107,191,247,252,253,252,252,199,79,0,0,0,0,0,0,0,0,0,25,197,252,252,252,252,159,158,242,252,185,0,0,0,0,0,0,0,0,0,179,252,252,243,165,39,0,0,35,151,57,0,0,0,0,0,0,0,0,99,241,252,241,96,0,0,0,0,0,0,0,0,11,25,0,0,0,0,70,242,252,241,97,0,0,0,0,0,0,0,0,0,138,210,79,0,0,0,115,252,252,177,0,0,0,0,0,0,0,0,0,58,227,252,106,0,0,12,229,252,195,24,0,0,0,0,0,0,0,0,0,186,252,235,39,0,0,107,252,252,53,0,0,0,0,0,0,0,0,5,120,224,252,147,0,0,0,177,252,252,53,0,0,0,0,0,0,0,50,171,252,252,252,93,0,0,0,241,253,215,28,0,0,0,0,0,58,121,240,253,253,253,213,0,0,0,0,240,252,206,23,0,0,68,107,107,247,252,252,252,252,252,155,0,0,0,0,190,252,252,232,226,226,243,252,252,209,158,110,217,252,252,79,0,0,0,0,17,158,240,252,252,252,201,172,102,21,0,0,213,252,207,13,0,0,0,0,0,0,45,53,53,53,20,0,0,0,0,0,213,252,163,0,0,0,0,0,0,0,0,0,0,0,0,0,0,0,0,20,221,252,175,17,0,0,0,0,0,0,0,0,0,0,0,0,0,0,0,30,225,252,252,170,0,0,0,0,0,0,0,0,0,0,0,0,0,0,0,0,213,252,252,128,0,0,0,0,0,0,0,0,0,0,0,0,0,0,0,0,213,252,249,75,0,0,0,9
0,0,0,0,0,0,0,0,0,0,0,0,0,0,0,0,0,0,0,0,0,0,0,0,0,0,0,0,0,0,21,102,102,102,41,0,0,0,0,0,0,0,0,0,0,0,0,21,72,193,254,253,254,253,255,213,0,0,0,0,0,0,0,0,0,0,0,183,253,252,253,252,192,151,253,252,123,0,0,0,0,0,0,0,0,0,21,223,244,122,41,0,0,62,255,253,163,0,0,0,0,0,0,0,0,0,0,122,81,0,0,0,21,203,253,252,122,0,0,0,0,0,0,0,0,0,0,0,0,0,51,132,254,253,254,253,41,0,0,0,0,0,0,0,0,0,0,41,123,203,253,252,253,252,253,252,0,0,0,0,0,0,0,0,0,0,92,253,254,253,254,253,224,203,234,253,123,0,0,0,0,0,0,0,0,0,213,252,253,252,233,151,20,0,112,252,223,20,0,0,0,0,0,0,0,0,0,123,183,102,0,0,0,0,41,243,254,91,0,0,0,0,0,0,0,0,0,0,0,0,0,0,0,0,21,223,253,130,0,0,0,0,0,0,0,0,0,0,0,0,0,0,0,21,132,253,244,40,0,0,0,0,0,0,0,0,0,0,0,0,0,0,21,162,253,252,122,0,0,0,0,0,0,0,0,0,0,0,0,0,0,82,214,253,254,192,0,0,0,0,142,102,102,102,21,61,62,102,102,102,203,243,253,252,233,91,0,0,0,0,255,253,255,253,254,253,254,253,254,253,254,253,254,172,41,0,0,0,0,0,151,232,253,252,253,252,253,252,253,252,253,171,50,10,0,0,0,0,0,0,0,0,62,102,102,102,102,102,82,0,0,0,0,0,0,0,0,0,0,0,0,0,0,0,0,0,0,0,0,0,0,0,0,0,0,0,0,0,0,0,3
0,0,0,0,0,0,0,0,0,0,0,0,0,0,0,0,0,0,0,0,0,0,0,0,0,0,0,21,72,152,152,193,254,253,193,112,0,0,0,0,0,0,0,0,0,0,0,142,253,252,253,252,253,252,253,252,163,0,0,0,0,0,0,0,0,0,0,203,254,253,234,92,0,0,92,253,203,0,0,0,0,0,0,0,0,41,163,243,253,252,253,232,41,0,51,252,243,40,0,0,0,0,0,0,113,233,254,233,203,203,142,20,0,0,113,253,203,0,0,0,0,0,0,123,253,252,192,50,0,0,0,0,0,41,233,252,81,0,0,0,0,0,52,253,254,91,0,0,0,0,0,0,0,102,254,233,0,0,0,0,0,0,51,252,253,50,0,0,0,0,0,0,21,203,233,91,0,0,0,0,0,0,41,243,254,172,51,10,0,0,0,0,173,253,183,0,0,0,0,0,0,0,0,81,253,252,253,212,82,0,0,123,253,171,20,0,0,0,0,0,0,0,0,0,21,183,234,253,254,213,113,233,163,20,0,0,0,0,0,0,0,0,0,0,0,0,30,131,253,252,253,252,102,0,0,0,0,0,0,0,0,0,0,0,0,0,0,0,51,253,254,253,234,92,0,0,0,0,0,0,0,0,0,0,0,0,0,0,92,252,233,232,253,232,41,0,0,0,0,0,0,0,0,0,0,0,0,21,214,253,82,41,234,253,163,0,0,0,0,0,0,0,0,0,0,0,0,102,253,212,0,0,152,252,203,0,0,0,0,0,0,0,0,0,0,0,0,163,255,50,0,21,214,253,204,0,0,0,0,0,0,0,0,0,0,0,0,162,253,131,102,203,253,252,81,0,0,0,0,0,0,0,0,0,0,0,0,103,255,253,255,253,244,122,0,0,0,0,0,0,8
0,0,0,0,0,0,0,0,0,0,0,0,0,0,0,0,0,0,0,0,0,0,0,0,0,0,0,0,0,0,0,0,0,0,0,0,0,0,0,0,0,0,0,0,0,0,9,93,254,174,58,25,19,0,0,0,0,0,0,0,0,0,0,0,73,210,217,254,254,254,227,230,197,17,0,0,0,0,0,0,0,0,0,75,246,254,254,254,254,254,254,254,254,161,45,0,0,0,0,0,0,0,10,213,254,254,251,234,136,172,35,213,254,254,244,72,0,0,0,0,0,0,90,254,254,254,117,0,0,0,0,86,254,254,254,244,45,0,0,0,0,0,171,254,254,177,2,0,0,0,0,8,211,254,254,254,65,0,0,0,0,0,220,254,254,169,0,0,0,0,0,0,170,254,254,254,65,0,0,0,0,36,239,254,254,115,0,0,0,0,0,9,217,254,254,235,29,0,0,0,0,16,228,254,254,178,6,0,0,0,0,91,254,254,254,182,0,0,0,0,0,0,20,239,254,254,235,74,31,53,150,238,254,254,254,198,0,0,0,0,0,0,0,64,243,254,254,254,235,254,254,254,254,254,254,118,0,0,0,0,0,0,0,0,61,214,254,254,254,254,254,254,254,254,254,20,0,0,0,0,0,0,0,0,0,14,95,139,218,139,77,221,254,254,254,20,0,0,0,0,0,0,0,0,0,0,0,0,0,0,68,242,254,254,205,14,0,0,0,0,0,0,0,0,0,0,0,0,0,3,207,254,254,254,75,0,0,0,0,0,0,0,0,0,0,0,0,0,0,2,188,254,254,254,145,0,0,0,0,0,0,0,0,0,0,0,0,0,0,0,99,249,254,254,185,3,0,0,0,0,0,0,0,0,0,0,0,0,0,0,0,140,254,254,254,20,0,0,0,0,9
0,0,0,0,0,0,0,0,0,0,0,0,0,0,0,0,0,0,0,0,0,0,0,0,0,0,0,0,0,22,158,254,253,231,57,0,0,0,0,0,0,0,0,0,0,0,0,0,76,222,253,253,141,48,27,0,0,0,0,0,0,0,0,0,0,0,0,127,254,253,239,194,236,223,39,0,0,0,0,0,0,0,0,0,0,0,37,246,218,61,15,0,44,193,182,6,0,0,0,0,0,0,0,0,0,0,143,224,0,0,0,0,0,112,254,19,0,0,0,0,0,0,0,0,0,0,215,115,0,0,0,0,0,52,244,16,0,0,0,0,0,0,0,0,0,34,247,97,23,14,0,0,23,172,128,0,0,0,0,0,0,0,0,0,0,3,217,217,242,214,12,97,218,241,57,0,0,0,0,0,0,0,0,0,0,0,167,254,255,254,254,248,175,43,0,0,0,0,0,0,0,0,0,0,0,31,232,205,136,202,253,103,0,0,0,0,0,0,0,0,0,0,0,0,0,159,239,27,0,6,136,217,19,0,0,0,0,0,0,0,0,0,0,0,0,195,123,0,0,0,23,217,127,0,0,0,0,0,0,0,0,0,0,0,20,254,39,0,0,0,0,103,218,29,0,0,0,0,0,0,0,0,0,0,11,226,75,0,0,0,0,18,181,172,0,0,0,0,0,0,0,0,0,0,0,195,134,0,0,0,0,0,32,223,9,0,0,0,0,0,0,0,0,0,0,124,230,12,0,0,0,0,20,241,27,0,0,0,0,0,0,0,0,0,0,85,251,110,0,0,0,0,80,214,0,0,0,0,0,0,0,0,0,0,0,0,142,253,112,9,0,0,212,214,0,0,0,0,0,0,0,0,0,0,0,0,9,159,254,187,136,185,249,93,0,0,0,0,0,0,8
0,0,0,0,0,0,110,252,252,106,0,0,0,0,0,0,0,0,0,0,0,0,0,0,0,0,186,252,252,159,45,0,0,0,0,0,0,0,0,0,0,0,0,0,0,57,242,252,252,252,231,214,53,0,0,0,0,0,0,0,0,0,0,0,0,103,252,252,252,252,252,253,230,127,0,0,0,0,0,0,0,0,0,0,60,238,252,252,252,252,252,253,252,228,29,0,0,0,0,0,0,0,0,0,26,195,252,245,212,134,79,253,252,252,60,0,0,0,0,0,0,0,0,0,0,60,225,189,0,0,0,168,252,252,172,0,0,0,0,0,0,0,0,0,0,0,0,0,0,0,0,121,252,252,172,0,0,0,0,0,0,0,0,0,0,0,0,0,0,0,0,190,252,252,172,0,0,0,0,0,0,0,0,0,0,0,0,0,0,0,0,255,253,253,39,0,0,0,0,0,0,0,0,0,0,0,0,0,0,0,57,253,252,252,39,0,0,0,0,0,0,0,0,0,0,0,0,0,0,55,177,253,252,168,4,0,0,0,0,0,0,0,0,0,0,0,0,0,9,180,252,253,218,38,0,0,0,0,0,0,0,0,0,180,200,200,102,57,63,252,252,253,111,0,0,0,0,0,0,0,0,0,0,226,252,252,252,241,228,252,252,253,41,49,54,54,14,0,0,0,0,0,0,205,252,252,252,252,252,252,252,253,218,244,252,252,193,173,85,0,0,0,0,35,227,252,252,252,252,252,252,253,252,252,252,252,252,252,225,0,0,0,0,0,135,252,252,252,252,245,252,253,252,252,252,248,238,246,143,0,0,0,0,0,81,252,224,119,119,56,119,120,119,119,119,88,0,63,0,0,0,0,0,0,0,0,0,0,0,0,0,0,0,0,0,0,0,0,0,0,2
0,0,0,0,0,0,0,0,0,0,0,0,0,0,0,0,0,0,0,0,0,0,0,0,0,0,0,0,0,107,253,255,106,0,0,0,0,0,0,0,0,0,0,0,0,0,0,0,0,193,252,253,192,0,0,0,0,0,0,0,0,0,0,0,0,0,0,0,0,193,252,253,192,0,0,0,0,0,0,0,0,0,0,0,0,0,0,0,43,221,252,253,192,0,0,0,0,0,0,0,0,0,0,0,0,0,0,0,90,252,252,253,148,0,0,0,0,0,0,0,0,0,0,0,0,0,0,0,90,252,252,253,44,0,0,0,0,0,0,0,0,0,0,0,0,0,0,0,42,221,252,253,44,0,0,0,0,0,0,0,0,0,0,0,0,0,0,0,85,248,252,216,28,0,0,0,0,0,0,0,0,0,0,0,0,0,0,0,37,217,252,149,0,0,0,0,0,0,0,0,0,0,0,0,0,0,0,0,90,252,252,149,0,0,0,0,0,0,0,0,0,0,0,0,0,0,0,0,91,253,253,0,0,0,0,0,0,0,0,0,0,0,0,0,0,0,0,0,90,252,252,0,0,0,0,0,0,0,0,0,0,0,0,0,0,0,0,0,90,252,252,0,0,0,0,0,0,0,0,0,0,0,0,0,0,0,0,0,90,252,252,0,0,0,0,0,0,0,0,0,0,0,0,0,0,0,0,0,90,252,252,45,0,0,0,0,0,0,0,0,0,0,0,0,0,0,0,0,90,252,252,149,0,0,0,0,0,0,0,0,0,0,0,0,0,0,0,0,90,252,252,204,24,0,0,0,0,0,0,0,0,0,0,0,0,0,0,0,90,252,252,253,44,0,0,0,0,0,0,0,0,0,0,0,0,0,0,0,37,217,252,253,44,0,0,0,0,0,0,0,1
0,0,0,0,0,0,0,15,43,43,43,43,113,252,252,41,0,0,0,0,0,0,0,0,0,0,15,140,250,250,250,252,250,250,250,111,0,0,0,0,0,0,0,0,85,127,148,250,250,250,250,252,250,250,250,250,0,0,0,0,0,0,57,168,223,250,252,250,250,250,250,252,194,167,250,250,0,0,0,0,0,212,224,250,250,250,217,41,41,41,41,41,27,127,250,74,0,0,0,0,0,254,252,252,252,76,0,0,0,0,0,0,0,0,0,0,0,0,0,0,0,252,250,250,250,250,85,85,85,85,85,0,0,0,0,0,0,0,0,0,0,252,250,250,250,250,252,250,250,250,250,128,127,127,127,127,107,0,0,0,0,83,138,250,250,250,252,250,250,250,250,252,250,250,250,250,239,168,84,0,0,0,14,146,250,250,252,250,250,250,250,252,250,250,250,250,252,250,230,210,0,0,0,0,0,0,0,0,0,0,0,0,0,107,210,210,255,252,252,252,0,0,0,0,0,0,0,0,0,0,0,0,0,0,0,0,167,194,250,250,0,128,127,63,0,0,0,0,0,0,0,0,0,0,0,0,0,85,250,250,0,252,250,125,0,0,0,0,0,0,0,0,0,0,0,0,0,85,250,250,0,252,250,125,0,0,0,0,0,0,0,0,0,0,0,0,36,224,250,250,0,254,252,146,43,7,0,0,0,0,0,0,0,0,29,43,255,252,252,252,0,252,250,250,250,111,86,85,85,85,85,86,85,85,196,250,252,250,250,250,0,146,250,250,250,250,252,250,250,250,250,252,250,250,250,250,252,250,250,165,0,14,83,167,250,250,252,250,250,250,250,252,250,250,250,250,252,250,165,27,0,0,0,21,41,41,252,250,250,250,250,217,41,41,41,41,41,41,20,0,5
0,0,0,0,0,0,0,0,0,195,254,253,211,9,0,0,0,0,0,0,0,0,0,0,0,0,0,0,0,165,254,253,253,87,0,0,0,0,0,0,0,0,0,0,0,0,0,0,0,8,148,253,253,206,0,0,0,0,0,0,0,0,0,0,0,0,0,0,0,0,59,253,253,213,0,0,0,0,0,0,0,0,0,0,0,0,0,0,0,0,0,215,254,254,58,0,0,0,0,0,0,0,0,0,0,0,0,0,0,0,28,232,253,253,58,0,0,0,0,0,0,0,0,0,0,0,0,0,0,0,59,253,253,225,18,0,0,0,0,0,0,0,0,0,0,0,0,0,0,0,112,253,253,109,0,0,0,0,0,0,0,0,0,0,0,0,0,0,0,0,231,253,253,19,0,0,0,0,0,0,0,0,0,0,0,0,0,19,112,194,255,254,254,42,0,0,0,0,0,0,0,0,0,0,0,0,70,226,253,253,254,253,253,232,102,0,0,0,0,0,0,0,0,0,0,71,241,253,253,253,254,253,253,253,253,176,125,0,0,0,0,0,0,0,68,246,253,253,253,253,254,182,241,253,253,254,251,72,0,0,0,0,0,16,217,254,245,185,253,253,208,9,41,200,253,254,253,78,0,0,0,0,0,62,254,255,178,254,254,254,114,0,0,0,76,158,150,30,0,0,0,0,0,144,253,254,253,253,253,162,0,0,0,0,0,0,0,0,0,0,0,0,25,240,253,254,253,253,210,40,0,0,0,0,0,0,0,0,0,0,0,0,67,250,253,254,253,195,16,0,0,0,0,0,0,0,0,0,0,0,0,0,0,196,253,231,147,18,0,0,0,0,0,0,0,0,0,0,0,0,0,0,0,0,0,0,0,0,0,0,0,0,0,0,0,0,0,0,0,0,2
0,0,0,0,0,0,0,0,0,0,0,0,0,0,0,0,0,0,0,0,0,0,0,0,0,0,0,0,0,0,0,29,48,149,230,157,63,0,0,0,0,0,0,0,0,0,0,27,143,198,155,233,254,254,222,249,237,59,0,0,0,0,0,0,0,0,83,248,254,254,254,247,177,97,7,125,254,129,0,0,0,0,0,0,0,28,214,254,254,254,219,136,0,0,0,66,254,206,0,0,0,0,0,0,0,84,254,254,236,56,12,0,0,0,0,135,254,137,0,0,0,0,0,0,0,26,241,255,63,0,0,0,0,0,0,208,254,57,0,0,0,0,0,0,0,0,235,254,171,0,0,0,0,3,174,253,179,3,0,0,0,0,0,0,0,0,166,254,249,84,0,0,0,136,254,208,25,0,0,0,0,0,0,0,0,0,32,175,254,244,80,0,45,252,214,26,0,0,0,0,0,0,0,0,0,0,0,0,203,254,166,11,214,186,24,0,0,0,0,0,0,0,0,0,0,0,0,0,31,220,253,214,216,3,0,0,0,0,0,0,0,0,0,0,0,0,0,0,44,217,254,233,32,0,0,0,0,0,0,0,0,0,0,0,0,0,0,0,224,254,254,254,88,0,0,0,0,0,0,0,0,0,0,0,0,0,14,165,251,87,119,254,249,4,0,0,0,0,0,0,0,0,0,0,0,0,102,254,132,0,34,224,254,37,0,0,0,0,0,0,0,0,0,0,0,0,224,254,31,0,0,156,254,160,0,0,0,0,0,0,0,0,0,0,0,0,235,254,59,0,0,87,254,213,0,0,0,0,0,0,0,0,0,0,0,0,140,254,238,150,73,143,254,166,0,0,0,0,0,0,0,0,0,0,0,0,10,123,224,254,254,254,232,42,0,0,0,0,0,0,8
0,0,0,0,0,0,0,176,252,253,92,0,0,0,0,0,0,0,0,0,0,0,0,0,0,0,0,144,252,253,92,0,0,0,0,0,0,0,0,0,0,0,0,0,0,0,0,144,252,253,92,0,0,0,0,0,0,0,0,0,0,0,0,0,0,0,0,208,253,255,92,0,0,0,0,0,0,0,0,0,0,0,0,0,0,0,13,215,252,253,92,0,0,0,0,0,0,0,0,0,0,0,0,0,0,0,19,219,252,236,25,0,0,0,0,0,0,0,0,0,0,0,0,0,0,0,57,244,252,188,0,0,0,0,0,0,0,0,0,0,0,0,0,0,0,0,70,252,252,116,0,0,0,0,11,116,32,0,0,0,0,0,0,0,0,0,81,253,253,53,0,0,0,74,202,253,222,25,0,0,0,0,0,0,0,0,184,252,252,0,0,0,81,244,253,252,252,45,0,0,0,0,0,0,0,34,234,252,221,0,0,83,240,252,253,252,252,45,0,0,0,0,0,0,0,140,252,252,137,0,38,240,252,252,253,252,227,29,0,0,0,0,0,0,0,161,252,252,32,0,151,252,252,252,253,252,183,0,0,0,0,0,0,0,0,162,253,253,23,87,253,253,253,253,255,253,69,0,0,0,0,0,0,0,0,161,252,252,22,138,252,252,252,252,249,185,25,0,0,0,0,0,0,0,0,44,202,252,190,170,252,252,252,252,230,0,0,0,0,0,0,0,0,0,0,0,142,252,252,253,252,252,252,210,94,0,0,0,0,0,0,0,0,0,0,0,38,232,252,253,178,137,43,12,0,0,0,0,0,0,0,0,0,0,0,0,0,0,0,0,0,0,0,0,0,0,0,0,0,0,0,0,0,0,0,0,0,0,0,0,0,0,0,0,0,0,0,0,0,0,6
0,0,0,0,0,0,0,0,0,0,0,0,0,0,0,0,0,0,0,0,0,0,0,0,0,0,0,0,5,162,29,0,0,2,30,132,161,253,253,253,0,0,0,0,0,0,0,0,85,252,206,145,145,155,252,252,252,252,252,252,0,0,0,0,0,0,0,0,85,252,252,252,253,252,252,252,252,252,252,252,0,0,0,0,0,0,0,0,85,252,252,252,253,252,252,243,204,204,106,187,0,0,0,0,0,0,15,152,205,252,252,252,193,123,72,58,0,0,0,0,0,0,0,0,0,0,61,252,252,252,252,160,0,0,0,0,0,0,0,0,0,0,0,0,0,0,61,252,252,252,252,230,196,0,0,0,0,0,0,0,0,0,0,0,0,0,9,128,155,155,243,252,252,196,0,0,0,0,0,0,0,0,0,0,0,0,0,0,0,0,130,247,253,250,87,0,0,0,0,0,0,0,0,0,0,0,0,0,0,0,0,241,253,252,96,0,0,0,0,0,0,0,0,0,0,0,0,0,0,0,0,237,255,253,96,0,0,0,0,0,0,0,0,0,0,12,0,0,0,0,0,121,253,250,87,0,0,0,0,0,0,0,0,0,98,172,0,0,0,0,0,196,253,228,0,0,0,0,0,0,0,0,0,98,221,236,48,0,0,0,96,248,253,228,0,0,0,0,0,0,0,0,0,145,252,252,101,0,0,0,229,252,250,116,0,0,0,0,0,0,0,0,44,227,252,252,209,17,0,28,236,252,241,0,0,0,0,0,0,0,0,0,231,252,252,252,252,216,205,223,252,252,241,0,0,0,0,0,0,0,0,0,253,252,252,252,252,252,252,252,252,252,137,0,0,0,0,0,0,0,0,0,143,252,252,252,252,252,252,252,252,91,11,0,0,0,0,0,0,0,5
0,0,0,0,0,0,0,0,0,0,0,0,0,0,0,0,0,0,0,0,0,0,0,0,0,0,0,0,0,0,0,0,0,0,0,0,0,0,0,0,0,0,0,0,0,36,143,225,253,255,253,253,244,64,0,0,0,0,0,0,0,0,0,0,138,246,252,252,252,253,252,252,252,236,67,0,0,0,0,0,0,0,9,171,243,252,235,153,58,44,72,153,248,252,164,0,0,0,0,0,0,0,32,252,252,184,9,0,0,0,0,0,128,252,249,88,0,0,0,0,0,0,156,252,252,60,0,0,0,0,0,0,8,195,252,241,0,0,0,0,0,35,246,252,144,5,0,0,0,0,0,0,56,234,252,241,0,0,0,0,0,100,252,252,55,0,0,0,0,0,8,146,242,252,252,241,0,0,0,0,0,82,251,252,89,4,0,0,0,59,223,252,252,252,252,241,0,0,0,0,0,0,209,252,252,140,78,78,173,253,252,252,178,226,252,241,0,0,0,0,0,0,85,252,252,252,252,252,252,253,223,100,11,203,252,241,0,0,0,0,0,0,0,25,197,220,220,220,125,49,0,0,23,253,253,131,0,0,0,0,0,0,0,0,0,0,0,0,0,0,0,0,100,252,252,131,0,0,0,0,0,0,0,0,0,0,0,0,0,0,0,0,132,252,252,131,0,0,0,0,0,0,0,0,0,0,0,0,0,0,0,0,238,252,252,74,0,0,0,0,0,0,0,0,0,0,0,0,0,0,0,0,242,252,233,17,0,0,0,0,0,0,0,0,0,0,0,0,0,0,0,0,242,252,164,0,0,0,0,0,0,0,0,0,0,0,0,0,0,0,0,96,251,252,164,0,0,0,0,0,0,0,0,0,0,0,0,0,0,0,0,209,252,252,164,0,0,0,0,0,9
0,0,0,0,0,0,0,0,0,93,125,215,255,238,112,0,0,0,0,0,0,0,0,0,0,0,0,95,218,252,253,253,253,253,253,161,0,0,0,0,0,0,0,0,0,0,199,251,253,170,165,253,253,253,253,252,105,0,0,0,0,0,0,0,0,79,250,186,19,5,4,19,123,253,253,235,8,0,0,0,0,0,0,0,0,53,155,45,0,0,0,0,157,253,253,234,0,0,0,0,0,0,0,0,0,0,0,0,0,0,19,116,243,253,253,120,0,0,0,0,0,0,0,0,0,0,0,0,0,64,187,253,253,253,253,104,0,0,0,0,0,0,0,0,0,0,25,79,179,242,253,253,253,253,232,19,0,0,0,0,0,0,0,0,26,116,218,253,253,253,253,253,253,253,248,126,32,0,0,0,0,0,0,0,92,253,253,253,253,253,253,253,253,253,253,253,210,0,0,0,0,0,0,0,92,253,253,253,238,194,167,65,151,232,253,253,250,118,0,0,0,0,0,0,26,181,201,97,53,0,0,0,0,63,233,253,253,247,0,0,0,0,0,0,0,0,0,0,0,0,0,0,0,0,156,253,253,247,0,0,0,0,0,0,0,0,0,0,0,0,0,0,0,22,221,253,253,247,0,0,93,163,12,0,0,0,0,0,0,0,0,0,22,128,253,253,253,162,0,0,248,253,110,27,4,0,0,0,7,27,54,156,221,253,253,253,245,45,0,0,238,253,253,253,163,150,83,150,177,253,253,253,253,253,253,242,154,0,0,0,51,240,253,253,253,253,253,253,253,253,253,253,253,252,159,45,0,0,0,0,0,109,247,250,252,253,253,253,253,248,247,247,159,102,0,0,0,0,0,0,0,0,0,64,108,123,230,253,152,32,0,0,0,0,0,0,0,0,0,0,3
0,0,0,0,0,0,0,47,176,164,13,27,240,216,65,0,0,0,0,0,0,0,0,0,0,0,93,244,254,240,27,0,86,239,227,0,0,0,0,0,0,0,0,0,21,154,229,162,236,128,0,0,22,236,149,0,0,0,0,0,0,0,0,21,208,254,59,0,146,14,0,0,170,254,56,0,0,0,0,0,0,0,0,147,254,91,2,0,0,0,0,81,251,152,4,0,0,0,0,0,0,0,0,217,194,7,0,0,0,0,0,182,246,69,0,0,0,0,0,0,0,0,71,254,99,0,0,0,0,0,136,250,123,0,0,0,0,0,0,0,0,0,63,253,99,0,0,0,0,90,250,155,6,0,0,0,0,0,0,0,0,0,0,201,234,140,55,5,10,186,171,6,0,0,0,0,0,0,0,0,0,0,0,25,173,252,254,220,195,254,118,8,0,0,0,0,0,0,0,0,0,0,0,0,0,40,93,186,254,254,254,219,101,8,0,0,0,0,0,0,0,0,0,0,0,0,0,38,244,145,92,211,254,137,8,0,0,0,0,0,0,0,0,0,0,0,0,57,254,121,0,8,148,254,167,8,0,0,0,0,0,0,0,0,0,0,0,51,251,121,0,0,39,194,254,138,7,0,0,0,0,0,0,0,0,0,0,0,188,157,0,0,0,28,175,254,137,0,0,0,0,0,0,0,0,0,0,0,138,242,64,0,0,0,29,168,250,123,0,0,0,0,0,0,0,0,0,0,38,225,205,22,0,0,0,6,174,251,58,0,0,0,0,0,0,0,0,0,0,55,237,219,129,9,2,0,30,203,162,0,0,0,0,0,0,0,0,0,0,0,40,149,236,254,194,177,177,208,244,0,0,0,0,0,0,0,0,0,0,0,0,0,39,150,168,234,254,191,76,0,8
0,0,0,0,0,0,0,0,0,0,0,0,0,0,0,0,0,0,0,0,0,0,0,0,0,0,0,0,0,0,0,0,0,0,0,0,0,0,0,0,0,0,0,0,0,0,0,0,0,0,0,0,0,0,0,0,0,0,0,0,0,0,0,0,0,0,0,0,0,0,0,55,135,220,255,255,214,67,0,0,0,0,0,0,0,0,0,0,71,152,221,250,254,254,254,254,254,151,0,0,0,0,0,0,0,17,137,190,250,254,254,235,204,149,116,235,254,151,0,0,0,0,0,4,106,227,254,254,235,144,60,25,0,0,27,236,254,108,0,0,0,0,4,137,254,254,247,128,25,0,0,0,0,0,94,254,254,62,0,0,0,0,39,254,254,218,49,0,0,0,0,0,0,0,146,254,231,17,0,0,0,17,199,254,218,25,0,0,0,0,0,0,0,23,239,254,137,0,0,0,0,131,254,247,81,0,0,0,0,0,0,0,0,155,254,242,36,0,0,0,79,252,254,159,0,0,0,0,0,0,0,0,19,241,254,161,0,0,0,0,199,254,206,7,0,0,0,0,0,0,0,0,159,254,254,78,0,0,0,0,188,219,37,0,0,0,0,0,0,0,0,15,239,254,198,7,0,0,0,0,15,27,0,0,0,0,0,0,0,0,0,163,254,254,74,0,0,0,0,0,0,0,0,0,0,0,0,0,0,0,7,209,254,204,6,0,0,0,0,0,0,0,0,0,0,0,0,0,0,0,107,254,254,98,0,0,0,0,0,0,0,0,0,0,0,0,0,0,0,9,211,254,180,6,0,0,0,0,0,0,0,0,0,0,0,0,0,0,0,163,254,253,67,0,0,0,0,0,0,0,0,0,0,0,0,0,0,0,23,232,254,203,0,0,0,0,0,0,0,0,7
0,0,0,0,0,0,0,0,0,0,0,0,0,0,0,0,0,0,0,0,0,0,0,0,0,0,0,0,0,0,180,217,47,0,0,0,0,0,0,0,0,0,0,0,0,0,0,0,0,0,157,254,71,0,0,0,0,0,0,0,0,0,0,0,0,0,0,0,0,0,122,254,168,0,0,0,0,0,0,0,0,0,0,75,168,10,0,0,0,0,46,254,251,12,0,0,0,0,0,0,0,0,0,126,254,177,0,0,0,0,18,229,254,85,0,0,0,0,0,0,0,0,0,91,254,246,3,0,0,0,0,197,254,85,0,0,0,0,0,0,0,0,0,24,237,254,80,0,0,0,0,197,254,115,0,0,0,0,0,0,0,0,0,0,145,254,192,2,0,0,0,197,254,196,3,0,0,0,0,0,0,0,0,0,61,254,254,4,0,0,0,176,254,254,29,0,0,0,0,0,0,0,0,0,19,243,254,199,83,45,45,133,254,254,98,0,0,0,0,0,0,0,0,0,0,36,205,254,254,254,254,254,254,254,98,0,0,0,0,0,0,0,0,0,0,0,20,202,247,254,254,254,254,254,105,0,0,0,0,0,0,0,0,0,0,0,0,0,42,71,71,78,228,254,187,0,0,0,0,0,0,0,0,0,0,0,0,0,0,0,0,0,184,254,232,15,0,0,0,0,0,0,0,0,0,0,0,0,0,0,0,0,160,254,254,109,0,0,0,0,0,0,0,0,0,0,0,0,0,0,0,0,44,254,254,112,0,0,0,0,0,0,0,0,0,0,0,0,0,0,0,0,4,241,254,157,0,0,0,0,0,0,0,0,0,0,0,0,0,0,0,0,0,161,254,244,70,0,0,0,0,0,0,0,0,0,0,0,0,0,0,0,0,77,254,254,125,0,0,0,4
0,0,0,0,0,0,0,0,0,0,0,0,0,0,0,0,0,0,0,0,0,0,19,149,119,0,0,0,0,0,0,0,0,0,83,255,158,0,0,0,0,0,124,253,253,83,0,0,0,0,0,0,0,0,195,254,188,0,0,0,0,44,229,253,192,30,0,0,0,0,0,0,0,0,195,254,135,0,0,0,0,118,253,216,5,0,0,0,0,0,0,0,0,0,142,254,135,0,0,0,0,118,253,213,0,0,0,0,0,0,0,0,0,0,98,254,135,0,0,0,0,118,254,214,0,0,0,0,0,0,0,0,0,0,99,255,234,0,0,0,0,200,253,130,0,0,0,0,0,0,0,0,0,0,98,254,233,0,0,0,0,214,253,117,0,0,0,0,0,0,0,0,0,0,98,254,233,0,0,0,0,214,253,64,0,0,0,0,0,0,0,0,0,0,113,254,233,0,0,0,0,214,253,19,0,0,0,0,0,0,0,0,0,106,239,254,233,0,0,0,0,215,254,19,0,0,0,0,32,97,156,163,254,254,254,255,238,18,0,0,0,214,253,110,0,20,65,147,235,253,254,251,203,121,39,246,253,78,0,0,0,154,253,241,175,254,253,253,253,253,152,72,0,0,0,127,253,108,0,0,0,9,184,250,253,254,250,213,33,19,0,0,0,0,0,59,253,174,0,0,0,0,0,54,58,58,54,0,0,0,0,0,0,0,0,59,253,174,0,0,0,0,0,0,0,0,0,0,0,0,0,0,0,0,0,59,254,223,12,0,0,0,0,0,0,0,0,0,0,0,0,0,0,0,0,32,235,253,19,0,0,0,0,0,0,0,0,0,0,0,0,0,0,0,0,0,214,253,19,0,0,0,0,0,0,0,0,0,0,0,0,0,0,0,0,0,110,253,72,0,4
0,0,0,0,0,0,0,0,0,0,0,0,0,0,0,0,0,0,0,0,0,0,0,0,0,0,0,0,0,0,0,3,11,77,61,3,0,0,0,0,0,0,0,0,0,0,0,0,0,0,55,186,253,253,253,190,64,0,0,0,0,0,0,0,0,0,0,12,97,218,247,253,253,248,235,253,249,64,0,0,0,0,0,0,0,0,59,218,253,253,191,159,253,183,8,173,253,226,7,0,0,0,0,0,21,171,238,249,223,106,5,6,109,51,0,8,224,253,112,0,0,0,0,49,232,253,253,108,0,0,0,0,0,0,0,0,51,232,241,40,0,2,105,233,253,128,81,1,0,0,0,0,0,0,0,0,20,225,253,54,0,87,253,253,120,6,0,0,0,0,0,0,0,0,0,0,22,230,253,92,33,234,253,175,2,0,0,0,0,0,0,0,0,0,0,0,0,189,253,213,137,253,253,54,0,0,0,0,0,0,0,0,0,0,0,0,0,189,253,212,254,253,213,13,0,0,0,0,0,0,0,0,0,0,0,0,0,189,253,153,254,253,188,0,0,0,0,0,0,0,0,0,0,0,0,0,0,189,253,153,254,253,188,0,0,0,0,0,0,0,0,0,0,0,0,0,79,232,253,127,156,253,220,39,8,0,0,0,0,0,0,0,0,0,0,71,251,254,249,49,17,191,253,253,203,80,0,0,0,0,0,0,0,0,8,174,253,253,138,0,0,13,120,208,253,251,234,140,134,116,75,98,134,134,225,253,249,109,9,0,0,0,0,6,64,165,253,253,253,253,253,253,253,253,245,163,63,0,0,0,0,0,0,0,0,2,43,70,109,109,109,109,104,9,9,0,0,0,0,0,0,0,0,0,0,0,0,0,0,0,0,0,0,0,0,0,0,0,0,0,0
0,0,0,0,0,0,0,0,0,0,0,0,0,0,0,0,0,0,0,0,0,0,0,60,96,96,96,96,96,96,115,253,253,153,60,0,0,0,0,0,4,32,171,228,253,251,251,251,251,253,251,251,251,251,230,170,16,0,0,0,32,251,251,251,253,251,251,251,251,253,251,251,251,251,253,251,126,0,0,0,32,251,251,251,229,188,188,50,129,31,31,31,86,251,253,251,126,0,0,0,12,173,251,152,59,0,0,0,0,0,0,0,162,251,253,251,126,0,0,0,0,0,0,0,0,0,0,0,0,96,115,253,253,253,255,241,79,0,0,0,0,0,0,0,0,4,112,190,190,253,251,251,251,251,181,54,0,0,0,0,0,0,0,0,0,112,251,251,251,253,251,251,251,172,79,0,0,0,0,0,0,0,0,0,0,43,220,251,251,253,251,251,196,12,0,0,0,0,0,0,0,0,0,0,0,0,48,232,251,253,251,251,228,158,0,0,0,0,0,0,0,0,0,0,0,0,0,0,100,195,253,253,253,253,159,0,0,0,0,0,0,0,0,0,0,0,0,0,0,24,62,141,248,251,230,166,0,0,0,0,0,0,0,0,0,0,0,0,0,0,0,0,142,251,253,236,63,0,0,0,0,0,0,0,0,0,0,0,0,0,0,0,48,228,253,251,126,0,0,0,0,0,0,0,0,0,0,0,0,0,0,0,0,59,253,251,126,0,0,0,0,0,0,0,96,115,253,31,0,0,0,0,0,60,255,253,126,0,0,0,0,0,0,120,253,251,251,58,32,32,151,190,190,228,253,251,126,0,0,0,0,0,0,158,253,251,251,251,251,253,251,251,251,251,253,251,126,0,0,0,0,0,0,119,213,251,251,251,251,253,251,251,251,251,229,188,94,0,0,0,3
0,0,0,0,0,0,0,0,0,0,22,24,19,11,0,0,0,0,0,0,0,0,0,0,0,0,0,0,13,140,244,253,236,203,161,57,0,0,0,0,0,0,0,0,0,0,0,34,203,252,252,253,252,252,252,252,174,25,0,0,0,0,0,0,0,0,51,174,252,252,252,253,252,252,252,252,253,223,56,0,0,0,0,0,0,0,191,252,252,252,252,243,137,54,117,242,253,252,69,0,0,0,0,0,0,179,255,253,253,253,253,158,0,0,0,0,244,253,190,5,0,0,0,13,140,244,253,252,231,252,178,0,0,0,0,0,65,252,252,135,0,0,0,101,252,252,253,218,88,252,137,0,0,0,0,0,7,186,252,252,0,0,81,240,252,252,192,37,44,236,96,0,0,0,0,0,0,161,252,252,0,0,161,252,252,252,63,0,0,19,2,0,0,0,0,0,0,161,252,252,0,34,253,253,253,180,0,0,0,0,0,0,0,0,0,0,0,100,253,253,0,212,252,252,252,22,0,0,0,0,0,0,0,0,0,0,0,120,252,252,0,253,252,252,185,6,0,0,0,0,0,0,0,0,0,0,0,161,252,252,0,253,252,252,160,0,0,0,0,0,0,0,0,0,0,0,9,194,252,252,0,253,252,252,202,11,0,0,0,0,0,0,0,0,0,0,181,252,252,210,0,244,253,253,253,253,191,138,86,44,24,13,24,55,138,243,255,253,215,21,0,61,236,252,252,252,253,252,252,252,252,212,252,252,252,252,253,202,67,0,0,0,65,202,252,252,253,252,252,252,252,253,252,252,252,252,173,25,0,0,0,0,0,13,45,150,211,252,252,252,252,245,160,77,45,45,0,0,0,0,0,0,0,0,0,0,13,22,22,22,22,21,0,0,0,0,0,0,0,0,0
0,0,0,0,0,0,0,0,38,130,253,255,218,37,0,0,0,0,0,0,0,0,0,0,0,0,0,32,216,241,192,44,180,223,138,7,0,0,0,0,0,0,0,0,0,0,117,210,237,107,0,0,21,194,252,29,0,0,0,0,0,0,0,0,0,0,178,252,14,0,0,0,0,164,252,29,0,0,0,0,0,0,0,0,0,0,178,252,14,0,0,0,0,164,252,29,0,0,0,0,0,0,0,0,0,0,178,252,129,7,0,0,8,174,252,29,0,0,0,0,0,0,0,0,0,0,100,252,252,137,0,0,60,252,252,29,0,0,0,0,0,0,0,0,0,0,20,162,22,12,0,0,200,252,209,19,0,0,0,0,0,0,0,0,0,0,0,0,0,0,0,107,242,249,110,0,0,0,0,0,0,0,0,0,0,0,0,0,0,0,89,253,252,148,0,0,0,0,0,0,0,0,0,0,0,0,0,0,0,107,253,211,114,0,0,0,0,0,0,0,0,0,0,0,0,0,0,0,197,242,252,114,0,0,0,0,0,0,0,0,0,0,0,0,0,0,2,15,239,249,148,0,0,0,0,0,0,0,0,0,0,0,0,0,0,0,101,252,252,207,0,0,0,0,0,0,0,0,0,0,0,0,0,0,0,23,200,252,128,24,0,0,0,0,0,0,0,0,0,0,0,0,0,0,0,93,252,252,42,25,0,0,0,0,0,0,0,0,0,0,0,0,0,0,64,238,252,252,252,231,55,0,0,0,0,0,0,0,0,0,0,0,0,0,120,252,241,162,75,231,244,53,0,0,113,238,210,0,0,0,0,0,0,0,99,207,95,0,0,72,207,229,158,45,142,252,195,0,0,0,0,0,0,0,0,0,0,0,0,0,0,104,226,252,252,207,30,0,0,0,2
0,0,0,0,0,0,0,0,0,9,128,255,159,17,0,0,0,0,0,0,0,0,0,0,0,0,0,0,45,194,252,253,252,227,50,0,0,0,0,0,0,0,0,0,0,0,0,13,172,252,252,253,252,252,227,17,0,0,0,0,0,0,0,0,0,0,9,174,252,252,252,253,252,252,252,117,0,0,0,0,0,0,0,0,0,0,181,252,252,252,252,253,252,252,252,189,0,0,0,0,0,0,0,0,0,64,255,253,253,253,232,116,116,206,253,253,116,0,0,0,0,0,0,0,17,140,253,252,252,172,8,0,0,25,223,252,189,0,0,0,0,0,0,0,93,252,253,252,202,13,0,0,0,0,56,236,247,99,0,0,0,0,0,0,134,252,253,252,89,0,0,0,0,0,0,230,253,206,0,0,0,0,0,0,207,252,253,106,6,0,0,0,0,0,0,178,253,248,63,0,0,0,5,138,253,253,242,42,0,0,0,0,0,0,0,231,255,253,69,0,0,0,47,252,252,252,135,0,0,0,0,0,0,0,17,234,253,252,141,0,0,0,47,252,252,252,0,0,0,0,0,0,0,0,124,252,253,252,151,0,0,0,47,252,252,252,0,0,0,0,0,0,0,0,207,252,253,252,69,0,0,0,5,190,252,252,0,0,0,0,0,0,22,146,248,252,253,231,37,0,0,0,0,174,253,253,139,65,24,24,76,202,253,253,253,253,255,144,0,0,0,0,0,25,202,252,253,252,252,252,252,253,252,252,252,252,239,33,0,0,0,0,0,0,93,252,253,252,252,252,252,253,252,252,252,252,115,0,0,0,0,0,0,0,17,98,253,252,252,252,252,253,252,252,176,108,0,0,0,0,0,0,0,0,0,0,33,137,221,252,252,243,137,106,4,0,0,0,0,0,0
0,0,0,0,0,0,0,0,0,0,0,7,135,253,233,164,19,0,0,0,0,0,0,0,0,0,0,0,0,0,0,123,252,253,167,0,0,0,0,0,0,0,0,0,0,0,0,0,0,0,32,215,252,253,89,0,0,0,0,0,0,0,0,0,0,0,0,0,0,38,222,253,253,79,0,0,0,0,0,0,0,0,0,0,0,0,0,0,38,219,252,252,204,0,0,0,0,0,0,0,0,0,0,0,0,0,0,0,222,252,252,198,25,0,0,0,0,0,0,0,0,0,0,0,0,0,35,169,253,252,198,28,0,0,0,0,0,0,0,0,0,0,0,0,0,0,169,252,253,204,25,0,0,0,0,0,0,0,0,0,0,0,0,0,0,120,253,253,204,94,0,0,0,0,0,0,0,0,0,0,0,0,0,0,76,246,252,252,15,0,0,57,85,147,225,225,122,0,0,0,0,0,0,26,200,252,252,141,0,19,88,234,252,253,252,252,246,88,0,0,0,0,0,207,252,252,217,37,29,181,252,252,236,225,233,252,252,112,0,0,0,0,0,253,252,252,84,0,253,252,252,157,50,0,85,252,252,112,0,0,0,0,0,255,253,133,13,191,255,215,31,0,0,114,238,253,225,0,0,0,0,0,0,253,252,199,181,252,253,167,67,101,225,253,252,233,71,0,0,0,0,0,0,253,252,252,252,252,253,233,240,252,252,253,233,74,0,0,0,0,0,0,0,146,233,252,252,252,253,252,252,233,223,84,56,0,0,0,0,0,0,0,0,0,38,112,205,252,253,204,112,37,0,0,0,0,0,0,0,0,0,0,0,0,0,0,0,0,0,0,0,0,0,0,0,0,0,0,0,0,0,0,0,0,0,0,0,0,0,0,0,0,0,0,0,0,0,0,0,0,6
0,0,0,0,0,19,29,79,141,141,141,241,192,116,7,0,0,0,0,0,0,0,0,0,170,225,252,252,253,252,252,252,253,252,149,7,0,0,0,0,0,0,0,0,253,252,252,252,244,168,234,252,216,252,252,153,0,0,0,0,0,0,0,0,40,139,103,28,25,0,22,28,28,215,252,252,101,0,0,0,0,0,0,0,0,0,0,0,0,0,0,0,4,179,253,241,0,0,0,0,0,0,0,0,0,0,0,0,0,0,0,0,54,252,252,139,0,0,0,0,0,0,0,0,0,0,0,0,0,0,0,76,229,252,252,103,0,0,0,0,0,0,0,0,0,0,0,51,114,138,225,249,253,252,127,3,0,0,0,0,0,0,0,0,0,7,154,253,255,253,253,253,255,253,253,91,0,0,0,0,0,0,0,0,0,57,252,252,253,252,252,252,253,252,252,215,51,0,0,0,0,0,0,0,0,13,209,252,168,93,56,56,69,224,252,252,235,28,0,0,0,0,0,0,0,0,22,28,0,0,0,0,0,19,203,252,253,184,0,0,0,0,0,0,0,0,0,0,0,0,0,0,0,0,86,253,255,197,0,0,0,0,19,107,163,38,0,0,0,0,0,0,0,0,110,252,253,196,0,0,0,0,172,252,187,0,0,0,0,0,0,0,0,19,215,252,253,158,0,0,0,26,222,252,113,0,0,0,0,0,0,0,63,194,252,252,228,9,0,0,0,51,247,253,242,66,29,29,29,54,141,141,255,253,253,241,151,0,0,0,0,0,197,252,253,252,252,252,253,252,252,252,253,252,208,59,0,0,0,0,0,0,81,243,253,252,252,252,253,252,252,252,244,142,13,0,0,0,0,0,0,0,0,25,91,165,252,252,253,252,164,90,25,0,0,0,0,0,0,0,3
0,0,0,0,0,0,0,0,0,0,0,0,204,241,35,0,0,0,0,0,0,0,0,0,0,0,0,0,0,0,0,88,252,253,54,0,0,0,0,0,0,0,0,0,0,0,0,0,0,0,0,163,253,253,119,0,0,0,0,0,0,0,0,0,0,0,0,0,0,0,7,202,253,185,12,0,0,0,0,0,0,0,0,0,0,0,0,0,0,0,91,254,253,62,0,0,0,0,0,0,0,0,0,0,0,0,0,0,0,0,182,255,192,13,0,0,0,0,0,0,0,0,0,0,0,0,0,0,0,0,181,254,108,0,0,0,0,0,0,0,0,0,0,0,0,0,0,0,0,10,217,254,108,0,0,0,0,0,0,0,0,0,0,0,0,0,0,0,0,58,253,254,37,0,0,0,0,0,0,0,0,0,0,0,0,0,0,0,0,109,253,228,12,0,0,0,0,0,0,0,0,0,0,0,0,0,0,0,0,200,254,156,0,0,0,0,0,0,0,0,0,0,0,0,0,0,0,0,21,230,253,91,0,0,0,0,0,0,0,0,0,0,0,0,0,0,0,0,128,253,253,78,0,0,0,0,0,0,0,0,0,0,0,0,0,0,0,0,217,253,181,0,0,0,0,0,0,0,0,0,0,0,0,0,0,0,0,20,230,253,98,0,0,0,0,0,0,0,0,0,0,0,0,0,0,0,0,55,254,254,72,0,0,0,0,0,0,0,0,0,0,0,0,0,0,0,0,107,253,236,5,0,0,0,0,0,0,0,0,0,0,0,0,0,0,0,0,223,253,237,37,37,16,0,0,0,0,0,0,0,0,0,0,0,0,0,0,235,253,253,253,254,108,0,0,0,0,0,0,0,0,0,0,0,0,0,0,119,240,253,188,136,31,0,0,0,0,0,0,0,1
0,0,0,0,0,0,0,0,0,0,0,0,0,0,0,0,0,0,0,0,0,0,0,0,0,96,226,163,159,125,220,170,60,0,0,0,0,0,0,0,0,0,0,0,105,248,253,253,253,253,254,253,238,44,0,0,0,0,0,0,0,0,0,98,249,253,253,251,248,253,247,253,249,50,0,0,0,0,0,0,0,0,3,194,253,219,112,66,41,84,22,234,243,0,0,28,0,0,0,0,0,0,62,253,253,88,0,0,0,0,0,208,243,0,148,241,203,110,0,0,0,0,145,253,253,47,0,0,0,0,0,24,45,104,249,253,253,196,0,0,0,0,197,253,235,29,0,0,0,0,0,0,0,169,253,253,253,196,0,0,0,0,86,253,253,103,0,0,0,0,0,0,10,250,253,253,253,196,0,0,0,0,5,212,253,229,123,32,15,21,123,109,176,253,253,253,243,105,0,0,0,0,0,107,246,253,253,253,221,236,254,253,253,253,253,246,106,0,0,0,0,0,0,0,70,217,254,254,254,254,255,254,223,201,254,205,20,0,0,0,0,0,0,0,0,13,28,49,122,122,98,63,17,75,250,253,75,0,0,0,0,0,0,0,0,0,0,0,0,0,0,0,0,0,200,253,147,0,0,0,0,0,0,0,0,0,0,0,0,0,0,0,0,0,235,253,168,0,0,0,0,0,0,0,70,0,0,0,0,0,0,0,0,0,182,253,168,0,0,0,0,0,0,34,199,4,0,0,0,0,0,0,0,0,148,253,161,0,0,0,0,0,0,23,240,185,85,3,0,0,0,0,4,147,247,246,50,0,0,0,0,0,0,0,214,253,253,244,199,150,151,199,244,253,253,123,0,0,0,0,0,0,0,0,73,172,234,253,253,253,254,253,253,206,130,24,0,0,0,0,9
0,0,0,0,0,0,0,0,0,0,0,0,0,0,0,0,0,0,0,0,0,0,0,0,0,0,0,0,0,0,0,0,0,0,0,0,0,0,0,0,0,0,0,0,0,0,0,9,181,254,254,255,254,254,254,193,14,0,0,0,0,0,0,0,0,0,0,51,253,253,253,254,253,253,253,253,152,0,0,0,0,0,0,0,0,0,0,114,248,128,44,17,102,243,253,253,218,0,0,0,0,0,0,0,0,0,0,162,235,0,0,0,129,251,253,235,151,0,0,0,0,0,0,0,0,0,0,126,238,12,0,0,245,253,225,35,6,0,0,0,0,0,0,0,0,0,0,102,253,70,0,39,249,253,116,0,0,0,0,0,0,0,0,0,0,0,0,27,253,79,0,157,253,155,6,0,0,0,0,0,0,0,0,0,0,0,0,7,207,193,109,254,218,10,0,0,0,0,0,0,0,0,0,0,0,0,0,0,189,253,253,251,32,0,0,0,0,0,0,0,0,0,0,0,0,0,0,0,106,253,253,115,0,0,0,0,0,0,0,0,0,0,0,0,0,0,0,0,163,254,254,31,0,0,0,0,0,0,0,0,0,0,0,0,0,0,0,105,251,253,253,85,0,0,0,0,0,0,0,0,0,0,0,0,0,0,21,231,221,139,253,139,0,0,0,0,0,0,0,0,0,0,0,0,0,0,162,253,70,4,210,218,5,0,0,0,0,0,0,0,0,0,0,0,0,38,247,169,9,0,160,254,54,0,0,0,0,0,0,0,0,0,0,0,0,159,224,27,0,0,88,254,96,0,0,0,0,0,0,0,0,0,0,0,0,219,122,0,0,0,97,254,57,0,0,0,0,0,0,0,0,0,0,0,0,219,88,4,0,16,207,248,8,0,0,0,0,0,0,0,8
0,0,0,0,0,0,0,0,0,0,0,0,0,0,0,0,0,0,0,0,0,0,0,0,0,0,0,0,0,0,0,0,0,0,0,25,158,255,160,19,0,0,0,0,0,0,0,0,0,0,0,0,0,0,80,212,253,244,179,14,0,0,0,0,0,0,0,0,0,0,0,0,0,24,156,253,253,163,0,0,0,0,0,0,0,0,0,0,0,0,0,0,27,207,253,245,106,18,0,0,0,0,0,0,0,0,0,0,0,0,0,0,136,253,253,238,42,0,0,0,0,0,0,0,0,0,0,0,0,0,25,198,249,253,193,26,0,0,0,0,0,0,0,0,0,0,0,0,0,1,64,253,253,248,66,0,0,0,0,0,0,0,0,0,0,0,0,0,0,109,253,253,253,23,0,0,0,0,0,0,0,0,0,0,0,0,0,0,24,175,253,241,167,9,0,0,0,0,0,0,0,0,0,0,0,0,0,5,220,253,253,94,0,0,0,0,0,0,0,0,0,0,0,0,0,0,0,78,253,253,172,14,0,0,0,0,0,0,0,0,0,0,0,0,0,0,40,247,253,238,48,0,0,0,0,0,0,0,0,0,0,0,0,0,0,0,159,253,243,137,36,0,0,0,0,0,0,0,0,0,0,0,0,0,0,148,253,253,169,0,0,0,0,0,0,0,0,0,0,0,0,0,0,0,42,234,253,181,47,0,0,0,0,0,0,0,0,0,0,0,0,0,0,10,160,253,253,52,0,0,0,0,0,0,0,0,0,0,0,0,0,0,0,139,253,253,91,3,0,0,0,0,0,0,0,0,0,0,0,0,0,0,12,198,253,224,20,0,0,0,0,0,0,0,0,0,0,0,0,0,0,0,36,253,253,118,0,0,0,0,0,0,0,0,0,0,0,0,0,0,1
0,0,0,0,0,0,0,0,0,0,0,0,0,0,0,0,0,0,0,0,0,0,0,0,0,0,0,0,0,0,0,0,0,0,0,0,0,0,0,0,0,0,0,0,0,0,0,0,0,0,4,91,150,175,215,235,16,0,0,0,0,0,0,0,0,0,0,0,0,21,172,254,254,254,254,254,95,0,0,0,0,0,0,0,0,0,0,3,118,216,254,254,237,146,190,254,30,0,0,0,0,0,0,0,0,0,0,150,254,242,170,86,20,0,147,153,2,0,0,0,0,0,0,0,0,0,125,254,209,28,0,0,30,174,206,7,0,0,0,0,0,0,0,0,0,24,245,149,0,0,29,121,230,254,152,0,0,0,0,0,0,0,0,0,0,133,204,2,42,127,226,254,254,254,117,0,0,0,0,0,0,0,0,0,0,158,254,210,254,254,254,209,215,238,24,0,0,0,0,0,0,0,0,0,0,124,254,254,254,222,101,22,220,152,0,0,0,0,0,0,0,0,0,0,0,24,95,96,35,8,0,105,245,29,0,0,0,0,0,0,0,0,0,0,0,0,0,0,0,0,44,250,179,0,0,0,0,0,0,0,0,0,0,0,0,0,0,0,0,6,162,244,20,0,0,0,0,0,0,0,0,0,0,0,0,0,0,0,0,88,254,134,0,0,0,0,0,0,15,0,0,0,0,0,0,0,0,0,18,223,198,12,0,0,0,0,0,128,204,0,0,0,0,0,0,0,0,5,151,254,140,0,0,0,0,0,0,116,58,0,0,0,0,0,0,0,0,180,254,217,10,0,0,0,0,0,0,71,104,0,0,0,0,0,0,0,45,255,230,47,0,0,0,0,0,0,0,175,222,0,0,0,0,0,0,12,227,247,47,0,0,0,0,0,0,0,0,58,42,0,9
0,0,0,0,0,0,0,0,0,0,0,0,0,0,0,0,0,0,0,0,0,0,0,0,0,0,0,0,0,0,0,0,0,20,80,139,242,62,0,58,0,0,0,0,0,0,0,0,0,0,25,71,149,248,254,254,254,86,11,216,0,20,171,237,216,206,11,0,26,126,216,193,139,254,59,105,63,4,70,245,0,36,114,114,73,162,20,6,138,146,140,0,41,32,3,0,0,24,239,245,0,0,0,0,8,5,52,68,177,0,0,0,0,0,0,0,34,205,254,154,0,0,0,0,0,7,141,186,24,0,0,0,0,0,0,34,216,238,176,12,0,0,0,0,0,25,234,223,13,0,0,0,0,0,61,229,254,139,0,0,0,0,0,0,0,0,204,139,0,0,0,0,5,91,248,238,193,52,0,0,0,0,0,0,0,0,77,183,0,0,0,0,44,127,139,10,0,0,0,0,0,0,0,0,0,0,0,133,109,88,88,116,122,37,0,0,0,0,0,0,0,0,0,0,0,0,0,142,254,255,254,231,151,37,0,0,0,0,0,0,0,0,0,0,0,0,143,252,254,254,254,36,0,0,0,0,0,0,0,0,0,0,0,0,35,183,251,247,192,215,171,0,0,0,0,0,0,0,0,0,0,0,0,13,194,254,198,41,0,79,214,0,0,0,0,0,0,0,0,0,0,0,0,137,254,170,6,0,0,5,213,46,0,0,0,0,0,0,0,0,0,0,10,224,228,33,0,0,0,20,228,76,0,0,0,0,0,0,0,0,0,0,71,254,131,0,0,0,11,143,166,0,0,0,0,0,0,0,0,0,0,0,42,247,153,18,18,58,197,254,166,0,0,0,0,0,0,0,0,0,0,0,0,173,254,254,254,254,253,178,46,0,0,0,0,0,0,0,0,0,8
0,0,0,0,0,0,0,11,155,233,252,252,252,0,0,0,0,0,0,0,0,0,0,0,0,0,32,150,252,253,241,221,231,0,0,0,0,0,0,0,0,0,0,0,0,1,217,252,252,191,77,16,46,0,0,0,0,0,0,0,0,0,0,0,1,170,252,252,189,83,0,0,0,0,0,0,0,0,0,0,0,0,0,0,125,252,252,220,15,0,0,0,0,0,0,0,0,0,0,0,0,0,0,27,221,252,220,102,0,0,0,0,0,0,0,0,0,0,0,0,0,0,0,120,252,252,35,0,0,0,0,0,0,145,104,0,0,0,0,0,0,0,32,212,253,253,35,0,0,0,0,79,191,255,253,253,170,63,0,0,0,0,73,252,252,158,5,0,0,0,21,201,252,253,252,252,252,238,30,0,0,0,73,252,252,123,0,0,0,16,181,252,252,72,113,221,252,253,56,0,0,0,73,252,252,0,0,0,0,109,252,252,252,0,0,16,190,253,179,0,0,0,73,253,253,0,0,0,0,110,253,237,62,0,0,0,145,255,180,0,0,0,73,252,252,124,0,0,0,109,252,91,0,0,0,0,144,253,179,0,0,0,73,252,252,159,5,0,0,212,252,71,0,0,0,0,144,253,179,0,0,0,31,211,252,252,119,0,84,253,210,31,0,0,0,0,144,253,179,0,0,0,0,120,253,253,253,253,253,255,211,31,0,110,109,212,253,255,35,0,0,0,0,5,119,252,252,252,252,253,252,227,217,253,252,252,252,222,25,0,0,0,0,0,1,71,195,241,252,253,252,252,252,253,252,252,231,41,0,0,0,0,0,0,0,0,0,78,190,253,252,252,252,108,148,148,46,0,0,0,0,0,0,0,0,0,0,0,0,0,0,0,0,0,0,0,0,0,0,0,6
0,0,0,0,0,0,0,0,0,0,0,0,0,0,0,0,0,0,0,0,0,0,0,0,0,0,0,0,0,0,0,0,0,150,206,6,0,0,0,0,0,0,0,0,0,0,0,98,11,0,0,0,0,227,254,85,0,0,0,0,0,0,0,0,0,0,29,244,215,0,0,0,42,248,254,47,0,0,0,0,0,0,0,0,0,0,61,254,250,0,0,0,95,254,254,4,0,0,0,0,0,0,0,0,0,0,177,254,231,0,0,10,214,254,236,3,0,0,0,0,0,0,0,0,0,0,223,255,121,0,0,41,254,254,177,0,0,0,0,0,0,0,0,0,0,17,233,254,36,0,0,94,254,254,203,86,143,166,111,0,0,0,0,0,0,49,254,254,8,0,2,182,254,254,254,254,248,166,39,0,0,0,0,0,0,84,254,254,8,34,151,254,254,254,254,198,62,0,0,0,0,0,0,0,0,155,254,255,205,254,254,255,254,244,139,1,0,0,0,0,0,0,0,0,0,88,254,254,254,254,254,254,254,79,0,0,0,0,0,0,0,0,0,0,0,37,246,254,254,254,254,254,207,3,0,0,0,0,0,0,0,0,0,0,0,0,105,177,98,107,254,254,151,0,0,0,0,0,0,0,0,0,0,0,0,0,0,0,2,204,254,227,15,0,0,0,0,0,0,0,0,0,0,0,0,0,0,0,37,254,254,207,0,0,0,0,0,0,0,0,0,0,0,0,0,0,0,0,157,254,254,97,0,0,0,0,0,0,0,0,0,0,0,0,0,0,0,0,247,254,231,10,0,0,0,0,0,0,0,0,0,0,0,0,0,0,0,63,253,254,182,0,0,0,0,0,0,0,0,0,0,0,0,0,0,0,0,74,254,250,81,0,0,0,0,0,0,0,0,0,4
0,0,0,0,0,0,0,0,0,0,0,0,0,0,0,0,0,0,0,0,0,0,0,0,0,0,0,0,57,66,67,149,156,22,0,0,0,175,97,0,0,0,0,0,0,24,163,225,249,253,254,253,253,206,24,0,0,244,130,0,0,0,0,7,115,222,253,244,163,149,56,139,188,246,204,23,67,251,128,0,0,12,114,225,253,212,84,3,0,0,0,0,0,25,213,140,113,253,37,0,0,73,253,253,174,10,0,0,0,0,0,0,0,0,28,115,247,221,17,0,0,108,253,253,18,0,0,0,0,0,0,0,0,0,4,141,253,113,0,0,0,38,253,253,184,39,25,0,0,0,0,0,0,0,144,253,161,3,0,0,0,2,51,234,253,246,247,188,99,0,0,0,3,147,252,220,31,0,0,0,0,0,0,25,125,207,234,253,249,181,56,5,141,253,219,38,0,0,0,0,0,0,0,0,0,0,22,121,239,253,237,197,253,253,43,0,0,0,0,0,0,0,0,0,0,0,0,0,11,153,255,254,254,120,0,0,0,0,0,0,0,0,0,0,0,0,0,0,5,152,254,253,253,206,10,0,0,0,0,0,0,0,0,0,0,0,0,0,140,253,254,234,230,253,129,0,0,0,0,0,0,0,0,0,0,0,0,66,240,253,234,51,72,253,237,31,0,0,0,0,0,0,0,0,0,0,0,150,253,235,84,0,8,237,253,117,0,0,0,0,0,0,0,0,0,0,0,150,253,159,0,0,0,87,251,235,6,0,0,0,0,0,0,0,0,0,0,85,253,190,0,0,0,0,235,253,75,0,0,0,0,0,0,0,0,0,0,23,210,253,221,67,57,85,245,248,58,0,0,0,0,0,0,0,0,0,0,0,64,211,254,253,253,253,253,178,0,0,0,0,8
0,0,64,0,0,0,0,0,0,0,0,0,0,0,188,214,0,0,0,0,0,0,121,28,0,0,0,0,0,0,0,0,0,121,250,213,0,0,0,0,0,0,0,0,0,0,0,0,0,0,0,0,0,201,253,213,0,0,0,0,0,0,0,0,0,0,0,0,0,0,0,0,26,217,253,213,0,0,0,0,0,0,0,0,0,0,0,0,0,0,0,0,81,253,253,177,0,0,0,0,0,0,0,0,0,0,0,0,0,0,0,20,188,253,253,80,0,0,0,0,0,0,0,0,0,0,0,0,0,0,0,94,253,253,245,67,0,0,0,0,0,0,0,0,0,0,0,0,0,0,0,109,253,253,199,0,0,0,0,0,0,0,0,0,0,0,0,0,0,0,70,242,253,253,122,0,0,0,0,0,0,0,0,0,0,0,0,0,0,0,241,253,253,218,31,0,0,0,0,0,0,0,0,0,0,0,0,0,0,185,255,254,254,53,0,0,0,0,0,0,0,0,0,0,0,0,0,0,57,254,253,253,219,31,0,0,0,0,0,0,0,0,0,0,0,0,0,5,178,254,253,218,38,0,0,0,0,0,0,0,0,0,0,0,0,0,0,128,253,254,253,118,0,0,0,0,0,0,0,0,0,0,0,0,0,0,22,231,253,254,225,19,0,0,0,0,0,0,0,0,0,0,0,0,0,0,127,253,253,254,47,0,0,0,0,0,0,0,0,0,0,0,0,0,0,28,224,253,253,150,4,0,0,0,0,0,0,0,0,0,0,0,0,0,0,126,253,253,239,0,0,0,0,0,0,0,0,0,0,0,0,0,0,0,0,174,253,252,114,0,0,0,0,0,0,0,0,0,0,0,0,0,0,0,0,174,253,240,0,0,0,0,0,0,0,0,0,0,0,0,1
0,0,0,0,0,0,0,0,0,0,133,253,96,0,0,0,0,0,0,0,0,0,0,0,0,0,0,0,0,12,202,252,96,0,0,0,0,0,0,0,0,0,0,0,0,0,0,0,0,121,253,249,82,0,0,0,0,0,0,0,0,0,0,0,0,0,0,0,0,201,253,228,0,0,0,0,0,0,0,0,0,0,0,0,0,0,0,0,0,241,253,228,0,0,0,0,0,0,0,0,0,0,0,0,0,0,0,0,0,241,253,228,0,0,0,0,0,0,0,0,0,0,0,0,0,0,0,0,0,241,253,228,0,0,0,0,0,0,0,0,0,0,0,0,0,0,0,0,0,241,253,228,0,0,0,0,0,0,0,0,0,0,0,0,0,0,0,0,0,241,253,228,0,0,0,0,0,0,0,0,0,0,0,0,0,0,0,0,0,241,253,228,0,0,0,0,0,0,0,0,0,0,0,0,0,0,0,0,58,248,255,229,0,0,0,0,0,0,0,0,0,0,0,0,0,0,0,0,109,252,253,216,0,0,0,0,0,0,0,0,0,0,0,0,0,0,0,0,183,252,253,165,0,0,0,0,0,0,0,0,0,0,0,0,0,0,0,0,229,252,253,108,0,0,0,0,0,0,0,0,0,0,0,0,0,0,0,70,246,252,250,82,0,0,0,0,0,0,0,0,0,0,0,0,0,0,0,97,252,252,241,0,0,0,0,0,0,0,0,0,0,0,0,0,0,0,0,137,252,252,251,88,0,0,0,0,0,0,0,0,0,0,0,0,0,0,0,217,252,252,197,15,0,0,0,0,0,0,0,0,0,0,0,0,0,0,0,217,252,252,121,0,0,0,0,0,0,0,0,0,0,0,0,0,0,0,0,159,252,194,6,0,0,0,0,0,0,0,0,0,1
0,0,0,0,0,0,0,13,192,25,0,0,0,0,0,0,0,0,0,0,0,0,0,0,0,0,0,22,252,121,0,0,0,0,0,0,0,0,0,0,0,0,0,0,0,0,0,2,175,155,9,0,0,0,0,0,0,0,0,0,0,0,0,0,0,0,0,0,142,252,132,0,0,0,0,0,0,0,0,0,0,0,0,0,0,0,0,0,64,252,211,0,0,0,0,0,0,0,0,0,0,0,0,0,0,0,0,0,27,229,212,0,0,0,0,0,0,0,0,0,0,0,0,0,0,0,0,0,0,211,243,48,0,0,0,0,0,0,0,0,0,0,0,0,0,0,0,0,0,211,253,159,0,0,0,0,0,0,0,0,0,0,0,0,0,0,0,0,0,140,253,168,0,0,0,0,0,0,0,0,0,0,0,0,0,0,0,0,0,106,253,168,0,0,0,0,0,0,0,0,0,0,0,0,0,0,0,0,0,107,255,168,0,0,0,0,0,0,0,0,0,0,0,0,0,0,0,0,0,106,253,168,0,0,0,0,0,0,0,0,0,0,0,0,0,0,0,0,0,106,253,168,0,0,0,0,0,0,0,0,0,0,0,0,0,0,0,0,0,106,253,168,0,0,0,0,0,0,0,0,0,0,0,0,0,0,0,0,0,106,253,168,0,0,0,0,0,0,0,0,0,0,0,0,0,0,0,0,0,212,255,81,0,0,0,0,0,0,0,0,0,0,0,0,0,0,0,0,0,211,253,89,0,0,0,0,0,0,0,0,0,0,0,0,0,0,0,0,0,211,253,116,0,0,0,0,0,0,0,0,0,0,0,0,0,0,0,0,0,211,253,168,0,0,0,0,0,0,0,0,0,0,0,0,0,0,0,0,0,124,236,54,0,0,0,0,0,0,0,0,1
0,0,0,0,0,0,0,0,0,0,0,0,0,0,0,0,0,0,0,0,0,0,0,0,0,0,0,0,0,0,0,0,0,0,0,0,0,0,0,0,0,0,0,0,0,0,0,37,112,195,255,254,254,182,99,27,0,0,0,0,0,0,0,0,0,36,158,244,253,253,254,253,253,253,253,242,36,0,0,0,0,0,0,0,27,208,253,253,253,253,217,216,216,245,253,254,213,18,0,0,0,0,10,161,238,254,253,192,106,54,0,0,0,88,248,254,253,42,0,0,0,0,192,253,253,254,117,11,0,0,0,0,0,0,84,254,253,217,104,0,0,81,254,254,228,33,0,0,0,0,0,0,0,0,33,255,254,254,235,0,0,132,253,253,78,0,0,0,0,0,0,0,0,0,0,254,253,253,215,0,37,244,253,224,11,0,0,0,0,0,0,0,0,0,46,254,253,253,99,0,73,253,253,73,0,0,0,0,0,0,0,0,0,8,193,254,253,253,54,0,21,240,253,119,0,0,0,0,0,0,0,0,0,19,253,254,253,240,35,0,0,178,254,170,0,0,0,0,0,0,0,0,11,183,254,255,254,101,0,0,0,126,253,251,106,20,0,0,0,0,0,51,160,253,253,254,202,16,0,0,0,28,235,253,253,231,133,128,128,128,186,238,253,253,253,204,22,0,0,0,0,0,47,61,176,254,253,253,253,253,254,253,253,253,253,20,0,0,0,0,0,0,0,0,0,130,111,227,181,162,136,143,253,253,253,0,0,0,0,0,0,0,0,0,0,0,0,0,0,0,0,204,254,248,84,0,0,0,0,0,0,0,0,0,0,0,0,0,0,0,68,252,253,235,0,0,0,0,0,0,0,0,0,0,0,0,0,0,0,0,86,253,253,235,0,0,0,0,0,0,9
0,0,0,0,0,18,34,34,134,144,144,144,144,67,21,0,0,0,0,0,0,0,0,0,27,213,253,253,253,253,253,253,254,253,223,66,0,0,0,0,0,0,0,0,100,253,253,175,154,154,154,154,154,223,253,250,73,0,0,0,0,0,0,0,48,121,97,3,0,0,0,0,0,37,173,253,198,5,0,0,0,0,0,0,0,0,0,0,0,0,0,0,0,0,35,247,253,79,0,0,0,0,0,0,0,0,0,0,0,0,0,0,0,0,0,119,253,165,0,0,0,0,0,0,0,0,0,0,0,0,0,0,0,0,0,28,253,165,0,0,0,0,0,0,0,0,0,0,0,0,0,0,0,0,0,152,253,165,0,0,0,0,0,0,0,0,0,62,78,65,0,0,0,0,0,243,253,131,0,0,0,0,0,0,0,10,135,247,253,228,111,15,0,0,0,243,229,31,0,0,0,0,0,0,14,197,254,240,240,254,254,62,0,9,168,254,88,0,0,0,0,0,0,0,100,248,163,44,44,155,253,253,78,96,253,238,27,0,0,0,0,0,0,27,208,188,0,0,0,45,253,253,230,240,253,144,0,0,0,0,0,0,0,173,245,62,0,0,0,2,127,251,255,253,253,128,8,0,0,0,0,0,0,177,154,0,0,0,0,10,90,242,254,253,253,253,196,166,70,166,0,0,27,237,154,0,0,0,48,209,253,253,190,84,165,211,253,253,250,145,0,0,87,253,154,11,36,209,242,251,242,145,10,0,0,12,22,22,21,0,0,0,211,253,215,250,253,253,179,82,0,0,0,0,0,0,0,0,0,0,0,0,172,253,253,253,253,154,34,0,0,0,0,0,0,0,0,0,0,0,0,0,33,143,143,133,33,7,0,0,0,0,0,0,0,0,0,0,0,0,2
0,0,0,0,0,13,244,253,253,253,253,253,253,253,179,13,0,0,0,0,0,0,0,0,0,14,253,253,253,253,253,253,253,253,253,75,0,0,0,0,0,0,0,0,0,4,160,253,253,253,253,247,199,253,253,233,71,0,0,0,0,0,0,0,0,0,42,231,241,219,192,73,3,165,253,253,191,0,0,0,0,0,0,0,0,0,0,45,66,0,0,0,0,125,253,253,191,0,0,0,0,0,0,0,0,0,0,0,0,0,0,0,4,190,253,253,191,0,0,0,0,0,0,0,0,0,0,0,0,0,0,12,189,253,253,253,191,0,0,0,0,0,0,0,0,0,0,0,0,0,0,28,253,253,253,253,191,0,0,0,0,0,0,0,0,0,0,0,0,0,51,163,253,253,253,253,80,0,0,0,0,0,0,0,0,0,0,0,0,14,198,253,253,253,253,166,15,0,0,0,0,0,0,0,4,27,0,0,74,189,253,253,253,253,253,131,21,0,0,0,0,0,6,112,159,247,144,144,242,253,253,253,253,250,116,234,226,47,0,0,0,48,233,253,253,253,253,253,253,253,253,253,182,67,0,220,253,232,47,0,0,152,253,253,253,253,253,253,253,253,253,171,6,0,154,252,253,253,96,0,0,189,253,253,253,253,253,253,253,253,92,66,87,220,252,253,253,253,170,0,0,73,243,253,253,253,253,253,253,253,214,234,253,253,253,253,253,253,96,0,0,0,191,253,253,253,232,78,212,253,253,253,253,253,253,253,243,115,28,0,0,0,29,199,232,150,47,0,83,238,253,253,253,253,253,235,102,0,0,0,0,0,0,0,0,0,0,0,0,32,216,253,253,186,116,16,0,0,0,0,0,0,0,0,0,0,0,0,0,0,0,0,0,0,0,0,0,0,0,0,2
0,0,0,0,0,0,0,0,0,0,0,0,0,0,0,0,0,0,0,0,0,0,0,0,0,0,0,0,0,0,0,0,58,186,238,119,46,0,0,0,0,0,0,0,0,0,0,0,0,19,118,215,247,253,253,253,245,40,0,0,0,0,0,0,0,0,0,0,25,142,253,254,247,174,174,205,254,165,0,0,0,0,0,0,0,0,0,4,142,253,253,192,32,0,7,159,254,241,30,0,0,0,0,0,0,0,0,95,253,253,215,0,0,0,115,253,254,233,0,0,0,0,0,0,0,0,0,215,254,254,119,0,0,71,246,254,241,142,0,0,0,0,0,0,0,0,0,125,253,253,155,0,10,181,253,245,142,0,0,0,0,0,0,0,0,0,0,20,253,253,223,0,185,253,253,126,0,0,0,0,0,0,0,0,0,0,0,9,211,253,253,159,250,253,112,5,0,0,0,0,0,0,0,0,0,0,0,0,101,253,253,254,253,118,5,0,0,0,0,0,0,0,0,0,0,0,0,0,79,254,254,255,151,0,0,0,0,0,0,0,0,0,0,0,0,0,0,2,167,253,253,254,166,0,0,0,0,0,0,0,0,0,0,0,0,0,0,88,253,253,253,254,233,0,0,0,0,0,0,0,0,0,0,0,0,16,100,228,253,247,244,254,233,0,0,0,0,0,0,0,0,0,0,0,0,173,254,253,222,109,217,254,158,0,0,0,0,0,0,0,0,0,0,0,85,254,255,219,101,209,254,255,39,0,0,0,0,0,0,0,0,0,0,37,243,253,254,159,241,253,237,76,6,0,0,0,0,0,0,0,0,0,0,79,253,253,254,253,253,225,18,0,0,0,0,0,0,0,0,0,0,0,0,116,253,253,254,250,183,23,0,0,0,0,0,0,0,0,0,0,8
0,0,0,0,0,0,0,0,2,118,250,253,174,36,0,0,0,0,0,0,0,0,0,0,0,0,0,0,155,253,253,154,0,0,0,0,0,0,0,0,0,0,0,0,0,0,0,70,250,240,109,5,0,0,0,0,0,0,0,0,0,0,0,0,0,0,0,231,253,100,0,0,0,0,0,0,0,0,0,0,0,0,0,0,0,0,121,255,219,30,0,0,0,0,0,0,0,0,0,0,0,0,0,0,0,34,244,254,53,0,0,0,0,0,0,0,0,0,0,0,0,0,0,0,0,40,253,235,27,0,0,0,0,37,79,79,18,0,0,0,0,0,0,0,0,129,253,142,0,0,0,68,159,243,253,253,200,53,0,0,0,0,0,0,0,136,253,98,0,0,106,239,254,253,253,253,253,173,0,0,0,0,0,0,0,235,254,99,0,138,254,254,196,91,0,16,218,255,61,0,0,0,0,0,0,234,253,98,70,241,250,121,15,0,0,0,113,254,135,0,0,0,0,0,0,204,253,128,214,253,146,0,0,0,0,0,128,254,135,0,0,0,0,0,0,136,253,249,250,240,23,0,0,0,0,7,204,254,83,0,0,0,0,0,0,62,253,254,253,137,0,0,0,0,0,189,253,171,9,0,0,0,0,0,0,31,240,255,254,78,0,0,0,13,186,254,231,38,0,0,0,0,0,0,0,0,105,254,253,226,125,118,178,217,253,219,46,0,0,0,0,0,0,0,0,0,0,223,253,253,253,253,254,253,168,6,0,0,0,0,0,0,0,0,0,0,0,35,232,253,253,253,254,219,6,0,0,0,0,0,0,0,0,0,0,0,0,0,49,126,208,215,155,46,0,0,0,0,0,0,0,0,0,0,0,0,0,0,0,0,0,0,0,0,0,0,0,0,0,0,6
0,0,0,0,0,0,0,0,0,0,0,0,0,0,0,0,0,0,0,0,0,0,0,0,0,0,0,0,0,0,0,0,0,0,0,0,0,0,0,0,0,101,241,254,146,0,0,0,0,0,0,0,0,26,254,120,0,0,0,0,13,238,241,115,79,0,0,0,0,0,0,0,0,26,253,120,0,0,0,0,135,253,133,0,0,0,0,0,0,0,0,0,0,9,205,183,0,0,0,0,124,253,134,0,0,0,0,0,0,0,0,0,0,0,180,235,31,0,0,0,81,253,202,0,0,0,0,0,0,0,0,0,0,0,179,254,64,0,0,0,5,208,252,123,0,0,0,0,0,0,0,0,0,0,179,253,64,0,0,0,0,110,242,233,133,24,0,0,0,0,0,0,0,0,179,254,64,0,0,0,0,0,68,225,253,243,129,40,1,0,0,0,0,4,191,253,64,0,0,0,0,0,0,18,160,253,253,254,195,76,0,0,0,26,253,254,64,0,0,0,0,0,0,0,1,38,159,222,253,252,187,105,50,188,253,247,52,0,0,0,0,0,0,0,0,0,0,19,69,190,253,253,253,253,253,219,0,0,0,0,0,0,0,0,0,0,0,0,0,2,95,100,193,199,253,219,0,0,0,0,0,0,0,0,0,0,0,0,0,0,0,0,0,26,253,213,0,0,0,0,0,0,0,0,0,0,0,0,0,0,0,0,0,53,253,120,0,0,0,0,0,0,0,0,0,0,0,0,0,0,0,0,0,126,253,120,0,0,0,0,0,0,0,0,0,0,0,0,0,0,0,0,0,125,253,150,0,0,0,0,0,0,0,0,0,0,0,0,0,0,0,0,0,47,253,219,0,0,0,0,0,0,0,0,0,0,0,0,0,0,0,0,0,90,253,231,23,0,0,0,4
0,0,0,0,0,0,0,0,0,0,0,0,0,0,0,0,0,0,0,0,0,0,0,0,0,0,0,0,0,0,0,0,58,158,231,246,246,182,74,0,0,0,0,0,0,0,0,0,0,41,86,201,246,254,254,254,254,254,196,0,0,0,0,0,0,0,0,0,98,246,254,254,206,201,128,84,141,254,196,0,0,0,0,0,0,0,0,0,130,254,241,158,13,0,0,0,121,254,211,0,0,0,0,0,0,0,0,0,15,74,32,0,0,0,0,95,243,254,121,0,0,0,0,0,0,0,0,0,0,0,0,0,0,0,13,189,254,207,34,0,0,0,0,0,0,0,0,0,0,0,0,0,0,10,132,254,246,117,0,0,0,0,0,0,0,0,0,0,0,0,0,0,5,166,254,250,83,0,0,0,0,0,0,0,0,0,0,0,0,0,0,52,179,254,241,92,0,0,0,0,0,0,0,0,0,132,234,188,80,28,74,249,255,241,61,0,0,0,0,0,0,0,0,37,59,234,254,254,254,249,251,254,215,92,0,0,0,0,0,0,0,0,86,222,248,165,118,254,254,254,254,254,62,0,0,0,0,0,0,0,33,186,251,208,201,90,184,254,254,255,254,254,135,0,0,0,28,69,0,0,74,248,165,17,7,114,194,254,223,150,237,254,216,34,0,0,15,10,0,0,158,254,56,34,171,254,254,164,41,0,106,251,254,231,168,132,93,0,0,0,234,232,168,229,254,233,73,15,0,0,0,151,233,254,254,193,31,0,0,0,254,254,254,238,151,34,0,0,0,0,0,0,13,61,61,34,0,0,0,0,157,157,109,10,0,0,0,0,0,0,0,0,0,0,0,0,0,0,0,0,0,0,0,0,0,0,0,0,0,0,0,0,0,0,0,0,0,0,0,0,2
0,0,0,0,0,0,0,0,0,0,0,0,0,0,0,0,0,0,0,0,0,0,0,0,0,0,0,0,0,0,33,125,125,125,125,109,0,0,0,0,0,0,0,0,0,0,0,0,98,154,249,253,253,253,253,253,248,238,51,0,0,0,0,0,0,43,158,241,251,253,253,253,253,253,253,253,253,253,240,51,0,0,0,0,98,229,253,253,253,253,226,52,19,19,39,162,253,253,253,170,0,0,0,43,242,253,253,253,253,225,49,0,0,0,0,4,93,110,253,253,0,0,104,236,253,253,173,240,253,134,0,0,0,0,0,0,0,20,253,253,0,0,228,253,253,170,5,77,61,8,0,0,0,0,0,0,0,3,160,253,0,103,252,253,221,41,0,0,0,0,0,0,0,0,0,0,0,7,177,253,0,161,253,253,45,0,0,0,0,0,0,0,0,0,0,0,0,20,253,253,0,254,253,253,19,0,0,0,0,0,0,0,0,0,0,0,0,20,253,253,0,254,253,170,5,0,0,0,0,0,0,0,0,0,0,0,0,118,253,252,0,254,253,222,14,0,0,0,0,0,0,0,0,0,0,0,19,224,253,152,0,255,253,253,42,0,0,0,0,0,0,0,0,0,0,0,118,253,244,36,0,148,252,253,219,37,0,0,0,0,0,0,0,0,7,124,221,250,135,0,0,0,231,253,253,168,21,0,0,0,0,0,0,6,67,253,253,217,0,0,0,0,118,253,253,253,218,37,0,0,0,0,6,134,253,253,224,40,0,0,0,0,48,160,252,253,253,219,150,150,150,150,171,253,253,251,90,0,0,0,0,0,0,0,223,252,253,253,253,253,253,253,253,251,220,96,0,0,0,0,0,0,0,0,0,155,247,252,253,253,253,252,220,96,0,0,0,0,0,0,0
0,0,0,0,0,0,0,0,0,0,0,0,0,0,0,0,0,0,0,0,0,0,0,0,19,80,162,130,74,80,72,5,11,0,0,0,0,0,0,0,0,0,0,25,106,253,194,247,229,253,155,134,202,54,0,0,0,0,0,0,0,0,0,130,253,237,117,34,19,57,50,57,57,6,90,62,0,0,0,0,0,61,180,235,237,58,0,0,0,0,0,0,0,31,241,253,196,68,0,0,0,121,170,254,95,0,0,0,0,0,0,0,0,0,68,195,255,201,41,0,0,147,225,247,18,0,0,0,0,0,0,0,0,0,0,0,122,250,180,2,0,101,136,174,0,0,0,0,0,0,0,0,0,0,0,0,0,147,253,117,0,242,250,174,0,0,0,0,0,0,0,0,0,0,0,0,0,9,91,219,0,178,253,174,0,0,0,0,0,0,0,0,0,0,0,0,0,0,79,253,0,134,254,193,5,0,0,0,0,0,0,0,0,0,0,0,0,0,31,129,0,32,235,253,64,0,0,0,0,0,0,0,0,0,0,0,0,0,37,243,0,0,177,253,146,0,0,0,0,0,0,0,0,0,0,0,0,0,79,253,0,0,125,253,235,100,0,0,0,0,0,0,0,0,0,0,0,0,64,245,0,0,27,155,253,253,135,15,0,0,0,0,0,0,0,0,0,53,235,253,0,0,0,0,68,240,255,246,127,27,0,0,0,0,10,36,97,239,254,154,0,0,0,0,0,68,238,253,253,232,177,58,20,50,175,238,239,253,209,25,0,0,0,0,0,0,18,160,174,247,253,254,253,253,253,253,235,167,24,0,0,0,0,0,0,0,0,0,0,18,95,117,124,213,124,79,15,0,0,0,0,0,0,0,0,0,0,0,0,0,0,0,0,0,0,0,0,0,0,0,0
0,0,0,0,0,0,0,0,0,0,0,0,0,0,0,0,0,0,0,0,0,0,0,0,0,0,0,0,0,0,0,0,14,38,110,234,255,143,0,0,0,0,0,0,0,0,0,0,0,26,83,184,209,253,253,253,253,236,140,2,0,0,0,0,0,0,0,3,94,233,253,252,248,192,139,139,151,249,253,54,0,0,0,0,0,0,0,137,253,253,207,81,0,0,0,0,0,27,146,158,0,0,0,0,0,0,27,236,238,90,6,0,0,0,0,0,0,0,0,28,0,0,0,0,0,0,178,253,200,0,0,0,0,0,0,0,2,39,67,0,0,0,0,0,0,0,189,253,118,0,0,0,0,0,0,40,163,192,17,0,0,0,0,0,0,0,189,253,205,0,0,0,0,0,58,222,195,19,0,0,0,0,0,0,0,0,51,234,249,196,11,0,6,82,246,240,65,0,0,0,0,0,0,0,0,0,0,94,233,253,170,162,195,253,217,38,0,0,0,0,0,0,0,0,0,0,0,0,118,253,253,253,253,197,18,0,0,0,0,0,0,0,0,0,0,0,0,15,200,253,253,253,157,8,0,0,0,0,0,0,0,0,0,0,0,0,80,208,253,253,253,253,79,0,0,0,0,0,0,0,0,0,0,0,0,77,241,253,253,253,253,253,161,0,0,0,0,0,0,0,0,0,0,0,6,249,253,253,216,164,253,253,58,0,0,0,0,0,0,0,0,0,0,0,80,253,233,137,31,87,253,216,17,0,0,0,0,0,0,0,0,0,0,0,114,253,83,0,20,201,253,110,0,0,0,0,0,0,0,0,0,0,0,0,206,253,89,84,162,253,230,41,0,0,0,0,0,0,0,0,0,0,0,0,38,253,253,253,253,253,53,0,0,0,0,0,0,0,0,0,8
0,0,0,0,0,0,0,0,0,0,0,0,0,0,0,0,0,0,0,0,0,0,0,0,0,0,0,0,0,0,0,0,0,0,0,0,0,0,0,0,0,0,0,0,0,0,0,0,0,0,0,0,0,0,0,0,0,0,0,0,0,0,0,0,0,0,0,0,0,0,0,0,0,0,0,0,0,0,0,0,0,0,0,0,0,0,0,85,156,232,197,71,0,0,32,16,0,0,0,26,0,0,0,0,0,18,168,238,112,86,193,252,166,193,246,242,238,238,238,244,0,0,0,19,169,239,239,90,0,177,240,194,194,194,154,108,108,108,108,46,0,0,0,234,254,148,25,0,0,225,148,0,0,0,0,0,0,0,0,0,0,0,0,251,160,2,0,0,0,74,124,0,0,0,0,0,0,0,0,0,0,0,0,235,245,115,20,0,0,0,0,0,0,0,0,0,0,0,0,0,0,0,0,25,176,252,232,166,130,45,0,0,0,0,0,0,0,0,0,0,0,0,0,0,0,41,124,208,237,246,166,53,7,0,0,0,0,0,0,0,0,0,0,0,0,0,0,0,27,65,179,249,202,81,19,0,0,0,0,0,0,0,0,0,0,0,0,0,0,0,0,44,124,233,231,45,0,0,0,0,0,0,0,0,0,0,0,0,0,0,0,5,99,228,251,50,0,0,0,0,0,0,50,23,22,22,22,43,109,109,125,205,236,233,118,0,0,0,0,0,0,0,214,255,254,255,254,250,237,219,150,78,11,0,0,0,0,0,0,0,0,0,23,154,155,126,155,60,0,0,0,0,0,0,0,0,0,0,0,0,0,0,0,0,0,0,0,0,0,0,0,0,0,0,0,0,0,0,0,0,0,0,0,0,0,0,0,0,0,0,0,0,0,0,0,0,0,0,0,0,5
0,0,0,0,0,0,0,0,0,0,0,0,0,0,0,0,0,0,0,0,0,0,0,3,100,191,174,254,254,196,128,0,0,0,0,0,0,0,0,0,0,0,0,49,253,253,253,253,253,253,249,134,10,0,0,0,0,0,0,0,0,0,0,49,253,243,119,96,96,171,254,253,114,0,0,0,0,0,0,0,0,0,0,40,205,89,0,0,0,41,173,253,224,17,0,0,0,0,0,0,0,0,0,0,0,0,0,0,0,0,47,253,253,84,0,0,0,0,0,0,0,0,0,0,0,0,0,0,0,0,13,253,253,176,0,0,0,0,0,0,0,0,0,0,0,0,0,0,0,0,13,253,253,205,0,0,0,0,0,0,0,0,0,0,0,0,0,0,0,0,13,253,253,205,0,0,0,0,0,0,0,0,0,0,0,0,0,0,0,0,13,253,253,205,0,0,0,0,0,0,0,0,0,0,0,0,0,0,0,0,13,253,253,228,35,0,0,0,0,0,0,0,8,36,133,133,133,133,133,191,140,254,254,255,167,133,93,8,0,0,0,0,157,253,253,253,253,253,253,253,254,253,253,253,253,253,245,141,0,0,0,0,135,241,253,225,229,253,220,217,237,253,253,253,227,125,64,0,0,0,0,0,0,57,84,20,29,84,8,0,76,253,253,221,24,0,0,0,0,0,0,0,0,0,0,0,0,0,0,0,133,253,253,205,0,0,0,0,0,0,0,0,0,0,0,0,0,0,0,0,133,253,253,205,0,0,0,0,0,0,0,0,0,0,0,0,0,0,0,0,133,253,253,205,0,0,0,0,0,0,0,0,0,0,0,0,0,0,0,0,133,253,253,158,0,0,0,0,0,0,0,0,0,0,0,0,0,0,0,0,133,253,253,84,0,0,0,0,0,0,7
0,0,0,0,0,0,0,0,0,0,0,0,0,0,0,0,0,0,0,0,0,0,0,0,0,0,0,0,0,0,0,0,0,0,0,0,0,0,0,0,0,0,0,0,11,110,89,37,37,37,37,37,37,89,109,53,0,0,0,0,0,0,0,0,115,254,253,253,253,254,253,254,253,254,253,176,0,0,0,0,0,0,0,0,42,125,144,196,217,233,222,217,248,254,253,115,0,0,0,0,0,0,0,0,0,0,0,0,0,16,5,63,238,254,211,11,0,0,0,0,0,0,0,0,0,0,0,0,0,6,99,234,254,187,11,0,0,0,0,0,0,0,0,0,0,0,0,0,0,120,253,254,170,11,0,0,0,0,0,0,0,0,0,0,0,0,0,27,171,255,243,84,0,0,0,0,0,0,0,0,0,0,0,0,0,0,42,171,253,243,88,0,0,0,0,0,0,0,0,0,0,0,0,0,0,27,213,254,233,84,0,0,0,0,0,0,0,0,0,0,0,0,0,0,21,213,253,243,36,0,0,0,0,0,0,0,0,0,0,0,0,0,0,27,171,254,212,63,0,0,0,0,0,0,0,0,0,27,37,110,0,0,0,150,253,254,46,0,0,0,0,0,0,11,115,197,217,244,253,243,0,0,0,234,254,166,0,0,32,89,109,140,202,254,233,187,125,73,11,0,0,0,0,254,253,238,217,217,248,254,253,202,119,57,16,0,0,0,0,0,0,0,0,140,254,254,254,238,217,135,52,0,0,0,0,0,0,0,0,0,0,0,0,6,36,36,36,21,0,0,0,0,0,0,0,0,0,0,0,0,0,0,0,0,0,0,0,0,0,0,0,0,0,0,0,0,0,0,0,0,0,0,0,0,0,0,0,0,0,0,0,0,0,0,0,0,0,0,0,0,2
0,0,0,0,0,0,0,44,221,251,231,39,0,0,0,0,0,0,0,0,0,0,0,0,0,0,48,221,251,251,94,0,0,0,0,0,0,0,0,0,0,0,0,0,0,0,134,251,251,156,12,0,0,0,0,0,0,0,0,0,0,0,0,0,40,158,253,251,172,52,158,159,158,79,0,0,0,0,0,0,0,0,0,0,64,253,255,241,79,223,253,255,253,253,253,253,96,24,0,0,0,0,0,0,182,251,241,93,0,95,240,253,251,251,251,251,253,185,32,4,0,0,0,64,236,251,158,0,0,0,79,126,126,126,236,251,253,251,251,110,0,0,28,236,251,251,19,0,0,0,0,0,0,0,67,188,253,251,251,188,0,0,32,251,251,251,0,0,0,0,0,0,0,0,0,0,153,251,251,228,0,0,191,253,229,59,0,0,0,0,0,0,0,0,0,0,0,131,253,253,0,72,236,251,188,0,0,0,0,0,0,0,0,0,0,0,0,32,251,251,0,174,251,251,188,0,0,0,0,0,0,0,0,0,0,0,0,32,251,251,0,253,251,251,50,0,0,0,0,0,0,0,0,0,0,0,0,32,251,251,0,253,251,251,129,0,0,0,0,0,0,0,0,0,0,0,0,131,251,251,0,195,253,253,189,0,0,0,0,0,0,0,0,0,0,60,255,253,253,189,0,84,244,251,236,91,32,32,16,0,0,12,32,32,171,228,253,251,235,66,0,0,95,188,251,251,253,251,188,127,127,174,251,251,251,251,253,251,126,0,0,0,0,95,204,251,253,251,251,251,251,253,251,251,251,251,189,69,15,0,0,0,0,0,24,193,253,251,251,251,251,253,251,172,94,94,0,0,0,0,0,0,0,0,0,0,0,0,0,0,0,0,0,0,0,0,0,0,0,0,0
0,0,0,0,0,0,0,0,0,0,0,0,0,0,0,0,0,0,0,0,0,0,0,0,0,0,0,0,0,0,0,0,7,118,191,74,0,0,0,0,0,0,0,0,0,0,0,0,0,0,0,0,91,252,252,209,0,0,0,0,0,0,0,0,0,132,184,50,0,0,0,13,203,252,252,116,0,0,0,0,0,0,0,0,43,253,252,111,0,0,0,47,252,252,252,21,0,0,0,0,0,0,0,0,116,253,252,130,0,0,0,47,252,252,200,0,0,0,0,0,0,0,0,0,231,255,249,63,0,0,0,110,253,253,137,0,0,0,0,0,0,0,0,0,230,253,153,0,0,0,5,178,252,252,117,0,0,0,0,0,0,0,0,68,246,253,206,0,0,0,55,252,252,252,86,132,67,0,0,0,0,0,0,93,252,253,223,68,0,0,138,252,252,252,252,234,17,0,0,0,0,0,0,51,242,253,252,246,230,230,243,252,252,252,200,73,0,0,0,0,0,0,0,0,53,255,253,253,253,253,255,253,253,140,11,0,0,0,0,0,0,0,0,0,0,103,206,206,206,248,253,252,208,17,0,0,0,0,0,0,0,0,0,0,0,0,0,0,0,94,253,252,151,0,0,0,0,0,0,0,0,0,0,0,0,0,0,0,0,157,253,252,69,0,0,0,0,0,0,0,0,0,0,0,0,0,0,0,0,230,253,210,6,0,0,0,0,0,0,0,0,0,0,0,0,0,0,0,0,168,255,232,38,0,0,0,0,0,0,0,0,0,0,0,0,0,0,0,0,189,253,252,69,0,0,0,0,0,0,0,0,0,0,0,0,0,0,0,100,246,253,240,50,0,0,0,0,0,0,0,0,0,0,0,0,0,0,0,207,252,253,206,0,0,0,0,0,0,0,0,4
0,0,0,60,141,141,216,253,253,255,178,141,41,0,0,0,0,0,0,0,0,0,63,234,252,253,240,215,252,253,252,252,252,101,0,0,0,0,0,0,0,23,234,224,168,56,43,19,56,56,56,171,252,235,28,0,0,0,0,0,0,16,115,19,0,0,0,0,0,0,0,47,240,253,84,0,0,0,0,0,0,0,0,0,0,0,0,0,0,0,0,98,253,251,75,0,0,0,0,0,0,0,0,0,0,0,0,0,0,0,63,234,252,125,0,0,0,0,0,0,0,0,0,0,0,0,0,0,0,98,234,252,214,0,0,0,0,0,0,0,0,0,0,0,0,0,0,38,163,253,252,214,28,0,0,0,0,0,0,0,0,0,0,0,13,41,166,253,253,242,97,0,0,0,0,0,0,0,0,0,0,7,131,169,206,253,252,252,252,253,196,169,69,26,0,0,0,0,0,0,0,29,252,252,252,206,168,168,168,253,252,252,252,223,172,57,0,0,0,0,0,4,103,52,28,13,0,0,0,28,28,116,139,253,252,243,175,51,0,0,0,0,0,0,0,0,0,0,0,0,0,0,0,0,76,210,253,254,153,7,0,0,0,0,0,0,0,0,0,0,0,0,0,0,0,28,133,253,252,130,0,0,0,0,0,0,0,0,0,0,0,0,0,0,0,0,0,165,252,168,0,0,0,0,0,0,0,0,0,0,0,0,0,0,0,0,0,191,252,168,0,0,0,0,0,204,84,0,0,0,0,0,0,0,7,66,191,254,247,100,0,0,0,0,0,253,196,131,57,57,19,19,57,120,187,252,252,253,121,0,0,0,0,0,0,69,224,252,252,253,215,215,252,253,252,252,214,56,19,0,0,0,0,0,0,0,44,139,240,253,252,252,252,241,139,103,15,0,0,0,3
0,61,125,125,245,255,254,255,214,125,29,65,0,0,0,0,0,0,0,0,0,252,253,253,253,253,253,253,253,253,249,193,0,0,0,0,0,0,0,0,0,12,73,142,142,25,12,123,142,142,228,194,0,0,0,0,0,0,0,0,0,0,0,0,0,0,0,0,0,30,219,194,0,0,0,0,0,0,0,0,0,0,0,0,0,0,0,0,31,142,253,144,0,0,0,0,0,0,0,0,0,0,0,0,0,0,0,0,126,253,253,65,0,0,0,0,0,0,0,0,0,0,0,0,0,0,0,117,247,253,154,10,0,0,0,0,0,0,0,0,0,0,0,0,0,31,126,247,253,231,40,0,0,0,0,0,0,0,0,0,0,0,0,0,67,142,253,253,191,37,0,38,0,0,0,0,0,0,0,0,0,0,31,123,249,253,253,253,235,196,196,225,196,196,196,112,66,27,0,0,0,0,118,253,253,253,253,253,253,253,253,253,253,253,253,253,253,215,182,27,0,0,118,253,253,253,253,209,201,201,201,104,71,71,158,201,233,253,253,212,0,0,36,78,78,78,78,12,0,0,0,0,0,0,0,0,48,91,253,253,0,0,0,0,0,0,0,0,0,0,0,0,0,0,0,0,0,40,253,253,0,0,0,0,0,0,0,0,0,0,0,0,0,0,0,5,114,216,253,252,0,0,0,0,0,0,0,0,22,94,6,0,0,19,114,169,253,253,252,154,0,0,0,0,0,0,0,128,235,253,58,45,150,222,253,253,253,231,98,0,0,0,0,0,0,0,0,215,253,253,168,225,253,253,251,240,159,45,0,0,0,0,0,0,0,0,0,212,253,253,253,252,247,156,99,0,0,0,0,0,0,0,0,0,0,0,0,42,123,227,253,128,0,0,0,0,0,0,0,0,3
0,0,0,0,0,0,0,32,104,221,237,80,0,0,0,0,0,0,0,0,0,0,0,0,0,0,26,224,253,254,253,251,230,231,129,26,0,0,0,0,0,0,0,0,0,0,55,253,253,205,137,179,230,245,253,224,74,0,0,0,0,0,0,0,0,26,214,253,219,0,0,0,0,44,135,253,228,34,0,0,0,0,0,0,0,95,254,230,0,0,0,0,0,0,0,149,254,185,0,0,0,0,0,0,17,212,253,96,0,0,0,0,0,0,0,116,253,184,0,0,0,0,0,0,93,254,215,9,0,0,0,0,0,0,0,116,253,184,0,0,0,0,0,0,159,254,173,0,0,0,0,0,0,0,0,49,253,184,0,0,0,0,0,49,254,254,90,0,0,0,0,0,0,0,0,9,210,254,23,0,0,0,0,116,253,216,11,0,0,0,0,0,0,0,0,0,184,254,23,0,0,0,0,116,253,184,0,0,0,0,0,0,0,0,0,0,184,254,23,0,0,0,0,116,253,184,0,0,0,0,0,0,0,0,0,0,184,254,23,0,0,0,0,116,254,185,0,0,0,0,0,0,0,0,0,15,229,210,9,0,0,0,0,116,253,184,0,0,0,0,0,0,0,0,0,74,253,184,0,0,0,0,0,108,253,241,27,0,0,0,0,0,0,0,0,157,253,176,0,0,0,0,0,7,203,254,148,0,0,0,0,0,0,0,68,240,253,59,0,0,0,0,0,0,68,255,254,203,19,0,0,0,0,19,204,254,161,0,0,0,0,0,0,0,0,120,253,253,236,139,105,138,138,237,253,223,40,0,0,0,0,0,0,0,0,13,113,232,253,254,253,253,253,254,189,42,0,0,0,0,0,0,0,0,0,0,0,7,69,161,245,177,160,69,31,0,0,0,0,0,0
0,0,0,0,0,0,0,0,14,207,253,253,118,181,47,0,0,0,0,0,0,0,0,0,0,0,0,0,97,253,253,173,0,6,74,0,0,0,0,0,0,0,0,0,0,0,0,4,196,253,253,50,0,0,10,0,0,0,0,0,0,0,0,0,0,0,0,66,253,253,213,6,0,0,0,0,0,0,0,0,0,0,0,0,0,0,0,101,254,254,135,0,0,0,0,0,0,0,0,0,0,0,0,0,0,0,0,209,253,253,101,0,0,0,0,0,0,0,0,0,0,0,0,0,0,0,65,254,253,214,16,0,0,0,0,0,0,0,0,0,0,0,0,0,0,0,100,254,253,127,0,0,0,0,0,0,0,0,0,0,0,0,0,0,0,0,183,254,253,151,0,0,0,0,0,0,0,0,0,0,0,0,0,0,0,44,249,255,254,151,0,0,0,12,81,165,46,0,0,0,0,0,0,0,0,64,253,254,253,127,0,0,67,237,253,253,233,80,0,0,0,0,0,0,0,64,253,254,253,127,0,120,254,253,253,253,253,238,0,0,0,0,0,0,0,64,253,254,253,127,101,251,254,245,150,191,253,238,0,0,0,0,0,0,0,44,248,254,253,196,246,253,224,78,0,192,253,238,0,0,0,0,0,0,0,0,209,255,254,254,254,224,25,0,68,244,254,129,0,0,0,0,0,0,0,0,125,254,253,253,253,115,2,102,241,253,243,20,0,0,0,0,0,0,0,0,40,239,253,253,253,174,210,253,253,241,67,0,0,0,0,0,0,0,0,0,0,57,237,253,253,253,254,253,221,93,0,0,0,0,0,0,0,0,0,0,0,0,12,184,253,203,174,105,8,0,0,0,0,0,0,0,0,0,0,0,0,0,0,0,0,0,0,0,0,0,0,0,0,0,6
0,0,0,0,0,0,0,0,0,0,0,0,0,0,0,0,0,0,0,0,0,0,0,0,0,0,0,0,0,0,0,0,0,0,0,0,0,0,32,224,0,0,0,0,0,0,0,0,0,0,0,0,0,0,0,0,0,136,236,244,0,0,0,0,0,0,0,0,0,0,0,0,0,0,0,0,133,254,245,81,0,0,0,0,0,0,0,0,0,0,0,0,0,0,0,101,236,248,83,0,0,0,0,0,0,0,0,49,222,81,0,0,0,0,57,239,214,72,0,0,0,0,0,0,0,0,49,231,214,27,0,0,0,90,236,216,84,0,0,0,0,0,0,0,3,128,238,166,29,0,0,0,7,251,243,69,0,0,0,0,0,0,0,24,175,174,79,0,0,0,0,103,201,201,22,0,0,0,0,0,0,0,0,181,196,39,0,0,0,0,50,239,212,20,0,0,0,0,0,0,0,0,0,198,240,123,53,53,7,13,182,254,92,0,0,0,0,0,0,0,0,0,0,79,210,254,254,255,209,216,254,233,31,0,0,0,0,0,0,0,0,0,0,0,3,5,15,109,237,254,254,254,251,130,42,3,0,0,0,0,0,0,0,0,0,0,0,56,247,196,79,84,166,253,254,141,26,0,0,0,0,0,0,0,0,0,38,244,220,42,0,0,0,32,155,253,157,0,0,0,0,0,0,0,0,26,211,202,9,0,0,0,0,0,0,68,21,0,0,0,0,0,0,0,0,135,252,125,0,0,0,0,0,0,0,0,0,0,0,0,0,0,0,0,38,205,228,0,0,0,0,0,0,0,0,0,0,0,0,0,0,0,0,0,145,251,91,0,0,0,0,0,0,0,0,0,0,0,0,0,0,0,0,60,251,171,0,0,0,0,0,0,0,0,0,0,0,0,0,0,4
0,0,0,0,0,0,0,0,0,32,171,253,252,252,189,0,0,0,0,0,0,0,0,0,0,0,0,0,41,190,252,253,252,221,98,0,0,0,0,0,0,0,0,0,0,0,0,0,215,252,252,253,173,29,0,0,0,0,0,0,0,0,0,0,0,0,0,146,253,253,236,45,0,0,0,0,0,0,0,0,0,0,0,0,0,0,15,211,252,231,54,0,0,0,0,0,0,0,0,0,0,0,0,0,0,9,237,252,251,129,0,0,0,0,0,0,0,0,0,0,0,0,0,0,16,186,253,252,160,0,0,0,0,0,0,0,0,0,0,0,0,0,0,0,64,252,253,252,82,0,0,0,0,9,106,18,0,0,0,0,0,0,0,0,126,253,254,107,0,0,0,8,78,201,253,253,131,11,0,0,0,0,0,16,232,252,222,16,0,22,85,201,252,252,252,252,253,170,7,0,0,0,0,75,252,252,158,0,20,158,252,253,252,252,252,252,253,252,74,0,0,0,0,127,252,252,106,0,197,252,252,243,189,136,127,252,253,252,126,0,0,0,0,83,252,252,150,71,249,252,208,35,0,0,11,174,253,252,126,0,0,0,0,18,239,253,237,90,242,253,165,0,0,0,38,236,255,253,65,0,0,0,0,0,133,252,253,231,247,252,252,0,0,8,127,252,253,153,5,0,0,0,0,0,32,214,253,252,252,252,252,189,232,234,252,252,241,58,0,0,0,0,0,0,0,0,102,237,252,252,252,253,252,221,189,101,35,0,0,0,0,0,0,0,0,0,0,32,147,252,252,253,252,38,0,0,0,0,0,0,0,0,0,0,0,0,0,0,0,0,0,0,0,0,0,0,0,0,0,0,0,0,0,0,0,0,0,0,0,0,0,0,0,0,0,0,0,0,0,0,6
0,0,0,0,0,0,0,0,0,0,21,176,253,253,253,255,253,87,0,0,0,0,0,0,0,0,0,0,0,105,176,251,251,251,251,253,251,236,83,0,0,0,0,0,0,0,0,0,0,180,253,251,251,251,251,253,251,251,236,61,0,0,0,0,0,0,0,0,0,180,253,251,157,142,142,175,251,251,251,71,0,0,0,0,0,0,0,0,0,180,253,147,10,0,0,73,251,251,251,71,0,0,0,0,0,0,0,0,0,0,0,0,0,0,0,73,253,253,253,253,0,0,0,0,0,0,0,0,0,0,0,0,0,0,0,73,251,251,251,251,0,0,0,0,27,37,37,37,37,11,0,0,0,0,0,73,251,251,251,225,0,0,16,109,211,253,251,251,251,71,0,0,0,0,0,150,251,251,251,71,0,0,166,251,251,253,251,251,251,200,130,0,0,0,130,253,251,251,173,20,21,176,253,253,253,182,180,243,253,253,255,149,73,150,253,255,253,216,0,0,73,251,251,251,147,0,0,113,251,251,253,251,251,251,251,253,251,112,0,0,99,251,251,157,10,0,0,5,35,190,253,251,251,251,251,190,35,5,0,0,253,251,251,142,0,0,0,0,0,180,253,251,251,251,251,180,0,0,0,0,253,251,251,142,0,0,0,0,79,231,253,251,251,251,251,232,180,25,0,0,73,253,253,253,124,73,73,228,253,253,255,253,253,253,253,255,253,216,0,0,73,251,251,251,251,253,251,251,251,251,253,168,107,169,251,253,251,215,0,0,10,138,246,251,251,253,251,251,235,86,35,15,0,15,35,216,112,30,0,0,0,0,124,189,251,221,142,142,82,0,0,0,0,0,0,0,0,0,0,0,0,0,0,31,71,51,0,0,0,0,0,0,0,0,0,0,0,0,0,0,2
0,0,0,0,0,0,0,42,218,227,252,252,253,252,252,232,42,0,0,0,0,0,0,0,0,0,130,221,253,252,252,252,253,252,252,252,144,0,0,0,0,0,0,0,0,125,221,252,253,252,252,252,253,252,252,252,144,0,0,0,0,0,0,0,47,232,252,252,144,103,0,0,109,252,252,252,144,0,0,0,0,0,0,0,78,242,179,35,0,0,0,0,150,252,252,252,144,0,0,0,0,0,0,0,0,62,20,0,0,0,0,21,253,252,252,252,41,0,0,0,0,0,0,0,0,0,0,0,0,0,0,144,253,252,252,168,0,0,0,0,0,0,0,0,0,0,0,0,0,0,16,191,255,253,237,62,0,0,0,0,0,0,0,0,0,0,0,0,0,105,222,252,253,252,91,0,0,0,0,0,0,0,0,0,0,0,0,21,182,242,252,252,253,179,20,0,0,0,0,0,0,0,0,0,0,0,21,206,253,252,252,252,253,35,0,0,0,0,0,0,0,0,0,0,0,32,212,253,255,253,253,191,84,0,0,0,0,0,0,0,0,0,0,42,134,227,252,252,253,231,158,15,0,0,0,0,0,0,0,0,0,0,47,221,252,252,252,252,217,153,0,0,0,0,0,0,0,0,0,0,0,42,221,252,252,252,252,252,0,0,0,0,0,125,41,0,0,0,0,0,0,135,253,253,253,253,253,253,192,109,212,253,255,253,253,253,255,211,94,0,0,175,252,252,252,252,252,252,253,252,252,252,253,252,252,252,253,252,174,0,0,21,180,252,252,252,252,252,253,252,252,252,253,252,246,215,217,174,20,0,0,0,16,108,108,108,108,190,108,108,128,168,108,108,92,0,0,0,0,0,0,0,0,0,0,0,0,0,0,0,0,0,0,0,0,0,0,0,0,0,2
0,0,0,0,0,0,0,0,0,0,0,0,0,0,0,0,0,0,0,0,0,0,0,0,0,0,0,0,0,0,0,0,0,0,0,0,0,0,0,0,0,0,0,0,0,0,0,0,71,121,192,121,121,19,0,0,0,0,0,0,0,0,0,0,0,0,74,122,248,253,254,253,253,129,79,0,0,0,0,0,0,0,0,30,129,228,245,253,253,253,254,253,253,253,246,199,30,0,0,0,0,0,0,194,253,253,253,253,249,173,40,96,173,241,253,253,122,0,0,0,0,29,117,245,253,203,165,53,50,0,0,0,0,157,204,253,245,74,0,0,0,28,214,245,253,66,0,0,0,0,0,0,0,0,18,176,253,122,0,0,0,0,42,214,253,166,41,41,17,0,0,0,0,0,0,46,213,120,0,0,0,0,0,200,253,253,253,253,199,161,161,161,161,161,161,56,0,0,0,0,0,0,0,34,141,250,253,253,253,253,254,253,253,253,253,231,47,0,0,0,0,0,0,0,0,89,120,204,253,253,254,253,253,253,253,253,80,0,0,0,0,0,0,0,0,0,0,0,0,72,134,185,254,254,254,229,42,0,0,0,0,0,0,0,0,0,0,0,0,0,0,235,253,253,253,73,0,0,0,0,0,0,0,0,0,0,0,0,0,0,158,252,253,253,143,7,0,0,0,0,0,0,0,0,0,0,0,0,5,81,254,253,253,72,9,0,0,0,0,0,0,0,0,0,0,0,0,0,120,253,254,253,228,29,0,0,0,0,0,0,0,0,0,0,0,0,0,20,226,253,254,230,126,0,0,0,0,0,0,0,0,0,0,0,0,0,0,49,253,253,255,146,0,0,0,0,0,0,0,0,0,0,0,0,0,0,0,161,253,253,242,60,0,0,0,0,0,0,0,0,9
0,0,0,0,0,0,0,0,0,0,0,0,0,0,0,0,0,0,0,0,0,0,0,0,0,0,51,132,254,253,254,253,193,112,0,0,0,0,0,0,0,0,0,0,0,163,253,252,253,252,253,252,253,252,82,0,0,0,0,0,0,0,11,132,254,253,254,253,254,253,132,253,254,253,102,0,0,0,0,0,0,0,51,252,253,252,253,212,50,50,10,212,253,252,20,0,0,0,0,0,0,0,72,253,152,152,123,0,0,0,132,253,254,192,0,0,0,0,0,0,0,0,131,151,10,10,0,0,21,142,253,252,253,111,0,0,0,0,0,0,0,0,0,0,0,0,0,82,214,253,254,253,142,0,0,0,0,0,0,0,0,0,0,0,0,0,123,243,253,252,253,252,223,162,82,0,0,0,0,0,0,0,0,0,0,163,254,253,254,253,254,253,254,253,254,253,132,10,0,0,0,0,0,0,0,203,253,252,253,252,253,252,253,252,253,252,253,131,0,0,0,0,0,0,41,203,203,203,244,203,183,102,203,203,234,253,254,253,102,0,0,0,0,0,0,0,0,0,40,0,0,0,0,0,51,192,253,252,102,0,0,0,0,0,0,0,0,0,0,0,0,0,0,0,0,102,254,253,102,0,0,0,0,0,0,0,0,0,0,0,0,0,0,0,0,142,253,252,102,0,0,0,0,0,31,10,0,0,0,0,0,0,0,0,31,233,254,253,41,0,0,0,0,82,233,50,0,0,0,0,0,0,0,0,132,252,253,212,0,0,0,0,113,253,224,20,0,0,0,0,0,0,0,82,254,253,255,50,0,0,0,0,233,252,162,0,0,0,0,0,0,0,62,223,253,252,213,10,0,0,0,102,254,253,92,51,52,51,41,41,72,152,254,253,254,253,41,0,0,0,3
0,0,0,0,46,120,156,186,254,216,97,9,0,0,0,0,0,0,0,0,0,0,0,153,244,254,253,253,253,253,254,213,36,0,0,0,0,0,0,0,0,0,0,107,253,254,216,174,174,174,254,253,78,0,0,0,0,0,0,0,0,0,0,3,19,19,10,0,0,0,42,232,179,3,0,0,0,0,0,0,0,0,0,0,0,0,0,0,0,0,0,214,253,19,0,0,0,0,0,0,0,0,0,0,0,0,0,0,0,0,82,239,175,0,0,0,0,0,0,0,0,0,0,0,0,0,10,20,35,118,254,253,174,0,0,0,0,0,0,0,0,0,0,13,153,176,211,253,253,253,254,253,199,6,0,0,0,0,0,0,0,0,0,220,253,254,253,253,253,253,254,253,253,183,84,0,0,0,0,0,0,0,0,196,253,254,253,253,253,177,155,238,253,253,230,76,0,0,0,0,0,0,0,0,76,99,98,68,0,0,0,8,128,227,254,172,9,0,0,0,0,0,0,0,0,0,0,0,0,0,0,0,0,74,218,254,128,0,0,0,0,0,0,0,0,0,0,0,0,0,0,0,0,0,30,223,233,0,0,0,0,0,0,0,0,0,0,0,0,0,0,0,0,0,0,171,233,0,0,0,0,0,0,0,0,0,0,0,0,0,0,0,0,0,38,254,233,0,0,0,0,0,0,0,0,120,107,0,0,0,0,0,0,32,171,255,174,0,0,0,0,0,0,0,0,254,250,154,20,20,20,65,147,235,253,249,88,0,0,0,0,0,0,0,0,186,253,253,253,253,254,253,253,253,185,60,0,0,0,0,0,0,0,0,0,35,217,253,253,253,254,253,253,179,34,0,0,0,0,0,0,0,0,0,0,0,27,155,253,253,193,111,58,27,0,0,0,0,0,0,3
0,0,0,0,0,0,0,0,0,0,0,0,0,0,0,0,0,0,0,0,0,0,0,0,0,0,0,0,0,0,0,0,0,0,0,0,0,0,0,0,0,0,0,0,0,0,0,0,0,0,0,0,0,0,0,0,0,0,0,0,0,0,166,128,174,255,253,253,253,253,255,253,253,253,174,63,0,0,0,0,0,0,131,224,252,253,176,233,252,204,168,195,252,252,252,241,178,19,0,0,0,0,0,37,55,56,6,43,55,25,0,19,55,71,227,253,252,55,0,0,0,0,0,0,0,0,0,0,0,0,0,0,0,19,215,253,252,55,0,0,0,0,0,0,0,0,0,0,0,0,0,0,0,29,252,253,252,55,0,0,0,0,0,0,0,0,0,0,0,0,0,0,0,169,253,255,106,0,0,0,0,0,0,0,0,0,0,0,0,0,0,0,98,243,252,152,3,0,0,0,0,0,0,0,0,0,0,0,0,0,0,67,240,252,252,110,0,0,0,0,0,0,0,0,0,0,0,0,0,0,13,181,252,249,145,0,0,0,0,0,0,0,0,0,0,0,0,0,0,0,113,252,252,223,0,0,0,0,0,0,0,0,0,0,0,0,0,0,13,113,255,253,165,47,0,0,0,0,0,0,0,0,0,0,0,0,0,0,29,252,253,223,37,0,0,0,0,0,0,0,0,0,0,0,0,0,0,45,156,252,228,52,0,0,0,0,0,0,0,0,0,0,0,0,0,0,10,203,252,236,47,0,0,0,0,0,0,0,0,0,0,0,0,0,0,0,163,252,236,50,0,0,0,0,0,0,0,0,0,0,0,0,0,0,0,114,253,253,84,0,0,0,0,0,0,0,0,0,0,0,0,0,0,0,48,238,252,76,19,38,0,0,0,0,0,0,0,0,0,0,7
0,0,0,0,0,0,0,0,0,0,0,0,0,0,0,0,0,0,0,0,0,0,0,0,0,0,0,0,0,0,0,0,0,0,0,0,0,0,0,0,0,0,0,0,0,0,0,0,11,132,254,213,82,0,0,0,0,0,0,0,0,0,0,0,0,0,0,41,213,252,253,252,223,20,0,0,0,0,0,0,0,0,0,0,0,0,31,233,254,91,0,82,254,172,0,0,0,0,0,0,0,0,0,0,0,0,92,252,91,10,0,0,213,252,0,0,0,0,0,0,0,0,0,0,0,0,173,253,0,0,0,0,152,253,0,0,0,0,0,0,0,0,0,0,0,82,253,212,0,0,0,0,152,252,0,0,0,0,0,0,0,0,0,0,0,102,254,151,0,0,0,62,254,192,0,0,0,0,0,0,0,0,0,0,0,102,253,151,0,0,0,142,253,70,0,0,0,0,0,0,0,0,0,0,0,0,234,253,21,41,173,253,254,50,0,0,0,0,0,0,0,0,0,0,0,0,71,252,223,243,253,252,253,50,0,0,0,0,0,0,0,0,0,0,0,0,0,41,203,203,254,253,224,20,0,0,0,0,0,0,0,0,0,0,0,0,0,0,0,0,172,252,203,0,0,0,0,0,0,0,0,0,0,0,0,0,0,0,0,0,152,253,102,0,0,0,0,0,0,0,0,0,0,0,0,0,0,0,0,0,193,252,61,0,0,0,0,0,0,0,0,0,0,0,0,0,0,0,0,0,254,192,0,0,0,0,0,0,0,0,0,0,0,0,0,0,0,0,0,82,253,151,0,0,0,0,0,0,0,0,0,0,0,0,0,0,0,0,0,163,255,151,0,0,0,0,0,0,0,0,0,0,0,0,0,0,0,0,21,223,253,151,0,0,0,0,0,0,0,0,9
0,0,0,0,0,0,0,0,0,0,0,0,0,0,0,0,0,0,0,0,0,0,0,0,0,0,0,0,0,0,0,0,0,0,0,0,0,0,0,0,0,0,0,0,0,0,0,0,0,29,86,114,198,255,198,0,0,0,0,0,0,0,0,0,0,0,29,141,226,255,255,255,255,255,226,0,0,0,0,0,0,0,0,0,0,57,226,255,255,198,141,86,226,255,141,0,0,0,0,0,0,0,0,0,57,226,141,86,57,0,0,0,255,255,86,0,0,0,0,0,0,0,0,0,0,170,0,0,0,0,0,114,255,198,0,0,0,0,0,0,0,0,0,0,0,0,0,0,0,0,0,226,255,170,0,0,0,0,0,0,0,0,0,0,0,0,0,0,0,0,86,255,255,29,0,0,0,0,0,0,0,0,0,0,0,0,0,0,0,0,226,255,170,0,0,0,0,0,0,0,0,0,0,0,0,0,0,0,0,29,255,255,57,0,0,0,0,0,0,0,0,0,0,0,0,0,0,0,0,114,255,198,0,0,0,0,0,0,0,0,0,0,0,0,0,0,0,0,0,198,255,141,0,0,0,0,0,0,0,0,0,0,0,0,0,0,0,0,86,255,226,57,0,0,0,0,0,0,0,0,0,0,0,0,0,0,0,0,141,255,170,0,0,0,0,0,0,0,0,0,0,0,0,0,0,0,0,29,226,255,114,0,0,0,0,0,0,0,0,0,0,0,0,0,0,0,0,86,255,255,0,0,0,0,0,0,0,0,0,0,0,0,0,0,0,0,0,114,255,198,0,0,0,0,0,0,0,0,0,0,0,0,0,0,0,0,0,170,255,170,0,0,0,0,0,0,0,0,0,0,0,0,0,0,0,0,0,255,255,141,0,0,0,0,0,0,0,0,0,0,7
0,0,0,0,0,0,0,0,0,0,0,0,0,0,0,0,0,0,0,0,0,0,0,0,0,0,0,0,0,0,0,0,0,0,0,0,0,0,0,0,0,0,0,0,0,0,0,0,0,0,0,0,0,0,0,0,0,0,0,0,0,0,0,1,22,130,130,130,219,254,254,254,215,130,24,4,0,0,0,0,0,0,17,148,253,253,253,253,253,253,253,253,253,253,253,207,86,1,0,0,0,0,143,253,251,246,229,196,146,141,235,235,235,250,253,253,253,18,0,0,0,0,130,226,92,85,128,0,0,0,0,0,0,88,232,253,253,18,0,0,0,0,8,41,0,0,0,0,0,0,0,0,0,11,222,253,253,18,0,0,0,0,0,0,0,0,0,0,0,0,0,0,12,172,253,253,168,7,0,0,0,0,0,0,0,0,0,0,0,0,0,0,103,253,253,187,8,0,0,0,0,0,0,0,0,0,0,0,0,0,0,76,238,253,235,64,0,0,0,0,0,0,0,0,0,0,0,0,0,0,16,211,253,253,73,0,0,0,0,0,0,0,0,0,0,0,0,0,0,16,174,253,233,88,10,0,0,0,0,0,0,0,0,0,0,0,0,0,0,96,253,253,139,0,0,0,0,0,0,0,0,0,0,0,0,0,0,0,81,239,253,158,11,0,0,0,0,0,0,0,0,0,0,0,0,0,0,0,180,253,253,55,0,0,0,0,0,0,0,0,0,0,0,0,0,0,0,85,241,253,154,10,0,0,0,0,0,0,0,0,0,0,0,0,0,0,38,242,253,200,9,0,0,0,0,0,0,0,0,0,0,0,0,0,0,0,44,253,253,191,0,0,0,0,0,0,0,0,0,0,0,0,0,0,0,0,44,253,253,139,0,0,0,0,0,0,0,0,0,0,7
0,0,0,0,0,0,0,0,0,0,0,0,0,0,0,0,0,0,0,0,0,0,0,0,0,0,0,0,0,0,0,0,0,0,0,0,0,0,0,0,0,0,0,0,0,0,0,0,0,0,0,0,0,0,0,0,0,0,0,0,0,0,0,0,0,0,0,0,0,45,173,85,50,128,85,0,0,0,0,0,0,0,0,0,0,84,127,83,127,215,253,252,244,252,252,233,197,127,51,0,0,0,0,0,141,253,252,252,252,252,253,126,93,205,252,253,252,252,231,81,0,0,0,141,246,253,252,252,252,208,42,11,0,11,218,253,252,252,226,59,0,0,31,218,253,254,253,253,216,62,0,0,0,11,175,254,253,253,154,18,0,29,213,252,252,253,252,201,47,0,0,0,16,206,252,253,252,122,21,0,4,108,244,252,252,253,210,63,0,0,0,8,173,252,252,253,210,55,0,0,52,226,252,252,252,243,82,0,0,0,11,127,252,252,252,253,177,9,0,0,192,252,252,252,252,124,0,0,0,0,25,226,252,252,252,236,37,0,0,0,168,243,253,253,147,0,0,0,0,0,166,253,253,253,253,150,0,0,0,0,0,83,168,98,37,0,0,0,0,45,253,252,252,252,208,27,0,0,0,0,0,0,0,0,0,0,0,0,6,198,253,252,252,252,155,0,0,0,0,0,0,0,0,0,0,0,0,6,155,252,253,252,252,236,66,0,0,0,0,0,0,0,0,0,0,0,0,101,217,252,253,252,252,145,0,0,0,0,0,0,0,0,0,0,0,0,0,189,253,253,255,253,161,35,0,0,0,0,0,0,0,0,0,0,0,0,0,188,252,252,253,252,65,0,0,0,0,0,0,0,0,0,0,0,0,0,0,170,252,252,250,152,11,0,0,0,0,0,0,0,7
0,0,0,0,0,0,0,0,0,0,0,0,0,0,0,0,0,0,0,0,0,0,0,0,0,0,0,0,0,0,0,0,0,0,0,0,0,0,0,0,0,0,0,0,0,0,0,0,0,0,0,0,0,0,0,0,0,0,0,0,0,3,124,166,34,0,0,0,0,0,0,0,0,0,0,0,0,0,0,0,0,108,253,253,177,4,0,0,0,0,0,0,0,0,0,0,0,0,0,0,13,221,253,253,253,181,58,0,0,0,0,0,0,0,0,0,0,0,0,0,52,253,253,253,253,253,252,178,72,22,0,0,0,0,0,0,0,57,119,156,136,253,253,253,253,253,253,253,253,221,171,89,89,149,207,207,207,244,253,135,136,253,253,86,162,253,253,253,253,253,253,253,253,253,253,253,253,253,253,240,191,253,202,3,4,61,187,251,253,253,253,253,253,253,253,253,253,253,253,140,147,253,200,0,0,0,0,63,112,194,230,238,253,253,253,253,253,253,197,60,255,253,200,0,0,0,0,0,0,0,0,36,94,195,253,253,253,182,57,0,227,253,118,0,0,0,0,0,0,0,0,0,0,249,253,253,253,53,0,0,95,160,19,0,0,0,0,0,0,0,0,0,87,252,253,253,197,37,0,0,0,0,0,0,0,0,0,0,0,0,0,36,220,253,253,236,44,0,0,0,0,0,0,0,0,0,0,0,0,0,0,95,253,253,253,99,0,0,0,0,0,0,0,0,0,0,0,0,0,0,10,213,253,253,233,43,0,0,0,0,0,0,0,0,0,0,0,0,0,0,195,253,253,252,94,0,0,0,0,0,0,0,0,0,0,0,0,0,0,39,233,253,253,142,0,0,0,0,0,0,0,0,0,0,0,0,0,0,0,90,253,253,224,4,0,0,0,0,0,0,7
0,0,0,0,0,0,0,0,0,0,0,0,0,0,0,0,0,0,0,0,0,0,0,0,0,0,0,0,0,0,0,0,0,0,0,0,0,0,0,0,0,0,0,0,0,0,0,0,0,0,0,0,0,0,0,0,0,0,0,0,0,0,0,0,0,0,0,0,0,0,0,0,0,0,0,0,0,4,7,31,0,0,0,0,0,0,0,0,0,0,0,0,0,0,0,51,128,201,229,254,0,0,0,0,0,0,0,0,65,141,91,0,72,190,236,248,254,254,254,254,0,0,0,0,0,0,29,121,240,254,248,207,254,254,246,207,140,133,47,47,0,0,0,0,0,54,221,254,254,235,169,232,254,195,45,0,0,0,0,0,0,0,0,44,224,248,254,200,72,7,0,77,9,5,0,0,0,0,0,0,0,0,0,177,254,254,254,105,9,0,0,0,0,0,0,0,0,0,0,0,0,0,0,156,254,254,254,254,176,39,0,0,0,0,0,0,0,0,0,0,0,0,0,0,74,95,182,242,255,163,0,0,0,0,0,0,0,0,0,0,0,0,0,0,0,0,0,107,242,247,97,0,0,0,0,0,0,0,0,0,0,0,0,0,0,0,0,0,103,253,226,3,0,0,0,0,0,0,0,0,0,0,0,0,0,0,0,0,0,182,254,66,0,0,0,0,0,0,0,0,0,0,37,93,28,0,0,0,0,99,254,118,0,0,0,0,0,0,0,0,0,0,150,254,235,207,190,114,144,218,254,229,0,0,0,0,0,0,0,0,0,0,100,244,254,254,254,254,254,254,254,128,0,0,0,0,0,0,0,0,0,0,0,8,13,68,103,103,103,103,23,3,0,0,0,0,0,0,0,0,0,0,0,0,0,0,0,0,0,0,0,0,0,0,0,0,0,0,0,0,5
0,0,0,0,0,0,0,0,0,0,0,0,0,0,0,0,0,0,0,0,0,0,0,0,0,0,0,0,0,0,0,0,0,0,0,0,0,0,0,0,0,0,0,0,0,0,0,0,0,0,49,77,77,150,165,165,225,255,254,254,0,0,0,0,0,13,138,121,155,241,249,254,254,254,254,254,254,254,254,254,0,0,0,0,35,224,254,254,254,254,254,254,254,254,233,204,145,116,97,26,0,0,0,38,188,254,254,254,252,218,218,134,114,40,23,0,0,0,0,0,0,0,0,77,254,254,230,72,51,0,0,0,0,0,0,0,0,0,0,0,0,0,0,142,254,235,48,0,0,0,0,0,0,0,0,0,0,0,0,0,0,0,0,165,254,204,0,0,0,0,0,0,0,0,0,0,0,0,0,0,0,0,0,165,254,218,12,0,0,0,0,0,0,0,0,0,0,0,0,0,0,0,0,114,254,254,227,72,0,0,0,0,0,0,0,0,0,0,0,0,0,0,0,36,184,254,254,251,154,45,1,0,0,0,0,0,0,0,0,0,0,0,0,0,33,182,238,254,254,254,154,20,0,0,0,0,0,0,0,0,0,0,0,0,0,0,41,154,249,254,254,220,68,0,0,0,0,0,0,0,0,0,0,0,0,0,0,0,56,190,254,254,241,67,0,0,0,0,0,0,0,0,0,0,0,0,0,0,0,0,109,248,254,243,67,0,0,0,0,0,0,0,0,0,0,0,0,0,0,0,0,60,235,254,238,19,0,0,0,0,0,0,0,0,14,25,0,0,0,0,0,0,35,229,254,71,0,0,0,0,0,0,0,0,9,181,86,9,0,0,0,0,0,178,254,147,0,0,0,0,0,0,0,0,0,62,240,215,205,205,118,117,195,245,254,160,0,0,0,0,5
0,0,0,0,0,0,0,0,0,0,0,111,253,253,253,121,0,0,0,0,0,0,0,0,0,0,0,0,0,0,0,236,253,171,48,15,0,0,0,0,0,0,0,0,0,0,0,0,0,0,164,255,180,2,0,0,0,0,0,0,0,0,0,0,0,0,0,0,0,51,242,247,60,0,0,0,0,0,0,0,0,0,0,0,0,0,0,0,16,139,253,134,0,0,0,0,0,0,0,0,0,0,0,0,0,0,0,0,45,253,253,58,0,0,0,0,0,0,0,0,0,0,0,0,0,0,0,0,113,253,186,0,0,0,0,0,0,0,0,0,0,0,0,0,0,0,0,4,185,253,61,0,0,0,0,0,0,0,0,0,0,0,0,0,0,0,0,108,253,253,33,0,0,0,0,0,0,0,0,0,0,0,0,0,0,0,0,123,254,177,0,19,111,144,21,0,0,0,0,0,0,0,0,0,0,0,0,151,253,99,30,221,253,253,198,0,0,0,0,0,0,0,0,0,0,0,35,241,236,40,202,254,253,253,139,0,0,0,0,0,0,0,0,0,0,0,146,253,209,41,238,169,108,253,121,0,0,0,0,0,0,0,0,0,0,0,199,253,146,164,253,32,155,253,49,0,0,0,0,0,0,0,0,0,0,44,242,245,105,253,166,144,253,175,3,0,0,0,0,0,0,0,0,0,0,56,253,243,159,253,244,245,217,32,0,0,0,0,0,0,0,0,0,0,0,56,253,253,253,253,253,166,30,0,0,0,0,0,0,0,0,0,0,0,0,39,237,253,253,253,253,29,0,0,0,0,0,0,0,0,0,0,0,0,0,0,151,253,253,171,47,0,0,0,0,0,0,0,0,0,0,0,0,0,0,0,0,0,0,0,0,0,0,0,0,0,0,0,0,0,6
0,0,0,0,0,0,0,0,0,0,0,0,0,0,0,0,0,0,0,0,0,0,0,0,0,0,0,0,0,0,0,0,0,0,0,0,0,0,0,0,0,0,0,0,0,0,0,0,0,0,0,0,0,0,0,0,0,0,0,0,0,64,128,0,0,64,128,255,255,255,255,255,255,255,255,255,191,0,0,0,64,255,255,255,255,255,255,255,255,255,255,255,255,255,255,255,255,0,0,0,128,255,255,255,255,255,255,128,128,128,0,0,0,128,191,255,255,128,0,0,0,128,128,128,0,0,0,0,0,0,0,0,0,0,255,255,255,0,0,0,0,0,0,0,0,0,0,0,0,0,0,0,0,64,255,255,255,0,0,0,0,0,0,0,0,0,0,0,0,0,0,0,0,191,255,255,128,0,0,0,0,0,0,0,0,0,0,0,0,0,0,0,0,255,255,255,0,0,0,0,0,0,0,0,0,0,0,0,0,0,0,0,128,255,255,191,0,0,0,0,0,0,0,0,0,0,0,0,0,0,0,0,191,255,255,64,0,0,0,0,0,0,0,0,0,0,0,0,0,0,0,128,255,255,191,0,0,0,0,0,0,0,0,0,0,0,0,0,0,0,0,128,255,255,128,0,0,0,0,0,0,0,0,0,0,0,0,0,0,0,0,191,255,255,0,0,0,0,0,0,0,0,0,0,0,0,0,0,0,0,64,255,255,128,0,0,0,0,0,0,0,0,0,0,0,0,0,0,0,0,255,255,255,0,0,0,0,0,0,0,0,0,0,0,0,0,0,0,0,0,255,255,191,0,0,0,0,0,0,0,0,0,0,0,0,0,0,0,0,128,255,255,64,0,0,0,0,0,0,0,0,0,0,0,0,0,0,0,64,255,255,128,0,0,0,0,0,0,0,0,7
0,0,0,0,0,0,0,0,0,0,0,0,0,0,0,0,0,0,0,0,0,0,0,0,0,0,0,0,0,0,0,0,0,0,0,0,0,0,0,0,0,0,0,0,0,0,0,0,0,0,0,0,0,0,0,0,0,0,0,0,0,0,0,0,0,0,0,0,0,0,0,0,0,0,0,0,0,0,0,0,0,0,0,0,0,0,0,0,0,57,0,0,0,0,0,0,0,0,0,0,0,0,75,142,142,142,142,142,142,226,142,142,122,0,0,0,0,0,0,0,0,20,142,254,254,254,254,254,254,254,254,254,248,209,69,0,0,0,0,0,0,170,214,254,254,254,254,254,254,254,254,254,254,254,141,86,48,0,0,0,0,0,54,103,103,103,103,103,103,233,254,254,254,254,254,254,208,152,119,0,0,0,0,0,0,0,0,0,0,77,254,254,254,254,254,254,254,254,246,218,0,0,0,0,0,0,0,32,96,232,254,254,254,254,254,254,254,254,254,254,0,0,0,0,0,91,161,193,254,254,254,254,254,254,146,94,94,207,254,254,0,0,20,39,95,243,254,254,254,254,240,216,188,27,9,0,0,19,70,216,0,0,133,254,254,254,254,254,254,165,95,0,0,0,0,0,0,0,0,0,0,0,133,254,254,254,254,254,152,12,0,0,0,0,0,0,0,0,0,0,0,0,109,244,254,254,251,143,7,0,0,0,0,0,0,0,0,0,0,0,0,0,0,111,140,140,130,0,0,0,0,0,0,0,0,0,0,0,0,0,0,0,0,0,0,0,0,0,0,0,0,0,0,0,0,0,0,0,0,0,0,0,0,0,0,0,0,0,0,0,0,0,0,0,0,0,0,0,0,0,0,0,0,0,0,0,0,0,0,0,0,0,0,0,0,0,0,0,0,0,2
0,0,0,0,0,0,0,0,0,0,19,144,144,87,12,0,0,0,0,0,0,0,0,0,0,0,0,0,0,0,111,253,253,253,179,44,0,0,0,0,0,0,0,0,0,0,0,0,0,44,236,253,253,253,253,238,105,0,0,0,0,0,0,0,0,0,0,0,17,220,254,253,253,253,253,253,253,109,6,0,0,0,0,0,0,0,27,75,231,253,254,253,253,253,253,253,253,253,138,0,0,0,0,0,0,70,225,253,253,253,243,88,55,113,184,145,237,253,203,12,0,0,0,0,80,216,253,253,245,199,19,0,0,0,5,5,78,253,253,138,0,0,0,149,219,253,251,141,26,44,0,0,0,0,0,0,5,193,253,253,0,0,31,246,253,226,121,0,0,0,0,0,0,0,0,0,0,155,253,253,0,59,234,253,253,117,0,0,0,0,0,0,0,0,0,0,0,155,253,253,5,139,254,254,160,24,0,0,0,0,0,0,0,0,0,0,89,255,254,254,111,253,253,238,27,0,0,0,0,0,0,0,0,0,0,92,247,253,253,224,144,253,253,97,0,0,0,0,0,0,0,0,0,53,124,244,253,253,223,39,153,253,253,10,0,0,0,0,0,0,0,6,115,244,253,253,253,220,36,0,254,253,253,10,0,0,0,0,0,25,71,189,253,253,253,253,198,35,0,0,216,253,253,10,0,0,0,0,66,209,254,253,253,253,195,79,5,0,0,0,144,253,253,128,50,50,122,141,248,253,254,250,199,74,8,0,0,0,0,0,57,187,253,253,253,253,253,253,253,253,215,73,0,0,0,0,0,0,0,0,0,47,206,253,253,253,253,253,196,80,29,0,0,0,0,0,0,0,0,0,0,0,13,138,143,143,138,33,9,0,0,0,0,0,0,0,0,0,0,0,0
242,245,216,249,236,249,240,202,220,213,211,254,215,234,235,253,216,245,217,202,229,246,245,218,228,236,224,240,221,219,206,238,218,238,201,219,219,218,205,225,213,206,201,245,212,229,213,239,251,207,237,213,209,253,235,231,234,206,221,230,243,214,215,232,246,209,234,206,220,218,205,246,239,240,233,209,227,200,209,221,254,228,207,234,218,241,229,202,221,243,246,248,227,253,232,249,254,241,240,230,229,224,234,201,226,216,205,232,207,247,214,208,254,210,230,235,243,239,203,210,227,207,217,237,221,211,220,213,221,207,225,213,216,231,203,214,254,232,217,214,203,245,246,207,226,234,240,224,220,253,236,230,206,249,214,246,237,229,205,223,216,245,243,247,221,240,228,241,252,219,214,233,228,219,246,246,235,233,251,231,254,207,218,213,227,222,248,213,237,232,203,201,242,226,237,242,250,231,233,238,229,235,245,215,248,214,241,212,237,210,200,240,210,227,204,202,239,220,236,217,235,238,214,246,211,247,250,235,234,222,252,253,228,238,223,252,232,204,221,210,211,249,241,231,213,222,229,219,246,202,211,252,220,241,201,242,218,242,211,217,243,242,209,250,240,243,200,224,224,221,226,232,202,213,249,222,200,249,206,227,218,200,254,228,213,213,254,201,201,219,221,223,201,254,234,207,240,223,220,207,251,251,226,213,223,246,218,250,250,247,204,240,249,228,225,230,241,211,243,238,202,248,248,243,253,203,217,201,231,224,243,214,236,214,200,201,233,240,217,205,213,251,226,222,245,240,246,230,231,249,203,223,223,204,237,239,220,252,229,214,254,214,240,215,234,233,211,210,238,207,206,216,209,251,216,225,240,218,222,213,240,240,225,250,218,220,241,240,247,228,205,221,226,247,249,213,210,200,244,205,3
0,0,0,0,0,0,0,0,0,0,0,0,0,0,0,0,0,0,0,0,0,0,0,0,0,0,0,0,0,0,0,0,0,0,0,0,0,0,0,0,0,0,0,0,0,0,0,29,94,158,200,255,238,119,22,0,0,0,0,0,0,0,0,0,0,10,106,236,254,237,225,225,241,254,177,3,0,0,0,0,0,0,0,0,0,122,254,212,96,29,0,0,37,181,254,95,0,0,0,0,0,0,0,0,83,252,180,3,0,0,0,0,0,106,254,177,0,0,0,0,0,0,0,0,165,213,19,0,0,0,0,0,0,23,245,215,0,0,0,0,0,0,0,42,243,167,0,0,0,0,0,0,0,0,168,228,20,0,0,0,0,0,0,150,254,111,0,0,0,0,0,0,0,6,218,254,114,0,0,0,0,0,0,153,254,72,0,0,0,0,0,0,0,98,254,251,105,0,0,0,0,0,0,153,237,22,0,0,0,0,0,0,98,238,254,215,0,0,0,0,0,0,0,153,252,138,2,0,0,0,21,114,241,254,254,215,0,0,0,0,0,0,0,51,190,254,188,111,111,128,227,254,254,254,254,131,0,0,0,0,0,0,0,0,8,139,254,254,254,254,254,254,254,254,204,8,0,0,0,0,0,0,0,0,0,7,19,99,115,97,19,179,254,254,181,0,0,0,0,0,0,0,0,0,0,0,0,0,0,0,0,136,254,254,106,0,0,0,0,0,0,0,0,0,0,0,0,0,0,0,0,173,254,220,29,0,0,0,0,0,0,0,0,0,0,0,0,0,0,0,3,185,254,148,0,0,0,0,0,0,0,0,0,0,0,0,0,0,0,0,55,254,253,109,0,0,0,0,0,0,0,0,0,0,0,0,0,0,0,13,219,254,148,0,0,0,0,0,0,0,9
0,0,0,0,0,0,0,0,76,245,254,240,192,68,0,0,0,0,0,0,0,0,0,0,0,0,0,20,227,254,254,254,254,227,19,0,0,0,0,0,0,0,0,0,0,0,0,54,254,254,222,197,214,254,169,0,0,0,0,0,0,0,0,0,0,0,0,28,214,230,64,0,12,184,245,0,0,0,0,0,0,0,0,0,0,0,0,0,0,0,0,0,0,44,252,62,0,0,0,0,0,0,0,0,0,0,0,0,0,0,0,0,0,44,254,142,0,0,0,0,0,0,0,0,0,0,0,0,0,0,0,0,0,44,254,182,0,0,0,0,0,0,0,0,0,0,0,0,0,0,0,0,0,44,254,115,0,0,0,0,0,0,0,0,0,0,0,0,0,0,0,0,0,153,254,86,0,0,0,0,0,0,0,0,0,0,0,0,0,0,0,0,34,244,247,16,0,0,0,0,0,0,0,0,0,0,0,0,0,0,0,0,107,254,245,0,0,0,0,0,0,0,0,0,0,0,0,42,88,140,194,236,249,254,155,0,0,0,0,0,0,0,0,0,0,11,139,253,254,254,254,254,254,254,152,0,0,0,0,0,0,0,0,0,39,177,254,254,254,254,254,254,254,254,248,25,0,0,0,0,0,0,0,0,110,255,254,232,131,197,254,254,214,179,254,184,4,0,0,0,0,0,0,0,154,254,220,28,170,254,254,241,40,43,254,254,27,0,0,0,0,0,0,0,154,254,224,183,254,254,242,70,0,0,177,254,230,22,0,0,0,0,0,0,141,254,254,254,254,231,70,0,0,0,19,243,166,0,0,0,0,0,0,0,15,108,191,254,167,19,0,0,0,0,0,41,30,0,0,0,0,0,0,0,0,0,0,0,0,0,0,0,0,0,0,0,0,0,0,0,2
0,0,0,0,0,0,0,0,0,0,53,155,179,250,74,0,0,0,0,0,0,0,0,0,0,0,0,0,0,83,236,254,254,254,242,68,0,0,0,0,0,0,0,0,0,0,0,0,52,234,254,228,127,90,174,194,0,0,0,0,0,0,0,0,0,0,0,0,187,255,156,21,0,0,38,237,73,0,0,0,0,0,0,0,0,0,0,89,250,189,2,0,0,0,0,225,174,0,0,0,0,0,0,0,0,0,0,185,222,39,0,0,0,0,0,225,84,0,0,0,0,0,0,0,0,0,22,236,115,0,0,0,0,0,0,225,75,0,0,0,0,0,0,0,0,0,140,254,60,0,0,0,0,0,12,230,75,0,0,0,0,0,0,0,0,0,230,189,4,0,0,0,0,0,147,235,18,0,0,0,0,0,0,0,0,45,245,111,0,0,0,0,0,0,170,170,0,0,0,0,0,0,0,0,0,156,254,70,0,0,0,0,0,15,238,129,0,0,0,0,0,0,0,0,5,194,247,53,0,0,0,0,0,139,254,67,0,0,0,0,0,0,0,0,21,254,224,0,0,0,0,0,4,218,150,5,0,0,0,0,0,0,0,0,21,254,197,0,0,0,0,0,88,254,85,0,0,0,0,0,0,0,0,0,21,254,125,0,0,0,0,15,244,192,10,0,0,0,0,0,0,0,0,0,21,254,125,0,0,0,0,137,254,69,0,0,0,0,0,0,0,0,0,0,21,254,138,0,0,14,115,251,209,19,0,0,0,0,0,0,0,0,0,0,21,254,235,25,0,130,254,215,24,0,0,0,0,0,0,0,0,0,0,0,1,108,250,248,245,252,226,25,0,0,0,0,0,0,0,0,0,0,0,0,0,0,101,227,199,154,46,0,0,0,0,0,0,0,0,0,0
0,0,0,0,0,51,51,51,51,92,252,252,90,0,0,0,0,0,0,0,0,0,41,102,102,252,250,250,250,252,250,250,250,82,0,0,0,0,0,0,0,152,191,250,250,252,250,250,250,252,250,250,250,202,0,0,0,0,0,0,0,252,250,250,250,252,250,128,49,90,250,250,250,202,0,0,0,0,0,0,0,214,252,252,252,0,0,0,0,92,252,252,252,163,0,0,0,0,0,0,0,31,149,149,149,0,0,62,102,252,250,250,169,0,0,0,0,0,0,0,0,0,0,0,0,0,62,211,250,252,250,159,20,0,0,0,0,0,0,0,0,0,0,0,0,203,221,250,250,212,49,20,0,0,0,0,0,0,0,0,0,0,0,0,203,254,252,252,252,214,51,51,51,0,0,0,0,0,0,0,0,0,0,0,202,252,250,250,250,252,250,250,250,102,102,102,20,0,0,0,0,0,0,0,80,252,250,250,250,252,250,250,250,252,250,250,170,0,0,0,0,0,0,0,0,49,49,49,211,252,250,250,250,252,250,250,250,203,202,80,0,0,0,0,0,0,0,0,0,0,0,0,163,203,202,232,252,254,252,252,0,0,0,0,0,0,0,0,0,0,0,0,0,0,0,91,149,252,250,250,0,0,0,0,0,31,151,60,0,0,0,0,0,0,0,0,0,252,250,250,0,0,0,0,0,51,250,221,40,0,0,0,0,0,0,0,163,252,250,250,0,0,0,0,0,52,252,252,252,254,171,51,51,254,252,252,252,255,252,222,0,0,0,0,0,31,190,250,250,252,250,250,250,252,250,250,250,252,210,60,0,0,0,0,0,0,40,190,250,252,250,250,250,252,250,250,250,222,60,0,0,0,0,0,0,0,0,30,211,252,250,250,250,252,250,128,49,40,0,0,3
0,0,0,0,0,0,0,0,0,0,0,0,0,0,0,0,7,136,255,48,0,0,0,0,0,0,0,0,0,0,0,0,0,0,0,26,149,253,254,98,0,0,0,0,0,0,0,0,0,0,0,0,3,57,116,208,251,230,138,13,0,0,0,0,0,0,0,0,0,0,26,93,140,253,254,219,63,0,0,0,0,0,0,0,0,0,0,0,0,26,187,254,254,228,160,76,0,0,0,0,0,0,0,0,0,0,0,0,0,142,254,253,181,15,0,0,0,0,0,0,0,0,0,0,0,0,0,38,191,240,247,128,25,0,0,0,0,0,0,0,0,0,0,0,0,0,0,197,253,253,84,0,0,0,0,0,0,0,0,0,0,0,0,0,0,0,51,248,254,69,0,0,0,0,0,0,0,0,0,0,0,0,0,0,0,0,13,235,232,6,0,26,9,0,0,0,0,0,0,0,0,0,0,0,0,0,78,253,249,207,208,232,165,7,0,0,0,0,0,0,0,0,0,0,0,0,229,253,253,253,254,253,244,44,0,0,0,0,0,0,0,0,0,0,0,68,254,254,254,203,151,248,245,44,0,0,0,0,0,0,0,0,0,0,0,68,254,227,39,6,130,251,198,6,0,0,0,0,0,0,0,0,0,0,0,0,138,46,0,51,221,253,113,0,0,0,0,0,0,0,0,0,0,0,0,0,0,0,0,184,254,219,13,0,0,0,0,0,0,0,0,0,0,0,32,45,0,13,187,254,236,50,0,0,0,0,0,0,0,0,0,0,0,0,199,245,114,151,253,219,84,0,0,0,0,0,0,0,0,0,0,0,0,0,124,253,254,253,234,38,0,0,0,0,0,0,0,0,0,0,0,0,0,0,7,203,254,236,88,0,0,0,0,0,0,0,0,0,0,0,5
0,0,0,0,0,0,191,255,255,255,255,255,255,255,255,191,0,0,0,0,0,0,0,0,0,64,255,191,64,0,0,64,64,255,255,255,191,0,0,0,0,0,0,0,0,128,255,128,0,0,0,0,0,0,191,255,255,64,0,0,0,0,0,0,0,128,255,64,0,0,0,0,0,0,128,255,255,128,0,0,0,0,0,0,0,0,128,0,0,0,0,0,0,191,255,255,255,128,0,0,0,0,0,0,0,0,0,0,0,0,0,0,0,0,191,255,64,0,0,0,0,0,0,0,0,0,0,0,0,0,0,0,0,64,255,255,0,0,0,0,0,0,0,0,0,0,0,0,0,0,0,0,0,255,255,255,0,0,0,0,0,0,0,0,0,0,0,0,0,0,0,0,64,255,255,64,0,0,0,0,0,0,0,0,0,0,0,0,0,0,0,64,255,255,128,0,0,0,0,0,0,0,0,0,0,0,0,0,0,0,128,255,255,191,0,0,0,0,0,0,0,0,0,0,0,64,128,128,64,128,255,255,191,0,0,0,0,0,0,0,0,0,0,128,191,255,255,255,255,255,255,255,191,0,0,0,0,0,0,0,0,64,255,255,255,255,255,255,255,255,255,255,255,191,0,0,0,0,0,0,0,255,255,255,255,255,255,255,255,191,128,255,255,255,191,64,0,0,0,0,128,255,255,255,255,255,255,255,64,0,0,64,128,255,255,255,128,0,0,0,191,255,255,255,255,255,128,0,0,0,0,0,0,64,255,255,255,255,128,0,64,255,255,255,191,64,0,0,0,0,0,0,0,0,0,64,255,255,255,128,0,0,128,64,0,0,0,0,0,0,0,0,0,0,0,0,0,191,255,0,0,0,0,0,0,0,0,0,0,0,0,0,0,0,0,0,0,0,0,0,2
0,0,0,0,0,0,0,0,0,0,128,244,0,0,0,0,0,0,0,0,0,0,0,0,0,0,0,0,0,63,249,242,0,0,0,0,0,0,0,0,0,0,0,0,0,0,0,0,0,184,253,242,0,0,0,0,0,0,0,0,0,0,0,0,0,0,0,0,0,230,253,161,0,0,0,0,0,0,0,0,0,0,0,0,0,0,0,0,0,230,253,122,0,0,0,0,0,0,0,0,0,0,0,0,0,0,0,0,0,230,253,87,0,0,0,0,0,0,0,0,0,0,0,0,0,0,0,0,0,230,253,0,0,0,0,0,0,0,0,0,0,0,0,0,0,0,0,0,38,239,253,0,0,0,0,0,0,0,0,0,0,0,0,0,0,0,0,0,98,253,253,0,0,0,0,0,0,0,0,0,0,0,0,0,0,0,0,0,5,231,253,59,0,0,0,0,0,0,0,0,0,0,0,0,0,0,0,0,0,231,255,0,0,0,0,0,0,0,0,0,0,0,0,0,0,0,0,0,47,241,253,0,0,0,0,0,0,0,0,0,0,0,0,0,0,0,0,0,0,230,253,0,0,0,0,0,0,0,0,0,0,0,0,0,0,0,0,0,19,235,253,0,0,0,0,0,0,0,0,0,0,0,0,0,0,0,0,0,51,242,253,0,0,0,0,0,0,0,0,0,0,0,0,0,0,0,0,0,98,253,253,0,0,0,0,0,0,0,0,0,0,0,0,0,0,0,0,0,19,235,253,0,0,0,0,0,0,0,0,0,0,0,0,0,0,0,0,0,0,230,253,47,0,0,0,0,0,0,0,0,0,0,0,0,0,0,0,0,0,121,253,242,160,42,0,0,0,0,0,0,0,0,0,0,0,0,0,0,0,5,185,254,184,51,0,0,0,0,0,0,1
0,0,0,0,0,0,0,0,0,0,0,0,0,0,0,0,0,0,0,0,0,0,0,0,0,0,0,0,0,0,0,0,0,0,0,0,0,63,186,218,0,0,0,0,0,0,0,0,0,0,0,0,0,0,32,140,223,254,254,254,0,0,0,0,0,0,0,0,0,0,0,1,21,156,228,254,253,254,253,254,0,0,0,0,0,0,0,0,11,37,78,150,253,254,253,254,243,165,83,0,0,0,0,0,0,0,0,11,166,254,253,254,253,254,253,150,57,0,0,0,0,0,0,0,0,0,0,89,254,255,254,254,243,166,42,0,0,0,0,0,0,0,0,0,0,0,0,109,253,254,232,129,36,0,0,0,0,0,0,0,0,0,0,0,0,0,11,234,254,166,0,0,0,0,0,0,0,0,0,0,0,0,0,0,0,0,135,254,253,228,63,0,0,0,0,0,0,0,0,0,0,0,0,0,0,120,254,254,254,254,233,11,0,0,0,0,0,0,0,0,0,0,0,0,0,181,253,254,170,171,253,73,0,0,0,0,0,0,0,0,0,0,0,0,0,161,243,94,11,32,249,166,0,0,0,0,0,0,0,0,0,0,0,0,0,36,36,0,0,32,228,166,0,0,0,0,0,0,0,0,0,0,0,0,0,0,0,0,0,150,254,115,0,0,0,0,0,0,0,0,0,32,52,0,0,0,0,73,155,254,253,94,0,0,0,0,0,0,0,0,0,202,254,254,233,212,254,254,254,254,223,0,0,0,0,0,0,0,0,0,0,244,253,254,253,253,253,254,253,212,36,0,0,0,0,0,0,0,0,0,0,84,145,156,217,217,155,115,52,0,0,0,0,0,0,0,0,0,0,0,0,0,0,0,0,0,0,0,0,0,0,0,0,0,0,0,0,0,0,0,5
0,0,0,0,0,0,0,0,0,0,0,0,0,0,0,0,0,0,0,0,0,0,0,0,0,0,0,0,0,76,113,255,253,253,253,253,255,27,0,0,0,0,0,0,0,0,86,131,225,243,252,253,252,252,252,204,106,3,0,0,0,0,0,13,73,197,253,252,252,252,252,196,70,55,55,25,0,0,0,0,0,0,0,57,252,252,253,252,245,208,84,0,0,0,0,0,0,0,0,0,0,0,0,135,252,252,253,252,118,0,0,0,0,111,140,140,0,0,0,0,0,0,0,135,253,253,255,106,89,113,191,255,253,253,253,253,255,90,0,0,0,0,0,57,252,252,253,228,246,252,252,253,252,252,252,252,253,243,175,0,0,0,0,57,252,252,253,252,252,245,195,133,55,55,55,133,222,252,239,97,0,0,0,73,252,252,253,242,114,74,0,0,0,0,0,0,38,234,252,223,0,0,0,119,252,252,253,89,0,0,0,0,0,0,0,0,0,225,252,223,0,0,0,32,140,140,0,0,0,0,0,0,0,0,0,0,0,226,253,225,0,0,0,0,0,0,0,0,0,0,0,0,0,0,0,0,0,225,252,223,0,0,0,0,0,0,0,0,0,0,0,0,0,0,0,0,26,231,252,223,0,0,26,7,0,0,0,0,0,0,0,0,0,0,0,16,207,252,245,121,0,63,240,133,0,0,0,0,0,0,0,0,0,0,95,203,253,252,195,0,0,114,253,196,0,0,0,0,0,0,0,0,38,144,253,253,255,215,31,0,0,75,243,246,130,38,0,0,0,0,48,85,219,252,252,252,168,33,0,0,0,0,225,252,252,221,198,197,197,197,227,253,252,239,195,118,0,0,0,0,0,0,75,199,252,252,253,252,252,252,252,253,226,96,0,0,0,0,0,0,5
0,0,0,0,0,0,0,0,0,0,0,0,23,125,125,205,254,111,0,0,0,0,0,0,0,0,0,98,118,151,248,248,249,253,253,253,253,176,54,0,0,0,0,0,0,0,82,251,253,253,253,253,253,253,253,253,253,253,117,0,0,0,0,0,0,0,85,253,253,253,253,253,234,149,149,82,149,142,9,0,0,0,0,0,0,0,85,253,253,177,155,128,21,0,0,0,0,0,0,0,0,0,0,0,0,0,132,253,227,37,0,0,0,0,0,0,0,0,0,0,0,0,0,0,0,0,171,253,205,20,0,0,0,0,0,0,0,0,0,0,0,0,0,0,0,0,85,253,253,58,19,39,65,0,0,0,0,0,0,0,0,0,0,0,0,0,85,253,253,114,181,227,244,182,26,0,0,0,0,0,0,0,0,0,0,0,85,253,253,253,253,253,253,253,199,25,0,0,0,0,0,0,0,0,0,0,66,243,253,253,253,253,253,253,253,214,78,0,0,0,0,0,0,0,0,0,0,209,253,240,201,108,71,193,253,253,197,0,0,0,0,0,0,0,0,0,60,240,253,188,0,0,0,80,253,253,234,0,0,0,0,0,0,0,0,0,85,253,185,63,0,0,0,13,193,253,234,0,0,0,0,16,33,33,33,21,31,91,19,0,0,0,0,43,221,253,234,0,0,0,0,198,253,253,253,218,114,5,0,0,0,0,0,169,253,253,153,0,0,0,0,238,253,253,253,253,253,168,114,20,20,47,150,219,251,153,43,0,0,0,0,51,167,240,252,253,253,253,253,253,253,253,253,253,220,0,0,0,0,0,0,0,0,0,105,230,249,253,253,253,253,253,253,229,102,0,0,0,0,0,0,0,0,0,0,0,42,163,253,253,253,253,162,41,0,0,0,0,0,0,5
0,0,0,0,0,0,0,41,172,253,254,253,253,253,253,227,122,0,0,0,0,0,0,0,0,0,0,155,253,253,254,253,214,154,219,253,252,126,0,0,0,0,0,0,0,0,0,145,253,244,218,44,7,0,7,192,253,213,6,0,0,0,0,0,0,0,0,16,88,50,0,0,0,0,0,89,253,253,66,0,0,0,0,0,0,0,0,0,0,0,0,0,0,0,0,175,253,253,66,0,0,0,0,0,0,0,0,0,0,0,0,0,0,0,27,225,253,251,63,0,0,0,0,0,0,0,0,0,0,0,0,0,0,4,138,253,253,209,0,0,0,0,0,0,0,0,0,0,0,0,0,0,0,138,253,253,253,175,0,0,0,0,0,0,0,0,0,0,0,0,0,0,88,252,253,253,195,13,0,0,0,0,0,0,0,0,0,0,0,0,5,111,236,254,254,254,70,0,0,0,0,0,0,0,15,67,168,177,177,177,188,253,253,253,253,115,7,0,0,0,0,0,0,9,133,253,253,253,253,253,254,253,253,245,129,10,0,0,0,0,0,0,0,186,253,253,253,253,253,253,255,253,253,173,0,0,0,0,0,0,0,0,137,250,253,253,253,253,253,253,254,253,253,145,0,0,0,0,0,0,0,24,225,253,253,253,253,253,253,253,204,227,253,239,31,0,0,0,0,0,0,67,253,253,253,253,253,253,250,145,10,122,252,253,140,0,0,0,0,0,0,26,227,253,253,253,251,190,69,0,0,0,191,253,232,34,0,0,0,0,0,0,210,253,253,226,72,0,0,0,0,0,100,253,253,163,41,0,0,0,0,0,71,143,119,21,0,0,0,0,0,0,13,100,253,166,26,0,0,0,0,0,0,0,0,0,0,0,0,0,0,0,0,0,0,0,0,0,0,0,2
0,0,0,0,0,0,0,0,0,0,0,0,0,0,0,0,0,0,0,0,0,0,0,0,0,0,0,0,0,0,0,0,0,0,0,0,0,0,0,0,0,0,0,0,0,0,0,0,0,0,0,0,0,0,0,0,0,0,0,0,0,0,0,0,0,0,0,0,0,0,0,0,0,0,0,0,0,67,79,168,0,0,0,0,0,0,0,0,0,0,0,0,0,0,37,136,235,250,253,253,0,0,0,0,0,0,0,0,0,0,0,0,53,195,226,253,254,253,185,103,0,0,0,0,0,0,0,0,0,182,156,255,254,254,222,157,76,0,0,0,0,0,0,0,0,0,0,17,185,250,253,254,200,52,18,0,0,0,0,0,0,0,0,0,0,0,41,211,253,253,253,254,253,199,6,0,0,0,0,0,0,0,0,0,7,77,201,253,253,216,138,95,164,253,72,0,0,0,0,0,0,0,0,0,115,253,254,200,58,5,0,0,192,253,41,0,0,0,0,0,0,0,0,0,53,135,76,0,0,0,0,59,239,205,8,0,0,0,0,0,0,0,0,0,0,0,0,0,0,0,0,239,253,92,0,0,0,0,0,0,0,41,162,0,0,0,0,0,0,13,153,254,209,24,0,0,0,0,0,0,0,164,165,0,0,0,0,0,43,154,253,222,63,0,0,0,0,0,0,0,0,178,196,30,0,0,0,8,183,253,253,120,0,0,0,0,0,0,0,0,0,134,254,254,201,156,179,254,254,207,60,0,0,0,0,0,0,0,0,0,0,9,122,203,244,253,254,243,135,18,0,0,0,0,0,0,0,0,0,0,0,0,0,0,42,78,78,42,0,0,0,0,0,0,0,0,0,0,0,0,0,0,0,0,0,0,0,0,0,0,0,0,0,0,0,0,0,0,0,0,5
0,0,0,0,0,0,0,0,0,0,0,0,0,0,0,0,0,0,0,0,0,0,0,0,0,0,0,0,0,0,0,0,0,0,0,0,0,0,0,0,0,0,0,0,0,0,0,11,57,178,255,254,245,155,34,0,0,0,0,0,11,2,0,0,4,26,111,217,253,254,253,253,254,253,216,28,0,0,0,0,163,12,0,46,194,253,253,253,253,213,188,188,220,253,254,90,0,0,0,0,0,0,0,130,254,253,254,175,93,13,0,0,39,253,254,206,5,0,0,0,0,0,0,198,253,253,196,3,0,0,0,0,18,232,254,254,9,0,0,0,0,0,0,229,253,233,29,0,0,0,0,0,0,102,254,122,1,0,0,0,0,0,0,229,253,213,0,0,0,0,0,0,19,233,254,202,41,0,0,0,0,0,0,135,253,236,49,0,0,0,19,68,151,253,254,253,109,0,0,0,0,0,0,130,254,253,231,97,95,96,206,253,254,253,254,254,72,0,0,0,0,0,0,3,111,251,253,253,253,253,253,253,254,253,254,107,1,0,0,0,0,0,0,0,0,118,249,249,251,249,253,253,254,253,237,38,0,0,0,0,0,0,0,0,0,0,0,19,56,0,215,253,254,253,57,0,0,0,0,0,0,0,0,0,0,0,0,0,0,28,232,253,254,217,11,0,0,0,0,0,0,0,0,0,0,0,0,0,0,127,253,253,253,108,0,0,0,0,0,0,0,0,0,0,0,0,0,0,3,206,254,253,241,38,0,0,0,0,0,0,0,0,0,0,0,0,0,0,5,253,253,253,158,0,0,0,0,0,0,0,0,0,0,0,0,0,0,0,19,254,254,253,129,0,0,0,0,0,0,0,0,0,0,0,0,0,0,0,105,254,253,253,129,0,0,0,0,0,0,0,9
0,0,0,0,0,0,0,0,0,0,4,139,254,254,254,161,0,0,0,0,0,0,0,0,0,0,0,0,0,5,137,254,254,200,221,161,0,0,0,0,0,0,0,0,0,0,0,0,0,69,254,254,210,21,37,67,0,0,0,0,0,0,0,0,0,0,0,0,7,190,254,246,97,0,0,0,0,0,0,0,0,0,0,0,0,0,0,0,129,254,254,107,0,0,0,0,0,0,0,0,0,0,0,0,0,0,0,29,227,254,213,21,0,0,0,0,0,0,0,0,0,0,0,0,0,0,8,146,254,243,94,0,0,0,0,0,0,0,0,0,0,0,0,0,0,0,38,254,254,198,0,0,0,0,0,0,0,0,0,0,0,0,0,0,0,0,69,254,254,107,46,63,45,0,0,0,0,0,0,0,0,0,0,0,0,24,232,254,254,211,238,254,236,193,66,0,0,0,0,0,0,0,0,0,0,69,254,254,254,254,254,254,254,254,236,66,0,0,0,0,0,0,0,0,0,156,254,254,199,85,49,49,86,199,254,191,10,0,0,0,0,0,0,0,0,156,254,254,80,0,0,0,0,14,219,254,73,0,0,0,0,0,0,0,0,156,254,254,80,0,0,0,0,0,212,254,154,0,0,0,0,0,0,0,0,156,254,254,80,0,0,0,0,32,229,254,106,0,0,0,0,0,0,0,0,43,255,255,152,31,0,0,32,214,254,215,18,0,0,0,0,0,0,0,0,3,114,254,254,214,113,146,242,254,254,161,0,0,0,0,0,0,0,0,0,0,21,214,254,254,254,254,254,254,114,8,0,0,0,0,0,0,0,0,0,0,0,25,154,255,255,255,156,91,1,0,0,0,0,0,0,0,0,0,0,0,0,0,0,0,0,0,0,0,0,0,0,0,0,0,6
0,0,0,0,0,0,0,0,0,0,0,0,0,0,0,0,0,0,0,0,0,0,0,0,0,0,0,0,0,0,0,86,197,198,28,0,0,0,0,0,0,0,0,0,0,0,0,0,0,0,0,253,251,253,83,0,0,0,0,0,0,0,0,0,0,0,0,0,0,0,0,255,253,255,84,0,0,0,0,0,0,0,0,0,0,0,0,0,0,0,0,253,251,196,28,0,0,0,0,0,0,0,0,0,0,0,0,0,0,0,57,255,253,170,0,0,0,0,0,0,0,0,0,0,0,0,0,0,0,0,168,253,251,168,0,0,0,0,0,0,0,0,0,0,0,0,0,0,0,29,197,255,253,0,0,0,0,0,0,0,0,0,0,0,0,0,0,0,0,85,251,253,251,0,0,0,0,0,0,0,0,0,0,0,0,0,0,0,0,141,253,254,196,0,0,0,0,0,0,0,0,0,0,0,0,0,0,0,0,253,251,253,83,0,0,0,0,0,0,0,0,0,0,0,0,0,0,0,169,254,253,254,84,0,0,0,0,0,0,0,0,0,0,0,0,0,0,0,168,253,251,196,28,0,0,0,0,0,0,0,0,0,0,0,0,0,0,29,197,254,253,114,0,0,0,0,0,0,0,0,0,0,0,0,0,0,0,85,251,253,251,0,0,0,0,0,0,0,0,0,0,0,0,0,0,0,0,57,225,254,253,0,0,0,0,0,0,0,0,0,0,0,0,0,0,0,0,57,224,253,251,0,0,0,0,0,0,0,0,0,0,0,0,0,0,0,0,85,253,254,84,0,0,0,0,0,0,0,0,0,0,0,0,0,0,0,0,197,251,253,83,0,0,0,0,0,0,0,0,0,0,0,0,0,0,0,0,170,225,254,139,0,0,0,0,0,0,0,0,0,1
0,0,0,0,0,0,0,0,0,0,0,0,0,0,0,0,0,0,0,0,0,0,0,0,0,0,0,0,0,0,0,0,0,0,0,0,0,0,0,0,0,0,0,0,0,0,0,0,0,0,0,0,0,0,0,0,0,0,0,0,0,0,0,0,0,0,0,0,0,29,130,193,192,156,253,209,131,43,39,0,0,0,0,0,0,0,0,100,190,232,252,253,252,252,252,252,253,252,238,28,0,0,0,0,0,9,189,247,242,196,143,65,21,21,47,38,65,99,252,84,0,0,0,0,43,186,253,205,129,0,0,0,0,0,0,0,0,28,198,28,0,0,0,18,239,208,129,11,0,0,0,0,0,0,0,0,0,0,18,0,0,0,0,189,243,35,0,0,0,0,0,0,15,22,0,0,0,0,0,0,0,0,64,247,153,0,0,0,0,0,0,15,185,205,0,0,0,0,0,0,0,0,94,242,42,0,0,0,0,0,0,148,252,231,0,0,0,0,0,0,0,0,146,245,142,11,0,0,6,37,64,253,252,240,35,0,0,0,0,0,0,0,146,252,252,218,212,211,215,235,252,253,252,187,0,0,0,0,0,0,0,0,36,158,239,253,254,253,253,253,86,131,253,144,0,0,0,0,0,0,0,0,0,0,42,63,168,168,116,63,11,87,252,187,0,0,0,0,0,0,0,0,0,0,0,0,0,0,0,0,0,139,252,126,0,0,0,0,0,0,0,0,0,0,0,0,0,0,0,0,0,148,252,21,0,0,0,0,0,0,0,0,0,0,0,0,0,0,0,0,0,104,252,65,0,0,0,0,0,0,0,0,0,0,0,0,0,0,0,0,0,255,204,9,0,0,0,0,0,0,0,0,0,0,0,0,0,0,0,0,0,253,203,9,0,0,0,0,0,0,9
0,0,0,0,0,0,0,0,0,0,128,255,255,255,191,255,64,0,0,0,0,0,0,0,0,0,0,128,128,255,255,255,255,255,255,255,191,0,0,0,0,0,0,0,0,64,255,255,255,255,128,64,0,0,0,128,0,0,0,0,0,0,0,0,128,255,255,128,0,0,0,0,0,0,0,0,0,0,0,0,0,0,0,128,255,191,0,0,0,0,0,0,0,0,0,0,0,0,0,0,0,0,191,255,191,0,0,0,0,0,0,0,0,0,0,0,0,0,0,0,0,0,255,255,255,128,64,0,0,0,0,0,0,0,0,0,0,0,0,0,0,0,128,191,255,255,255,128,64,0,0,0,0,0,0,0,0,0,0,0,0,0,0,0,0,128,255,255,255,255,128,64,0,0,0,0,0,0,0,0,0,0,0,0,0,0,0,191,255,255,255,255,255,128,64,0,0,0,0,0,0,0,0,0,0,0,0,0,0,128,128,255,255,255,255,255,128,0,0,0,0,0,0,0,0,0,0,0,0,0,0,0,0,128,191,255,255,191,0,0,0,0,0,64,0,0,0,0,0,0,0,0,0,0,0,64,255,255,0,0,0,0,128,255,0,0,0,0,0,0,0,0,0,0,0,0,255,255,0,0,0,0,128,255,64,0,0,0,0,0,0,0,0,0,0,128,255,191,0,0,0,0,0,191,255,64,0,0,0,0,0,0,0,0,64,255,255,128,0,0,0,0,0,64,255,255,255,64,0,0,0,0,0,64,191,255,191,0,0,0,0,0,0,0,128,255,255,255,191,128,64,64,128,255,255,191,0,0,0,0,0,0,0,0,0,64,191,255,255,255,255,255,255,255,191,0,0,0,0,0,0,0,0,0,0,0,0,0,64,128,255,191,128,64,0,0,0,0,0,0,5
0,0,0,0,162,254,203,246,254,254,178,127,28,0,0,0,0,0,0,0,0,0,0,0,13,36,3,44,127,191,241,254,223,73,0,0,0,0,0,0,0,0,0,0,0,0,0,0,0,0,35,190,251,230,96,0,0,0,0,0,0,0,0,0,0,0,0,0,0,0,0,0,153,254,195,0,0,0,0,0,0,0,0,0,0,0,0,0,0,0,0,0,0,142,254,118,0,0,0,0,0,0,0,0,0,0,0,0,0,0,0,0,0,90,254,182,0,0,0,0,0,0,0,0,0,0,0,0,0,0,0,0,0,19,254,218,9,0,0,0,0,0,0,0,0,0,0,0,0,0,0,0,0,4,197,254,18,0,0,0,0,0,0,0,0,0,0,0,0,0,0,0,0,0,182,254,18,0,0,0,0,0,0,0,0,0,0,0,0,0,0,0,0,45,254,235,13,0,0,0,0,0,0,0,0,0,0,0,0,0,0,0,0,128,254,162,0,0,0,0,0,0,0,0,0,37,37,37,37,37,0,0,78,246,241,13,0,0,0,0,0,0,0,8,141,255,254,254,254,254,201,148,181,254,124,0,0,0,0,0,0,0,0,117,254,196,143,150,234,254,254,254,254,254,105,0,0,0,0,0,0,0,37,254,228,0,0,0,0,0,48,242,254,254,254,229,97,0,0,0,0,0,37,254,163,0,0,0,0,40,216,254,161,147,219,254,250,34,0,0,0,0,37,254,241,27,8,37,180,244,244,114,5,0,13,95,211,31,0,0,0,0,8,166,254,239,211,254,254,241,72,0,0,0,0,0,0,0,0,0,0,0,0,12,163,163,247,241,124,21,0,0,0,0,0,0,0,0,0,0,0,0,0,0,0,0,0,0,0,0,0,0,0,0,0,0,0,0,0,0,2
0,0,0,0,0,0,0,0,0,0,0,0,0,0,0,0,0,0,0,0,0,0,0,0,0,0,0,0,0,0,0,0,0,0,0,0,0,0,0,0,0,0,5,56,56,89,170,254,195,154,155,149,56,28,0,0,0,0,0,0,0,98,213,253,253,253,253,253,253,253,253,253,253,222,79,1,0,0,0,0,0,139,253,253,195,188,188,188,169,169,188,192,253,253,253,110,0,0,0,0,0,9,35,34,4,0,0,0,0,0,0,3,103,253,253,246,51,0,0,0,0,0,0,0,0,0,0,0,0,0,0,109,227,253,253,189,0,0,0,0,0,0,0,0,0,0,0,0,6,111,192,250,253,251,153,19,0,0,0,0,0,0,0,0,0,0,14,85,197,253,253,253,230,74,0,0,0,0,0,0,0,0,0,12,130,212,242,253,253,253,253,253,195,5,0,0,0,0,0,0,0,0,0,151,253,253,253,253,253,253,253,253,253,191,28,0,0,0,0,0,0,0,0,33,194,170,104,67,4,6,104,149,237,253,251,19,0,0,0,0,0,0,0,0,0,0,0,0,0,0,0,0,61,240,253,141,0,0,0,0,0,0,0,0,0,0,0,0,0,0,0,0,0,63,253,241,41,0,0,0,0,0,0,0,0,0,0,0,0,0,0,0,0,26,253,253,70,0,0,0,0,0,0,0,0,0,0,0,0,0,0,0,0,26,253,253,163,0,0,0,0,0,0,0,0,0,0,0,0,0,0,0,0,35,253,254,154,0,0,0,0,0,0,0,0,0,0,0,0,0,0,0,23,204,253,253,64,0,0,0,0,0,0,0,0,0,0,0,0,0,9,87,240,254,253,154,5,0,0,0,0,0,0,0,0,100,121,0,0,73,168,253,253,245,132,5,0,0,0,0,3
0,0,0,0,0,0,0,0,0,13,191,255,90,0,0,0,0,0,0,0,0,0,0,0,0,0,0,0,19,181,252,253,121,0,0,0,0,0,0,0,0,0,0,0,0,0,0,0,88,252,252,253,78,57,57,25,0,0,0,0,0,0,0,0,0,0,0,10,203,252,252,253,252,252,252,205,108,3,0,0,0,0,0,0,0,0,0,85,252,252,252,253,252,252,252,252,253,152,31,0,0,0,0,0,0,0,0,226,253,253,253,255,253,253,253,253,255,253,196,0,0,0,0,0,0,0,147,249,252,252,252,253,223,58,130,252,253,252,214,28,0,0,0,0,0,32,253,252,252,245,195,133,37,0,7,55,143,252,252,84,0,0,0,0,4,153,253,252,245,121,0,0,0,0,0,0,113,252,252,84,0,0,0,0,29,252,253,252,195,0,0,0,0,0,0,0,191,252,252,84,0,0,0,0,92,253,255,253,133,0,0,0,0,0,0,63,255,253,196,0,0,0,0,19,196,252,253,176,6,0,0,0,0,0,10,178,253,252,148,0,0,0,0,57,252,252,253,58,0,0,0,0,0,13,156,252,253,233,43,0,0,0,0,150,252,252,240,24,0,0,0,0,10,79,252,252,240,71,0,0,0,0,0,197,252,252,140,0,0,0,0,63,178,252,252,252,140,0,0,0,0,0,86,253,253,253,79,0,0,92,253,255,253,253,253,112,0,0,0,0,0,0,163,252,252,252,163,85,194,243,252,253,252,233,151,12,0,0,0,0,0,0,85,252,252,252,253,252,252,252,252,253,201,74,0,0,0,0,0,0,0,0,28,199,252,252,253,252,252,249,145,84,9,0,0,0,0,0,0,0,0,0,0,57,252,252,253,252,141,99,0,0,0,0,0,0,0,0,0,0,0
0,0,0,0,0,0,0,0,0,0,0,0,0,57,226,226,141,170,141,0,0,0,0,0,0,0,0,0,0,0,0,0,57,255,255,255,255,255,255,86,0,0,0,0,0,0,0,0,0,0,0,86,255,255,226,114,86,226,255,86,0,0,0,0,0,0,0,0,0,29,141,255,255,170,57,0,0,226,255,86,0,0,0,0,0,0,0,0,0,114,255,255,198,0,0,0,57,255,226,0,0,0,0,0,0,0,0,0,0,170,255,114,0,0,0,0,170,255,170,0,0,0,0,0,0,0,0,0,0,0,0,0,0,0,0,57,255,255,29,0,0,0,0,0,0,0,0,0,0,0,0,0,0,0,29,141,255,198,0,0,0,0,0,0,0,0,0,0,0,0,0,0,0,0,86,255,255,86,0,0,0,0,0,0,0,0,0,0,0,0,0,0,0,29,255,255,170,0,0,0,0,0,0,0,0,0,0,0,0,0,0,0,57,226,255,198,0,0,0,0,0,0,0,0,0,114,198,255,226,57,0,29,226,255,226,29,0,0,0,0,0,0,0,86,198,255,255,255,255,255,198,226,255,226,29,0,0,0,0,0,0,0,170,255,255,170,86,57,141,255,255,255,226,29,0,0,0,0,0,0,29,226,255,226,29,0,0,0,170,255,255,255,141,0,0,0,0,0,0,0,170,255,198,29,0,0,0,198,255,255,255,255,198,0,0,0,0,0,0,0,198,255,114,0,0,57,170,255,255,141,0,198,255,86,0,0,0,0,0,0,170,255,141,86,114,226,255,226,86,0,0,0,57,0,0,0,0,0,0,0,141,255,255,255,255,255,198,29,0,0,0,0,0,0,0,0,0,0,0,0,0,86,255,226,170,114,0,0,0,0,0,0,0,0,0,0,0,0,0,0,2
234,233,252,237,246,207,234,227,220,247,238,206,224,250,227,200,221,229,220,205,238,211,235,252,203,205,204,234,201,236,240,254,223,209,228,248,200,220,226,218,249,234,233,213,223,205,235,220,241,213,245,212,236,248,206,223,243,223,218,217,226,215,214,209,241,232,205,236,200,237,247,212,248,238,243,232,233,218,204,231,225,205,238,206,207,250,215,218,220,252,218,237,236,227,226,244,225,206,220,235,225,207,223,247,250,207,228,210,217,210,200,201,229,201,236,237,247,241,241,215,224,234,213,203,222,221,223,212,251,244,242,205,240,202,216,204,221,206,203,249,254,225,217,226,227,203,211,216,202,204,222,215,252,210,240,251,219,237,238,239,215,235,242,228,226,213,231,241,245,200,228,232,229,208,240,222,207,247,237,238,244,204,216,240,209,250,230,209,213,205,240,231,233,205,207,223,251,203,234,214,239,226,250,203,252,237,229,234,227,247,236,226,200,239,225,206,244,208,217,236,239,234,223,253,226,234,216,218,230,231,207,206,220,203,215,207,246,253,232,246,231,250,234,242,200,203,216,208,231,235,238,210,207,210,211,250,231,230,223,249,217,200,210,220,230,200,205,230,242,227,225,200,254,240,231,209,209,215,243,245,207,252,227,242,216,242,236,221,245,202,231,222,240,213,213,254,251,230,236,251,226,217,243,241,209,209,209,214,206,219,204,208,248,235,206,201,200,246,204,209,224,221,237,234,244,214,201,224,215,217,253,218,247,247,227,206,214,204,247,240,252,237,247,220,206,212,216,228,230,219,251,200,227,236,243,250,232,218,252,212,253,226,230,244,223,201,206,254,209,232,202,253,248,249,254,214,252,211,235,211,248,224,237,218,214,210,247,203,252,234,203,222,227,221,251,248,204,230,245,208,2
0,0,0,0,0,0,0,0,0,0,0,0,0,0,0,0,0,0,0,0,0,0,0,0,0,0,0,0,0,0,0,0,0,0,0,0,0,0,0,0,0,0,0,0,0,21,73,228,253,253,202,31,0,0,0,0,0,0,0,0,0,0,0,0,0,176,251,251,251,251,253,189,20,0,0,0,0,0,0,0,0,0,0,0,27,253,251,251,251,251,253,251,195,21,0,0,0,0,0,0,0,0,0,47,211,253,251,251,204,220,253,251,251,189,109,0,0,0,0,0,0,0,0,109,251,253,251,225,41,51,253,251,251,251,251,130,0,0,0,0,0,0,37,253,253,255,253,35,0,0,73,253,253,253,253,182,0,0,0,0,0,0,37,251,251,253,251,35,0,0,176,251,251,251,251,180,0,0,0,0,0,0,37,251,251,253,251,35,0,156,253,251,251,251,251,180,0,0,0,0,0,0,37,251,251,253,251,35,0,180,253,251,251,251,251,180,0,0,0,0,0,0,37,251,251,253,251,190,180,231,253,251,251,251,251,180,0,0,0,0,0,0,37,253,253,255,253,253,253,253,255,211,243,253,253,182,0,0,0,0,0,0,16,169,251,253,251,251,251,251,211,46,217,251,251,222,62,0,0,0,0,0,0,15,164,227,251,246,215,86,25,0,217,251,251,201,30,0,0,0,0,0,0,0,0,42,142,123,0,0,0,0,217,251,251,253,107,0,0,0,0,0,0,0,0,0,0,0,0,0,0,0,217,251,251,253,107,0,0,0,0,0,0,0,0,0,0,0,0,0,0,0,218,253,253,255,149,10,0,0,0,0,0,0,0,0,0,0,0,0,0,0,113,251,251,253,251,35,0,0,0,0,0,0,0,0,0,0,0,0,0,0,37,251,251,253,251,35,0,0,9
0,0,0,0,0,0,0,0,0,0,0,0,0,0,0,0,0,0,0,0,0,0,0,0,0,0,0,0,0,0,0,0,0,0,0,0,0,0,0,0,0,0,0,76,192,60,0,0,0,0,0,0,0,32,229,253,63,0,0,0,0,0,0,225,253,234,38,0,0,0,0,0,0,57,252,252,113,0,0,0,0,0,0,225,253,252,56,0,0,0,0,0,0,95,252,252,113,0,0,0,0,0,0,225,253,202,6,0,0,0,0,0,0,169,252,252,63,0,0,0,0,0,0,226,255,197,0,0,0,0,0,0,16,216,253,140,0,0,0,0,0,0,0,225,253,196,0,0,0,0,0,0,10,196,252,90,0,0,0,0,0,0,0,225,253,196,0,0,0,0,0,0,23,234,252,52,0,0,0,0,0,0,0,225,253,145,0,0,0,0,0,0,79,252,252,28,0,0,0,0,0,0,0,226,251,75,0,0,0,0,0,0,141,253,253,91,13,0,0,0,0,0,0,225,244,144,57,57,51,38,57,7,166,252,252,215,113,0,0,0,0,0,0,225,253,252,252,252,247,234,252,203,253,252,252,252,113,0,0,0,0,0,0,75,253,252,252,252,253,252,252,252,253,252,252,102,13,0,0,0,0,0,0,0,63,113,113,113,114,113,113,113,141,253,253,28,0,0,0,0,0,0,0,0,0,0,0,0,0,0,0,0,141,252,252,28,0,0,0,0,0,0,0,0,0,0,0,0,0,0,0,0,141,252,252,28,0,0,0,0,0,0,0,0,0,0,0,0,0,0,0,0,141,252,252,28,0,0,0,0,0,0,0,0,0,0,0,0,0,0,0,0,141,253,168,0,0,0,0,0,0,0,0,0,0,0,0,0,0,0,0,0,141,252,142,0,0,0,0,0,4
0,0,0,0,0,0,0,0,0,0,0,0,0,0,0,0,0,0,0,0,0,0,0,0,0,0,0,0,0,75,255,138,0,0,0,0,0,0,0,0,0,0,0,0,0,0,0,0,0,137,254,196,5,2,17,57,99,99,99,7,0,0,0,0,0,0,0,0,57,250,254,254,207,195,254,254,254,254,254,16,0,0,0,0,0,0,0,8,188,254,153,168,231,221,221,154,97,147,152,4,0,0,0,0,0,0,0,98,254,218,20,0,16,0,0,0,0,0,0,0,0,0,0,0,0,0,26,225,254,122,0,0,0,0,0,0,0,0,0,0,0,0,0,0,0,10,175,254,178,2,0,0,0,0,0,0,0,0,0,0,0,0,0,0,0,63,254,239,53,0,0,0,0,0,0,0,0,0,0,0,0,0,0,0,0,173,254,213,122,206,211,183,93,0,0,0,0,0,0,0,0,0,0,0,0,100,254,254,254,254,254,254,253,142,0,0,0,0,0,0,0,0,0,0,0,14,83,101,117,59,0,30,205,239,21,0,0,0,0,0,0,0,0,0,0,0,0,0,0,0,0,0,149,254,116,0,0,0,0,0,0,0,0,0,0,0,0,0,0,0,0,0,99,254,139,0,0,0,0,0,0,0,0,0,0,0,0,0,0,0,0,0,99,254,139,0,0,0,0,0,0,0,0,0,0,0,0,0,0,0,0,18,200,254,73,0,0,0,0,0,0,0,0,0,0,0,0,0,0,0,0,107,254,217,10,0,0,0,0,0,0,0,0,0,0,0,0,0,0,17,137,244,231,88,0,0,0,0,0,0,0,0,0,49,15,0,0,15,88,232,254,228,65,0,0,0,0,0,0,0,0,0,16,250,231,222,238,242,254,232,153,11,0,0,0,0,0,0,0,0,5
0,0,0,0,0,0,0,0,8,173,247,143,9,0,64,95,0,0,0,0,0,0,0,0,0,0,0,11,171,247,98,0,0,0,0,0,0,0,0,0,0,0,0,0,0,0,0,175,252,143,0,0,0,0,0,0,0,0,0,0,0,0,0,0,0,0,18,254,239,17,0,0,0,0,0,0,0,0,0,0,0,0,0,0,0,0,141,253,89,0,0,0,0,0,0,0,0,0,0,0,0,0,0,0,0,59,249,161,5,0,0,0,0,0,0,0,0,0,0,0,0,0,0,0,0,64,252,35,0,0,0,0,0,0,0,0,0,0,0,0,0,0,0,0,0,108,252,0,0,0,0,0,0,0,0,0,0,0,0,0,0,0,0,0,4,183,253,0,0,0,0,0,0,0,0,0,0,0,0,0,0,0,0,0,22,252,217,0,0,0,0,0,0,0,0,0,0,0,0,0,0,0,0,0,119,252,147,0,8,22,22,22,22,22,22,22,4,0,0,0,0,0,0,0,101,252,147,11,171,252,252,252,253,252,252,252,182,170,69,0,0,0,0,0,22,252,191,130,252,155,147,147,147,68,138,173,252,253,239,106,0,0,0,0,9,204,253,247,97,0,0,0,0,0,0,0,0,18,217,127,0,0,0,0,0,90,252,211,0,0,0,0,0,0,0,0,0,103,237,126,0,0,0,0,0,152,252,250,153,28,0,0,0,0,11,48,215,250,117,11,0,0,0,0,0,21,84,227,252,245,169,169,170,169,211,252,199,70,0,0,0,0,0,0,0,0,0,25,77,155,252,252,253,252,199,77,7,0,0,0,0,0,0,0,0,0,0,0,0,0,0,0,0,0,0,0,0,0,0,0,0,0,0,0,0,0,0,0,0,0,0,0,0,0,0,0,0,0,0,0,6
0,0,0,0,0,0,0,0,191,255,255,255,191,0,0,0,0,0,0,0,0,0,0,0,0,0,0,191,255,255,255,255,255,128,0,0,0,0,0,0,0,0,0,0,0,0,128,255,255,255,255,255,255,128,0,0,0,0,0,0,0,0,0,0,0,0,128,255,255,64,128,255,255,255,0,0,0,0,0,0,0,0,0,0,0,0,0,128,128,0,128,255,255,255,0,0,0,0,0,0,0,0,0,0,0,0,0,0,0,0,128,255,255,255,64,0,0,0,0,0,0,0,0,0,0,0,0,0,0,0,64,255,191,255,0,0,0,0,0,0,0,0,0,0,0,0,0,0,0,0,0,0,255,255,0,0,0,0,0,0,0,0,0,0,0,0,0,0,0,0,0,0,255,255,0,0,0,0,0,0,0,0,0,0,0,0,0,0,0,0,0,0,255,128,0,0,0,0,0,0,0,0,0,0,0,0,0,0,0,0,0,0,255,128,0,0,0,0,0,0,0,0,0,0,0,0,0,0,0,0,0,128,255,64,0,0,0,0,0,0,0,128,255,255,255,128,0,0,0,0,64,255,191,0,0,0,0,0,0,0,0,128,255,255,255,255,255,191,0,0,191,255,64,0,0,0,0,0,0,0,0,191,255,0,0,128,255,255,255,128,255,255,0,0,0,0,0,0,0,128,0,191,255,0,0,0,64,191,255,255,255,255,0,64,64,64,64,191,191,255,0,128,255,128,0,0,0,128,255,255,255,255,255,255,255,255,255,255,255,64,0,0,191,255,255,255,128,255,255,191,128,128,128,191,255,255,128,0,0,0,0,0,0,128,255,255,255,191,128,0,0,0,0,0,0,0,0,0,0,0,0,0,0,0,0,0,0,0,0,0,0,0,0,0,0,0,0,0,0,0,2
0,0,0,0,0,0,0,0,0,0,0,0,0,0,0,0,0,0,0,0,0,0,0,0,0,0,0,0,0,0,0,0,0,11,150,253,255,108,0,0,0,0,0,0,0,0,0,0,0,0,0,0,0,37,251,251,253,189,20,0,0,0,0,0,0,0,0,0,0,0,0,11,140,221,251,251,164,35,5,0,0,0,0,0,0,0,0,0,0,0,0,42,205,251,251,251,79,0,0,0,0,0,0,0,0,0,0,0,0,0,0,53,221,251,251,122,51,0,0,0,0,0,0,0,0,0,0,0,0,0,0,125,253,253,221,180,0,0,0,0,0,0,0,0,0,0,0,0,0,0,105,253,251,251,142,0,0,0,0,0,0,0,0,0,0,0,0,0,0,16,190,253,251,246,123,0,0,0,0,0,0,0,0,0,0,0,0,0,0,109,251,253,251,137,0,0,0,0,0,0,0,0,0,0,0,0,0,0,27,211,251,253,251,35,0,0,0,0,0,0,0,0,0,0,0,0,0,0,218,253,253,255,108,0,0,0,0,0,0,0,0,0,0,0,0,0,0,84,236,251,251,211,46,0,0,0,0,0,0,0,0,0,0,0,0,0,37,160,251,251,225,154,0,0,0,0,0,0,0,0,0,0,0,0,0,79,253,251,251,204,41,0,0,0,0,0,0,0,0,0,0,0,0,0,0,51,253,251,251,220,51,0,0,0,0,0,0,0,0,0,0,0,0,0,32,202,255,253,216,0,0,0,0,0,0,0,0,0,0,0,0,0,0,0,47,210,253,251,215,0,0,0,0,0,0,0,0,0,0,0,0,0,0,32,217,241,253,147,35,0,0,0,0,0,0,0,0,0,0,0,0,0,0,115,251,251,221,142,20,0,0,0,0,0,0,79,0,0,0,0,1
0,0,0,0,0,0,0,0,0,0,0,52,240,253,253,250,63,0,0,0,0,0,0,0,0,0,0,0,0,0,0,170,253,218,47,26,7,0,0,0,0,0,0,0,0,0,0,0,0,5,151,254,253,47,0,0,0,0,0,0,0,0,0,0,0,0,0,0,0,10,222,254,196,13,0,0,0,0,0,0,0,0,0,0,0,0,0,0,0,39,222,254,145,7,0,0,0,0,0,0,0,0,0,0,0,0,0,0,19,220,253,235,11,0,0,0,0,0,0,0,0,0,0,0,0,0,0,0,42,253,253,49,0,0,0,0,0,0,0,0,0,0,0,0,0,0,0,24,214,253,175,0,0,0,0,0,0,0,0,0,0,0,0,0,0,0,0,112,253,246,57,0,0,0,0,0,0,0,0,0,0,0,0,0,0,0,26,213,254,107,0,0,0,0,0,0,0,0,0,0,0,0,0,0,0,0,111,253,239,113,108,108,108,11,0,0,0,0,0,0,0,0,0,0,0,61,247,253,253,253,253,254,253,230,185,20,0,0,0,0,0,0,0,0,0,68,253,240,88,118,173,174,173,202,253,53,0,0,0,0,0,0,0,0,0,68,253,177,0,0,0,0,0,94,253,53,0,0,0,0,0,0,0,0,0,96,253,108,0,0,0,0,0,123,253,53,0,0,0,0,0,0,0,0,0,180,253,213,0,0,0,20,168,245,240,45,0,0,0,0,0,0,0,0,0,68,253,238,161,83,98,206,253,194,64,0,0,0,0,0,0,0,0,0,0,68,253,253,253,253,253,255,184,67,0,0,0,0,0,0,0,0,0,0,0,32,218,253,253,253,253,121,6,0,0,0,0,0,0,0,0,0,0,0,0,0,0,0,0,0,0,0,0,0,0,0,0,0,0,0,6
0,0,0,0,0,0,0,0,0,64,255,255,255,255,255,64,0,0,0,0,0,0,0,0,0,0,0,64,255,255,255,255,255,255,255,128,0,0,0,0,0,0,0,0,0,0,64,255,255,255,128,128,128,255,255,255,0,0,0,0,0,0,0,0,0,128,255,255,255,64,0,0,0,128,255,255,0,0,0,0,0,0,0,0,0,255,255,255,64,0,0,0,0,128,255,255,0,0,0,0,0,0,0,0,0,191,255,191,0,0,0,0,0,191,255,255,0,0,0,0,0,0,0,0,0,0,128,0,0,0,0,0,0,255,255,128,0,0,0,0,0,0,0,0,0,0,0,0,0,0,0,0,64,255,255,128,0,0,0,0,0,0,0,0,0,0,0,0,0,0,64,64,128,255,255,128,0,0,0,0,0,0,0,0,0,0,0,128,255,255,255,255,255,255,255,64,0,0,0,0,0,0,0,0,0,128,255,255,255,255,255,255,255,255,191,0,0,0,0,0,0,0,0,0,64,255,255,191,128,0,0,255,255,255,64,0,0,0,0,0,0,0,0,128,255,255,64,0,0,0,191,255,255,255,0,0,0,0,0,0,0,0,64,255,255,64,0,0,0,191,255,255,255,255,255,64,0,0,0,0,0,0,255,255,191,0,0,0,191,255,255,255,191,255,255,128,0,0,0,0,0,0,255,255,0,0,64,191,255,255,255,0,0,191,255,255,255,128,128,0,0,0,255,255,191,255,255,255,255,191,64,0,0,0,255,255,255,255,255,128,0,0,255,255,255,255,255,255,191,0,0,0,0,0,0,191,255,255,255,0,0,0,64,191,255,255,255,64,0,0,0,0,0,0,0,0,64,128,0,0,0,0,0,0,0,0,0,0,0,0,0,0,0,0,0,0,0,0,0,0,2
254,213,227,209,247,217,240,217,218,231,209,217,218,216,225,244,240,244,204,224,216,207,239,244,213,221,247,243,236,210,248,251,244,208,247,228,221,233,209,249,222,209,203,247,203,216,235,224,249,253,236,247,227,221,206,226,219,221,205,226,242,208,236,227,221,234,245,229,221,226,235,221,237,240,222,244,212,234,227,253,251,223,214,240,211,232,234,232,217,210,242,210,212,224,245,248,212,239,250,211,208,240,253,224,245,245,245,231,249,205,227,242,221,254,231,224,238,215,229,247,250,223,233,222,205,212,240,227,247,245,242,236,223,247,213,228,231,215,228,206,209,239,229,200,224,202,204,215,212,209,224,250,227,252,200,235,221,220,226,203,251,230,244,254,230,212,241,223,252,242,249,201,254,238,238,211,244,233,227,239,252,224,203,239,254,234,222,244,200,220,222,241,231,238,200,252,209,216,252,233,238,254,235,219,231,221,245,232,208,239,242,230,228,204,228,204,223,206,210,229,215,251,219,208,202,237,218,242,224,241,245,217,210,235,200,217,233,242,227,254,239,242,207,238,231,241,217,249,216,236,251,223,215,213,217,229,237,205,222,213,221,236,253,218,218,238,201,204,213,222,223,203,202,244,214,231,219,214,208,220,227,233,252,233,219,236,246,234,239,243,252,229,244,224,243,216,223,235,247,233,254,204,201,211,220,239,238,234,220,251,203,200,222,237,208,222,200,211,252,215,227,212,241,214,233,200,212,229,225,234,228,246,241,203,254,253,209,200,227,227,250,205,225,219,230,201,218,228,225,201,250,250,249,250,205,251,241,232,252,223,218,231,236,232,243,252,245,236,217,210,241,251,242,215,202,219,203,222,200,214,205,232,210,217,228,219,229,211,217,202,230,248,226,210,232,217,203,230,214,243,3
0,0,0,0,0,16,109,110,150,149,191,255,211,212,170,0,0,0,0,0,0,0,0,32,197,222,252,253,252,252,252,253,252,252,252,156,10,0,0,0,0,0,1,211,252,252,252,253,252,252,252,253,252,252,252,253,56,0,0,0,0,0,1,252,252,252,252,253,252,252,252,253,252,252,252,253,221,41,0,0,0,0,1,190,252,252,252,206,143,61,143,144,237,252,252,253,179,0,0,0,0,0,0,15,159,158,35,20,0,0,0,32,227,252,252,253,138,0,0,0,0,0,0,0,0,0,0,0,11,37,37,212,252,252,252,253,35,0,0,0,0,0,0,0,0,0,0,63,175,252,252,253,252,252,252,253,35,0,0,0,0,0,0,0,0,37,253,255,253,253,253,255,253,253,253,84,0,0,0,0,0,0,0,0,105,222,252,253,252,252,252,253,252,252,168,0,0,0,0,0,0,0,0,0,196,252,252,253,252,252,252,253,252,252,252,120,5,0,0,0,0,0,0,0,73,252,252,253,252,252,252,253,252,252,252,253,119,0,0,0,0,0,0,0,0,120,253,255,253,253,253,255,253,253,253,255,253,133,0,0,0,0,0,0,0,5,119,180,179,179,221,253,252,252,252,253,252,215,0,0,0,0,0,0,0,0,0,0,0,0,41,72,113,241,252,253,252,215,0,0,0,0,0,0,0,0,0,0,0,0,0,0,42,221,252,253,252,215,0,0,0,0,0,0,0,0,0,0,0,0,0,0,135,253,253,255,253,217,0,0,63,114,73,73,73,21,0,0,63,73,155,218,247,252,252,253,252,91,0,0,176,252,252,252,252,201,181,182,242,252,252,253,252,252,252,253,96,20,0,0,217,252,252,252,252,252,252,253,252,252,252,253,252,252,252,108,15,0,0,0,3
0,0,0,0,0,0,0,0,0,0,0,0,0,0,0,0,0,0,0,0,0,0,0,0,0,0,18,60,147,147,147,233,153,66,0,0,0,0,0,0,0,0,0,0,0,92,218,254,254,254,254,254,254,238,68,0,0,0,0,0,0,0,0,8,179,247,254,251,165,140,140,180,254,254,159,5,0,0,0,0,0,0,14,228,254,241,160,39,0,0,0,0,106,240,254,227,0,0,0,0,0,13,180,254,241,72,0,0,0,0,0,0,0,133,254,236,26,0,0,0,0,39,254,254,114,0,0,0,0,0,0,0,0,7,207,254,131,0,0,0,0,39,254,254,131,34,0,0,0,0,0,0,0,0,144,254,189,0,0,0,0,39,254,254,254,236,21,0,0,0,0,0,0,0,99,254,106,0,0,0,0,4,21,117,194,203,14,0,0,0,0,0,0,0,99,254,81,0,0,0,0,0,0,0,0,0,0,0,0,0,0,0,0,0,99,249,64,0,0,0,0,0,0,0,0,0,0,0,0,0,0,0,0,0,99,237,30,78,93,67,0,0,0,0,0,0,0,0,0,0,0,0,0,6,204,254,244,252,242,122,0,0,0,0,0,0,0,0,0,0,0,0,66,189,254,254,214,105,39,0,0,0,0,0,0,0,0,0,0,0,21,137,252,254,254,190,16,0,0,0,0,0,0,0,0,0,0,0,10,88,247,254,231,254,254,61,0,0,0,0,0,0,0,0,0,0,0,13,176,254,241,189,62,255,187,4,0,0,0,0,0,0,0,0,0,0,5,179,254,254,200,0,221,254,113,0,0,0,0,0,0,0,0,0,0,0,11,254,254,254,254,250,254,207,22,0,0,0,0,0,0,0,0,0,0,0,8,197,254,254,254,254,248,63,0,0,0,0,0,0,2
0,0,0,0,0,0,0,0,0,0,0,0,0,0,0,0,0,0,0,0,0,0,0,0,0,0,0,0,0,0,0,0,0,0,0,0,0,0,0,0,0,0,0,0,0,0,0,0,0,0,0,87,138,170,253,253,244,118,7,0,0,0,0,0,0,0,0,0,13,89,161,253,252,252,214,227,253,252,69,0,0,0,0,0,0,0,0,45,172,252,221,184,110,69,13,32,253,252,69,0,0,0,0,0,0,0,62,236,252,176,35,0,0,0,0,0,253,252,69,0,0,0,0,0,0,53,243,252,136,4,0,0,0,0,0,53,253,252,69,0,0,0,0,0,51,243,255,144,0,0,0,0,36,138,233,253,255,196,0,0,0,0,0,0,93,252,218,33,0,0,0,36,219,252,252,252,218,33,0,0,0,0,0,0,176,252,153,70,70,70,174,222,252,252,252,168,32,0,0,0,0,0,0,0,113,252,253,252,252,252,252,253,252,185,119,25,0,0,0,0,0,0,0,0,9,179,253,252,221,232,252,253,157,6,0,0,0,0,0,0,0,0,0,0,0,0,0,0,38,233,253,179,42,0,0,0,0,0,0,0,0,0,0,0,0,0,0,9,155,252,252,42,0,0,0,0,0,0,0,0,0,0,0,0,0,0,0,130,252,252,136,0,0,0,0,0,0,0,0,0,0,0,0,0,0,0,9,194,252,218,14,0,0,0,0,0,0,0,0,0,0,0,0,0,0,0,128,252,252,108,0,0,0,0,0,0,0,0,0,0,0,0,0,0,9,76,255,253,173,0,0,0,0,0,0,0,0,0,0,0,0,0,0,0,93,252,253,202,25,0,0,0,0,0,0,0,0,0,0,0,0,0,0,19,188,252,205,25,0,0,0,0,0,0,0,0,0,0,0,0,9
0,0,0,0,0,0,0,0,0,0,0,0,0,0,0,0,0,0,0,0,0,0,0,0,0,0,0,0,0,0,0,0,0,0,0,0,0,0,0,0,0,0,0,0,0,0,0,0,0,0,0,0,0,0,0,0,0,0,0,0,0,0,0,0,0,0,0,4,29,117,191,255,253,253,203,26,0,0,0,0,0,0,0,0,0,19,57,179,252,252,252,253,252,252,252,244,56,0,0,0,0,0,0,0,57,191,252,253,252,186,168,56,56,94,205,253,122,0,0,0,0,0,0,63,206,252,252,140,65,6,0,0,0,38,225,253,196,0,0,0,0,0,76,255,253,194,63,0,0,0,0,0,95,229,253,254,197,0,0,0,0,57,243,253,139,19,0,0,0,0,26,169,225,208,221,253,171,0,0,0,0,85,252,194,19,0,0,0,0,104,222,244,142,13,113,253,84,0,0,0,0,185,252,13,0,0,0,13,113,222,151,25,0,0,163,241,47,0,0,0,0,135,253,141,66,117,191,254,234,100,0,0,0,86,253,163,0,0,0,0,0,66,246,253,252,252,227,84,28,0,0,0,0,160,252,38,0,0,0,0,0,0,50,56,56,106,31,0,0,0,0,0,82,240,252,0,0,0,0,0,0,0,0,0,0,0,0,0,0,0,0,0,169,252,151,0,0,0,0,0,0,0,0,0,0,0,0,0,0,0,0,41,253,168,0,0,0,0,0,0,0,0,0,0,0,0,0,0,0,0,0,216,252,142,0,0,0,0,0,0,0,0,0,0,0,0,0,0,0,0,38,253,233,37,0,0,0,0,0,0,0,0,0,0,0,0,0,0,0,0,163,253,196,0,0,0,0,0,0,0,0,0,0,0,0,0,0,0,0,85,253,251,125,0,0,0,0,0,0,0,9
0,0,0,0,0,169,79,0,0,0,0,0,0,0,0,0,0,0,0,0,0,0,0,0,113,253,248,24,0,0,0,0,0,0,0,0,0,0,0,0,0,0,0,0,118,253,253,25,0,0,33,209,108,0,0,0,0,0,0,0,0,0,0,0,118,253,253,25,0,0,79,253,247,109,0,0,0,0,0,0,0,0,0,0,118,253,253,25,0,0,51,188,253,194,0,0,0,0,0,0,0,0,0,0,118,253,253,25,0,0,0,11,204,244,61,0,0,0,0,0,0,0,0,0,118,253,221,18,0,0,0,0,196,253,178,0,0,0,0,0,0,0,0,0,118,253,149,0,0,0,23,109,242,253,201,0,0,0,0,0,0,0,0,0,151,253,116,0,0,100,213,253,253,253,241,60,0,0,0,0,0,0,0,0,248,253,19,0,69,244,253,237,210,253,253,78,0,0,0,0,0,0,0,0,248,253,19,71,208,253,197,51,19,207,253,204,96,19,0,0,0,0,0,23,249,253,115,206,253,170,54,0,0,189,253,253,253,203,176,100,0,0,0,125,253,253,253,253,239,33,0,0,0,102,253,253,253,253,253,253,0,0,0,208,253,253,253,241,74,0,0,0,0,59,253,253,248,220,224,253,0,0,0,255,253,253,242,73,0,0,0,0,0,59,253,253,214,0,10,97,0,0,0,255,253,253,72,0,0,0,0,0,0,24,211,253,237,54,0,0,0,0,0,254,253,183,8,0,0,0,0,0,0,0,107,249,251,86,0,0,0,0,0,117,117,6,0,0,0,0,0,0,0,0,0,81,99,0,0,0,0,0,0,0,0,0,0,0,0,0,0,0,0,0,0,0,0,0,0,0,0,0,0,0,0,0,0,0,0,0,0,0,0,0,0,0,0,0,0,0,4
33,92,92,80,45,92,92,92,92,92,29,0,0,0,0,0,0,0,0,0,198,254,254,245,217,254,254,254,254,254,205,118,17,10,0,0,0,0,0,0,92,254,254,254,254,254,254,254,254,254,254,254,254,188,21,0,0,0,0,0,92,254,254,254,254,254,254,254,254,254,254,254,254,254,155,0,0,0,0,0,47,130,130,130,130,130,130,163,254,254,254,254,254,254,148,60,0,0,0,0,0,0,0,0,0,0,0,11,40,40,40,105,242,254,254,234,27,0,0,0,0,0,0,0,0,0,0,0,0,0,0,55,226,254,254,254,32,0,0,0,0,0,0,0,0,0,0,0,0,0,0,35,213,254,254,254,138,0,0,0,0,0,0,0,0,0,0,0,0,0,6,195,254,254,254,254,32,0,0,0,0,0,0,0,0,0,0,0,0,81,248,254,254,254,254,168,12,0,0,0,0,0,0,0,0,0,0,3,111,200,254,254,254,254,253,160,11,0,0,0,0,0,0,0,0,20,100,139,254,254,254,254,254,209,130,0,0,0,0,0,0,0,0,0,0,18,180,254,254,254,254,254,254,225,52,0,22,25,2,0,0,0,0,0,0,50,254,254,254,254,254,254,254,254,232,116,237,254,91,0,0,0,0,22,185,216,254,254,254,254,254,254,254,254,255,254,254,254,192,42,0,0,0,0,125,254,254,254,254,254,254,254,254,254,254,254,254,254,254,254,0,0,0,8,153,254,254,254,254,254,254,254,254,254,255,254,255,254,238,197,0,0,0,14,178,254,254,254,254,254,254,254,254,254,254,177,106,106,76,0,0,0,0,0,125,254,254,254,254,182,180,180,164,15,15,8,0,0,0,0,0,0,0,0,44,90,90,90,90,3,0,0,0,0,0,0,0,0,0,0,2
0,0,0,0,0,0,0,0,0,0,0,0,0,0,0,0,0,0,0,0,0,0,0,0,0,0,0,0,0,0,0,0,0,0,0,0,0,0,0,0,0,0,0,0,0,0,0,0,0,0,0,0,0,0,0,0,0,0,0,0,0,0,0,0,0,0,0,0,0,0,0,0,0,0,0,0,0,0,0,0,0,0,0,0,0,0,0,0,0,1,5,20,61,15,1,0,54,166,224,146,0,0,0,0,0,0,0,3,57,187,254,254,254,237,121,176,248,254,254,64,0,0,0,0,0,2,13,166,239,254,254,254,254,254,254,254,254,255,142,27,0,0,0,12,50,168,254,254,254,254,254,254,251,238,195,219,254,215,31,0,0,0,41,235,254,254,254,254,254,254,244,163,93,0,94,254,220,10,0,0,0,2,181,254,254,254,254,198,145,79,32,0,0,87,218,234,62,0,0,0,0,0,155,235,192,141,79,14,0,0,0,0,60,217,254,131,5,0,0,0,0,0,0,18,0,0,0,0,0,0,0,7,205,254,142,6,0,0,0,0,0,0,0,0,0,0,0,0,0,0,21,200,254,143,22,0,0,0,0,0,0,0,0,0,0,0,0,0,0,7,187,254,158,21,0,0,0,0,0,0,0,0,0,0,0,0,0,0,0,178,254,216,19,0,0,0,0,0,0,0,0,0,0,0,0,0,0,6,155,247,230,46,0,0,0,0,0,0,0,0,0,0,0,0,0,0,0,93,254,228,74,0,0,0,0,0,0,0,0,0,0,0,0,0,0,0,26,210,254,115,0,0,0,0,0,0,0,0,0,0,0,0,0,0,0,13,193,254,148,5,0,0,0,0,0,0,0,0,0,0,0,0,0,0,0,121,254,215,29,0,0,0,0,0,0,0,0,0,0,0,7
0,0,0,0,0,0,0,0,39,229,123,0,0,0,0,0,0,0,0,0,0,0,0,0,0,0,0,0,207,254,253,64,0,0,0,0,0,0,0,0,0,0,0,0,0,0,0,0,210,254,254,65,0,0,0,0,0,0,0,0,0,0,0,0,0,0,0,0,210,254,254,65,0,0,0,0,0,0,0,0,0,0,0,0,0,0,0,0,210,254,254,65,0,0,0,0,0,0,0,0,0,0,0,0,0,0,0,0,210,254,254,65,0,0,0,0,0,0,0,0,0,0,0,0,0,0,0,0,210,254,254,65,0,0,0,0,0,0,0,0,0,0,0,0,0,0,0,0,210,254,254,65,0,0,0,0,0,0,0,0,0,0,0,0,0,0,0,0,210,254,254,65,0,0,0,0,0,0,0,0,0,0,0,0,0,0,0,0,210,254,254,65,0,0,0,0,0,0,0,0,0,0,0,0,0,0,0,0,210,254,254,65,0,0,0,0,0,0,0,0,0,0,0,0,0,0,0,0,183,254,254,92,0,0,0,0,0,0,0,0,0,0,0,0,0,0,0,0,79,254,255,206,13,0,0,0,0,0,0,0,0,0,0,0,0,0,0,0,27,220,254,254,159,0,0,0,0,0,0,0,0,0,0,0,0,0,0,0,0,120,254,254,202,0,0,0,0,0,0,0,0,0,0,0,0,0,0,0,0,73,254,254,202,0,0,0,0,0,0,0,0,0,0,0,0,0,0,0,0,30,220,254,206,6,0,0,0,0,0,0,0,0,0,0,0,0,0,0,0,0,197,254,254,85,0,0,0,0,0,0,0,0,0,0,0,0,0,0,0,0,193,254,254,208,0,0,0,0,0,0,0,0,0,0,0,0,0,0,0,0,32,221,227,102,0,0,0,0,0,0,1
0,0,0,0,0,0,0,0,0,0,0,0,0,0,0,0,0,0,0,0,0,0,0,0,0,0,36,209,254,255,138,58,0,0,0,0,0,0,0,0,0,0,0,0,0,0,24,186,199,199,254,250,105,0,0,0,0,0,0,0,0,0,0,0,0,0,0,0,0,0,62,245,222,8,0,0,0,0,0,0,0,0,0,0,0,0,0,0,0,0,0,164,254,54,0,0,0,0,0,0,0,0,0,0,0,0,0,0,0,0,0,114,254,87,0,0,0,0,0,0,0,0,0,0,0,0,0,0,0,0,0,114,254,87,0,0,0,0,0,0,0,0,0,0,0,0,0,0,0,0,81,240,167,4,0,0,0,0,0,0,0,0,0,0,0,0,93,218,218,218,254,180,31,0,0,0,0,0,0,0,0,0,0,0,0,0,51,223,250,254,254,44,0,0,0,0,0,0,0,0,0,0,0,0,0,0,0,0,57,137,255,212,59,0,0,0,0,0,0,0,0,0,0,0,0,0,0,0,0,0,85,250,153,0,0,0,0,0,0,0,0,0,0,0,0,0,0,0,0,0,0,184,238,31,0,0,0,0,0,0,0,0,0,0,0,0,0,0,0,0,0,145,254,132,0,0,0,0,0,0,0,0,0,0,0,0,0,0,0,0,0,145,254,138,0,0,0,0,0,0,0,0,0,0,0,0,0,0,0,0,0,145,254,54,0,0,0,0,0,0,0,0,0,0,0,0,0,0,0,0,21,242,231,20,0,0,0,0,0,0,0,0,0,0,0,0,0,0,0,0,126,254,165,0,0,0,0,0,0,0,0,0,0,0,0,0,0,0,0,14,242,246,76,0,0,0,0,0,0,0,0,0,0,0,0,0,0,0,15,193,254,122,0,0,0,0,0,0,0,0,3
0,0,0,0,0,0,0,0,0,0,0,0,0,0,0,0,0,0,0,0,0,0,0,0,0,0,0,0,0,0,0,0,0,0,0,0,0,56,41,0,0,0,0,0,0,0,0,0,0,0,0,20,116,179,197,236,236,249,246,236,0,0,0,0,0,0,0,0,0,2,114,236,253,253,253,225,200,200,200,136,0,0,0,0,0,0,0,0,25,165,253,240,154,122,43,17,0,0,0,0,0,0,0,0,0,0,0,22,228,252,187,30,0,0,0,0,0,0,0,0,0,0,0,0,0,0,0,75,251,128,0,0,0,0,0,0,0,0,0,0,0,0,0,0,0,0,27,240,229,0,0,0,0,0,0,0,0,0,0,0,0,0,0,0,0,0,36,253,224,184,184,184,184,162,18,2,0,0,0,0,0,0,0,0,0,0,96,253,253,253,253,254,253,253,253,126,0,0,0,0,0,0,0,0,0,0,96,254,254,254,254,255,254,254,254,254,71,0,0,0,0,0,0,0,0,0,14,96,96,93,8,8,8,30,114,243,130,0,0,0,0,43,0,0,0,0,0,0,0,0,0,0,0,0,13,227,212,0,0,0,0,246,119,22,0,0,0,0,0,0,0,0,0,50,185,253,91,0,0,0,0,254,253,211,114,37,0,0,0,0,0,72,186,250,253,215,21,0,0,0,0,241,253,253,253,245,198,123,123,186,210,254,253,232,139,33,0,0,0,0,0,34,136,227,253,253,253,253,253,253,253,245,172,28,0,0,0,0,0,0,0,0,0,15,128,235,235,237,253,252,235,132,0,0,0,0,0,0,0,0,0,0,0,0,0,0,0,8,70,67,0,0,0,0,0,0,0,0,0,0,0,0,0,0,0,0,0,0,0,0,0,0,0,0,0,0,0,0,0,0,5
0,0,0,0,0,0,0,0,0,127,252,253,237,37,0,0,0,0,0,0,0,0,0,0,0,0,0,0,19,234,252,253,147,0,0,0,0,0,0,0,0,0,0,0,0,0,0,0,183,252,252,245,31,0,0,0,0,0,0,0,0,0,0,0,0,0,0,25,227,252,252,115,0,0,0,0,0,0,0,0,0,0,0,0,0,0,0,126,252,252,252,0,0,0,0,0,0,0,0,0,0,0,0,0,0,0,63,246,252,252,148,0,0,0,0,0,0,0,0,0,0,0,0,0,0,0,73,252,252,205,18,0,0,0,0,0,0,0,0,0,0,0,0,0,0,0,188,252,252,143,0,0,0,0,0,0,0,0,0,0,0,0,0,0,0,67,253,253,253,81,0,1,13,13,10,0,0,0,0,0,0,0,0,0,0,181,252,252,197,10,0,94,252,252,231,59,6,0,0,0,0,0,0,0,0,181,252,252,81,0,93,253,252,252,252,252,134,0,0,0,0,0,0,0,10,194,252,252,36,73,248,253,252,229,252,252,228,32,0,0,0,0,0,0,49,252,252,252,36,137,252,253,206,64,252,252,252,48,0,0,0,0,0,0,49,252,252,228,25,229,252,250,84,156,252,252,231,34,0,0,0,0,0,0,49,252,252,236,102,237,252,251,209,252,252,252,139,0,0,0,0,0,0,0,7,191,252,252,252,252,252,253,252,252,252,154,9,0,0,0,0,0,0,0,0,129,252,252,252,252,252,253,252,252,156,7,0,0,0,0,0,0,0,0,0,3,46,230,252,252,252,253,183,57,4,0,0,0,0,0,0,0,0,0,0,0,0,0,0,0,0,0,0,0,0,0,0,0,0,0,0,0,0,0,0,0,0,0,0,0,0,0,0,0,0,0,0,0,0,0,6
0,0,0,0,0,0,0,0,0,0,0,0,0,0,0,0,0,0,0,0,0,0,17,118,191,255,180,138,138,138,76,76,17,0,0,0,0,0,0,0,0,0,184,252,252,253,252,252,252,252,253,252,227,120,26,0,0,0,0,0,0,0,134,208,221,190,208,202,221,252,253,252,252,252,137,0,0,0,0,0,0,0,0,17,25,5,17,13,25,45,117,252,252,252,232,0,0,0,0,0,0,0,0,0,0,0,0,0,0,0,3,169,252,252,252,0,0,0,0,0,0,0,0,0,0,0,0,0,0,22,149,253,253,253,128,0,0,0,0,0,0,0,0,0,0,0,30,78,161,244,253,252,252,172,8,0,0,0,0,0,0,0,0,0,0,7,186,252,252,252,253,252,252,196,48,0,0,0,0,0,0,0,0,0,0,24,252,252,252,252,253,252,252,252,232,43,0,0,0,0,0,0,0,0,0,3,96,221,210,137,137,137,168,252,252,220,0,0,0,0,0,0,0,0,0,0,0,0,0,0,0,0,0,208,253,255,103,0,0,0,0,0,0,0,0,0,0,0,0,0,0,0,0,133,252,253,214,13,0,0,0,0,0,0,0,0,0,0,0,0,0,0,0,93,252,253,252,69,0,0,0,0,0,34,197,136,0,0,0,0,0,0,0,187,252,253,235,44,0,0,0,0,0,93,252,178,0,0,0,0,0,0,64,248,252,253,153,0,0,0,0,0,0,145,253,244,50,0,0,0,0,57,253,253,253,221,0,0,0,0,0,0,0,76,248,253,173,34,0,0,26,178,252,252,231,42,0,0,0,0,0,0,0,0,146,253,252,234,184,184,222,252,252,227,100,0,0,0,0,0,0,0,0,0,21,169,252,252,252,252,253,252,185,50,0,0,0,0,0,0,3
0,0,0,0,0,0,0,0,0,0,255,146,0,0,0,0,0,0,0,0,0,0,0,0,0,0,0,0,0,128,253,145,0,0,0,0,0,0,0,0,0,0,0,0,0,0,0,0,0,133,253,145,0,0,0,0,0,0,0,0,0,0,0,0,0,0,0,0,5,171,253,145,0,0,0,0,0,0,0,0,0,0,0,0,0,0,0,0,10,220,253,145,0,0,0,0,0,0,0,0,0,0,0,0,0,0,0,0,3,158,253,145,0,0,0,0,0,0,0,0,0,0,0,0,0,0,0,0,12,233,253,145,0,0,0,0,0,0,0,0,0,0,0,0,0,0,0,0,2,146,253,145,0,0,0,0,0,0,0,0,0,0,0,0,0,0,0,0,14,252,253,145,0,0,0,0,0,0,0,0,0,0,0,0,0,0,0,0,14,252,253,145,0,0,0,0,0,0,0,0,0,0,0,0,0,0,0,0,14,253,255,146,0,0,0,0,0,0,0,0,0,0,0,0,0,0,0,0,70,252,253,145,0,0,0,0,0,0,0,0,0,0,0,0,0,0,0,0,146,252,253,26,0,0,0,0,0,0,0,0,0,0,0,0,0,0,0,0,146,252,253,13,0,0,0,0,0,0,0,0,0,0,0,0,0,0,0,0,146,252,253,13,0,0,0,0,0,0,0,0,0,0,0,0,0,0,0,0,146,252,253,13,0,0,0,0,0,0,0,0,0,0,0,0,0,0,0,0,146,252,253,13,0,0,0,0,0,0,0,0,0,0,0,0,0,0,0,0,146,252,177,5,0,0,0,0,0,0,0,0,0,0,0,0,0,0,0,0,139,252,203,7,0,0,0,0,0,0,0,0,0,0,0,0,0,0,0,0,7,189,120,6,0,0,0,0,0,0,0,0,1
0,0,0,0,0,0,0,0,0,0,0,52,241,254,254,226,38,0,0,0,0,0,0,0,0,0,0,0,0,0,116,246,253,253,253,253,80,0,0,0,0,0,0,0,0,0,0,0,5,94,241,253,253,253,253,253,128,0,0,0,0,0,0,0,0,0,0,9,90,253,254,253,253,253,253,253,226,30,0,0,0,0,0,0,0,0,0,133,253,253,254,253,73,117,253,253,253,128,0,0,0,0,0,0,0,12,145,229,253,253,229,73,7,81,253,253,253,226,0,0,0,0,0,0,0,75,253,253,253,232,42,0,15,166,245,253,253,205,0,0,0,0,0,0,57,229,253,253,230,44,0,0,35,64,201,253,253,107,0,0,0,0,0,54,231,253,253,245,101,0,64,7,0,0,201,253,253,148,0,0,0,0,50,235,253,253,253,93,0,0,0,0,0,0,201,253,253,93,0,0,0,0,95,254,254,254,235,49,0,0,0,0,0,39,227,254,214,0,0,0,0,0,94,253,253,230,53,0,0,0,0,0,0,81,253,253,213,0,0,0,0,0,214,253,253,199,0,0,0,0,0,0,35,215,253,233,64,0,0,0,0,0,228,253,253,199,0,0,0,0,0,0,207,253,253,87,0,0,0,0,0,0,192,253,253,164,0,0,0,0,32,124,248,253,235,49,0,0,0,0,0,0,94,253,253,165,0,0,3,54,149,253,253,236,77,0,0,0,0,0,0,0,94,253,253,208,34,26,123,253,255,253,253,151,0,0,0,0,0,0,0,0,85,249,253,253,238,219,253,253,255,242,107,15,0,0,0,0,0,0,0,0,0,132,250,253,253,253,253,253,177,62,0,0,0,0,0,0,0,0,0,0,0,0,95,147,253,253,246,120,0,0,0,0,0,0,0,0,0,0,0
0,0,0,0,0,0,0,0,11,65,133,198,254,254,173,105,3,0,0,0,0,0,0,0,0,6,60,145,238,253,253,254,253,253,253,253,129,0,0,0,0,0,0,6,118,180,253,253,253,238,217,154,96,96,201,253,191,7,0,0,0,0,17,182,253,253,239,107,84,48,0,0,0,0,169,253,239,39,0,0,0,9,188,253,253,181,52,0,0,0,0,0,0,0,169,253,180,0,0,0,0,106,253,243,100,17,0,0,0,0,0,0,7,91,234,236,71,0,0,0,0,31,168,87,0,0,0,0,0,0,0,0,65,253,253,193,0,0,0,0,0,0,0,0,0,0,0,0,0,0,0,57,238,253,235,62,0,0,0,0,0,0,0,0,0,0,0,0,0,0,53,243,253,253,95,0,0,0,0,0,0,0,0,0,0,0,0,0,0,53,242,254,242,115,4,0,0,0,0,0,0,0,0,0,0,0,0,0,161,254,254,244,110,0,0,0,0,0,0,0,0,0,0,0,0,0,0,61,238,253,242,110,0,0,0,0,0,0,0,0,0,0,0,0,0,0,11,213,253,238,56,0,0,0,0,0,0,0,0,0,0,0,0,0,0,12,165,253,253,122,0,0,0,0,0,0,0,0,0,0,0,0,0,0,12,165,253,253,155,7,0,62,61,61,61,47,0,0,0,0,0,0,0,0,141,253,253,253,98,183,194,254,253,253,253,239,194,194,194,84,0,0,0,71,238,253,253,253,253,253,253,254,253,253,253,253,253,253,253,253,0,0,21,240,253,253,253,253,253,165,156,36,36,36,36,36,36,36,36,36,0,0,134,253,253,227,144,104,24,3,0,0,0,0,0,0,0,0,0,0,0,0,18,149,253,134,0,0,0,0,0,0,0,0,0,0,0,0,0,0,2
0,0,0,0,0,0,0,0,0,0,0,0,0,0,0,0,0,0,0,0,0,0,0,0,0,0,0,0,0,0,0,0,0,0,0,0,0,0,0,0,0,0,0,0,0,0,0,0,0,0,0,0,0,0,0,0,0,0,0,0,0,0,0,0,0,0,0,0,8,14,105,200,182,242,175,104,13,0,0,0,0,0,0,0,0,0,10,88,194,235,253,253,239,232,253,253,156,0,0,0,0,0,0,0,0,94,223,253,231,134,140,93,24,18,105,207,233,32,0,0,0,0,0,0,43,249,253,205,60,0,0,0,0,0,0,30,254,107,0,0,0,0,0,37,255,233,72,0,0,0,0,0,0,0,0,43,255,142,0,0,0,0,22,195,196,74,0,0,0,0,0,0,0,0,94,249,254,178,0,0,0,0,203,235,12,0,0,0,0,0,0,0,71,215,247,253,225,39,0,0,0,37,250,175,0,0,0,0,0,13,79,174,254,253,253,253,85,0,0,0,0,40,254,254,200,116,98,146,206,254,254,254,193,118,254,193,0,0,0,0,0,9,151,253,254,253,253,253,254,253,232,118,10,204,244,58,0,0,0,0,0,0,9,134,236,244,226,253,225,57,18,0,20,253,176,0,0,0,0,0,0,0,0,0,14,16,11,19,12,0,0,0,44,253,117,0,0,0,0,0,0,0,0,0,0,0,0,0,0,0,0,0,158,254,39,0,0,0,0,0,0,0,0,0,0,0,0,0,0,0,0,0,254,235,21,0,0,0,0,0,0,0,0,0,0,0,0,0,0,0,0,67,254,196,0,0,0,0,0,0,0,0,0,0,0,0,0,0,0,0,0,79,254,136,0,0,0,0,0,0,0,0,0,0,0,0,0,0,0,0,0,31,255,184,0,0,0,0,0,0,9
0,0,0,0,0,0,0,0,44,150,0,0,0,0,0,0,0,0,0,0,0,0,0,0,0,0,0,0,64,254,60,0,0,0,0,0,0,0,0,0,0,0,0,0,0,0,0,0,64,254,80,0,0,0,0,0,0,0,0,0,0,0,0,0,0,0,0,0,133,254,80,0,0,0,0,0,0,0,0,0,0,0,0,0,0,0,0,0,143,254,80,0,0,0,0,0,0,0,0,0,0,0,0,0,0,0,0,0,148,255,0,0,0,0,0,0,0,0,0,0,0,0,0,0,0,0,0,21,236,184,0,0,0,0,0,0,0,0,0,0,0,0,0,0,0,0,0,88,254,95,0,0,0,181,68,0,0,0,0,0,0,0,0,0,0,0,0,128,254,75,0,0,0,223,154,0,0,0,0,0,0,0,0,0,0,0,0,202,254,214,50,0,0,223,120,0,0,0,0,0,0,0,0,0,0,0,92,255,136,25,215,49,48,255,175,0,0,0,0,0,0,0,0,0,0,47,238,248,47,0,61,206,54,254,184,0,0,0,0,0,0,0,0,0,0,175,254,141,0,0,8,222,199,254,254,0,0,0,0,0,0,0,0,0,70,255,236,31,0,0,0,127,254,254,184,0,0,0,0,0,0,0,0,0,5,96,58,0,0,0,0,2,160,254,174,0,0,0,0,0,0,0,0,0,0,0,0,0,0,0,0,0,48,255,121,0,0,0,0,0,0,0,0,0,0,0,0,0,0,0,0,0,83,254,95,0,0,0,0,0,0,0,0,0,0,0,0,0,0,0,0,0,128,254,110,0,0,0,0,0,0,0,0,0,0,0,0,0,0,0,0,0,128,254,199,0,0,0,0,0,0,0,0,0,0,0,0,0,0,0,0,0,128,254,100,0,0,0,0,0,4
0,0,0,0,0,0,0,0,0,0,0,0,0,0,0,0,0,0,0,0,0,0,0,54,131,158,166,255,236,158,94,5,0,0,0,0,0,0,0,0,4,64,219,249,254,254,240,225,225,237,254,223,141,10,0,0,0,0,0,0,146,254,254,245,129,67,37,0,0,29,132,247,254,121,0,0,0,0,0,0,240,161,79,4,0,0,0,0,0,0,0,20,200,252,67,0,0,0,0,0,29,0,0,0,0,0,0,0,0,0,0,0,115,254,169,0,0,0,0,0,0,0,0,0,0,0,0,0,0,0,0,64,239,229,43,0,0,0,0,0,0,0,0,0,0,0,0,0,0,49,178,250,231,108,0,0,0,0,0,0,0,0,0,0,0,0,2,87,170,246,254,254,76,0,0,0,0,0,0,0,0,0,0,0,0,135,183,254,254,254,254,254,222,178,79,0,0,0,0,0,0,0,0,0,0,136,250,138,110,32,43,162,225,254,251,127,0,0,0,0,0,0,0,0,0,10,44,0,0,0,0,0,20,75,238,253,144,13,0,0,0,0,0,0,0,0,0,54,5,0,0,0,0,0,58,236,254,123,0,0,0,0,0,0,0,10,167,187,7,0,0,0,0,0,0,55,238,251,58,0,0,0,0,0,4,169,238,16,0,0,0,0,0,0,0,0,163,254,62,0,0,0,0,0,87,254,171,0,0,0,0,0,0,0,0,0,163,254,62,0,0,0,0,0,54,250,66,0,0,0,0,0,0,0,0,18,211,254,62,0,0,0,0,0,53,248,213,42,3,0,0,0,0,2,107,219,254,187,14,0,0,0,0,0,0,88,254,254,202,86,68,31,58,189,254,254,210,21,0,0,0,0,0,0,0,6,79,152,247,254,254,238,248,254,208,86,10,0,0,0,3
0,0,0,0,0,0,0,0,0,95,63,0,0,0,0,0,0,0,0,0,0,0,0,0,0,17,77,159,214,254,240,177,21,0,0,0,0,0,0,0,0,0,0,52,172,207,254,254,254,254,254,254,99,0,0,0,0,0,0,0,0,0,81,248,254,254,254,254,254,254,236,254,239,80,0,0,0,0,0,0,0,0,126,254,254,254,253,241,169,103,47,226,254,227,0,0,0,0,0,0,0,0,184,254,254,226,107,0,0,0,0,207,254,227,0,0,0,0,0,0,0,0,118,254,221,38,0,0,0,0,89,253,254,227,0,0,0,0,0,0,0,0,13,154,116,0,0,0,0,0,91,254,254,227,0,0,0,0,0,0,0,0,0,0,0,0,0,0,0,0,128,254,254,227,0,0,0,0,0,0,0,0,0,0,0,0,0,0,0,22,233,254,254,126,0,0,0,0,0,0,0,0,0,0,0,0,0,0,0,201,254,255,249,80,0,0,0,0,0,0,0,0,0,0,0,0,0,1,79,252,254,254,128,0,0,0,0,0,0,0,0,0,0,0,0,0,17,131,254,254,254,254,68,0,0,0,0,0,0,0,0,0,0,0,128,242,244,254,254,254,254,254,245,242,242,242,242,242,208,104,0,0,0,0,214,254,254,254,254,254,254,254,254,255,254,254,254,254,254,254,0,0,0,0,214,254,254,254,254,254,254,254,254,254,254,254,254,254,239,192,0,0,0,0,105,245,254,252,213,213,164,75,75,75,75,75,75,75,57,0,0,0,0,0,0,73,96,91,0,0,0,0,0,0,0,0,0,0,0,0,0,0,0,0,0,0,0,0,0,0,0,0,0,0,0,0,0,0,0,0,0,0,0,0,0,0,0,0,0,0,0,0,0,0,0,0,0,0,0,0,2
0,0,0,0,0,0,0,0,0,0,0,0,0,0,0,0,0,0,0,0,0,0,0,0,0,0,0,0,12,46,172,255,254,77,11,96,136,29,0,0,0,0,0,0,0,0,1,47,217,253,253,253,253,154,163,253,253,53,0,0,0,0,0,0,0,23,168,253,253,253,237,156,82,119,253,253,253,53,0,0,0,0,0,0,67,216,253,253,253,203,72,0,0,249,253,253,205,14,0,0,0,0,0,100,223,253,253,245,91,14,0,0,133,252,253,253,92,0,0,0,0,0,23,216,253,253,251,78,0,0,0,85,251,253,253,253,70,0,0,0,0,0,166,253,253,253,21,0,0,0,2,154,253,253,253,252,69,0,0,0,0,0,160,253,253,253,144,24,9,0,143,253,253,247,112,91,0,0,0,0,0,0,54,253,253,253,253,253,194,160,232,253,253,243,18,0,0,0,0,0,0,0,41,211,253,253,253,253,253,253,253,253,253,253,106,0,0,0,0,0,0,0,0,17,59,59,171,219,253,253,253,253,253,208,25,0,0,0,0,0,0,0,0,0,0,0,0,142,253,253,253,253,253,233,133,0,0,0,0,0,0,0,0,0,0,0,0,142,253,253,253,159,141,251,251,132,0,0,0,0,0,0,0,0,0,0,3,194,253,253,172,1,0,249,253,252,129,0,0,0,0,0,0,0,0,0,32,207,253,205,25,0,0,249,253,253,174,0,0,0,0,0,0,0,0,0,243,253,226,27,0,40,155,252,253,244,57,0,0,0,0,0,0,0,0,0,212,253,222,66,156,242,253,253,253,175,0,0,0,0,0,0,0,0,0,0,86,253,253,253,253,253,253,253,136,19,0,0,0,0,0,0,0,0,0,0,6,253,253,253,253,253,209,93,15,0,0,0,0,0,8
0,0,0,0,0,0,0,0,0,0,0,0,0,0,0,0,0,0,0,0,0,0,0,0,0,0,0,0,0,0,0,8,37,1,0,0,0,0,0,0,0,0,0,0,0,0,0,0,0,0,0,128,253,81,0,0,0,0,0,0,0,0,0,0,0,0,0,0,0,0,0,145,253,109,0,0,0,0,0,0,0,0,0,0,0,0,0,0,0,0,0,53,253,138,0,0,0,0,0,0,0,0,0,0,0,0,0,0,0,0,0,143,253,212,0,0,0,0,0,0,0,0,0,0,0,0,0,0,0,0,4,220,253,212,0,0,0,0,0,0,0,0,0,0,0,0,0,0,0,0,8,253,253,210,0,0,0,0,0,0,0,0,0,0,0,18,53,53,53,53,181,253,253,87,0,0,0,0,0,0,0,0,0,0,70,219,253,253,253,253,253,253,253,45,0,0,0,0,0,0,0,0,8,119,252,253,253,253,253,253,253,253,253,251,249,151,114,5,0,0,0,0,126,253,253,253,172,227,253,253,253,199,165,165,232,253,253,190,29,0,0,0,206,253,249,123,97,249,253,253,238,46,0,0,12,28,150,250,244,149,0,0,254,253,228,178,253,253,253,177,41,0,0,0,0,0,0,74,175,243,0,0,255,253,253,253,243,203,81,9,0,0,0,0,0,0,0,0,0,69,0,0,102,238,244,186,49,0,0,0,0,0,0,0,0,0,0,0,0,0,0,0,0,28,31,0,0,0,0,0,0,0,0,0,0,0,0,0,0,0,0,0,0,0,0,0,0,0,0,0,0,0,0,0,0,0,0,0,0,0,0,0,0,0,0,0,0,0,0,0,0,0,0,0,0,0,0,0,0,0,0,0,0,0,0,0,0,0,0,0,0,0,0,0,0,0,0,0,0,0,2
0,0,0,0,0,0,0,0,0,0,0,0,0,0,0,0,0,0,0,0,0,0,0,0,0,0,0,0,0,45,70,112,161,187,254,254,186,0,0,0,0,0,0,0,0,30,47,123,206,245,253,215,173,115,123,202,253,0,0,0,0,0,5,74,207,237,248,221,137,46,46,9,0,7,132,234,71,0,0,0,0,26,155,253,219,136,56,0,0,0,0,0,34,204,236,54,0,0,0,0,0,70,241,101,0,0,0,0,0,0,81,203,228,102,0,0,0,0,0,0,0,32,94,0,0,0,0,5,80,198,242,164,40,0,0,0,0,0,0,0,0,0,0,0,0,7,108,195,244,171,79,0,0,0,0,0,0,0,0,0,0,0,0,0,34,204,253,168,44,0,0,0,0,60,93,17,0,0,0,0,0,0,13,120,254,255,120,112,161,195,195,237,254,254,254,254,186,70,7,0,0,0,64,253,253,254,253,215,206,115,115,115,115,115,115,123,223,254,182,25,0,0,172,251,230,171,54,9,0,0,0,0,0,0,0,0,17,71,234,165,0,0,38,63,0,0,0,0,0,0,0,0,0,0,0,0,0,0,105,253,0,0,0,0,0,0,0,0,0,0,0,0,0,0,0,0,0,0,47,254,0,0,0,0,0,0,0,0,0,0,0,0,0,0,0,0,0,0,147,248,0,0,0,0,0,0,0,0,0,0,0,0,0,0,0,0,0,41,241,113,0,0,0,0,0,0,0,0,0,0,0,0,0,0,0,0,34,229,185,13,0,0,0,0,0,0,0,0,0,0,0,0,0,0,13,120,254,160,9,0,0,0,0,0,0,0,0,0,0,0,26,47,80,164,235,232,106,0,0,0,0,0,22,116,49,24,40,116,116,208,232,253,253,205,121,25,0,0,0,0,3
0,0,0,0,0,0,0,0,0,10,79,204,228,31,0,0,0,0,0,0,0,0,0,0,0,0,0,0,63,197,252,253,252,187,169,101,0,0,0,0,0,0,0,0,0,29,85,147,234,252,252,253,252,252,252,247,66,0,0,0,0,0,0,0,0,85,252,253,252,252,252,253,252,252,252,253,184,0,0,0,0,0,0,0,0,176,250,255,159,113,63,0,26,172,253,242,97,0,0,0,0,0,0,0,0,0,75,84,28,0,0,0,38,234,252,247,65,0,0,0,0,0,0,0,0,0,0,0,0,0,0,111,209,252,252,50,0,0,0,0,0,0,0,0,0,0,0,0,0,0,51,241,252,252,102,0,0,0,0,0,0,0,0,0,0,0,0,0,45,229,253,254,253,128,4,0,0,0,0,0,0,0,0,0,0,45,57,170,225,252,252,253,252,252,128,101,0,0,0,0,0,0,0,0,45,240,252,253,252,252,252,168,168,130,156,209,153,0,0,0,0,0,0,0,107,252,252,190,139,103,28,0,0,0,0,191,196,0,0,0,0,0,0,0,26,113,113,0,0,0,0,0,0,0,0,154,253,119,0,0,0,0,0,0,0,0,0,0,0,0,0,0,0,0,76,253,214,56,0,0,0,0,0,0,0,0,0,0,0,0,0,0,0,29,210,253,196,0,0,0,26,150,125,114,88,38,113,114,88,51,0,0,101,234,252,228,22,0,0,0,70,253,253,254,253,253,253,254,253,253,253,254,253,244,225,101,0,0,0,0,94,252,252,253,252,252,252,253,252,252,252,253,252,205,13,0,0,0,0,0,13,122,252,253,252,252,252,253,252,252,252,168,142,37,0,0,0,0,0,0,0,10,28,140,165,252,252,253,252,164,90,0,0,0,0,0,0,0,0,0,3
0,0,0,0,0,0,0,0,0,0,0,0,0,0,0,0,0,0,0,0,0,0,0,0,0,0,0,0,0,0,0,0,0,0,0,0,0,0,0,0,0,0,0,0,0,0,0,0,0,0,0,0,28,91,215,253,99,0,0,0,0,18,67,67,67,67,67,67,67,162,177,176,239,252,252,252,241,0,0,0,0,157,252,252,252,252,252,252,252,252,253,252,252,252,252,252,241,0,0,0,0,176,252,252,252,252,252,252,252,252,253,247,230,251,252,252,241,0,0,0,0,138,243,223,197,197,248,243,197,149,88,65,0,242,252,233,93,0,0,0,0,0,45,26,0,0,50,45,0,0,0,0,117,250,252,164,0,0,0,0,0,0,0,0,0,0,0,0,0,0,0,61,249,252,245,110,0,0,0,0,0,0,0,0,0,0,0,0,0,0,0,86,252,248,72,0,0,0,0,0,0,0,0,0,0,0,0,0,0,34,93,233,252,237,44,78,74,0,0,0,0,0,0,20,220,172,220,220,220,234,253,252,252,252,238,252,251,153,29,0,0,0,0,133,253,253,253,253,253,253,255,253,253,253,253,253,253,253,66,0,0,0,0,132,252,252,252,252,252,252,253,252,252,252,252,252,252,241,49,0,0,0,0,33,153,153,101,63,135,252,253,226,153,48,44,117,248,127,0,0,0,0,0,0,0,0,0,24,217,252,236,89,0,0,0,4,10,0,0,0,0,0,0,0,0,0,0,69,252,252,148,0,0,0,0,0,0,0,0,0,0,0,0,0,0,0,48,231,252,214,24,0,0,0,0,0,0,0,0,0,0,0,0,0,0,4,175,252,249,40,0,0,0,0,0,0,0,0,0,0,0,0,0,0,0,155,252,245,97,0,0,0,0,0,0,0,0,0,0,0,7
0,0,0,0,0,0,0,0,0,0,0,0,0,0,0,0,0,0,0,0,0,0,0,0,0,0,0,0,0,0,0,0,0,0,0,0,0,0,0,0,0,0,0,0,0,0,0,0,0,0,0,0,0,0,0,0,0,0,0,0,0,0,0,0,0,0,8,114,114,114,114,29,1,0,0,0,0,0,0,0,0,0,0,0,0,49,199,253,253,253,253,253,158,81,44,2,0,0,0,0,0,0,0,37,146,210,253,253,253,253,253,253,253,253,253,180,82,14,0,0,0,0,8,212,253,253,253,175,98,27,27,112,134,206,247,253,253,98,5,0,0,8,197,253,253,253,175,0,0,0,0,0,0,0,38,109,238,253,200,68,0,38,253,253,216,253,134,0,0,0,0,0,0,0,0,0,41,221,253,237,0,144,253,241,12,102,23,0,0,0,0,0,0,0,0,0,0,18,189,253,0,254,253,163,0,0,0,0,0,0,0,0,0,0,0,0,0,0,12,205,0,254,253,248,0,0,0,0,0,0,0,0,0,0,0,0,0,0,26,238,0,152,253,253,155,15,0,0,0,0,0,0,0,0,0,0,0,0,28,221,0,75,253,253,253,191,58,0,0,0,0,0,0,0,0,0,0,0,141,253,0,8,48,186,253,253,251,206,123,8,0,0,0,0,0,0,0,40,230,253,0,0,0,5,29,199,251,253,253,237,135,50,28,28,28,131,135,230,253,246,0,0,0,0,0,0,73,160,253,253,253,253,253,253,253,253,253,253,203,58,0,0,0,0,0,0,0,9,80,150,216,253,253,253,253,242,150,107,19,0,0,0,0,0,0,0,0,0,0,0,3,5,5,5,5,4,0,0,0,0,0,0,0,0,0,0,0,0,0,0,0,0,0,0,0,0,0,0,0,0,0
0,0,0,0,0,0,0,0,0,0,0,0,0,0,0,3,63,165,227,0,0,0,0,0,0,0,0,0,0,0,0,0,13,59,142,223,235,138,42,0,0,0,0,0,0,0,0,0,74,188,188,188,217,254,239,123,23,0,0,0,0,0,0,0,0,0,0,0,152,245,254,200,197,167,47,0,0,0,0,0,0,0,0,0,0,0,0,0,35,232,139,2,0,0,0,0,0,0,0,0,0,0,0,0,0,0,0,0,219,208,22,0,0,0,0,0,0,0,0,0,0,0,0,0,0,0,0,84,183,21,0,0,0,0,0,0,0,0,0,0,0,0,0,0,0,0,11,199,9,0,0,0,0,0,0,0,0,0,0,0,0,0,0,0,0,0,56,194,3,0,0,0,0,0,0,0,0,0,0,0,0,0,0,0,0,0,193,250,55,9,0,0,0,0,0,0,0,0,0,0,0,0,0,0,0,0,79,254,254,128,5,0,0,0,0,0,0,0,0,0,0,0,0,0,0,0,8,176,254,254,167,34,0,0,0,0,0,0,0,0,0,0,0,0,0,0,0,7,96,247,254,226,26,0,0,0,0,0,0,0,0,0,0,0,0,0,0,0,0,51,223,254,164,0,0,0,0,0,0,0,0,0,0,0,0,0,0,0,0,0,92,251,250,54,0,0,0,0,0,0,0,0,0,0,0,0,0,0,0,0,0,153,254,82,0,0,0,0,0,0,0,0,0,0,72,5,0,0,0,0,0,146,254,80,0,0,0,0,0,0,0,0,0,0,92,178,62,0,0,0,116,250,178,0,0,0,0,0,0,0,0,0,0,0,11,145,247,226,226,226,246,217,34,0,0,0,0,0,0,0,0,0,0,0,0,0,62,191,254,254,187,32,0,0,0,0,0,0,0,0,5
0,0,0,0,0,0,0,0,0,0,0,0,0,0,0,0,0,0,0,0,0,0,0,0,0,0,0,0,0,0,0,0,0,0,0,0,0,0,0,0,0,0,0,0,0,0,0,56,102,195,102,71,0,0,0,0,0,0,0,0,0,0,0,0,0,0,36,160,254,254,254,238,202,202,202,202,202,202,202,116,0,0,0,0,0,55,229,254,254,254,254,254,254,254,254,254,254,254,254,146,0,0,0,0,0,94,254,254,223,161,161,161,161,207,229,161,161,124,7,4,0,0,0,0,0,211,254,254,145,0,0,0,0,30,45,0,0,0,0,0,0,0,0,0,0,248,254,178,7,0,0,0,0,0,0,0,0,0,0,0,0,0,0,0,50,250,254,116,0,0,0,0,0,0,0,0,0,0,0,0,0,0,0,0,129,254,254,116,0,0,0,0,0,0,0,0,0,0,0,0,0,0,0,0,0,248,254,116,0,0,0,0,0,0,0,0,0,0,0,0,0,0,0,0,0,248,254,157,5,0,0,0,0,0,0,0,0,0,0,0,0,0,0,0,0,139,254,254,130,7,0,0,0,0,0,0,0,0,0,0,0,0,0,0,0,48,225,254,254,69,0,0,0,0,0,0,0,0,0,0,0,0,0,0,0,0,57,254,254,233,144,6,0,0,0,0,0,0,0,0,0,0,0,0,0,0,13,177,254,254,254,130,15,0,0,0,0,0,0,0,0,0,0,0,0,0,0,76,138,223,254,254,231,0,0,0,0,0,0,0,0,0,0,0,0,0,0,0,0,47,225,254,251,141,8,0,0,0,0,0,0,0,0,0,0,0,0,0,0,1,135,254,254,251,29,0,0,0,0,0,0,0,0,0,0,0,0,60,109,127,254,254,245,75,0,0,0,0,0,0,5
0,0,0,0,0,0,0,0,0,0,0,0,0,0,0,0,0,0,0,0,0,0,0,0,0,0,0,0,0,0,0,0,0,0,0,0,0,0,0,0,0,0,0,0,0,0,0,14,35,0,0,0,0,0,0,70,247,58,0,0,0,0,0,0,0,0,21,222,92,0,0,0,0,0,20,243,127,8,0,0,0,0,0,0,0,18,236,254,43,0,0,0,0,0,141,254,24,0,0,0,0,0,0,0,0,83,254,144,1,0,0,0,0,27,234,254,24,0,0,0,0,0,0,0,6,206,254,60,0,0,0,0,0,53,254,193,4,0,0,0,0,0,0,0,58,254,192,3,0,0,0,0,0,140,254,114,0,0,0,0,0,0,0,0,58,254,168,0,0,0,0,0,46,244,245,3,0,0,0,0,0,0,0,0,58,254,168,0,0,0,0,0,85,254,194,0,0,0,0,0,0,0,0,0,58,254,228,7,0,0,0,5,199,254,53,0,32,0,0,0,0,0,0,0,4,146,254,221,43,0,0,33,254,254,171,227,96,0,0,0,0,0,0,0,0,14,218,254,233,207,207,228,254,252,233,34,0,0,0,0,0,0,0,0,0,0,28,102,183,200,250,254,254,117,0,0,0,0,0,0,0,0,0,0,0,0,0,0,2,6,63,254,212,9,0,0,0,0,0,0,0,0,0,0,0,0,0,0,0,0,49,254,177,0,0,0,0,0,0,0,0,0,0,0,0,0,0,0,0,0,49,254,177,0,0,0,0,0,0,0,0,0,0,0,0,0,0,0,0,0,85,254,177,0,0,0,0,0,0,0,0,0,0,0,0,0,0,0,0,0,49,254,177,0,0,0,0,0,0,0,0,0,0,0,0,0,0,0,0,0,49,254,177,0,0,0,0,0,0,0,4
0,0,0,0,0,0,0,0,26,158,214,77,14,0,0,0,0,0,0,0,0,0,0,0,0,0,0,82,218,254,254,254,190,37,0,0,0,0,0,0,0,0,0,0,0,0,70,248,254,241,142,249,254,237,106,0,0,0,0,0,0,0,0,0,0,31,214,253,169,181,0,51,208,254,254,127,2,0,0,0,0,0,0,0,0,126,254,166,48,71,0,0,7,128,248,254,24,0,0,0,0,0,0,0,2,193,254,65,0,0,0,0,0,0,115,254,237,20,0,0,0,0,0,0,112,254,170,0,0,0,0,0,0,0,2,167,254,172,0,0,0,0,0,0,196,254,86,0,0,0,0,0,0,0,0,2,247,254,35,0,0,0,0,0,228,242,35,0,0,0,0,0,0,0,0,0,72,242,148,12,0,0,0,0,228,223,7,0,0,0,0,0,0,0,0,0,0,154,254,49,0,0,0,0,228,176,0,0,0,0,0,0,0,0,0,0,0,186,254,81,0,0,0,0,228,129,0,0,0,0,0,0,0,0,0,0,5,234,237,28,0,0,0,0,228,130,0,0,0,0,0,0,0,0,0,0,132,254,181,0,0,0,0,0,228,219,0,0,0,0,0,0,0,0,0,26,219,254,65,0,0,0,0,0,228,219,0,0,0,0,0,0,0,0,0,136,254,147,2,0,0,0,0,0,228,251,68,0,0,0,0,0,0,0,74,247,240,57,0,0,0,0,0,0,106,254,223,25,0,0,0,0,0,44,245,242,95,0,0,0,0,0,0,0,27,227,254,233,56,20,26,27,113,244,233,63,0,0,0,0,0,0,0,0,0,44,192,254,254,237,250,254,254,200,18,0,0,0,0,0,0,0,0,0,0,0,7,111,226,254,254,175,123,17,0,0,0,0,0,0,0
0,0,0,0,0,0,0,0,0,0,0,0,0,0,0,0,0,0,0,0,0,0,0,0,0,0,0,0,0,0,0,13,95,169,0,0,0,0,0,0,0,0,0,0,0,0,0,0,0,0,0,13,159,252,198,172,85,10,0,0,0,0,0,0,0,0,0,0,76,225,114,188,246,151,203,252,252,228,114,113,0,0,0,0,0,0,41,216,253,253,255,253,168,0,179,253,168,51,126,225,0,0,0,0,0,26,253,252,233,196,84,84,56,0,22,234,224,19,0,0,0,0,0,0,67,222,253,233,112,0,0,0,0,0,0,169,252,28,0,0,0,0,0,0,98,240,241,109,0,0,0,0,0,0,0,119,252,78,0,0,0,0,0,120,253,253,51,0,0,0,0,0,0,0,0,170,253,128,0,0,0,0,0,169,252,202,0,0,0,0,0,0,0,0,0,144,252,53,0,0,0,0,23,234,252,77,0,0,0,0,0,0,0,0,0,144,214,40,0,0,0,0,128,252,252,28,0,0,0,0,0,0,0,0,13,206,252,28,0,0,0,0,141,253,253,28,0,0,0,0,0,0,0,0,141,253,168,0,0,0,0,0,166,252,233,22,0,0,0,0,0,0,0,26,216,214,81,0,0,0,0,0,165,252,234,22,0,0,0,0,0,0,0,200,253,171,0,0,0,0,0,0,91,252,252,78,0,0,0,0,0,26,150,249,190,59,0,0,0,0,0,0,0,108,253,253,129,29,29,29,141,216,253,241,51,0,0,0,0,0,0,0,0,19,190,252,253,252,252,252,253,240,196,59,0,0,0,0,0,0,0,0,0,0,19,106,168,168,168,168,156,43,0,0,0,0,0,0,0,0,0,0,0,0,0,0,0,0,0,0,0,0,0,0,0,0,0,0,0,0,0
0,0,0,0,0,0,0,0,0,0,0,0,0,0,0,0,0,0,0,0,0,0,0,0,0,0,0,0,0,0,0,0,0,0,0,0,0,0,0,0,0,0,0,0,0,0,0,0,0,0,0,0,97,220,206,108,34,0,0,0,0,0,0,0,0,0,0,0,0,0,95,221,251,253,253,253,236,133,0,0,0,0,0,0,0,0,0,0,0,0,254,253,253,253,253,253,253,235,77,0,0,0,0,0,0,0,0,0,47,201,254,253,253,253,235,200,253,253,243,32,0,0,0,0,0,0,0,6,170,253,254,253,253,253,88,14,166,253,253,120,0,0,0,0,0,0,0,49,253,253,254,236,213,100,17,0,13,189,253,120,0,0,0,0,0,0,26,219,253,253,228,60,0,0,0,0,0,146,253,204,0,0,0,0,0,0,48,253,245,169,0,0,0,0,0,0,3,110,253,246,0,0,0,0,0,29,216,253,107,0,0,0,0,0,0,0,112,253,253,120,0,0,0,0,32,220,254,228,0,0,0,0,0,0,32,220,255,242,128,0,0,0,0,77,244,253,236,60,0,0,0,0,0,91,217,253,158,11,0,0,0,0,85,215,228,61,22,0,0,0,0,40,214,249,228,131,8,0,0,0,0,35,236,228,57,0,0,0,0,43,215,231,253,228,128,0,0,0,0,0,32,217,253,137,0,50,68,82,201,229,254,253,193,57,0,0,0,0,0,0,121,253,253,197,187,236,253,253,253,253,201,73,7,0,0,0,0,0,0,0,213,253,253,253,253,253,225,199,80,80,0,0,0,0,0,0,0,0,0,0,255,253,229,226,191,93,29,0,0,0,0,0,0,0,0,0,0,0,0,0,107,107,11,0,0,0,0,0,0,0,0,0,0,0,0,0,0,0,0,0,0
0,0,0,0,0,0,0,0,0,0,0,0,0,0,0,0,0,0,0,0,0,0,0,0,0,0,0,0,0,0,0,0,0,0,0,0,0,0,0,0,0,0,0,0,0,0,0,4,86,191,155,255,224,130,95,5,0,0,0,0,0,0,0,0,0,17,136,206,241,219,117,117,117,211,241,164,0,0,0,0,0,0,0,0,0,143,239,98,0,0,0,0,0,0,0,0,0,0,0,0,0,0,0,0,8,208,228,0,0,0,0,0,0,0,0,0,9,25,25,77,0,0,0,0,13,253,228,0,0,0,0,0,0,0,25,71,189,253,241,222,0,0,0,0,5,183,228,0,0,0,0,0,58,161,233,253,222,170,56,0,0,0,0,0,0,122,245,152,16,0,9,131,231,220,173,86,15,0,0,0,0,0,0,0,0,6,157,253,124,72,189,242,173,20,0,0,0,0,0,0,0,0,0,0,0,0,20,232,253,253,242,94,0,0,0,0,0,0,0,0,0,0,0,0,0,0,0,57,231,253,204,0,0,0,0,0,0,0,0,0,0,0,0,0,0,0,0,24,231,253,241,56,0,0,0,0,0,0,0,0,0,0,0,0,0,0,20,205,187,89,253,170,0,0,0,0,0,0,0,0,0,0,0,0,0,0,25,253,93,30,228,243,55,0,0,0,0,0,0,0,0,0,0,0,0,0,68,227,16,0,174,253,68,0,0,0,0,0,0,0,0,0,0,0,0,0,149,222,0,0,68,253,68,0,0,0,0,0,0,0,0,0,0,0,0,0,149,113,0,0,50,253,68,0,0,0,0,0,0,0,0,0,0,0,0,0,149,99,0,19,195,253,68,0,0,0,0,0,0,0,0,0,0,0,0,0,149,153,0,44,253,146,5,0,0,0,0,0,0,0,8
0,0,0,0,0,0,0,0,0,0,0,0,0,0,0,0,0,0,0,0,0,0,0,0,0,0,0,0,0,41,119,198,155,56,0,0,0,0,0,0,0,0,0,0,0,0,0,0,48,233,254,205,155,232,44,0,0,0,0,0,0,0,0,0,0,0,0,44,232,250,107,10,16,254,110,0,0,0,0,0,0,0,0,0,0,0,0,31,250,113,0,0,5,211,110,0,0,0,0,0,0,0,0,0,0,0,0,0,213,130,0,0,0,194,110,0,0,0,0,0,0,0,0,0,0,0,0,0,95,215,0,0,6,214,178,0,0,0,0,0,0,0,0,0,0,0,0,0,17,231,58,0,26,254,110,0,0,0,0,0,0,0,0,0,0,0,0,0,0,182,236,171,116,254,110,0,0,0,0,0,0,0,0,0,0,0,0,0,3,241,230,91,198,253,60,0,0,0,0,0,0,0,0,0,0,0,0,0,107,243,245,190,252,178,0,0,0,0,0,0,0,0,0,0,0,0,0,20,236,85,157,238,158,21,0,0,0,0,0,0,0,0,0,0,0,0,0,113,254,15,65,213,4,0,0,0,0,0,0,0,0,0,0,0,0,0,0,187,254,15,10,191,82,0,0,0,0,0,0,0,0,0,0,0,0,0,0,187,201,2,0,75,163,0,0,0,0,0,0,0,0,0,0,0,0,0,6,232,142,0,0,46,244,41,0,0,0,0,0,0,0,0,0,0,0,0,8,254,118,0,0,79,254,107,0,0,0,0,0,0,0,0,0,0,0,0,4,215,95,0,11,196,250,44,0,0,0,0,0,0,0,0,0,0,0,0,0,187,170,5,145,254,150,0,0,0,0,0,0,0,0,0,0,0,0,0,0,157,224,154,255,188,3,0,0,0,0,0,0,0,8
0,0,0,0,0,0,0,0,0,0,0,0,0,0,0,0,0,0,0,0,0,0,0,0,0,0,0,0,0,0,0,0,35,184,254,255,184,34,0,0,0,0,0,0,0,0,0,0,0,0,0,50,200,253,253,253,215,29,0,0,0,0,0,0,0,0,0,0,0,0,33,236,253,253,253,253,138,0,0,0,0,0,0,0,0,0,0,0,0,0,144,253,253,246,253,253,173,0,0,0,0,0,0,0,0,0,0,0,12,113,252,253,206,64,196,253,197,6,0,0,0,0,0,0,0,0,0,0,92,253,253,227,46,2,179,253,253,20,0,0,0,0,0,0,0,0,0,29,217,253,237,33,0,15,253,253,195,6,0,0,0,0,0,0,0,0,21,150,253,253,94,0,0,110,253,253,119,0,0,0,0,0,0,0,0,0,129,253,253,218,3,0,0,152,253,244,47,0,0,0,0,0,0,0,0,15,233,253,230,26,0,0,60,253,253,228,0,0,0,0,0,0,0,0,0,155,253,253,170,0,0,0,140,253,253,146,0,0,0,0,0,0,0,0,13,224,253,200,6,0,0,2,182,253,209,11,0,0,0,0,0,0,0,0,111,253,253,124,0,0,0,96,253,253,138,0,0,0,0,0,0,0,0,0,219,253,245,50,0,0,42,218,253,216,28,0,0,0,0,0,0,0,0,0,219,253,223,0,0,10,238,253,248,86,0,0,0,0,0,0,0,0,0,0,219,253,223,0,13,184,253,253,124,0,0,0,0,0,0,0,0,0,0,0,219,253,251,78,107,253,253,221,8,0,0,0,0,0,0,0,0,0,0,0,145,253,253,232,250,253,236,32,0,0,0,0,0,0,0,0,0,0,0,0,20,240,253,253,253,237,50,0,0,0,0,0,0,0,0,0,0
0,0,0,0,0,0,0,0,0,0,0,0,0,170,253,253,253,145,0,0,0,0,0,0,0,0,0,0,0,0,0,0,26,200,253,253,189,4,0,0,0,0,0,0,0,0,0,0,0,0,0,19,191,253,253,220,78,0,0,0,0,0,0,0,0,0,0,0,0,0,13,194,253,253,189,17,0,0,0,0,0,0,0,0,0,0,0,0,0,26,194,253,253,248,92,0,0,0,0,0,0,0,0,0,0,0,0,0,17,192,253,253,202,64,0,0,0,0,0,0,0,0,0,0,0,0,0,97,194,253,253,253,104,0,0,0,0,0,0,0,0,0,0,0,0,0,26,206,253,253,246,101,3,0,0,0,0,0,0,0,0,0,0,0,0,13,194,253,253,232,115,0,0,2,24,24,23,0,0,0,0,0,0,0,0,139,253,253,253,22,0,0,34,131,253,253,249,71,0,0,0,0,0,26,187,240,253,202,104,3,49,144,232,253,253,253,253,240,40,0,0,0,0,103,253,253,248,64,0,62,228,253,253,243,245,253,253,253,45,0,0,0,0,247,253,253,168,0,61,241,253,253,221,46,116,253,253,203,25,0,0,12,151,252,253,219,34,65,235,253,233,38,82,165,233,253,213,110,0,0,0,47,253,253,253,119,8,187,253,253,245,162,242,253,253,209,33,0,0,0,0,47,253,253,253,253,253,253,253,253,253,253,253,253,203,22,0,0,0,0,0,37,230,253,253,253,253,253,253,253,253,253,238,189,25,0,0,0,0,0,0,0,58,249,253,253,253,253,253,206,99,99,72,0,0,0,0,0,0,0,0,0,0,0,0,0,0,0,0,0,0,0,0,0,0,0,0,0,0,0,0,0,0,0,0,0,0,0,0,0,0,0,0,0,0,0,0,0,0,0,6
0,0,0,0,0,0,0,0,0,0,0,0,0,0,0,0,0,0,0,0,0,0,0,0,0,0,0,0,0,0,0,0,0,0,0,0,0,0,0,0,0,0,0,0,0,0,0,0,0,0,0,0,0,0,0,0,0,0,0,0,0,0,0,0,0,0,0,0,0,0,0,0,0,0,0,0,0,0,0,0,0,0,0,0,0,0,0,0,0,0,83,119,202,249,249,249,246,119,0,0,0,0,0,98,112,112,112,213,243,243,251,254,254,254,254,254,254,254,0,0,236,236,236,252,254,254,254,254,254,254,181,149,163,254,254,254,254,254,0,0,254,254,254,254,254,254,254,254,254,183,48,0,4,49,254,254,254,136,0,0,254,207,207,174,162,123,32,32,32,9,0,0,0,141,254,254,249,16,0,0,39,19,19,5,0,0,0,0,0,0,0,0,0,157,254,254,136,0,0,0,0,0,0,0,0,0,0,0,0,0,0,0,28,237,254,254,117,0,0,0,0,0,0,0,0,0,0,0,0,0,0,12,163,254,254,244,24,0,0,0,0,0,0,0,0,0,0,0,0,0,0,40,254,254,254,140,0,0,0,0,0,0,0,0,0,0,0,0,0,0,0,40,254,254,240,28,0,0,0,0,0,0,0,0,0,0,0,0,0,0,0,67,254,254,235,0,0,0,0,0,0,0,0,0,0,0,0,0,0,0,0,170,254,255,235,0,0,0,0,0,0,0,0,0,0,0,0,0,0,0,8,183,254,254,214,0,0,0,0,0,0,0,0,0,0,0,0,0,0,0,130,254,254,251,91,0,0,0,0,0,0,0,0,0,0,0,0,0,0,0,177,254,254,215,0,0,0,0,0,0,0,0,0,0,0,0,0,0,0,0,177,254,254,98,0,0,0,0,0,0,7
0,0,0,0,0,0,0,0,0,0,0,0,0,0,0,0,0,0,0,0,0,0,0,0,0,0,0,0,0,0,0,0,0,0,0,0,0,0,0,0,0,0,0,0,0,0,0,0,0,0,0,0,0,0,0,0,0,0,0,0,0,0,0,0,0,0,0,0,102,254,176,54,0,0,0,0,0,0,0,0,0,0,0,0,0,0,0,4,183,253,253,253,147,110,110,56,0,0,0,0,0,0,0,0,0,0,0,149,253,253,253,253,253,253,253,128,0,0,0,0,0,0,0,0,0,0,15,217,253,246,245,253,253,253,253,215,0,0,0,0,0,0,0,0,0,0,90,253,253,91,47,81,178,242,253,199,0,0,0,0,0,0,0,0,0,0,229,253,166,6,0,0,0,214,253,128,0,0,0,0,0,0,0,0,0,55,247,253,81,0,0,0,21,228,253,57,0,0,0,0,0,0,0,0,0,5,105,114,7,0,0,0,76,253,172,2,0,0,0,0,0,0,0,0,0,0,0,0,0,0,0,4,232,253,84,0,0,0,0,0,0,0,0,0,0,0,0,0,0,0,0,124,253,219,2,0,0,0,0,0,0,0,0,0,0,0,0,0,0,0,43,244,253,59,0,0,0,0,0,0,0,0,0,0,0,0,0,0,0,0,212,253,216,15,0,0,0,0,0,0,0,0,0,0,0,0,0,0,0,87,253,245,67,0,0,0,0,0,0,0,0,0,0,0,0,0,0,0,55,234,253,122,0,0,0,0,0,0,0,0,0,0,0,0,0,0,0,0,149,253,219,25,0,0,0,0,0,0,0,0,0,0,0,0,0,0,0,92,249,253,73,0,0,0,0,0,0,0,0,0,0,0,0,0,0,0,30,221,253,166,1,0,0,0,0,0,0,0,0,0,7
0,0,0,0,0,0,0,0,0,0,0,0,5,55,138,243,181,9,0,0,0,0,0,0,0,0,0,0,0,0,0,26,136,252,252,252,253,164,0,0,0,0,0,0,0,0,0,0,0,0,32,222,252,202,141,69,137,240,50,0,0,0,0,0,0,0,0,0,0,34,218,253,172,13,0,43,108,252,69,0,0,0,0,0,0,0,0,0,0,197,252,128,8,0,0,220,253,252,69,0,0,0,0,0,0,0,0,0,0,208,253,116,0,0,155,253,221,22,32,0,0,0,0,0,0,0,0,0,0,133,252,136,0,45,236,231,42,0,0,0,0,0,0,0,0,0,0,0,0,68,246,230,13,172,252,106,0,0,0,0,0,0,0,0,0,0,0,0,0,0,230,249,215,252,218,14,0,0,0,0,0,0,0,0,0,0,0,0,0,0,230,253,252,221,35,0,0,0,0,0,0,0,0,0,0,0,0,0,0,19,233,255,218,32,0,0,0,0,0,0,0,0,0,0,0,0,0,9,78,236,252,253,92,0,0,0,0,0,0,0,0,0,0,0,0,0,7,155,252,252,221,253,123,0,0,0,0,0,0,0,0,0,0,0,0,43,212,252,227,66,120,253,112,0,0,0,0,0,0,0,0,0,0,0,43,230,253,178,48,0,220,253,92,0,0,0,0,0,0,0,0,0,0,49,233,253,231,42,0,51,243,252,84,0,0,0,0,0,0,0,0,0,0,184,252,252,42,0,13,122,252,157,0,0,0,0,0,0,0,0,0,0,0,184,252,252,70,91,203,252,221,32,0,0,0,0,0,0,0,0,0,0,0,184,252,252,253,252,252,252,43,0,0,0,0,0,0,0,0,0,0,0,0,48,137,242,253,231,137,96,2,0,0,0,0,0,0,0,0,0,8
0,0,0,0,0,0,0,0,0,0,0,0,0,0,0,0,0,0,0,0,0,0,0,0,0,0,0,0,0,0,0,0,0,0,0,0,0,0,0,0,0,0,0,0,0,0,0,0,0,0,0,0,0,0,0,0,0,0,0,0,0,0,0,0,0,0,0,3,101,136,180,255,249,123,7,0,0,0,0,0,0,0,0,0,0,35,47,170,245,218,218,218,219,253,105,0,0,0,0,0,0,0,0,0,98,250,253,200,63,0,0,0,12,253,206,0,0,0,0,0,0,0,0,155,246,216,65,24,0,0,0,0,9,224,206,0,0,0,0,0,0,0,100,245,216,29,0,0,0,0,0,0,0,148,245,58,0,0,0,0,0,0,139,125,17,0,0,0,0,0,0,0,0,148,211,8,0,0,0,0,0,0,3,2,0,0,0,0,0,0,0,0,12,249,206,0,0,0,0,0,0,0,0,0,0,0,0,0,0,0,0,0,12,253,195,0,0,0,0,0,0,0,0,0,0,0,0,0,0,0,0,0,87,253,88,0,0,0,0,0,0,0,0,0,0,0,0,0,0,0,0,0,158,233,27,0,0,0,0,0,0,0,0,0,0,0,0,0,0,0,0,35,250,188,0,0,0,0,0,0,0,0,0,0,0,0,0,0,0,0,0,113,249,67,0,0,0,0,0,0,0,0,0,0,0,0,0,0,0,0,0,113,241,0,0,0,0,0,0,0,0,0,0,0,0,0,0,0,0,0,5,230,236,0,0,0,0,0,0,0,0,0,0,0,0,0,0,0,0,0,109,253,124,0,0,0,0,0,0,0,0,0,0,0,0,0,0,0,0,0,213,232,45,0,0,0,0,0,0,0,0,0,0,0,0,0,0,0,0,56,242,141,0,0,0,0,0,0,0,0,7
0,0,0,0,0,0,0,0,2,37,130,130,170,255,255,157,4,0,0,0,0,0,0,0,0,0,0,9,127,253,253,253,253,253,253,253,205,10,0,0,0,0,0,0,0,0,34,219,253,253,253,239,235,192,224,253,253,88,0,0,0,0,0,0,0,4,176,253,253,247,195,23,0,0,39,236,253,152,2,0,0,0,0,0,0,38,253,253,246,108,0,0,0,0,0,223,253,253,12,0,0,0,0,0,0,14,174,216,108,0,0,0,0,0,0,223,253,253,12,0,0,0,0,0,0,0,0,0,0,0,0,0,0,0,0,223,253,253,12,0,0,0,0,0,0,0,0,0,0,0,0,0,0,0,89,244,253,231,10,0,0,0,0,0,0,0,0,0,0,0,0,0,0,0,217,253,253,54,0,0,0,0,0,0,0,0,0,0,0,0,0,0,0,22,226,253,253,18,0,0,0,0,0,0,0,0,0,0,0,0,0,0,22,192,253,253,173,5,0,0,0,0,0,0,0,0,0,52,75,75,75,75,192,253,253,224,44,0,0,0,0,0,0,0,10,81,103,238,253,253,253,253,253,253,224,45,0,0,0,0,0,0,0,64,216,253,253,253,253,253,253,253,253,253,192,11,0,0,0,0,0,0,62,238,253,253,253,189,226,253,253,253,253,253,253,173,9,0,0,0,0,0,143,253,253,239,72,103,245,253,253,253,173,237,253,253,24,0,0,0,0,6,189,253,253,231,188,246,253,253,253,74,5,20,130,148,14,0,0,0,0,7,204,253,253,253,253,253,253,171,48,4,0,0,0,0,0,0,0,0,0,0,143,253,253,253,253,253,82,3,0,0,0,0,0,0,0,0,0,0,0,0,83,253,253,253,171,45,2,0,0,0,0,0,0,0,0,0,0,0,2
0,0,0,0,0,0,0,0,0,0,0,0,0,0,0,0,0,0,0,0,0,0,0,0,0,0,0,0,203,254,252,252,252,214,51,20,0,0,0,0,0,0,0,0,0,0,0,62,221,252,250,250,250,252,250,160,20,0,0,0,0,0,0,0,0,0,62,211,250,252,250,250,250,252,250,250,49,0,0,0,0,0,0,0,0,41,221,250,250,252,250,250,250,252,250,128,10,0,0,0,0,0,0,0,0,254,252,252,252,254,252,252,252,254,252,252,90,0,0,0,0,0,0,0,0,150,190,250,250,252,250,250,169,171,250,250,250,82,0,0,0,0,0,0,0,31,191,250,250,252,189,100,20,172,250,250,250,80,0,0,0,0,0,0,0,213,250,250,250,212,29,0,0,252,250,250,250,0,0,0,0,0,0,0,0,92,252,252,252,0,0,0,0,51,252,252,252,203,0,0,0,0,0,0,82,252,250,250,169,0,0,0,0,132,250,250,250,121,0,0,0,0,0,92,231,252,250,159,20,0,0,0,0,252,250,250,250,0,0,0,0,0,0,30,211,252,250,221,40,0,0,0,0,90,250,250,250,163,0,0,0,0,0,31,213,254,232,80,0,0,0,0,0,92,252,252,212,163,0,0,0,0,0,151,250,252,149,0,0,0,0,0,0,252,250,250,49,0,0,0,0,0,0,60,221,252,210,60,0,0,0,0,0,252,250,250,49,0,0,0,0,0,0,0,202,252,250,221,40,0,0,123,202,252,250,250,49,0,0,0,0,0,0,123,243,255,252,252,252,254,252,252,252,254,252,100,0,0,0,0,0,0,0,0,121,171,250,250,250,252,250,250,250,252,250,100,0,0,0,0,0,0,0,0,0,20,160,250,250,252,250,250,250,252,189,40,0,0,0,0,0
0,0,0,0,0,0,0,0,0,0,0,0,0,0,0,0,0,0,0,0,0,0,0,0,0,0,0,0,0,0,0,0,0,0,0,0,0,0,0,108,0,0,0,0,0,0,0,0,0,0,0,0,0,0,0,0,0,0,110,242,0,0,0,0,0,0,0,0,0,0,0,0,0,0,0,0,0,107,247,129,0,0,0,0,0,0,0,0,0,8,99,99,99,0,0,0,107,240,171,9,0,0,0,0,0,0,0,23,120,240,254,223,241,233,51,128,247,171,0,0,0,0,0,0,0,0,87,230,250,143,39,21,162,255,239,254,167,9,0,0,0,0,0,0,0,85,248,223,60,0,0,108,254,254,254,199,13,0,0,0,0,0,0,0,125,248,149,12,0,0,31,235,254,254,167,6,0,0,0,0,0,0,0,84,245,193,5,0,0,0,0,159,254,209,9,0,0,0,0,0,0,0,0,157,255,78,0,0,0,5,128,247,232,38,0,0,0,0,0,0,0,0,0,156,254,197,118,80,13,151,254,235,46,0,0,0,0,0,0,0,0,0,0,48,160,230,254,254,225,254,254,117,0,0,0,0,0,0,0,0,0,0,0,0,0,13,93,254,254,254,254,72,0,0,0,0,0,0,0,0,0,0,0,0,0,0,78,254,254,254,254,207,23,0,0,0,0,0,0,0,0,0,0,0,0,19,202,254,196,23,184,254,156,0,0,0,0,0,0,0,0,0,0,0,0,79,254,246,15,0,161,254,155,0,0,0,0,0,0,0,0,0,0,0,0,109,254,88,0,75,230,254,88,0,0,0,0,0,0,0,0,0,0,0,0,86,254,239,236,251,254,164,5,0,0,0,0,0,0,0,0,0,0,0,0,18,111,231,254,246,126,27,0,0,0,0,0,0,0,0,8
0,0,0,0,0,0,0,0,0,40,178,206,78,0,0,0,0,0,0,0,0,0,0,0,0,0,0,0,115,224,233,187,221,0,0,0,0,0,0,0,0,0,0,0,0,0,0,118,250,236,59,0,38,0,0,0,0,0,0,0,0,0,0,0,0,0,63,251,238,52,0,0,0,0,0,12,23,23,12,0,0,0,0,0,0,15,223,253,60,0,0,0,0,15,100,212,253,253,131,0,0,0,0,0,0,110,253,145,5,0,0,0,51,180,253,246,165,79,29,0,0,0,0,0,0,133,253,60,0,0,4,108,245,250,199,24,0,0,0,0,0,0,0,0,0,62,238,219,13,28,156,253,229,107,0,0,0,0,0,0,0,0,0,0,0,0,132,253,193,228,253,220,29,0,0,0,0,0,0,0,0,0,0,0,0,0,32,181,253,253,253,47,0,0,0,0,0,0,0,0,0,0,0,0,0,0,0,51,245,254,255,206,30,0,0,0,0,0,0,0,0,0,0,0,0,0,15,180,250,120,111,245,244,83,0,0,0,0,0,0,0,0,0,0,0,0,56,253,108,0,0,38,254,242,36,0,0,0,0,0,0,0,0,0,0,2,169,246,20,0,0,0,138,253,149,0,0,0,0,0,0,0,0,0,0,95,253,165,0,0,0,0,34,253,154,0,0,0,0,0,0,0,0,0,0,133,253,79,0,0,0,0,159,253,154,0,0,0,0,0,0,0,0,0,0,133,253,55,0,0,4,60,254,250,51,0,0,0,0,0,0,0,0,0,0,133,253,74,2,64,185,253,249,107,0,0,0,0,0,0,0,0,0,0,0,100,253,231,191,253,253,220,58,0,0,0,0,0,0,0,0,0,0,0,0,3,128,253,253,186,110,19,0,0,0,0,0,0,0,0,8
0,0,0,0,0,0,0,0,0,0,0,0,0,0,0,0,0,0,0,0,0,0,0,0,0,0,0,0,0,0,0,0,0,0,0,0,0,0,0,0,0,0,0,0,0,0,0,0,0,0,0,0,0,0,0,0,0,0,0,119,0,0,0,0,0,0,0,0,0,0,0,0,0,0,0,0,0,0,68,241,0,0,0,0,0,0,23,167,161,20,0,0,0,0,0,0,0,45,238,254,0,0,0,0,0,0,140,250,65,24,0,0,0,0,0,0,14,174,254,226,0,0,0,0,0,115,249,207,0,0,0,0,0,0,0,0,145,254,254,57,0,0,0,0,114,249,209,20,0,0,0,0,0,0,0,77,245,254,130,4,0,0,4,112,252,254,95,9,126,126,98,6,6,6,128,250,254,189,3,0,0,2,164,254,254,254,254,254,254,254,255,254,255,254,254,255,217,31,0,0,0,168,254,254,254,220,163,95,95,95,95,95,194,251,254,230,74,0,0,0,0,140,195,115,77,14,0,0,0,0,0,0,23,237,246,32,0,0,0,0,0,0,0,0,0,0,0,0,0,0,0,0,187,254,116,0,0,0,0,0,0,0,0,0,0,0,0,0,0,0,0,110,248,159,1,0,0,0,0,0,0,0,0,0,0,0,0,0,0,0,55,249,212,24,0,0,0,0,0,0,0,0,0,0,0,0,0,0,0,83,215,251,41,0,0,0,0,0,0,0,0,0,0,0,0,0,0,0,14,215,248,102,0,0,0,0,0,0,0,0,0,0,0,0,0,0,0,4,175,254,118,0,0,0,0,0,0,0,0,0,0,0,0,0,0,0,0,123,254,194,22,0,0,0,0,0,0,0,0,0,0,0,0,0,0,0,86,252,197,20,0,0,0,0,0,0,0,0,0,0,4
0,0,0,0,0,0,0,0,0,0,0,0,0,0,0,0,0,0,0,0,0,0,0,0,0,0,0,0,0,0,0,0,0,0,0,0,0,0,0,0,0,0,0,0,0,0,0,0,0,0,0,0,0,0,0,0,0,0,0,0,0,0,0,0,0,0,0,0,0,0,0,0,0,0,0,0,0,0,0,0,0,0,0,0,0,0,0,0,0,0,0,0,0,0,0,0,0,0,0,0,0,0,0,0,0,0,0,11,37,37,4,0,37,37,37,30,0,0,0,0,0,0,0,0,0,0,0,97,253,253,177,170,254,253,253,237,170,170,72,49,0,0,0,0,0,0,44,236,253,201,193,193,254,247,201,253,253,253,253,253,0,0,0,0,0,0,153,253,229,26,0,0,60,54,9,60,60,60,60,60,0,0,0,0,0,0,182,229,55,0,0,0,0,0,0,0,0,0,0,0,0,0,0,0,0,42,243,180,0,0,0,0,0,0,0,0,0,0,0,0,0,0,0,0,0,49,253,180,0,0,0,0,0,0,0,0,0,0,0,0,0,0,0,0,0,49,253,180,0,0,0,0,0,0,0,0,0,0,0,0,0,0,0,0,0,49,254,181,0,0,0,0,0,0,0,0,0,0,0,0,0,0,0,0,0,119,253,180,0,0,0,0,0,0,0,0,0,0,0,0,0,0,0,0,23,222,253,106,0,0,0,0,0,0,0,0,0,0,0,0,0,0,0,5,79,253,218,49,0,0,0,0,0,0,0,0,0,0,0,0,0,0,0,112,253,242,55,0,0,0,0,0,0,0,0,0,0,0,0,0,0,0,80,228,208,89,0,0,0,0,0,0,0,0,0,0,0,0,0,0,0,0,169,100,18,0,0,0,0,0,0,0,0,0,0,0,0,0,0,0,5
0,0,0,0,33,138,219,255,254,171,150,150,150,77,5,0,0,0,0,0,0,0,0,98,236,253,253,253,253,253,253,253,253,253,194,31,0,0,0,0,0,0,12,237,253,251,217,217,217,217,217,230,253,253,253,177,35,0,0,0,0,27,209,253,253,128,0,0,0,0,0,24,80,196,253,253,173,0,0,0,0,132,253,219,52,3,0,0,0,0,0,0,0,7,230,253,248,48,0,0,0,58,146,6,0,0,0,0,0,0,0,0,0,0,228,253,250,67,0,0,0,0,0,0,0,0,0,0,0,0,0,6,29,194,250,253,194,0,0,0,0,0,0,0,0,0,0,0,0,0,36,171,253,253,253,237,63,0,0,0,0,0,0,14,110,110,110,110,110,192,236,253,253,253,240,64,0,0,0,0,0,0,0,194,253,253,253,253,253,253,253,253,253,253,47,0,0,0,0,0,0,0,0,111,253,253,253,253,253,253,253,253,253,253,220,33,0,0,0,0,0,0,0,1,35,109,109,109,109,109,66,109,211,253,253,180,21,0,0,0,0,0,0,0,0,0,0,0,0,0,0,0,21,228,253,253,115,0,0,0,0,0,0,0,0,0,0,0,0,0,0,0,0,43,240,253,243,50,0,0,0,0,0,0,0,0,0,0,0,0,0,0,0,0,154,253,253,167,0,0,0,0,0,0,0,0,0,0,0,0,0,0,0,0,210,253,253,196,0,0,0,0,0,0,0,0,0,0,0,0,0,0,9,68,201,253,253,196,0,0,47,115,81,11,4,0,0,0,7,11,11,90,174,253,253,253,253,145,0,0,233,253,253,253,189,161,161,161,218,253,253,253,253,253,253,253,153,0,0,0,230,253,253,253,253,253,253,253,253,253,253,253,253,221,149,80,7,0,0,0,3
0,0,0,0,0,0,0,0,0,0,82,148,0,0,0,0,0,0,0,0,0,0,0,0,0,0,0,0,0,3,204,24,0,0,0,0,0,0,0,0,0,0,0,0,0,0,0,0,0,99,166,0,0,0,0,0,0,0,0,0,0,0,0,0,0,0,0,0,0,192,38,0,0,0,0,0,0,0,0,0,0,0,0,0,0,0,0,0,84,209,7,0,0,0,0,0,0,0,0,0,0,0,0,0,0,0,0,0,148,100,0,0,0,0,0,0,0,0,0,0,0,0,0,0,0,0,0,0,229,54,0,0,0,0,0,0,0,0,0,0,0,0,0,0,0,0,0,56,198,5,0,0,0,0,0,0,0,0,0,0,0,0,0,0,0,0,0,105,135,0,0,0,0,0,0,0,0,0,0,0,0,0,0,0,0,0,2,212,83,0,0,1,4,1,0,0,0,0,0,0,0,0,0,0,0,0,7,254,70,0,8,164,254,204,63,0,0,0,0,0,0,0,0,0,0,0,7,254,5,0,193,237,205,244,238,18,0,0,0,0,0,0,0,0,0,0,7,212,1,130,220,37,0,68,254,28,0,0,0,0,0,0,0,0,0,0,67,232,69,227,45,0,0,79,201,1,0,0,0,0,0,0,0,0,0,0,74,254,245,149,0,8,83,246,78,0,0,0,0,0,0,0,0,0,0,0,19,252,254,212,151,225,254,104,0,0,0,0,0,0,0,0,0,0,0,0,0,94,237,254,255,225,82,0,0,0,0,0,0,0,0,0,0,0,0,0,0,0,0,0,0,0,0,0,0,0,0,0,0,0,0,0,0,0,0,0,0,0,0,0,0,0,0,0,0,0,0,0,0,0,0,0,0,0,0,0,0,0,0,0,0,0,0,0,0,0,0,0,0,0,6
0,0,0,0,0,0,0,0,0,0,0,0,0,0,0,0,0,0,0,0,0,0,0,0,0,0,0,0,0,0,0,0,0,0,0,0,0,0,0,0,0,0,0,0,0,128,255,128,0,0,0,0,0,0,0,0,0,191,191,0,0,0,0,0,191,255,255,255,128,0,0,0,0,0,0,0,128,255,255,128,0,0,0,64,255,255,128,0,0,0,0,0,0,0,0,0,255,255,128,64,0,0,64,255,255,128,0,0,0,0,0,0,0,0,0,128,255,255,64,0,0,0,191,255,191,0,0,0,0,0,0,0,0,0,0,255,255,128,0,0,0,191,255,255,0,0,0,0,0,0,0,0,0,0,64,255,255,128,0,0,64,255,255,64,0,0,0,0,0,0,0,0,0,0,128,255,255,0,0,0,191,255,128,0,0,0,0,0,0,0,0,0,0,0,128,255,191,0,0,0,128,255,255,128,0,0,0,0,0,0,0,64,128,128,255,255,0,0,0,0,0,255,255,255,255,191,128,255,255,255,255,255,255,255,255,255,0,0,0,0,0,0,128,255,255,255,255,255,255,255,255,255,255,255,255,255,64,0,0,0,0,0,0,0,64,128,255,128,128,64,0,0,0,255,255,191,0,0,0,0,0,0,0,0,0,0,0,0,0,0,0,0,64,255,255,64,0,0,0,0,0,0,0,0,0,0,0,0,0,0,0,0,255,255,191,0,0,0,0,0,0,0,0,0,0,0,0,0,0,0,0,0,255,255,128,0,0,0,0,0,0,0,0,0,0,0,0,0,0,0,0,0,255,255,128,0,0,0,0,0,0,0,0,0,0,0,0,0,0,0,0,0,255,255,0,0,0,0,0,0,0,0,0,0,0,0,0,0,0,0,0,0,255,255,0,0,0,0,0,0,4
0,0,0,0,0,0,0,0,0,0,0,0,0,0,0,0,0,0,0,0,0,0,0,0,0,0,0,0,0,0,0,0,0,0,0,0,0,0,0,0,0,0,0,0,0,0,0,0,0,0,0,0,0,0,0,0,0,0,0,0,0,0,0,0,0,0,64,0,128,191,255,255,255,255,191,0,0,0,0,0,0,0,0,0,0,0,191,255,255,255,255,255,255,255,255,64,0,0,0,0,0,0,0,0,64,255,255,255,255,255,255,128,255,255,255,128,0,0,0,0,0,0,0,64,255,255,255,255,255,128,0,0,0,255,255,128,0,0,0,0,0,0,0,128,255,255,255,191,0,0,0,0,64,255,255,191,0,0,0,0,0,0,0,128,255,255,191,0,0,64,64,128,191,255,255,255,0,0,0,0,0,0,0,128,255,255,255,255,255,255,255,255,255,255,255,255,0,0,0,0,0,0,0,128,255,255,255,255,255,255,255,255,255,255,255,128,0,0,0,0,0,0,0,0,64,191,255,255,255,191,128,255,255,255,255,64,0,0,0,0,0,0,0,0,0,0,0,0,0,0,0,255,255,255,191,0,0,0,0,0,0,0,0,0,0,0,0,0,0,0,0,255,255,255,64,0,0,0,0,0,0,0,0,0,0,0,0,0,0,0,191,255,255,255,0,0,0,0,0,0,0,0,0,0,0,0,0,0,0,128,255,255,255,64,0,0,0,0,0,0,0,0,0,0,0,0,0,0,0,191,255,255,128,0,0,0,0,0,0,0,0,0,0,0,0,0,0,0,191,255,255,255,64,0,0,0,0,0,0,0,0,0,0,0,0,0,0,0,255,255,255,128,0,0,0,0,0,0,0,0,0,0,0,0,0,0,0,64,255,255,255,0,0,0,0,0,0,0,0,0,9
0,0,0,0,0,0,0,0,0,0,0,0,0,0,0,0,0,0,0,0,0,0,0,0,0,0,0,13,92,141,229,253,255,253,165,28,0,0,0,0,0,0,0,0,0,13,144,206,253,252,252,252,253,252,252,215,26,0,0,0,0,0,0,0,98,209,252,252,206,168,130,56,69,187,252,252,200,0,0,0,0,0,0,101,253,252,214,90,13,0,0,0,0,7,153,252,225,0,0,0,0,0,10,229,251,200,25,0,0,0,0,0,0,0,0,226,254,84,0,0,0,0,85,252,225,0,0,0,0,0,0,0,0,0,0,225,253,84,0,0,0,0,57,243,225,0,0,0,0,0,0,0,0,0,0,225,253,84,0,0,0,0,0,25,25,0,0,0,0,0,0,0,0,0,126,249,228,9,0,0,0,0,0,0,0,0,0,0,0,0,0,0,0,7,204,253,214,0,0,0,0,0,0,0,0,0,0,0,32,57,144,119,70,187,252,227,38,0,0,0,0,0,0,0,0,19,85,185,229,252,252,252,253,252,252,139,0,0,0,0,0,0,0,0,63,194,252,252,253,202,252,252,253,252,177,15,0,0,0,0,0,0,0,63,254,253,231,125,29,166,253,253,254,253,253,40,0,0,0,0,0,0,0,138,253,227,75,157,216,252,252,151,103,252,252,139,0,0,0,0,0,0,0,225,253,252,252,252,253,196,80,6,7,187,252,139,0,0,0,0,0,0,0,125,253,252,252,151,28,9,0,0,0,69,252,240,0,0,0,0,0,0,0,0,63,38,0,0,0,0,0,0,0,0,198,253,126,0,0,0,0,0,0,0,0,0,0,0,0,0,0,0,0,0,197,252,231,19,0,0,0,0,0,0,0,0,0,0,0,0,0,0,0,0,131,243,253,84,0,0,2
0,0,0,0,0,0,0,0,33,238,241,65,25,160,2,0,0,0,0,0,0,0,0,0,0,0,0,0,157,241,125,0,0,0,0,0,0,0,0,0,0,0,0,0,0,0,0,75,252,184,0,0,0,0,0,0,0,0,0,0,0,0,0,0,0,0,35,236,224,22,0,0,0,0,0,0,0,0,0,0,0,0,0,0,0,0,110,254,153,0,0,0,0,0,0,0,0,0,0,0,0,0,0,0,0,36,234,223,24,0,0,0,0,0,0,0,0,0,0,0,0,0,0,0,0,82,254,107,0,0,0,0,0,0,0,0,0,0,0,0,0,0,0,0,0,195,243,21,0,0,0,0,0,0,0,0,0,0,0,0,0,0,0,0,58,251,193,0,0,0,0,0,0,5,39,36,0,0,0,0,0,0,0,0,81,254,152,0,0,0,0,6,88,213,254,250,134,0,0,0,0,0,0,0,165,254,68,0,0,0,41,196,254,254,254,254,250,133,0,0,0,0,0,0,242,254,21,0,6,118,245,254,180,56,94,180,254,241,0,0,0,0,0,0,242,226,12,32,167,254,250,147,11,0,0,29,254,233,0,0,0,0,0,0,242,237,61,179,254,250,137,0,0,0,17,197,254,148,0,0,0,0,0,0,174,254,254,254,236,78,0,11,55,139,216,254,237,19,0,0,0,0,0,0,44,245,254,254,254,240,181,242,254,254,250,171,43,0,0,0,0,0,0,0,0,149,254,203,239,249,249,249,208,153,43,0,0,0,0,0,0,0,0,0,0,65,233,45,0,0,0,0,0,0,0,0,0,0,0,0,0,0,0,0,0,0,0,0,0,0,0,0,0,0,0,0,0,0,0,0,0,0,0,0,0,0,0,0,0,0,0,0,0,0,0,0,0,0,0,0,6
0,0,0,0,0,0,0,0,83,208,255,221,165,91,0,0,0,0,0,0,0,0,0,0,0,0,0,162,252,254,254,254,254,250,159,0,0,0,0,0,0,0,0,0,0,0,161,252,228,162,116,117,237,254,229,20,0,0,0,0,0,0,0,0,0,42,252,212,30,0,0,0,95,254,254,111,0,0,0,0,0,0,0,0,0,48,252,36,0,0,0,0,81,254,254,117,0,0,0,0,0,0,0,0,0,0,122,11,0,0,0,0,116,254,233,22,0,0,0,0,0,0,0,0,0,0,0,0,0,0,0,2,198,254,200,0,0,0,0,0,0,0,0,0,0,0,0,0,0,0,0,62,254,254,143,0,0,0,0,0,0,0,0,0,0,0,0,0,0,0,5,162,254,215,15,0,0,0,0,0,0,0,0,0,0,0,0,0,0,0,97,254,254,124,0,0,0,0,0,0,0,0,0,0,0,0,0,0,0,26,208,254,176,2,0,0,0,0,0,0,0,0,0,0,0,0,0,0,4,161,254,212,19,0,0,0,0,0,0,0,0,0,0,0,0,0,0,0,111,254,253,126,0,0,0,0,0,0,0,0,0,0,0,0,0,0,0,68,244,254,147,0,0,0,0,0,0,0,0,0,0,0,0,0,0,0,19,238,254,211,22,0,0,0,0,0,0,0,0,0,0,0,0,0,0,0,172,254,254,201,143,111,18,0,0,0,0,0,0,0,0,0,0,0,16,163,253,254,254,254,254,254,202,64,0,0,0,0,0,0,0,0,0,61,201,254,254,254,249,227,248,254,254,194,3,0,0,0,0,0,0,0,20,222,254,254,245,157,62,0,55,220,254,250,21,0,0,0,0,0,0,0,126,254,254,254,31,0,0,0,0,30,164,122,0,0,0,0,0,0,2
0,0,0,0,0,0,105,183,253,183,42,0,0,0,0,0,0,0,0,0,0,0,0,0,0,159,253,252,252,252,226,80,0,0,0,0,0,0,0,0,0,0,0,2,75,249,253,252,252,252,252,242,153,19,0,0,0,0,0,0,0,0,0,22,252,252,253,169,84,84,172,227,252,196,0,0,0,0,0,0,0,0,0,110,252,252,253,63,0,0,0,104,252,249,140,18,0,0,0,0,0,0,0,233,253,253,212,0,0,0,0,18,141,250,253,165,0,0,0,0,0,0,0,232,252,217,97,0,0,0,0,0,0,118,252,252,80,0,0,0,0,0,0,223,252,138,0,0,0,0,0,0,0,20,245,252,106,0,0,0,0,0,0,127,252,68,0,0,0,0,0,0,0,0,99,252,187,16,0,0,0,0,0,127,252,147,0,0,0,0,0,0,0,0,37,235,253,107,0,0,0,0,0,110,253,253,0,0,0,0,0,0,0,0,0,212,255,168,0,0,0,0,0,22,252,252,36,0,0,0,0,0,0,0,0,211,253,231,16,0,0,0,0,20,245,252,115,0,0,0,0,0,0,0,0,211,253,252,21,0,0,0,0,0,99,252,239,42,0,0,0,0,0,0,0,211,253,252,21,0,0,0,0,0,37,235,253,150,0,0,0,0,0,0,0,211,253,252,109,0,0,0,0,0,0,132,254,253,100,0,0,0,0,4,96,253,255,253,109,0,0,0,0,0,0,0,174,252,247,163,50,0,0,92,252,252,253,189,5,0,0,0,0,0,0,0,12,135,251,252,244,233,232,251,252,252,223,40,0,0,0,0,0,0,0,0,0,0,130,231,252,253,252,252,252,252,80,0,0,0,0,0,0,0,0,0,0,0,0,28,129,209,252,252,252,76,0,0,0,0,0
0,0,0,0,0,0,0,0,0,0,0,0,16,141,141,141,29,22,0,0,0,0,0,0,0,0,0,0,0,0,0,51,128,252,252,252,253,234,82,7,0,0,0,0,0,0,0,0,60,197,197,246,231,130,234,252,253,252,252,116,0,0,0,0,0,0,0,51,191,252,252,252,225,0,22,78,203,252,252,190,0,0,0,0,0,7,117,241,255,253,253,253,151,0,0,0,154,253,253,253,0,0,0,0,32,101,252,252,247,196,109,84,0,0,0,0,103,252,233,145,0,0,0,38,229,252,252,214,50,0,0,0,0,0,0,0,29,252,80,0,0,0,38,225,253,252,164,28,0,0,0,0,0,0,0,0,29,252,56,0,0,7,154,253,251,150,25,0,0,0,0,0,0,0,0,0,29,253,69,0,7,150,252,252,150,0,0,0,0,0,0,0,0,0,0,0,29,252,93,0,29,252,252,127,25,0,0,0,0,0,0,0,0,0,0,0,29,252,56,0,79,252,177,3,0,0,0,0,0,0,0,0,0,0,0,0,29,252,56,0,154,253,56,0,0,0,0,0,0,0,0,0,0,0,0,0,92,228,31,0,253,252,56,0,0,0,0,0,0,0,0,0,0,0,0,0,216,240,43,0,253,252,171,10,0,0,0,0,0,0,0,0,0,0,0,89,253,158,0,0,153,252,252,178,0,0,0,0,0,0,0,0,0,0,0,163,241,47,0,0,26,231,253,253,242,141,104,29,26,0,0,13,16,54,229,253,214,0,0,0,0,19,190,252,253,252,252,252,244,169,169,206,216,252,252,151,38,0,0,0,0,0,19,106,178,252,252,252,253,252,252,252,244,142,56,6,0,0,0,0,0,0,0,0,4,28,28,128,140,139,139,90,25,0,0,0,0,0,0,0,0
0,0,0,0,0,0,0,0,0,0,0,0,0,0,0,0,0,0,0,0,0,0,0,0,0,0,0,0,0,0,0,0,0,0,0,0,0,0,0,0,0,0,0,0,0,0,0,0,0,0,0,0,45,233,116,0,0,0,0,0,0,0,0,0,0,0,74,177,45,0,0,0,220,252,185,0,0,0,0,0,0,0,0,0,0,0,173,252,154,0,0,0,226,252,185,0,0,0,0,0,0,0,0,0,0,17,198,252,238,0,0,0,226,252,185,0,0,0,0,0,0,0,0,0,0,54,252,252,133,0,0,0,226,252,185,0,0,0,0,0,0,0,0,0,0,54,252,252,106,0,0,23,232,252,199,14,0,0,0,0,0,0,0,0,0,145,252,233,33,0,0,128,252,252,252,66,0,0,0,0,0,0,0,0,8,193,252,228,34,160,161,247,252,252,245,59,0,0,0,0,0,0,0,0,64,248,252,252,252,252,253,252,252,205,78,0,0,0,0,0,0,0,0,0,0,186,252,252,252,252,253,252,252,102,0,0,0,0,0,0,0,0,0,0,0,0,22,63,127,0,255,253,209,21,0,0,0,0,0,0,0,0,0,0,0,0,0,0,0,57,253,252,103,0,0,0,0,0,0,0,0,0,0,0,0,0,0,0,0,133,253,252,26,0,0,0,0,0,0,0,0,0,0,0,0,0,0,0,0,133,253,252,26,0,0,0,0,0,0,0,0,0,0,0,0,0,0,0,11,227,253,252,26,0,0,0,0,0,0,0,0,0,0,0,0,0,0,0,14,252,253,252,26,0,0,0,0,0,0,0,0,0,0,0,0,0,0,0,14,252,253,178,8,0,0,0,0,0,0,0,0,0,0,0,0,0,0,0,14,252,253,145,0,0,0,0,0,0,0,0,4
0,0,0,0,0,0,0,0,0,0,0,0,0,0,0,0,0,0,0,0,0,0,0,0,0,0,0,0,0,0,0,0,0,0,0,0,0,0,0,0,0,0,0,0,0,0,0,0,0,0,0,0,0,0,0,0,0,0,0,0,0,0,0,0,0,0,0,0,0,0,0,15,237,227,25,0,0,0,0,0,0,0,0,0,0,0,0,78,112,190,191,211,252,252,121,0,0,0,0,0,0,0,0,0,0,4,136,251,252,252,245,252,252,252,147,0,0,0,0,0,0,0,0,0,0,69,252,252,210,101,104,252,252,252,147,0,0,0,0,0,0,0,0,0,0,236,252,146,14,45,236,252,252,252,59,0,0,0,0,0,0,0,0,0,0,254,218,51,114,236,255,253,253,190,0,0,0,0,0,0,0,0,0,0,0,218,252,252,252,252,253,252,252,189,0,0,0,0,0,0,0,0,0,0,0,92,231,251,252,235,109,195,252,189,0,0,0,0,0,0,0,0,0,0,0,0,0,77,84,14,0,190,252,205,11,0,0,0,0,0,0,0,0,0,0,0,0,0,0,0,0,190,252,252,42,0,0,0,0,0,0,0,0,0,0,0,0,0,0,0,0,191,253,190,0,0,0,0,0,0,0,0,0,0,0,0,0,0,0,0,0,190,252,189,0,0,0,0,0,0,0,0,0,0,0,0,0,0,0,0,0,190,252,189,0,0,0,0,0,0,0,0,0,0,0,0,0,0,0,0,0,190,252,189,0,0,0,0,0,0,0,0,0,0,0,0,0,0,0,0,0,190,252,189,0,0,0,0,0,0,0,0,0,0,0,0,0,0,0,0,0,191,253,190,0,0,0,0,0,0,0,0,0,0,0,0,0,0,0,0,0,190,252,153,0,0,0,0,0,0,9
0,0,0,0,0,0,0,0,0,0,0,0,0,0,0,0,0,0,0,0,0,0,0,0,0,0,0,0,0,0,0,0,0,0,0,0,0,0,0,0,0,0,0,0,0,0,0,0,0,0,0,0,0,0,0,0,0,0,0,0,0,0,0,42,227,250,146,146,146,169,255,254,255,255,231,13,0,0,0,0,0,0,0,151,253,253,253,253,253,253,253,253,253,253,253,159,0,0,0,0,0,0,0,151,253,253,253,253,253,253,253,253,253,253,253,245,38,0,0,0,0,0,0,133,253,253,253,253,253,244,210,210,210,227,253,253,108,0,0,0,0,0,0,11,99,172,172,90,118,90,0,0,0,98,253,253,70,0,0,0,0,0,0,0,0,0,0,0,0,0,0,0,0,98,253,253,43,0,0,0,0,0,0,0,0,0,0,0,0,0,0,0,0,119,253,253,43,0,0,0,0,0,0,0,0,0,0,0,0,0,0,0,21,222,253,253,43,0,0,0,0,0,0,0,0,0,0,0,0,0,0,0,114,253,253,187,4,0,0,0,0,0,0,0,0,0,0,0,0,0,0,14,223,253,253,81,0,0,0,0,0,0,0,0,0,0,0,0,0,0,0,146,253,253,232,17,0,0,0,0,0,0,0,0,0,0,0,0,0,0,0,238,253,253,171,0,0,0,0,0,0,0,0,0,0,0,0,0,0,0,87,248,253,230,45,0,0,0,0,0,0,0,0,0,0,0,0,0,0,45,243,253,253,156,0,0,0,0,0,0,0,0,0,0,0,0,0,0,0,158,253,253,210,27,0,0,0,0,0,0,0,0,0,0,0,0,0,0,39,225,253,253,86,0,0,0,0,0,0,0,0,0,0,0,0,0,0,0,125,253,253,235,15,0,0,0,0,0,0,0,7
0,0,0,0,0,0,0,0,0,0,0,0,0,0,0,0,0,0,0,0,0,0,0,0,0,0,0,0,0,92,253,192,12,0,0,0,0,0,0,0,0,0,0,0,0,0,0,0,0,169,252,253,27,0,0,0,0,0,0,0,0,0,0,0,0,0,0,0,0,169,252,253,27,0,0,0,0,0,0,0,0,0,0,0,0,0,0,0,0,169,252,253,27,0,0,0,0,0,0,0,0,0,0,0,0,0,0,0,0,169,252,253,27,0,0,0,0,0,0,0,0,0,0,0,0,0,0,0,0,169,253,255,27,0,0,0,0,0,0,0,0,0,0,0,0,0,0,0,51,243,252,253,27,0,0,0,0,0,0,0,0,0,0,0,0,0,0,0,57,252,252,165,6,0,0,0,0,0,0,0,0,0,0,0,0,0,0,0,57,252,252,140,0,0,0,0,0,0,0,0,0,0,0,0,0,0,0,0,57,252,252,140,0,0,0,0,0,0,0,0,0,0,0,0,0,0,0,0,57,253,253,141,0,0,0,0,0,0,0,0,0,0,0,0,0,0,0,0,57,252,252,94,0,0,0,0,0,0,0,0,0,0,0,0,0,0,0,0,57,252,252,79,0,0,0,0,0,0,0,0,0,0,0,0,0,0,0,0,19,196,252,95,0,0,0,0,0,0,0,0,0,0,0,0,0,0,0,0,0,169,252,140,0,0,0,0,0,0,0,0,0,0,0,0,0,0,0,0,0,169,253,141,0,0,0,0,0,0,0,0,0,0,0,0,0,0,0,0,0,169,252,178,9,0,0,0,0,0,0,0,0,0,0,0,0,0,0,0,0,169,252,253,136,0,0,0,0,0,0,0,0,0,0,0,0,0,0,0,0,150,239,253,167,0,0,0,0,0,0,0,1
0,0,0,0,0,0,0,0,0,0,69,252,255,232,136,43,74,10,0,0,0,0,0,0,0,0,0,0,0,75,244,253,253,253,253,253,253,151,0,0,0,0,0,0,0,0,0,13,90,240,253,253,253,253,253,253,253,253,0,0,0,0,0,0,0,0,0,93,253,253,253,253,253,207,200,253,253,253,0,0,0,0,0,0,0,0,0,177,253,253,161,112,187,16,107,253,253,156,0,0,0,0,0,0,0,0,0,128,253,213,27,2,129,184,245,253,253,86,0,0,0,0,0,0,0,0,0,3,11,9,6,12,200,253,253,253,157,1,0,0,0,0,0,0,0,0,0,0,8,165,253,253,253,253,253,253,209,21,0,0,0,0,0,0,0,0,0,57,188,253,253,253,253,253,253,253,253,135,0,0,0,0,0,0,0,0,10,195,253,253,253,253,253,253,253,253,253,135,0,0,0,0,0,0,0,0,29,230,253,253,253,253,244,100,109,253,253,226,0,0,0,0,0,0,0,0,0,79,253,253,253,199,36,0,110,253,253,209,0,0,0,0,0,0,0,0,0,6,114,141,89,11,0,22,214,253,253,135,0,0,51,12,12,7,0,0,0,0,0,0,0,0,2,167,253,253,196,11,0,0,253,253,253,147,0,0,0,0,0,0,0,2,112,253,253,253,35,0,0,0,253,253,253,147,0,0,0,0,0,0,0,112,253,253,253,177,12,0,0,0,253,253,253,224,126,66,66,66,66,110,183,252,253,253,206,15,0,0,0,0,227,253,253,253,253,253,253,253,253,253,253,253,253,199,72,0,0,0,0,0,49,228,253,253,253,253,253,253,253,253,253,253,181,12,0,0,0,0,0,0,0,13,17,67,135,135,135,162,253,253,145,129,7,0,0,0,0,0,0,0,3
0,0,0,0,0,0,0,0,0,0,0,0,0,0,0,0,0,0,0,0,0,0,0,0,0,0,0,0,0,0,0,0,0,0,0,0,0,0,0,0,0,0,0,0,0,0,0,0,0,0,0,0,0,0,0,0,0,0,0,0,0,24,32,12,32,32,32,32,32,32,32,12,32,72,190,191,47,0,0,0,48,221,251,173,251,253,251,251,251,251,253,173,251,251,251,253,62,0,0,0,234,251,251,251,251,253,251,251,251,251,253,251,251,251,251,253,62,0,0,0,253,251,251,251,251,253,251,251,251,251,193,114,251,251,251,193,23,0,0,0,60,158,158,158,158,159,158,158,119,0,0,0,128,253,193,0,0,0,0,0,0,0,0,0,0,0,0,0,0,0,0,24,221,243,82,0,0,0,0,0,0,0,0,0,0,0,0,0,0,0,0,32,251,188,0,0,0,0,0,0,0,0,0,0,0,0,0,0,0,0,24,186,251,188,0,0,0,0,0,0,0,0,0,0,0,159,59,158,158,59,194,251,251,228,158,159,138,0,0,0,0,0,0,124,253,255,253,253,253,253,255,253,253,253,253,255,253,253,253,253,0,0,0,221,251,253,251,251,251,251,253,251,251,251,251,253,251,251,251,251,0,0,0,142,251,253,251,251,251,251,253,251,251,140,126,126,126,126,236,251,0,0,0,8,31,31,31,31,31,31,253,251,140,4,0,0,0,0,27,31,0,0,0,0,0,0,0,0,0,0,253,231,47,0,0,0,0,0,0,0,0,0,0,0,0,0,0,0,0,0,255,221,0,0,0,0,0,0,0,0,0,0,0,0,0,0,0,0,0,0,253,220,0,0,0,0,0,0,0,0,0,0,0,0,0,0,0,0,0,0,253,220,0,0,0,0,0,0,0,0,7
0,0,0,0,0,0,0,0,0,0,0,0,0,0,0,0,0,0,0,0,0,0,0,0,0,0,0,0,0,0,0,0,0,0,0,0,0,0,0,0,0,0,0,0,0,0,0,0,0,0,1,41,91,128,172,215,255,207,40,0,0,0,0,0,0,0,0,10,94,126,183,254,247,227,155,206,254,244,39,0,0,0,0,78,189,189,189,220,229,229,174,116,38,0,60,209,187,35,0,0,0,0,0,8,124,139,139,77,0,0,0,0,0,74,243,167,8,0,0,0,0,0,0,0,0,0,0,0,0,0,0,22,157,214,91,8,0,0,0,0,0,0,0,0,0,0,0,0,0,16,109,229,174,23,0,0,0,0,0,0,0,0,0,0,0,0,0,0,0,128,253,107,9,0,0,0,0,0,0,0,0,0,0,0,0,0,0,0,0,122,232,115,0,0,0,0,0,0,0,0,0,0,0,0,0,0,0,0,0,0,123,248,112,0,0,0,0,0,0,0,0,0,0,0,0,0,0,0,0,0,6,180,200,0,0,0,0,0,0,0,0,0,0,0,0,0,0,0,0,0,0,70,252,87,0,0,0,0,0,0,0,0,0,0,0,0,0,0,0,0,0,0,189,139,0,0,0,0,0,0,0,0,0,0,0,0,0,0,0,0,0,2,195,139,0,0,0,0,0,0,0,0,0,0,0,0,0,0,0,0,0,54,250,68,0,0,0,0,0,0,0,0,0,0,0,0,0,0,0,0,15,150,216,0,0,0,0,0,0,0,0,0,0,0,0,0,0,0,0,0,149,229,72,0,0,0,0,0,0,0,0,0,0,0,0,0,0,0,0,135,234,94,0,0,0,0,0,0,0,0,0,63,133,0,0,0,0,60,172,232,69,0,0,0,0,0,0,0,0,0,3
0,0,0,0,0,0,0,0,0,0,0,0,0,0,0,0,0,0,0,0,0,0,0,0,0,0,0,0,0,0,0,0,0,0,0,0,0,0,0,0,0,0,0,0,0,0,0,0,0,0,0,0,0,0,0,0,0,0,0,0,0,0,0,0,0,13,145,229,254,254,254,220,60,0,0,0,0,0,0,0,0,0,0,0,38,193,253,219,207,156,190,240,239,71,0,0,0,0,0,0,0,0,0,0,120,248,145,13,0,0,0,67,254,194,5,0,0,0,0,0,0,0,0,0,186,240,34,0,0,0,0,0,120,253,113,0,0,0,0,0,0,0,0,0,255,254,46,0,0,0,0,26,187,224,17,0,0,0,0,0,0,0,0,0,120,253,146,0,0,0,0,76,115,27,0,0,0,0,0,0,0,0,0,0,13,218,249,107,9,0,0,9,9,0,0,0,0,0,0,0,0,0,0,0,0,30,236,253,210,134,134,209,159,0,0,0,0,0,0,0,0,0,0,0,0,0,0,134,229,254,254,254,229,15,0,0,0,0,0,0,0,0,0,0,0,0,0,0,15,23,23,190,254,23,0,0,0,0,0,0,0,0,0,0,0,0,0,0,0,0,0,184,254,31,0,0,0,0,0,0,0,0,0,0,0,0,0,0,0,0,0,184,254,115,0,0,0,0,0,0,0,0,0,0,0,0,0,0,0,0,0,160,254,115,0,0,0,0,0,0,0,0,0,0,0,0,0,0,0,0,0,93,254,115,0,0,0,0,0,0,0,0,0,0,0,0,0,0,0,0,0,93,254,115,0,0,0,0,0,0,0,0,0,0,0,0,0,0,0,0,0,93,254,148,0,0,0,0,0,0,0,0,0,0,0,0,0,0,0,0,0,34,254,207,0,0,0,0,0,0,9
0,0,0,0,0,0,0,0,0,0,0,0,0,0,0,0,0,0,0,0,0,0,0,0,0,0,0,0,0,0,0,0,0,0,0,0,0,0,0,0,0,0,0,0,0,0,0,0,0,0,0,0,0,0,0,0,0,0,0,0,0,0,0,0,0,0,0,0,64,174,235,255,150,7,0,0,0,0,0,0,0,0,0,0,0,0,0,67,246,254,254,254,254,160,0,0,0,0,0,0,0,0,0,0,0,0,3,177,254,153,76,159,254,238,21,0,0,0,0,0,0,0,0,0,0,0,0,186,254,36,0,0,211,254,34,0,0,0,0,0,0,0,0,0,0,0,0,163,254,55,0,0,167,254,91,0,0,0,0,0,0,0,0,0,0,0,0,186,254,91,0,0,167,254,183,0,0,0,0,0,0,0,0,0,0,0,0,186,254,124,0,9,224,254,54,0,0,0,0,0,0,0,0,0,0,0,0,145,254,236,137,189,254,254,34,0,0,0,0,0,0,0,0,0,0,0,0,27,236,254,254,254,254,214,2,0,0,0,0,0,0,0,0,0,0,0,0,0,35,117,216,237,254,122,0,0,0,0,0,0,0,0,0,0,0,0,0,0,0,0,0,160,245,27,0,0,0,0,0,0,0,0,0,0,0,0,0,0,0,0,14,230,239,0,0,0,0,0,0,0,0,0,0,0,0,0,0,0,0,0,97,254,191,0,0,0,0,0,0,0,0,0,0,0,0,0,0,0,0,0,134,254,67,0,0,0,0,0,0,0,0,0,0,0,0,0,0,0,0,8,233,224,7,0,0,0,0,0,0,0,0,0,0,0,0,0,0,0,0,71,254,114,0,0,0,0,0,0,0,0,0,0,0,0,0,0,0,0,0,131,254,69,0,0,0,0,0,0,0,0,9
0,0,0,0,0,0,0,0,0,0,0,0,0,0,0,0,0,0,0,0,0,0,0,0,0,0,0,0,0,0,0,0,0,0,0,0,0,0,0,0,0,0,0,0,0,0,0,0,0,0,0,0,0,0,0,0,0,0,0,0,0,0,0,0,0,0,0,0,0,97,223,188,188,235,45,158,105,0,0,0,0,0,0,0,0,0,0,0,199,253,254,254,255,254,251,252,232,0,0,0,0,0,0,0,0,0,206,202,226,254,254,174,120,80,168,254,235,0,0,0,0,0,0,0,0,86,184,214,228,173,120,6,0,37,248,254,245,57,0,0,0,0,0,92,149,239,254,183,25,6,0,0,18,190,254,254,235,0,0,0,0,0,0,236,254,254,254,128,0,0,0,67,189,254,254,254,235,0,0,0,0,0,96,252,254,254,71,7,0,67,116,244,254,254,254,254,191,0,0,0,0,0,112,254,254,112,7,106,210,244,254,254,200,228,254,254,104,0,0,0,0,0,81,249,254,236,203,246,254,254,200,88,16,170,254,247,75,0,0,0,0,0,0,236,254,254,254,254,202,155,15,0,36,235,254,194,0,0,0,0,0,0,0,60,116,195,85,65,13,0,0,0,77,254,254,98,0,0,0,0,0,0,0,0,0,0,0,0,0,0,0,0,177,254,254,98,0,0,0,0,0,0,0,0,0,0,0,0,0,0,0,0,177,254,254,98,0,0,0,0,0,0,0,0,0,0,0,0,0,0,0,0,177,254,249,83,0,0,0,0,0,0,0,0,0,0,0,0,0,0,0,7,187,254,137,0,0,0,0,0,0,0,0,0,0,0,0,0,0,0,0,67,255,230,35,0,0,0,0,0,0,0,0,0,0,0,0,0,0,0,0,184,255,137,0,0,0,0,0,0,9
0,0,0,0,0,0,0,24,96,232,253,253,253,177,253,249,103,0,0,0,0,0,0,0,0,0,45,246,253,246,177,97,10,2,128,253,186,0,0,0,0,0,0,0,0,88,246,253,184,94,0,0,0,0,79,253,186,0,0,0,0,0,0,0,0,176,252,202,20,0,0,0,0,0,174,253,186,0,0,0,0,0,0,0,0,84,169,0,0,0,0,0,0,9,202,253,156,0,0,0,0,0,0,0,0,0,0,0,0,0,0,0,0,38,253,244,44,0,0,0,0,0,0,0,0,0,0,0,0,0,0,0,0,203,253,164,0,0,0,0,0,0,0,0,0,0,0,0,0,0,0,1,121,251,218,74,0,0,0,0,0,0,0,0,0,0,0,0,0,0,0,63,253,253,72,0,0,0,0,0,0,0,0,0,0,0,0,0,0,0,39,230,253,188,15,0,0,0,0,0,0,0,0,0,0,0,0,0,0,47,230,247,176,8,0,0,0,0,0,0,0,0,0,0,0,0,0,0,41,230,253,176,0,0,0,0,0,0,0,0,0,0,0,0,0,0,2,100,229,253,201,8,0,0,0,0,0,0,0,0,0,0,0,0,0,53,186,253,253,253,81,0,0,0,0,0,0,36,61,0,0,0,0,16,170,236,253,253,253,253,51,0,0,0,0,0,42,225,248,42,0,0,38,205,253,253,215,83,226,253,79,0,0,0,49,119,227,253,210,34,0,47,234,253,252,141,19,0,209,253,199,115,115,212,243,253,251,149,13,0,20,220,253,235,92,0,0,0,86,253,253,253,253,253,236,145,68,0,0,0,0,75,134,31,0,0,0,0,1,110,233,253,253,143,32,0,0,0,0,0,0,0,0,0,0,0,0,0,0,0,0,0,0,0,0,0,0,0,0,0,2
0,0,0,0,0,0,0,0,0,0,0,0,0,0,0,0,0,0,0,0,0,0,0,0,0,0,0,0,0,0,0,0,0,0,0,0,0,0,0,0,0,0,0,0,0,0,0,0,160,253,195,0,0,0,0,0,0,0,0,0,0,0,0,0,0,0,0,61,237,252,252,0,0,0,0,105,104,0,0,0,0,0,0,0,0,0,63,234,252,252,235,0,0,0,7,191,225,47,0,0,0,0,0,0,0,64,233,252,252,231,49,0,0,7,145,252,252,224,24,0,0,0,0,9,84,232,252,252,252,115,0,0,0,37,252,252,252,191,10,0,0,0,0,37,252,252,252,252,178,6,0,0,7,156,252,252,231,62,0,0,0,0,0,37,252,252,252,252,234,205,90,0,123,252,252,232,120,0,0,0,0,0,0,37,252,252,252,252,252,252,252,103,237,252,252,145,0,0,0,0,0,0,0,21,164,200,252,252,252,252,252,253,252,252,231,41,0,0,0,0,0,0,0,0,3,6,11,11,58,183,252,253,252,252,146,0,0,0,0,0,0,0,0,0,0,0,0,0,0,58,248,255,253,234,40,0,0,0,0,0,0,0,0,0,0,0,0,0,0,121,252,253,252,204,0,0,0,0,0,0,0,0,0,0,0,0,0,0,78,243,252,253,220,37,0,0,0,0,0,0,0,0,0,0,0,0,0,0,217,252,252,251,87,0,0,0,0,0,0,0,0,0,0,0,0,0,0,90,242,252,252,127,0,0,0,0,0,0,0,0,0,0,0,0,0,0,91,241,252,252,217,0,0,0,0,0,0,0,0,0,0,0,0,0,0,21,213,252,252,216,30,0,0,0,0,0,0,0,0,0,0,0,0,0,0,164,252,252,252,143,0,0,0,0,0,0,0,0,0,0,4
0,0,0,0,0,46,20,0,0,0,0,0,0,0,0,0,0,0,0,0,0,0,0,0,0,210,135,58,111,111,149,111,30,0,0,0,0,0,0,0,0,0,0,0,0,210,254,254,254,254,254,254,221,3,0,0,0,0,0,0,0,0,0,0,104,249,249,187,105,35,35,163,255,5,0,0,0,0,0,0,0,0,0,0,226,222,95,0,0,0,0,240,226,3,0,0,0,0,0,0,0,0,0,0,15,14,0,0,0,0,90,253,109,0,0,0,0,0,0,0,0,0,0,0,0,0,0,0,0,22,236,241,40,0,0,0,0,0,0,0,0,0,0,0,0,0,0,0,12,184,254,65,0,0,0,0,0,0,0,0,0,0,0,0,0,0,0,0,76,254,223,9,0,0,0,0,0,0,0,0,0,0,0,0,0,0,0,32,220,249,97,0,0,0,0,0,0,0,0,0,0,0,0,0,0,0,0,161,254,183,0,0,0,0,0,0,0,0,0,0,0,0,0,0,0,0,0,220,237,56,0,0,0,0,0,0,0,0,0,0,0,0,0,0,0,0,101,249,134,0,0,0,0,0,0,0,0,5,25,186,0,0,0,0,0,0,165,249,58,0,0,0,0,0,0,0,38,193,254,173,0,0,0,0,0,59,244,185,0,0,0,0,0,0,11,113,239,238,92,9,0,0,0,0,0,79,254,134,0,0,0,0,0,68,211,254,212,25,0,0,0,0,0,0,0,11,254,198,56,32,69,135,212,247,238,96,11,0,0,0,0,0,0,0,0,3,188,255,236,248,254,254,255,107,38,0,0,0,0,0,0,0,0,0,0,0,32,156,209,197,110,15,10,1,0,0,0,0,0,0,0,0,0,0,0,0,0,0,0,0,0,0,0,0,0,0,0,0,0,0,2
0,131,167,185,239,167,157,74,0,0,0,0,0,0,0,0,0,0,0,0,0,246,254,229,254,254,254,253,212,128,49,0,0,0,0,0,0,0,0,0,0,102,135,39,105,105,144,196,254,254,249,182,83,0,0,0,0,0,0,0,0,0,0,0,0,0,0,2,29,143,218,254,247,131,8,0,0,0,0,0,0,0,0,0,0,0,0,0,0,0,11,90,230,254,80,0,0,0,0,0,0,0,0,0,0,0,0,0,0,0,0,0,149,254,123,0,0,0,0,0,0,0,0,0,0,0,0,0,0,0,9,82,226,254,114,0,0,0,0,0,0,0,0,0,0,0,0,0,7,79,182,254,254,171,9,0,0,0,0,0,0,0,0,0,0,2,79,97,187,254,255,254,211,14,0,0,0,0,0,0,0,0,0,0,92,186,254,254,254,254,254,254,254,237,175,133,49,0,0,0,0,0,0,81,254,254,254,254,197,145,89,88,139,175,244,254,254,119,0,0,0,0,0,72,183,171,57,8,3,0,0,0,0,0,53,172,254,250,92,0,0,0,0,0,0,0,0,0,0,0,0,0,0,0,0,9,103,254,178,0,0,0,0,0,0,0,0,0,0,0,0,0,0,0,0,0,27,254,245,0,0,0,0,0,0,0,0,0,0,0,0,0,0,0,0,0,103,254,199,0,0,0,73,37,0,0,0,0,0,0,0,0,0,0,0,0,156,254,157,0,0,0,104,240,187,42,15,0,0,0,0,0,0,0,0,77,243,237,57,0,0,0,0,104,227,254,226,187,103,18,18,18,18,67,151,243,246,108,0,0,0,0,0,0,13,82,227,252,254,254,254,254,254,254,254,249,75,0,0,0,0,0,0,0,0,0,0,60,82,166,166,196,166,166,121,41,0,0,0,0,3
0,0,0,0,0,0,0,0,7,205,254,248,77,0,0,0,0,0,0,0,0,0,0,0,0,0,0,0,172,254,254,144,0,0,0,0,0,0,0,0,0,0,0,0,0,0,0,35,231,254,222,40,0,0,0,0,0,0,0,0,0,0,0,0,0,0,0,218,254,254,77,0,0,0,0,0,0,0,0,0,0,0,0,0,0,0,71,250,254,119,1,0,0,0,0,0,0,0,0,0,0,0,0,0,0,21,242,254,238,13,0,0,0,0,0,0,0,0,0,0,0,0,0,0,0,56,254,254,136,0,0,0,0,0,4,82,70,0,0,0,0,0,0,0,0,138,254,244,35,0,0,21,114,160,241,254,251,199,0,0,0,0,0,0,4,218,254,118,0,0,63,209,254,254,254,254,254,253,74,0,0,0,0,0,58,254,254,9,0,85,219,254,254,254,254,254,254,254,91,0,0,0,0,0,163,254,206,4,44,219,254,254,240,194,111,19,196,254,91,0,0,0,0,39,251,244,62,23,229,254,254,204,67,0,1,74,240,254,91,0,0,0,0,92,254,229,0,180,254,254,194,16,0,40,151,254,254,250,31,0,0,0,0,142,254,215,0,245,254,254,186,134,134,236,254,254,248,103,0,0,0,0,0,187,254,172,71,252,254,254,254,254,254,254,254,252,66,0,0,0,0,0,0,187,254,254,254,254,254,254,254,254,254,254,251,98,0,0,0,0,0,0,0,102,254,254,254,254,254,254,254,254,231,203,47,0,0,0,0,0,0,0,0,23,178,254,254,254,254,186,104,62,20,0,0,0,0,0,0,0,0,0,0,0,0,0,0,0,0,0,0,0,0,0,0,0,0,0,0,0,0,0,0,0,0,0,0,0,0,0,0,0,0,0,0,0,0,0,0,0,6
0,0,0,0,0,0,0,0,0,0,0,0,0,0,0,0,0,0,0,0,0,0,0,0,0,0,0,0,0,0,0,0,0,0,0,0,130,176,0,0,0,0,0,0,0,0,0,0,0,0,0,0,0,0,0,51,247,114,0,0,0,0,0,0,0,0,0,0,25,209,140,0,0,0,0,137,249,36,0,0,0,0,0,0,0,0,0,20,193,254,127,0,0,0,29,230,240,0,0,0,0,0,0,0,0,0,4,162,254,254,65,0,0,0,150,254,143,0,0,0,0,0,0,0,0,4,157,254,254,141,0,0,0,50,252,254,56,0,0,0,0,0,0,0,0,135,254,254,140,3,0,0,10,191,254,157,2,0,0,0,0,0,0,0,93,251,254,174,0,0,0,0,99,254,244,46,0,0,0,0,0,0,0,0,207,254,224,42,0,0,0,2,243,254,165,0,0,0,0,0,0,0,0,0,207,254,254,231,95,5,0,156,254,245,51,0,0,0,0,0,0,0,0,0,47,142,254,254,254,200,155,249,254,129,0,0,0,0,0,0,0,0,0,0,0,1,55,176,247,254,254,254,186,1,0,0,0,0,0,0,0,0,0,0,0,0,0,0,34,209,254,237,15,0,0,0,0,0,0,0,0,0,0,0,0,0,0,0,71,253,254,64,0,0,0,0,0,0,0,0,0,0,0,0,0,0,0,0,156,255,193,8,0,0,0,0,0,0,0,0,0,0,0,0,0,0,0,84,250,253,46,0,0,0,0,0,0,0,0,0,0,0,0,0,0,0,25,226,254,158,0,0,0,0,0,0,0,0,0,0,0,0,0,0,0,0,78,254,204,19,0,0,0,0,0,0,0,0,0,0,0,0,0,0,0,26,240,253,94,0,0,0,0,0,0,0,0,0,0,0,4
0,0,0,0,0,0,0,0,0,0,0,0,0,0,0,0,0,0,0,0,0,0,0,0,0,0,0,0,0,0,0,19,239,155,0,0,0,0,0,0,0,0,0,0,0,0,0,0,0,0,182,226,253,155,0,0,0,0,0,0,0,0,0,0,0,0,0,0,0,102,241,253,253,223,0,0,0,0,0,0,0,0,0,0,0,0,0,0,0,254,253,200,253,253,0,0,0,0,0,0,0,0,0,0,0,0,0,0,76,254,200,36,238,253,0,0,0,0,0,0,0,0,0,0,0,0,0,25,231,255,76,0,235,254,0,0,0,0,0,0,0,0,0,0,0,0,0,92,253,219,21,0,234,245,0,0,0,0,0,0,0,0,0,0,0,0,55,247,253,30,0,0,234,155,0,0,0,0,0,0,0,0,0,0,0,19,180,253,185,0,0,0,234,245,0,0,0,0,0,0,0,0,0,0,0,154,253,222,14,0,0,0,234,253,0,0,0,0,0,0,0,0,0,83,255,254,254,254,254,194,112,59,239,254,23,0,0,0,0,0,0,0,0,195,254,253,253,253,253,254,253,253,253,253,98,0,0,0,0,0,0,0,0,195,254,216,174,137,174,175,241,253,253,222,30,0,0,0,0,0,0,0,0,90,95,10,0,0,0,0,24,196,253,155,0,0,0,0,0,0,0,0,0,0,0,0,0,0,0,0,0,48,245,155,0,0,0,0,0,0,0,0,0,0,0,0,0,0,0,0,0,0,235,178,0,0,0,0,0,0,0,0,0,0,0,0,0,0,0,0,0,0,234,253,0,0,0,0,0,0,0,0,0,0,0,0,0,0,0,0,0,0,234,253,0,0,0,0,0,0,0,0,0,0,0,0,0,0,0,0,0,0,234,253,53,0,0,0,0,0,4
0,0,0,0,0,0,0,0,0,0,0,0,0,0,0,0,0,0,0,0,0,0,0,0,0,0,0,0,0,0,7,66,191,255,203,7,0,0,0,0,0,0,0,0,0,0,0,0,0,70,187,252,252,253,252,56,101,169,82,0,0,0,0,0,0,0,0,29,134,253,252,252,252,253,252,84,234,253,196,0,0,0,0,0,0,0,0,185,252,253,252,214,90,153,252,240,252,253,196,0,0,0,0,0,0,0,32,229,253,239,113,25,51,129,166,253,253,239,38,0,0,0,0,0,0,0,44,240,252,225,0,0,0,166,252,252,177,75,0,0,0,0,0,0,0,0,0,197,252,235,28,0,126,253,252,252,52,0,0,0,0,0,0,0,0,0,0,197,252,253,234,225,249,253,252,77,3,0,0,0,0,0,0,0,0,0,0,38,226,254,253,253,253,214,0,0,0,0,0,0,0,0,0,0,0,0,0,45,194,253,252,252,177,38,0,0,0,0,0,0,0,0,0,0,0,0,19,215,252,253,252,252,139,0,0,0,0,0,0,0,0,0,0,0,0,126,231,252,252,253,252,252,139,0,0,0,0,0,0,0,0,0,0,0,176,254,253,253,241,254,253,253,128,0,0,0,0,0,0,0,0,0,0,82,243,253,252,170,72,253,252,252,28,0,0,0,0,0,0,0,0,0,0,197,252,253,170,13,113,253,252,224,19,0,0,0,0,0,0,0,0,0,0,197,252,228,9,38,225,253,252,68,0,0,0,0,0,0,0,0,0,0,0,198,253,229,54,229,253,254,222,25,0,0,0,0,0,0,0,0,0,0,0,172,252,253,252,252,252,247,103,0,0,0,0,0,0,0,0,0,0,0,0,19,231,253,252,252,214,100,0,0,0,0,0,0,0,0,0,0,8
0,0,0,0,0,0,0,0,0,0,0,0,0,0,0,0,0,0,0,0,0,0,0,0,0,0,2,7,95,161,255,255,215,27,1,0,0,0,0,0,0,0,0,0,2,31,156,253,253,253,253,253,253,253,104,0,0,0,0,0,0,0,2,31,156,253,253,250,235,204,111,147,250,253,160,0,0,0,0,0,0,2,103,253,253,250,207,85,0,0,0,0,205,253,160,0,0,0,0,0,1,103,253,253,234,128,0,0,0,0,0,10,211,253,160,0,0,0,0,0,7,253,253,231,84,0,0,0,0,0,0,75,253,253,160,0,0,0,0,0,6,231,201,36,0,0,0,0,0,0,67,193,253,238,72,0,0,0,0,0,0,40,0,0,0,0,0,0,11,81,234,253,253,183,32,0,0,0,0,0,0,0,0,0,0,9,56,141,196,253,253,253,253,253,226,71,33,0,0,0,0,0,0,0,0,68,253,253,253,253,206,222,191,191,244,253,225,13,0,0,0,0,0,0,0,128,253,253,205,154,15,30,0,0,99,245,253,142,4,0,0,0,0,0,0,27,179,154,16,0,0,0,0,0,0,127,253,253,48,0,0,0,0,0,0,0,0,0,0,0,0,0,0,0,0,20,234,253,135,0,0,0,0,0,11,32,0,0,0,0,0,0,0,0,0,35,238,253,135,0,0,0,0,0,93,230,196,30,0,0,0,0,0,0,0,100,253,253,29,0,0,0,0,0,4,124,253,233,114,0,0,0,0,0,83,235,253,209,7,0,0,0,0,0,0,38,253,253,197,0,0,0,34,106,221,253,209,22,0,0,0,0,0,0,0,3,173,253,249,205,112,112,218,253,253,209,22,0,0,0,0,0,0,0,0,0,29,216,253,253,253,253,253,253,164,7,0,0,0,0,3
0,0,0,0,0,0,0,0,0,0,0,0,0,0,0,0,0,0,0,0,0,0,0,0,0,0,0,0,0,0,0,0,0,0,0,0,0,0,0,0,0,0,0,0,0,0,0,0,0,0,72,152,254,253,193,71,0,0,0,0,0,0,0,0,0,0,0,0,21,142,253,252,253,252,253,252,0,0,0,0,0,0,0,0,0,0,0,21,214,253,254,253,234,253,254,253,0,0,0,0,0,0,0,0,0,0,21,203,253,252,151,111,92,232,253,212,0,0,0,0,0,0,0,0,0,21,214,253,244,162,0,0,0,0,0,0,0,0,0,0,0,0,0,0,0,183,253,252,162,0,0,0,0,41,163,203,0,0,0,0,0,0,0,0,132,253,254,131,0,0,0,0,113,233,254,253,82,0,0,0,0,0,0,0,253,252,172,10,0,0,21,183,253,252,253,252,0,0,0,0,0,0,0,102,254,253,62,41,51,132,254,253,254,253,254,233,0,0,0,0,0,0,0,102,253,252,223,243,253,252,253,252,253,252,253,111,0,0,0,0,0,0,0,0,214,253,254,253,254,233,82,82,214,253,224,20,0,0,0,0,0,0,0,0,10,91,50,50,91,30,0,123,253,252,162,0,0,0,0,0,0,0,0,0,0,0,0,0,0,0,31,233,254,253,41,0,0,0,0,0,0,0,0,0,0,0,0,0,0,0,173,252,253,171,0,0,0,0,0,0,0,0,0,0,0,0,0,0,0,21,254,253,224,40,0,0,0,0,0,0,0,0,0,0,0,0,0,0,21,162,253,252,102,0,0,0,0,0,0,0,0,0,0,0,0,0,0,0,72,253,255,192,0,0,0,0,0,0,0,0,0,0,0,0,0,0,0,0,233,252,253,70,0,0,0,0,0,0,0,0,9
0,0,0,0,0,0,51,238,196,0,0,0,101,113,113,113,63,0,0,0,0,0,0,0,0,48,159,252,246,225,225,226,249,252,252,252,178,9,0,0,0,0,0,0,7,165,253,252,252,252,252,253,252,252,252,252,253,27,0,0,0,0,0,0,123,252,253,252,252,252,252,225,176,121,252,252,253,27,0,0,0,0,0,0,169,252,253,252,252,157,112,0,0,57,252,252,253,27,0,0,0,0,0,0,108,253,255,215,31,0,0,0,0,120,253,253,255,27,0,0,0,0,0,0,3,27,27,18,0,0,0,0,29,215,252,252,106,3,0,0,0,0,0,0,0,0,0,0,0,0,0,0,194,252,252,141,0,0,0,0,0,0,0,0,0,0,0,0,0,0,0,92,243,252,233,37,0,0,0,0,0,0,0,0,0,0,0,0,0,0,79,253,252,252,145,0,0,0,0,0,0,0,0,0,0,0,0,0,0,13,191,255,253,196,0,0,0,0,0,0,0,0,0,0,0,0,0,0,51,228,252,253,223,52,0,0,0,0,0,0,0,0,0,0,0,0,0,51,178,252,252,228,52,0,0,0,0,0,0,0,0,0,0,0,0,16,92,243,252,252,236,126,0,0,0,0,29,29,29,10,0,0,0,0,16,203,253,252,252,236,50,0,0,32,140,140,253,252,252,161,0,0,0,57,253,253,255,253,253,253,253,255,253,253,253,253,255,253,253,240,0,0,76,200,252,252,253,252,252,252,252,253,252,252,252,252,253,252,233,71,0,120,246,252,252,252,253,252,252,252,252,253,252,208,195,195,196,195,74,0,0,253,252,252,252,236,225,223,192,84,84,84,84,19,0,0,0,0,0,0,0,174,252,252,157,50,0,0,0,0,0,0,0,0,0,0,0,0,0,0,2
0,0,0,0,0,0,0,0,0,0,0,0,0,0,0,0,0,0,0,0,0,0,0,0,0,0,0,0,0,0,0,0,0,0,0,0,0,0,0,0,0,0,0,0,0,2,59,146,246,255,255,199,66,0,0,0,0,0,0,0,0,0,0,0,0,44,253,253,253,253,253,253,237,68,0,0,0,0,0,0,0,0,0,0,0,122,253,252,195,139,139,241,248,238,198,0,0,0,0,0,0,0,0,0,49,243,253,103,0,0,0,0,0,117,238,35,0,0,0,0,0,0,0,14,183,253,238,40,0,0,0,0,80,241,226,0,0,0,0,0,0,0,0,140,253,248,63,0,0,0,0,1,171,253,222,0,0,0,0,0,0,0,0,151,253,243,0,0,0,0,0,156,253,253,119,0,0,0,0,0,0,0,0,151,253,246,71,0,80,133,127,250,253,253,119,0,0,0,0,0,0,0,0,31,169,253,249,233,252,250,151,139,253,253,119,0,0,0,0,0,0,0,0,0,30,190,253,253,250,156,0,92,253,253,119,0,0,0,0,0,0,0,0,0,0,3,54,54,50,0,0,130,253,253,119,0,0,0,0,0,0,0,0,0,0,0,0,0,0,0,0,75,253,253,119,0,0,0,0,0,0,0,0,0,0,0,0,0,0,0,0,22,253,253,190,0,0,0,0,0,0,0,0,0,0,0,0,0,0,0,0,22,253,253,226,0,0,0,0,0,0,0,0,0,0,0,0,0,0,0,0,20,244,253,226,0,0,0,0,0,0,0,0,0,0,0,0,0,0,0,0,0,168,253,226,0,0,0,0,0,0,0,0,0,0,0,0,0,0,0,0,0,168,253,226,0,0,0,0,0,0,0,0,0,0,0,0,0,0,0,0,0,168,253,226,0,0,0,0,0,9
0,0,0,0,0,0,0,0,0,0,0,0,0,0,0,0,0,0,0,0,0,0,0,0,0,0,0,0,0,0,0,2,181,101,0,0,0,0,0,0,0,0,0,0,0,0,0,0,0,0,0,6,254,139,0,0,0,0,0,0,0,0,0,0,0,0,0,0,0,0,0,71,254,139,0,0,0,0,0,0,0,0,0,0,0,0,0,0,0,0,0,58,254,139,0,0,0,0,0,0,0,0,0,0,0,0,0,0,0,0,0,75,254,139,0,0,0,0,0,0,0,0,0,0,0,0,0,0,0,0,0,156,254,49,0,0,0,0,0,0,0,0,0,0,0,0,0,0,0,0,17,222,211,11,0,0,0,0,0,0,0,0,0,0,0,0,0,0,0,0,67,254,178,0,0,0,0,0,0,0,0,0,0,0,0,0,0,0,0,0,227,254,95,0,0,0,0,0,0,0,0,0,0,0,0,0,0,0,0,0,250,254,76,0,0,0,0,0,0,0,0,0,0,0,0,0,0,0,0,40,252,168,0,0,0,0,0,0,0,0,0,0,0,0,0,0,0,0,0,120,254,126,0,0,0,0,0,0,0,0,0,0,0,0,0,0,0,0,3,199,252,47,0,0,0,0,0,0,0,0,0,0,0,0,0,0,0,0,41,254,204,0,0,0,0,0,0,0,0,0,0,0,0,0,0,0,0,0,51,255,106,0,0,0,0,0,0,0,0,0,0,0,0,0,0,0,0,0,140,254,5,0,0,0,0,0,0,0,0,0,0,0,0,0,0,0,0,0,233,255,5,0,0,0,0,0,0,0,0,0,0,0,0,0,0,0,0,0,205,254,5,0,0,0,0,0,0,0,0,0,0,0,0,0,0,0,0,0,237,145,1,0,0,0,0,0,0,0,0,0,1
0,0,0,0,0,0,0,0,0,0,0,0,0,0,0,0,0,0,0,0,0,0,0,0,0,0,0,0,0,0,0,0,0,0,0,0,0,0,0,0,0,0,0,0,0,0,0,0,0,0,0,0,0,0,0,0,0,0,0,0,0,0,0,0,0,0,7,160,201,139,191,222,253,253,128,9,0,0,0,0,0,0,0,0,26,68,186,252,252,253,252,252,252,252,253,92,0,0,0,0,0,0,0,64,222,252,252,252,252,253,208,183,89,152,253,92,0,0,0,0,0,0,34,238,253,252,252,252,252,98,17,0,0,116,253,92,0,0,0,0,0,0,144,252,253,252,221,96,22,0,0,0,0,116,253,92,0,0,0,0,0,0,189,251,221,42,0,0,0,0,0,0,0,116,255,92,0,0,0,0,0,0,0,84,0,0,0,0,0,0,0,0,17,193,249,75,0,0,0,0,0,0,0,0,0,0,0,0,0,0,0,0,93,252,115,0,0,0,0,0,0,0,0,0,0,0,0,0,0,0,0,0,134,252,0,0,0,0,0,0,0,0,0,0,0,0,0,0,0,0,0,0,207,252,0,0,0,0,0,0,0,0,0,0,0,0,0,0,0,0,0,132,253,232,0,0,0,0,0,0,0,0,0,0,0,0,0,0,0,0,9,197,235,18,0,0,0,0,0,0,0,0,0,0,0,0,0,0,0,0,130,252,160,0,0,0,0,0,0,0,0,0,0,0,0,0,0,0,0,19,236,252,66,0,0,0,0,0,0,0,0,0,0,0,0,0,0,0,0,128,252,136,4,0,0,0,0,0,0,0,0,0,0,0,0,0,0,0,11,149,253,69,0,0,0,0,0,0,0,0,0,0,0,0,0,0,0,0,116,253,252,141,0,0,0,0,0,0,0,0,7
0,0,0,0,0,0,0,0,0,0,0,0,0,0,0,0,0,0,0,0,0,0,0,0,0,0,0,0,0,0,0,0,0,0,0,0,0,0,0,0,0,0,0,0,0,0,0,0,47,25,0,0,0,29,60,53,0,0,0,0,0,0,0,0,0,2,95,164,233,201,98,0,19,206,253,243,164,9,0,0,0,0,0,0,0,102,253,253,253,253,199,49,206,253,253,253,253,85,0,0,0,0,0,0,111,245,253,253,253,253,254,236,253,253,253,253,253,243,97,0,0,0,11,179,245,253,253,253,248,223,148,253,253,239,179,201,253,253,208,0,0,0,95,253,253,253,253,253,128,0,105,253,245,63,0,179,253,253,232,56,0,111,248,253,253,253,253,116,4,0,247,232,66,0,0,28,211,253,253,245,0,209,253,253,253,248,128,4,0,0,139,193,0,0,0,0,134,253,253,253,63,235,253,253,253,223,0,0,0,0,105,193,0,0,0,0,134,253,253,253,106,254,254,254,223,44,0,0,0,0,0,114,37,0,0,75,184,255,254,192,140,253,253,253,142,0,0,0,0,0,0,11,16,0,54,197,253,253,242,80,246,253,253,253,29,0,0,0,0,0,0,4,15,87,243,253,253,253,208,0,105,253,253,253,135,35,0,0,0,0,121,151,253,253,253,253,253,253,137,0,74,240,253,253,253,233,224,224,224,224,254,253,253,253,253,253,253,129,7,0,0,185,243,253,253,253,253,253,253,253,254,253,253,253,244,205,74,4,0,0,0,0,86,253,253,253,253,253,253,253,254,253,245,119,84,0,0,0,0,0,0,0,1,14,58,163,163,163,49,103,14,14,13,0,0,0,0,0,0,0,0,0,0,0,0,0,0,0,0,0,0,0,0,0,0,0,0,0,0,0,0
0,0,0,0,0,0,0,0,0,0,0,0,0,0,0,0,0,0,0,0,0,0,0,0,0,21,102,106,244,244,150,21,0,0,0,0,0,0,0,0,0,0,0,0,31,220,197,240,253,253,253,223,33,0,0,0,0,0,0,0,0,0,0,0,146,253,200,71,20,118,245,253,199,6,0,0,0,0,0,0,0,0,0,33,236,213,48,0,0,0,77,242,253,94,0,0,0,0,0,0,0,0,0,144,253,65,0,0,0,0,4,215,253,51,0,0,0,0,0,0,0,0,0,255,166,4,0,0,0,0,89,253,219,18,0,0,0,0,0,0,0,0,0,145,33,0,0,0,0,9,204,253,155,0,0,0,0,0,0,0,0,0,0,0,0,0,0,0,0,183,253,184,0,0,0,0,0,0,0,0,0,0,0,0,0,0,0,11,171,247,253,105,0,0,0,0,0,0,0,0,0,0,0,0,0,0,14,148,253,253,132,1,0,0,0,0,0,0,0,0,0,0,0,0,0,64,212,253,253,127,22,0,0,0,0,0,0,0,0,0,0,0,0,0,106,243,253,250,121,2,0,0,0,0,0,0,0,0,0,0,0,0,0,66,238,253,228,116,0,0,0,0,0,63,79,79,37,24,79,106,0,0,0,150,253,253,245,228,186,186,228,228,228,248,253,253,240,236,253,253,0,0,0,124,253,253,253,253,253,253,253,253,253,253,187,186,186,186,93,83,0,0,0,7,117,139,139,139,139,91,36,36,36,36,1,0,0,0,0,0,0,0,0,0,0,0,0,0,0,0,0,0,0,0,0,0,0,0,0,0,0,0,0,0,0,0,0,0,0,0,0,0,0,0,0,0,0,0,0,0,0,0,0,0,0,0,0,0,0,0,0,0,0,0,0,0,0,0,0,0,2
0,0,0,0,0,0,0,0,0,0,0,0,0,0,0,0,0,0,0,0,0,0,0,0,0,0,0,0,0,26,223,203,13,0,0,0,0,0,0,0,0,0,0,0,0,0,0,0,0,0,197,252,113,0,0,0,0,0,0,0,0,0,0,0,0,0,0,0,0,19,215,252,113,0,0,0,0,0,0,0,0,0,0,0,0,0,0,0,0,57,252,252,113,0,0,0,0,0,0,0,0,0,0,0,0,0,0,0,0,57,253,253,0,0,0,0,0,0,0,0,0,0,0,0,0,0,0,0,0,57,252,252,0,0,0,0,0,0,0,0,0,0,0,0,0,0,0,0,0,57,252,214,0,0,0,0,0,0,0,0,0,0,0,0,0,0,0,0,0,107,252,90,0,0,0,0,0,0,0,0,0,0,0,0,0,0,0,0,0,170,253,28,0,0,0,0,0,0,0,0,0,0,0,0,0,0,0,0,0,169,252,28,0,0,0,0,0,0,0,0,0,0,0,0,0,0,0,0,0,169,252,28,0,0,0,0,0,0,0,0,0,0,0,0,0,0,0,0,26,243,214,15,0,0,0,0,0,0,0,0,0,0,0,0,0,0,0,0,92,253,168,0,0,0,0,0,0,0,0,0,0,0,0,0,0,0,0,0,141,252,168,0,0,0,0,0,0,0,0,0,0,0,0,0,0,0,0,0,141,252,80,0,0,0,0,0,0,0,0,0,0,0,0,0,0,0,0,0,191,227,31,0,0,0,0,0,0,0,0,0,0,0,0,0,0,0,0,13,255,197,0,0,0,0,0,0,0,0,0,0,0,0,0,0,0,0,0,113,253,196,0,0,0,0,0,0,0,0,0,0,0,0,0,0,0,0,0,113,253,196,0,0,0,0,0,0,0,0,0,0,1
0,0,0,0,0,0,0,0,214,253,254,213,21,0,0,0,0,0,0,0,0,0,0,0,0,0,0,41,253,252,253,252,203,20,0,0,0,0,0,0,0,0,0,0,0,0,0,41,102,20,163,243,254,151,0,0,0,0,0,0,0,0,0,0,0,0,0,0,0,0,0,122,253,151,0,0,0,0,0,0,0,0,0,0,0,0,0,0,0,0,0,123,254,131,0,0,0,0,0,0,0,0,0,0,0,0,0,0,0,0,82,243,233,30,0,0,0,0,0,0,0,0,0,0,0,0,0,0,11,132,254,253,142,0,0,0,0,0,0,0,0,0,0,0,0,0,62,102,213,252,253,171,20,0,0,0,0,0,0,0,0,0,0,0,0,62,254,253,254,253,254,253,193,112,21,0,0,0,0,0,0,0,0,0,0,20,253,252,253,171,151,192,253,252,203,20,0,0,0,0,0,0,0,0,0,0,102,61,0,0,0,0,0,142,254,213,0,0,0,0,0,0,0,0,0,0,0,0,0,0,0,0,0,20,253,252,41,0,0,0,0,0,0,0,0,0,0,0,0,0,0,0,0,0,173,253,102,0,0,0,0,0,0,0,0,0,0,0,0,0,0,0,0,0,253,252,61,0,0,0,0,0,0,0,0,0,0,0,0,0,0,0,11,173,254,233,0,0,0,0,0,0,0,0,0,0,0,0,0,0,0,41,213,252,233,50,0,0,0,0,0,0,0,0,0,0,0,0,11,51,173,253,254,233,41,0,0,0,0,0,0,0,0,41,102,183,203,203,213,252,253,252,172,30,0,0,0,0,0,0,0,0,0,41,255,253,254,253,254,253,224,81,0,0,0,0,0,0,0,0,0,0,0,0,151,192,253,252,151,111,20,0,0,0,0,0,0,0,0,0,3
0,0,0,0,0,0,0,0,67,255,172,0,0,0,0,0,0,0,0,0,0,0,0,0,0,0,0,0,183,253,229,58,0,0,0,0,0,0,0,0,0,0,0,0,0,0,0,0,230,253,218,47,0,0,0,0,0,0,0,0,0,0,0,0,0,0,0,0,230,253,235,63,0,0,0,0,0,0,0,0,0,0,0,0,0,0,0,0,230,253,213,42,0,0,0,0,0,0,0,0,0,0,0,0,0,0,0,0,230,253,240,69,0,0,0,0,0,0,0,0,0,0,0,0,0,0,0,0,230,253,253,81,0,0,0,0,0,0,0,0,0,0,0,0,0,0,0,128,251,253,253,81,0,0,0,0,0,0,0,0,0,0,0,0,0,0,0,139,253,253,253,81,0,0,0,0,0,0,0,0,0,0,0,0,0,0,0,95,245,253,253,240,0,0,0,0,0,0,0,0,0,0,0,0,0,0,0,0,230,253,253,245,0,0,0,0,0,0,0,0,0,0,0,0,0,0,0,0,166,253,253,248,61,0,0,0,0,0,0,0,0,0,0,0,0,0,0,0,66,253,253,253,154,0,0,0,0,0,0,0,0,0,0,0,0,0,0,0,66,253,253,253,154,0,0,0,0,0,0,0,0,0,0,0,0,0,0,0,66,253,253,253,154,0,0,0,0,0,0,0,0,0,0,0,0,0,0,0,66,253,253,253,154,0,0,0,0,0,0,0,0,0,0,0,0,0,0,0,51,231,253,253,154,0,0,0,0,0,0,0,0,0,0,0,0,0,0,0,0,156,253,253,212,133,0,0,0,0,0,0,0,0,0,0,0,0,0,0,0,10,247,253,253,251,130,0,0,0,0,0,0,0,0,0,0,0,0,0,0,0,139,253,253,130,49,0,0,0,0,0,1
0,0,0,0,0,0,0,0,0,0,0,0,0,0,0,0,0,0,0,0,0,0,0,0,0,0,0,0,0,0,0,0,0,0,0,0,0,0,0,0,0,0,0,0,0,0,0,0,0,0,0,0,0,0,0,0,0,0,0,0,0,0,0,0,64,255,191,128,0,64,128,128,128,64,0,0,0,0,0,0,0,0,0,0,191,255,255,255,255,255,255,255,255,255,191,0,0,0,0,0,0,0,0,128,255,255,255,255,255,255,255,255,255,255,255,128,0,0,0,0,0,0,64,255,255,255,255,255,255,255,255,191,191,255,255,255,0,0,0,0,0,0,255,255,255,255,255,255,255,64,0,0,128,255,255,255,0,0,0,0,0,0,64,255,255,255,255,128,0,0,0,0,128,255,255,255,0,0,0,0,0,0,0,64,128,255,64,0,0,0,0,0,128,255,255,255,0,0,0,0,0,0,0,0,0,0,0,0,0,0,0,0,191,255,255,128,0,0,0,0,0,0,0,0,0,0,0,0,0,0,0,0,255,255,255,128,0,0,0,0,0,0,0,0,0,0,0,0,0,0,0,0,191,255,255,128,0,0,0,0,0,0,0,0,0,0,0,0,0,0,0,191,255,255,255,128,0,0,0,0,0,0,0,0,0,0,0,0,0,0,0,255,255,255,255,64,0,0,0,0,0,0,0,0,0,0,0,0,0,0,128,255,255,255,255,0,0,0,0,0,0,0,0,0,0,0,0,0,0,64,255,255,255,255,64,0,0,0,0,0,0,0,0,0,0,0,0,0,0,128,255,255,255,191,0,0,0,0,0,0,0,0,0,0,0,0,0,0,0,255,255,255,255,128,0,0,0,0,0,0,0,0,0,0,0,0,0,0,64,255,255,255,128,0,0,0,0,0,0,0,7
0,0,0,0,0,0,0,50,254,254,254,254,254,254,254,208,19,0,0,0,0,0,0,0,0,0,0,47,249,254,254,254,254,254,254,254,208,20,0,0,0,0,0,0,0,0,0,0,108,254,248,229,250,254,254,254,255,142,0,0,0,0,0,0,0,0,0,0,22,99,73,0,80,228,254,254,255,128,0,0,0,0,0,0,0,0,0,0,0,0,0,0,71,239,254,254,239,15,0,0,0,0,0,0,0,0,0,0,0,0,12,81,238,254,254,254,148,0,0,0,0,0,0,0,0,0,0,0,0,0,94,254,254,254,254,161,47,0,0,0,0,0,0,0,0,0,0,0,0,72,237,254,254,254,206,24,0,0,0,0,0,0,0,0,0,0,0,0,133,237,254,254,254,160,10,0,0,0,0,0,0,0,0,0,0,0,0,72,237,254,254,254,159,11,0,0,0,0,0,0,0,0,0,0,0,0,132,237,254,254,234,143,11,0,0,0,0,0,0,0,0,0,0,0,0,71,238,254,254,254,146,0,0,0,0,0,0,0,0,0,0,0,0,9,103,239,254,254,254,99,11,0,0,0,0,0,0,0,0,0,0,0,0,132,254,254,254,236,73,10,0,0,0,33,139,169,55,0,0,0,0,0,66,242,254,254,254,204,72,100,133,224,224,235,254,254,148,0,0,0,0,0,143,255,255,254,254,250,248,254,254,254,254,254,254,254,245,16,0,0,0,0,89,254,254,254,254,254,254,254,254,254,254,254,254,254,208,10,0,0,0,0,19,254,254,254,254,254,254,254,254,161,174,254,254,150,19,0,0,0,0,0,1,6,97,236,130,130,130,130,36,2,2,6,6,1,0,0,0,0,0,0,0,0,0,0,0,0,0,0,0,0,0,0,0,0,0,0,0,0,2
0,0,0,0,0,0,35,38,76,146,146,185,254,255,213,69,0,0,0,0,0,0,0,0,13,157,246,253,253,253,253,253,253,253,253,205,25,0,0,0,0,0,0,0,90,253,253,253,253,253,252,248,248,176,181,253,204,22,0,0,0,0,0,0,18,197,253,245,210,111,81,0,0,0,0,179,253,212,3,0,0,0,0,0,0,21,65,52,0,0,0,0,0,0,0,135,253,253,5,0,0,0,0,0,0,0,1,32,33,0,0,0,0,0,0,135,253,253,56,0,0,0,0,0,0,0,32,253,183,25,0,0,0,0,0,202,253,253,113,0,0,0,0,0,0,100,222,253,253,166,0,0,0,0,113,251,253,218,28,0,0,0,0,0,3,193,253,253,253,252,163,34,0,0,206,253,226,34,0,0,0,0,0,0,44,253,253,253,212,249,253,220,153,55,216,253,253,43,0,0,0,0,0,0,129,253,253,253,59,103,220,253,253,253,253,253,253,43,0,0,0,0,0,3,204,253,252,190,4,0,57,240,253,253,253,253,192,3,0,0,0,0,0,6,253,253,243,0,0,0,0,53,247,253,253,253,231,78,2,0,0,0,0,6,253,253,243,0,0,0,21,200,253,253,253,253,253,253,93,0,0,0,9,217,253,253,138,0,10,133,246,253,251,201,119,237,253,253,174,8,0,0,76,253,253,253,134,62,201,253,253,253,130,0,0,43,171,253,253,75,0,0,13,183,253,253,234,237,253,253,253,216,10,0,0,0,11,43,148,45,0,0,0,114,253,253,253,253,253,251,198,26,0,0,0,0,0,0,0,0,0,0,0,36,225,253,253,253,229,126,0,0,0,0,0,0,0,0,0,0,0,0,0,0,106,253,249,125,25,0,0,0,0,0,0,0,0,0,0,0,2
0,0,0,0,0,0,0,0,0,0,0,0,0,0,0,0,0,0,0,0,0,0,0,0,0,0,0,166,113,50,0,0,0,0,0,0,0,0,0,0,0,0,0,0,0,0,0,197,252,112,0,0,0,0,0,0,0,0,0,0,0,0,0,0,0,0,0,197,252,142,32,0,0,0,0,0,0,0,0,0,0,0,0,0,0,0,0,197,252,252,140,0,0,0,0,0,0,0,0,0,0,0,0,0,0,0,0,119,252,252,203,15,0,0,0,0,0,0,0,0,0,0,0,0,0,0,0,57,253,253,255,27,0,0,0,0,0,0,0,0,0,0,0,0,0,0,0,57,252,252,253,74,0,0,0,0,0,0,0,0,0,0,0,0,0,0,0,13,187,252,253,186,13,0,0,0,0,0,0,0,0,0,0,0,0,0,0,0,75,252,253,252,55,0,0,0,0,0,0,0,0,0,0,0,0,0,0,0,29,252,253,252,55,0,0,0,0,0,0,0,0,0,0,0,0,0,0,0,29,253,255,253,56,0,0,0,0,0,0,0,0,0,0,0,0,0,0,0,29,252,253,252,55,0,0,0,0,0,0,0,0,0,0,0,0,0,0,0,22,227,253,252,87,0,0,0,0,0,0,0,0,0,0,0,0,0,0,0,0,140,253,252,195,0,0,0,0,0,0,0,0,0,0,0,0,0,0,0,0,140,253,252,195,0,0,0,0,0,0,0,0,0,0,0,0,0,0,0,0,79,255,253,196,0,0,0,0,0,0,0,0,0,0,0,0,0,0,0,0,0,253,252,195,0,0,0,0,0,0,0,0,0,0,0,0,0,0,0,0,0,143,252,195,0,0,0,0,0,0,0,0,0,0,0,0,0,0,0,0,0,113,252,195,0,0,0,0,0,0,0,1
0,0,0,0,0,0,0,0,29,219,254,254,254,154,130,19,0,0,0,0,0,0,0,0,0,0,0,30,217,253,253,253,253,253,253,153,23,0,0,0,0,0,0,0,0,0,12,174,253,253,253,239,137,217,253,253,210,84,0,0,0,0,0,0,0,4,170,253,253,147,105,26,0,73,228,250,253,210,11,0,0,0,0,0,0,47,253,253,247,65,0,0,0,0,11,222,253,253,18,0,0,0,0,0,16,218,253,247,114,0,0,0,0,70,193,253,253,238,15,0,0,0,0,0,25,253,253,210,0,0,0,34,141,237,253,253,236,62,0,0,0,0,0,0,25,253,253,210,0,36,81,234,253,253,253,165,49,0,0,0,0,0,0,0,25,253,253,241,180,232,253,253,253,208,95,11,0,0,0,0,0,0,0,0,25,253,253,253,253,253,253,253,108,13,0,0,0,0,0,0,0,0,0,0,59,253,253,253,253,253,253,253,169,69,12,0,0,0,0,0,0,0,0,52,231,253,253,253,253,253,253,253,253,253,208,29,0,0,0,0,0,0,0,143,253,253,134,211,253,196,192,253,253,253,253,212,25,0,0,0,0,0,0,143,253,253,233,253,169,13,11,43,79,237,253,253,133,0,0,0,0,0,0,98,253,253,253,216,12,0,0,0,0,205,253,253,154,0,0,0,0,0,0,3,161,253,253,227,32,0,0,0,0,205,253,253,45,0,0,0,0,0,0,0,37,253,253,253,213,31,0,0,120,249,253,214,18,0,0,0,0,0,0,0,2,108,253,253,253,152,142,236,249,253,253,45,0,0,0,0,0,0,0,0,0,2,91,213,253,253,253,253,253,253,253,37,0,0,0,0,0,0,0,0,0,0,0,25,153,253,253,253,253,153,87,1,0,0,0,0,8
0,0,0,0,0,0,0,0,0,0,0,0,0,0,0,102,246,189,4,0,0,0,0,0,0,0,0,0,0,0,0,0,0,0,6,188,219,26,0,0,0,0,0,0,0,0,0,0,0,0,0,0,0,0,169,248,84,0,0,0,0,0,0,0,0,0,0,0,0,0,0,0,0,60,246,182,0,0,0,0,0,0,0,0,0,51,82,1,0,0,0,0,5,207,254,99,0,0,0,0,0,0,0,0,16,195,254,9,0,0,0,0,77,254,220,14,0,0,0,0,0,0,0,0,104,254,235,7,0,0,0,0,195,254,95,0,0,0,0,0,0,0,0,111,237,254,158,0,0,0,0,89,245,217,10,0,0,0,0,0,0,0,0,169,254,240,20,0,0,0,0,226,254,109,0,0,0,0,0,0,0,0,31,223,254,117,0,0,0,0,150,255,252,63,0,0,0,0,0,0,0,0,104,254,254,113,38,16,0,0,254,254,146,0,0,0,0,29,74,25,0,0,30,250,254,254,254,220,198,198,254,254,136,104,104,146,198,237,104,0,0,0,0,120,248,254,254,254,254,254,254,254,254,254,254,254,228,104,0,0,13,6,0,0,35,113,113,214,254,254,254,215,113,113,95,18,12,0,0,0,37,16,0,0,0,0,0,15,226,254,218,33,0,0,0,0,0,0,0,0,0,0,0,0,0,0,0,57,254,254,63,0,0,0,0,0,0,0,0,0,0,0,0,0,0,0,0,169,254,254,0,0,0,0,0,0,0,0,0,0,0,0,0,0,0,0,42,249,254,162,0,0,0,0,0,0,0,0,0,0,0,0,0,0,0,0,54,215,243,41,0,0,0,0,0,0,0,0,0,0,0,0,0,0,0,0,0,0,0,0,0,0,0,0,0,0,0,0,0,0,4
0,0,0,0,0,0,0,0,0,0,0,0,0,0,0,0,0,0,0,0,0,0,215,126,0,0,0,0,0,33,118,41,0,0,0,0,0,0,0,0,0,0,162,250,235,152,98,98,221,240,254,227,42,0,0,0,0,0,0,0,0,0,77,254,254,254,254,254,254,254,254,254,110,0,0,0,0,0,0,0,0,0,19,166,199,199,228,200,199,214,254,248,86,0,0,0,0,0,0,0,0,0,0,0,0,0,43,2,0,89,254,208,0,0,0,0,0,0,0,0,0,0,0,0,0,0,0,0,0,207,252,84,0,0,0,0,0,0,0,0,0,0,0,0,0,0,0,0,47,232,206,0,0,0,0,0,0,0,0,0,0,0,0,0,0,0,0,0,225,254,71,0,0,0,0,0,0,0,0,0,0,0,0,0,0,0,0,100,252,192,8,0,0,0,0,0,0,0,0,0,0,0,0,0,0,0,0,186,254,242,181,62,0,0,0,0,0,0,0,0,0,0,0,0,0,0,0,90,206,246,254,247,183,25,0,0,0,0,0,0,0,0,0,0,0,0,0,0,0,110,232,255,254,211,24,0,0,0,0,0,0,0,0,0,0,0,0,0,0,0,21,125,248,254,210,101,2,0,0,0,0,0,0,0,0,0,0,0,0,0,0,0,7,254,254,254,55,0,0,0,0,0,0,0,0,0,0,0,0,0,0,0,1,13,186,254,111,0,0,0,0,0,0,0,0,0,0,0,0,0,0,0,0,0,104,254,212,25,0,0,0,0,0,0,0,0,0,0,0,0,0,0,0,0,104,254,205,16,0,0,0,0,0,0,0,0,0,0,0,34,12,0,2,110,210,254,95,0,0,0,0,0,0,0,0,0,0,0,57,237,158,21,103,254,254,191,21,0,0,0,3
0,0,0,0,0,0,0,0,0,0,0,0,0,0,0,0,0,0,0,0,0,0,0,0,0,0,0,0,0,0,0,11,92,254,213,0,0,0,0,0,0,0,0,0,0,0,0,0,0,0,82,213,252,253,252,0,0,0,0,0,0,0,0,0,0,0,0,0,0,113,233,254,253,254,253,0,41,0,0,0,0,0,0,0,0,0,0,21,142,253,252,253,252,253,171,123,243,82,0,0,0,0,0,0,0,0,21,132,253,254,253,254,253,224,102,254,253,102,0,0,0,0,0,0,0,21,203,253,252,253,252,253,252,243,243,253,252,61,0,0,0,0,0,0,0,173,253,254,253,254,253,254,253,254,253,254,91,0,0,0,0,0,0,0,41,253,252,172,172,253,252,233,192,253,252,172,10,0,0,0,0,0,0,0,203,254,253,254,253,254,253,254,253,254,233,0,0,0,0,0,0,0,0,0,203,253,252,253,252,253,252,253,252,233,50,0,0,0,0,0,0,0,0,0,41,203,203,203,203,234,253,254,253,203,0,0,0,0,0,0,0,0,0,0,0,0,0,0,0,233,252,253,252,223,20,0,0,0,0,0,0,0,0,0,0,0,0,11,173,254,253,234,253,254,50,0,0,0,0,0,0,0,0,0,0,0,0,92,252,253,130,152,252,233,30,0,0,0,0,0,0,0,0,0,0,0,62,214,253,123,0,152,253,203,0,0,0,0,0,0,0,0,0,0,0,0,142,253,212,0,0,152,252,203,0,0,0,0,0,0,0,0,0,0,0,52,233,255,91,0,82,255,253,82,0,0,0,0,0,0,0,0,0,0,0,152,252,233,112,163,243,253,171,0,0,0,0,0,0,0,0,0,0,0,0,153,253,255,253,255,253,163,20,0,0,0,0,0,0,0,8
0,0,0,0,0,0,0,0,0,0,0,0,0,0,0,0,0,0,0,0,0,0,0,0,0,0,0,0,0,0,0,0,0,0,0,0,0,0,0,0,0,0,0,0,0,0,0,0,0,0,0,0,0,0,2,49,237,255,91,1,0,0,0,0,0,0,0,0,0,0,0,0,0,4,150,253,253,253,190,9,0,0,0,0,0,0,0,0,0,0,0,0,6,148,253,253,253,197,11,0,0,0,0,0,0,0,0,0,0,0,0,37,177,253,253,253,253,142,0,0,0,0,0,0,0,0,0,0,0,0,7,146,253,253,243,222,237,27,0,0,0,0,0,0,0,0,0,0,0,0,135,253,253,242,147,0,46,0,0,0,0,0,0,0,0,0,0,0,0,55,228,253,253,97,0,0,0,0,0,0,0,0,0,0,0,0,0,0,55,228,253,253,240,44,0,0,0,0,0,0,0,0,0,0,0,0,0,54,228,253,253,253,200,13,0,0,0,0,0,0,0,0,0,0,0,0,8,184,253,253,253,253,236,42,0,0,0,0,0,0,0,0,0,0,0,0,65,253,253,253,117,152,75,0,0,0,0,0,0,0,0,0,0,0,0,20,232,253,240,94,16,0,0,0,0,0,0,0,0,0,0,0,0,0,0,25,253,253,210,0,0,0,0,0,0,0,0,0,0,0,0,0,0,0,0,128,253,253,107,0,0,0,0,0,0,0,0,0,0,0,0,0,0,0,53,187,253,176,13,0,0,0,0,0,0,0,0,0,0,0,0,0,0,0,143,253,253,93,0,0,0,0,0,0,0,0,0,0,0,0,0,0,0,0,143,253,240,54,0,0,0,0,0,0,0,0,0,0,0,0,0,0,0,0,143,253,222,0,0,0,0,0,0,0,0,0,0,0,0,0,1
0,0,0,0,0,0,0,0,0,0,0,0,0,0,0,0,0,0,0,0,0,0,31,51,254,252,252,252,254,252,252,49,0,0,0,0,0,0,0,0,0,41,191,250,252,250,250,250,252,250,250,130,82,0,0,0,0,0,0,0,0,102,250,250,252,250,250,250,252,250,250,250,202,0,0,0,0,0,0,0,203,221,250,250,252,250,250,250,252,250,250,250,40,0,0,0,0,0,0,0,41,222,222,202,163,0,153,252,254,252,252,49,0,0,0,0,0,0,0,0,0,61,60,0,0,0,151,250,252,250,250,49,0,0,0,0,0,0,0,0,0,0,0,0,0,0,151,250,252,250,250,170,123,0,0,0,0,0,0,0,0,0,0,0,0,0,151,250,252,250,250,250,243,202,80,0,0,0,0,0,0,0,0,0,0,0,0,163,254,252,252,252,254,252,252,252,41,0,0,0,0,0,0,0,0,0,0,0,171,250,250,250,252,250,250,250,222,102,40,0,0,0,0,0,0,0,0,0,20,100,100,221,252,250,250,250,252,250,100,0,0,0,0,0,0,0,0,0,0,0,0,40,90,250,250,250,252,250,221,40,0,0,0,0,0,0,0,0,0,0,0,0,0,102,252,252,255,252,252,49,0,0,0,0,0,0,0,0,21,61,0,82,0,102,250,250,252,250,250,130,0,0,0,0,0,0,92,151,172,210,151,231,152,191,250,250,252,250,250,250,0,0,0,0,0,0,151,250,252,250,250,250,252,250,250,250,252,250,250,88,0,0,0,0,0,0,153,252,255,252,252,252,255,252,252,252,244,121,0,0,0,0,0,0,0,0,91,149,252,250,250,250,252,250,250,250,121,0,0,0,0,0,0,0,0,0,0,0,100,100,100,221,252,189,100,100,0,0,0,0,3
0,0,0,0,0,0,0,0,0,0,0,42,233,252,215,0,0,0,0,0,0,0,0,0,0,0,0,0,0,0,6,160,253,252,215,0,0,0,0,0,0,0,0,0,0,0,0,0,0,1,120,252,253,252,215,0,0,0,0,0,0,0,0,0,0,0,0,0,0,73,252,252,253,252,71,0,0,0,0,0,0,0,0,0,0,0,0,0,32,207,252,252,253,252,71,0,0,0,0,0,0,0,0,0,0,0,0,0,212,252,246,236,253,252,71,0,0,0,0,0,0,0,0,0,0,0,0,84,253,210,92,144,253,210,31,0,0,0,0,0,0,0,0,0,0,73,253,253,255,119,0,145,255,180,0,0,0,0,0,0,0,0,0,0,0,52,231,252,119,5,0,144,253,179,0,0,0,0,0,0,0,0,0,0,0,0,51,71,0,0,0,144,253,179,0,0,0,0,0,0,0,0,0,0,0,0,0,0,0,0,0,144,253,97,0,0,0,0,0,0,0,0,0,0,0,0,0,0,0,0,0,145,255,35,0,0,0,0,0,0,0,0,0,0,0,0,0,0,0,0,11,175,253,77,0,0,0,0,0,0,0,0,0,0,0,0,0,0,37,37,68,252,253,231,181,181,105,0,0,0,0,0,0,1,144,144,144,144,253,252,252,252,253,252,231,108,62,0,0,0,0,0,0,145,253,253,253,253,255,253,253,253,255,35,0,0,0,0,0,0,0,0,0,20,252,252,252,252,222,200,252,252,222,25,0,0,0,0,0,0,0,0,0,1,252,252,205,71,41,21,201,252,125,0,0,0,0,0,0,0,0,0,0,1,108,108,31,0,0,0,98,252,0,0,0,0,0,0,0,0,0,0,0,0,0,0,0,0,0,0,0,0,0,0,0,0,0,0,0,0,1
0,0,0,0,0,0,0,0,0,0,0,0,0,0,0,0,0,0,0,0,0,0,0,0,0,0,0,0,0,0,0,0,0,232,254,255,207,0,0,0,0,0,0,0,0,0,0,0,0,0,0,0,58,244,253,249,177,0,0,0,0,0,0,0,0,0,0,0,0,0,0,0,95,253,251,122,35,15,0,0,0,0,0,0,0,0,0,0,0,0,0,22,194,253,153,0,166,158,0,0,0,0,0,0,0,0,0,0,0,0,0,119,253,253,124,0,31,35,0,0,0,0,0,0,0,0,0,0,0,0,25,220,253,253,124,0,0,0,0,0,0,0,0,0,0,0,0,0,0,0,172,253,253,253,10,0,0,0,0,0,0,0,0,0,0,0,0,0,0,0,177,253,253,179,3,0,0,0,0,0,0,0,0,0,0,0,0,0,0,27,225,253,238,19,0,0,0,0,0,0,0,0,0,0,0,0,0,0,6,146,253,253,131,0,0,0,0,0,0,0,0,0,0,0,0,0,0,41,201,253,253,194,10,0,0,0,0,0,0,0,0,0,0,0,0,0,0,168,253,253,231,111,0,0,0,0,0,0,0,0,0,0,0,0,0,0,149,252,253,253,87,0,0,0,0,0,0,0,0,0,0,0,0,0,0,52,239,253,236,104,2,0,0,0,0,0,0,0,0,0,0,0,0,0,42,234,253,253,99,0,0,0,0,0,0,0,0,0,0,0,0,0,0,0,94,253,253,170,0,0,0,0,0,0,0,0,0,0,0,0,0,0,0,39,236,253,253,44,0,0,0,0,0,0,0,0,0,0,0,0,0,0,0,54,253,253,253,11,0,0,0,0,0,0,0,0,0,0,0,0,0,0,0,54,253,253,253,11,0,0,0,0,0,0,0,0,0,0,0,0,1
0,0,0,0,0,0,0,32,253,31,0,0,0,0,0,0,0,0,0,0,0,0,0,0,0,0,0,32,251,149,0,0,0,0,0,0,0,0,0,0,0,0,0,0,0,0,0,32,251,188,0,0,0,0,0,0,0,0,0,0,0,0,0,0,0,0,0,32,251,188,0,0,0,0,0,0,0,0,0,0,0,0,0,0,0,0,0,32,251,228,59,0,0,0,0,0,0,0,0,0,0,0,0,0,0,0,0,32,253,253,95,0,0,0,0,0,0,0,0,0,0,0,0,0,0,0,0,28,236,251,114,0,0,0,0,0,0,0,0,0,0,0,0,0,0,0,0,0,127,251,251,0,0,0,0,0,0,0,0,0,0,0,0,0,0,0,0,0,127,251,251,0,0,0,0,0,0,0,0,0,0,0,0,0,0,0,0,0,48,232,251,0,0,0,0,0,0,0,0,0,0,0,0,0,0,0,0,0,0,223,253,159,0,0,0,0,0,0,0,0,0,0,0,0,0,0,0,0,0,221,251,158,0,0,0,0,0,0,0,0,0,0,0,0,0,0,0,0,0,142,251,158,0,0,0,0,0,0,0,0,0,0,0,0,0,0,0,0,0,64,251,242,55,0,0,0,0,0,0,0,0,0,0,0,0,0,0,0,0,64,251,253,161,0,0,0,0,0,0,0,0,0,0,0,0,0,0,0,0,64,253,255,221,0,0,0,0,0,0,0,0,0,0,0,0,0,0,0,0,16,181,253,220,0,0,0,0,0,0,0,0,0,0,0,0,0,0,0,0,0,79,253,236,63,0,0,0,0,0,0,0,0,0,0,0,0,0,0,0,0,0,213,251,126,0,0,0,0,0,0,0,0,0,0,0,0,0,0,0,0,0,96,251,126,0,0,0,0,0,0,1
0,0,0,7,170,243,255,253,169,97,24,0,0,0,0,0,0,0,0,0,0,0,0,142,252,252,253,252,252,252,252,100,17,0,0,0,0,0,0,0,0,0,34,234,252,252,253,252,252,252,252,253,188,51,0,0,0,0,0,0,0,0,89,252,252,252,253,252,252,252,252,253,252,208,59,0,0,0,0,0,0,22,244,252,252,200,75,22,54,179,252,253,252,252,244,21,0,0,0,0,0,22,245,253,253,75,0,0,0,43,220,255,253,253,253,23,0,0,0,0,0,0,59,92,92,8,0,0,0,0,0,253,252,252,252,22,0,0,0,0,0,0,0,0,0,0,0,0,0,0,0,253,252,252,252,22,0,0,0,0,0,0,0,0,0,0,0,0,0,0,0,253,252,252,252,22,0,0,0,0,0,0,0,0,0,0,0,0,0,0,0,253,252,252,252,22,0,0,0,0,0,0,0,0,0,0,0,15,24,118,191,255,253,253,253,23,0,0,0,0,0,0,0,0,0,0,57,219,252,252,252,253,252,252,252,22,0,0,0,0,0,0,0,0,151,184,253,252,252,252,252,253,252,252,252,54,0,0,0,0,0,0,0,57,244,252,253,252,252,252,252,253,252,252,252,232,95,0,0,0,0,0,22,205,252,252,253,231,54,211,252,253,252,252,252,252,178,42,0,0,0,0,43,247,253,253,255,92,132,253,253,255,253,253,253,253,255,211,7,0,0,0,0,163,252,252,253,194,228,252,252,253,202,123,244,252,253,252,154,9,0,0,0,19,188,252,253,252,252,252,252,247,67,0,99,246,253,252,252,77,0,0,0,0,17,139,253,252,252,252,252,94,0,0,0,188,253,252,252,160,0,0,0,0,0,11,148,252,252,210,85,0,0,0,0,11,148,252,252,108,2
0,0,0,0,0,0,0,0,0,0,0,0,0,0,0,0,0,0,0,0,0,0,0,0,0,0,0,0,0,0,0,0,0,0,0,0,0,0,0,0,0,0,0,0,0,0,0,0,6,71,134,145,254,173,38,0,0,0,0,0,0,0,0,0,0,0,20,128,192,253,254,251,244,253,141,0,0,0,0,0,0,0,0,0,0,63,235,253,253,218,97,87,83,253,175,0,0,0,0,0,0,0,0,0,64,234,253,253,157,4,0,0,37,253,193,122,0,0,0,0,0,0,0,12,199,253,233,89,7,0,0,0,37,253,253,180,0,0,0,0,0,0,0,141,253,232,63,0,0,0,0,0,37,253,253,180,0,0,0,0,0,0,30,238,253,180,0,0,0,0,0,0,78,253,253,180,0,0,0,0,0,0,37,253,253,180,0,0,0,0,0,68,240,253,253,77,0,0,0,0,0,0,37,253,253,212,21,0,0,105,231,243,253,253,253,60,0,0,0,0,0,0,19,213,253,253,244,242,242,253,254,253,253,253,195,3,0,0,0,0,0,0,0,24,211,254,254,254,249,242,123,77,254,255,193,0,0,0,0,0,0,0,0,0,26,109,109,166,62,0,0,22,244,253,193,0,0,0,0,0,0,0,0,0,0,0,0,0,0,0,0,16,217,253,193,0,0,0,0,0,0,0,0,0,0,0,0,0,0,0,0,25,253,253,193,0,0,0,0,0,0,0,0,0,0,0,0,0,0,0,0,13,207,253,193,0,0,0,0,0,0,0,0,0,0,0,0,0,0,0,0,6,180,253,193,0,0,0,0,0,0,0,0,0,0,0,0,0,0,0,0,0,157,253,242,49,0,0,0,0,0,0,0,0,0,0,0,0,0,0,0,0,54,253,253,133,65,0,0,0,9
0,0,0,0,0,0,0,0,0,0,0,0,0,0,0,0,0,0,0,0,0,0,0,0,0,0,0,0,0,81,105,166,253,253,253,209,105,49,0,0,0,0,0,0,0,0,0,0,75,242,252,253,252,252,252,252,252,228,47,0,0,0,0,0,0,5,15,95,195,252,252,238,237,237,237,250,252,252,153,0,0,0,0,0,0,145,252,252,252,252,181,0,0,0,0,118,217,252,14,0,0,0,0,0,0,179,252,172,33,29,12,0,0,0,0,0,21,29,2,0,0,0,0,0,0,75,252,252,14,0,0,0,0,0,0,0,0,0,0,0,0,0,0,0,0,35,213,252,140,111,0,0,0,0,0,0,0,0,0,0,0,0,0,0,0,0,126,252,252,249,238,91,16,0,0,0,0,0,0,0,0,0,0,0,0,0,7,137,249,252,252,253,203,97,24,0,0,0,0,0,0,0,0,0,0,0,0,0,98,217,252,253,252,252,203,17,0,0,0,0,0,0,0,0,0,0,0,0,0,0,89,255,253,253,253,29,0,0,0,0,0,0,0,0,0,0,0,0,0,0,0,44,180,252,252,64,0,0,0,0,0,0,0,0,0,0,0,0,0,0,0,0,60,252,252,168,0,0,0,0,0,0,0,0,0,0,0,0,0,0,0,0,60,252,252,29,0,0,0,0,0,0,0,0,0,23,22,0,0,0,0,31,204,252,252,29,0,0,0,0,0,0,0,2,30,183,74,0,0,0,18,123,252,252,237,25,0,0,0,0,0,0,0,95,252,252,74,0,48,134,203,253,252,244,63,0,0,0,0,0,0,0,0,164,252,252,154,159,235,252,252,253,230,65,0,0,0,0,0,0,0,0,0,47,228,252,252,252,252,252,225,146,45,0,0,0,0,0,0,0,5
0,0,0,0,0,0,0,0,0,0,0,0,0,0,0,0,0,0,0,0,0,0,0,0,0,0,0,0,0,0,0,0,0,0,0,0,0,6,179,223,0,0,0,0,0,0,0,0,0,0,0,40,79,15,0,0,0,72,234,254,0,0,0,0,0,0,0,68,151,237,247,251,254,248,129,0,0,0,128,254,0,0,0,0,0,43,172,254,254,254,242,185,185,242,224,0,0,0,186,254,0,0,0,0,118,244,254,239,112,27,14,0,0,208,202,0,0,11,227,252,0,0,0,46,251,254,146,23,0,0,0,0,116,108,12,0,0,147,254,175,0,0,0,156,254,192,2,0,0,0,0,0,0,0,0,0,88,248,252,57,0,0,0,73,253,246,80,0,0,0,0,0,0,0,0,32,227,254,119,0,0,0,0,0,185,254,246,51,0,0,0,0,0,0,33,217,254,178,10,0,0,0,0,0,12,185,254,245,81,0,0,0,0,77,216,254,229,32,0,0,0,0,0,0,0,12,155,254,245,81,8,84,198,247,254,215,45,0,0,0,0,0,0,0,0,0,12,184,254,245,216,254,254,238,140,11,0,0,0,0,0,0,0,0,0,0,0,41,237,254,254,229,110,27,0,0,0,0,0,0,0,0,0,0,0,49,164,250,254,254,254,48,0,0,0,0,0,0,0,0,0,0,0,0,39,248,254,214,69,225,254,161,0,0,0,0,0,0,0,0,0,0,0,0,225,254,135,6,0,74,254,229,18,0,0,0,0,0,0,0,0,0,0,0,247,204,5,0,0,14,230,254,43,0,0,0,0,0,0,0,0,0,0,0,247,185,0,0,0,0,221,254,43,0,0,0,0,0,0,0,0,0,0,0,247,186,1,0,3,99,244,254,42,0,0,0,0,0,0,0,8
0,0,0,0,0,0,0,0,0,88,253,253,254,227,27,0,0,0,0,0,0,0,0,0,0,0,0,0,79,250,253,253,252,171,0,0,0,0,0,0,0,0,0,0,0,0,0,83,246,253,253,253,125,0,0,0,0,0,0,0,0,0,0,0,0,0,20,218,253,253,253,128,0,0,0,0,0,0,0,0,0,0,0,0,0,11,199,253,253,251,127,3,0,0,0,0,0,0,0,0,0,0,0,0,0,110,253,253,253,141,0,0,0,0,0,0,0,0,0,0,0,0,0,0,75,251,253,253,211,26,0,0,0,0,0,0,0,0,0,0,0,0,0,0,148,253,253,253,84,0,0,0,0,0,0,0,0,0,0,0,0,0,0,101,236,254,254,103,0,0,25,34,34,34,34,34,12,0,0,0,0,0,0,177,253,253,253,78,168,177,234,253,254,253,253,253,203,91,67,26,0,0,14,207,253,253,253,235,253,253,253,253,254,253,253,253,253,253,253,227,0,0,43,253,253,253,253,253,252,231,231,134,169,121,164,231,246,253,253,253,0,0,144,253,253,253,253,253,170,0,0,0,0,0,0,0,94,253,253,253,0,0,144,253,253,236,146,253,94,0,0,0,0,0,0,95,211,253,253,253,0,0,139,253,253,252,213,143,124,122,122,122,123,122,213,253,253,253,243,113,0,0,28,240,253,253,253,253,253,253,253,253,255,253,253,253,224,170,52,0,0,0,0,75,206,253,253,253,253,253,253,253,254,253,189,119,23,0,0,0,0,0,0,0,13,42,143,143,143,210,220,143,81,33,6,0,0,0,0,0,0,0,0,0,0,0,0,0,0,0,0,0,0,0,0,0,0,0,0,0,0,0,0,0,0,0,0,0,0,0,0,0,0,0,0,0,0,0,0,0,6
0,0,0,0,0,0,0,0,0,0,0,125,253,253,104,0,0,0,0,0,0,0,0,0,0,0,0,0,0,4,64,241,252,206,16,0,0,0,0,0,0,0,0,0,0,0,0,0,0,50,253,254,244,34,0,0,0,0,0,0,0,0,0,0,0,0,0,0,24,231,253,246,54,0,0,0,0,0,0,0,0,0,0,0,0,0,0,0,195,253,253,122,0,0,0,0,0,0,0,0,0,0,0,0,0,0,0,93,250,253,209,6,0,0,0,0,0,0,0,0,0,0,0,0,0,0,0,179,254,254,132,0,0,0,0,0,0,0,0,0,0,0,0,0,0,0,34,243,254,224,22,0,0,0,0,0,0,0,0,0,0,0,0,0,0,0,0,161,254,203,0,0,0,0,0,0,0,0,0,0,0,0,0,0,0,8,61,203,254,180,0,0,0,17,110,141,8,0,0,0,0,0,0,2,16,200,253,253,248,20,7,78,115,192,254,241,140,0,0,0,0,0,0,48,253,253,253,242,76,14,185,253,253,253,254,253,120,0,0,0,0,0,7,211,254,241,156,70,0,60,254,254,181,74,242,254,172,26,0,0,0,0,45,243,253,164,22,0,0,220,253,253,82,229,254,253,120,0,0,0,0,0,26,205,254,242,107,91,172,253,254,254,246,254,250,117,9,0,0,0,0,0,0,95,254,254,254,254,254,254,254,254,254,253,119,0,0,0,0,0,0,0,0,13,191,254,254,254,254,254,254,254,251,142,13,0,0,0,0,0,0,0,0,0,16,144,226,253,253,234,152,54,51,0,0,0,0,0,0,0,0,0,0,0,0,0,0,0,0,0,0,0,0,0,0,0,0,0,0,0,0,0,0,0,0,0,0,0,0,0,0,0,0,0,0,0,0,0,0,0,6
0,0,0,0,0,0,2,34,130,225,255,255,255,255,255,142,13,0,0,0,0,0,0,0,0,0,56,253,253,253,253,253,253,253,253,253,202,7,0,0,0,0,0,0,0,95,219,253,253,253,253,253,247,241,253,253,253,147,3,0,0,0,0,0,4,176,253,253,253,253,253,253,154,39,236,253,253,253,79,0,0,0,0,0,114,253,253,253,253,253,253,128,17,0,147,253,253,253,129,0,0,0,0,0,143,253,253,253,253,225,179,18,0,0,37,238,253,253,129,0,0,0,0,0,31,239,245,210,119,21,0,0,0,0,18,234,253,253,129,0,0,0,0,0,0,53,65,0,0,0,0,0,0,0,124,253,253,253,129,0,0,0,0,0,0,38,56,56,43,0,0,0,0,0,223,253,253,253,102,0,0,0,37,78,186,231,253,253,237,186,186,86,63,108,245,253,253,136,2,0,4,138,228,253,253,253,253,253,253,253,253,253,253,253,253,253,253,12,0,0,144,253,253,253,242,179,193,253,253,253,253,253,253,253,253,253,165,3,0,0,253,253,253,188,42,0,10,49,139,234,253,253,253,253,253,253,141,0,0,0,253,253,129,17,0,0,0,0,0,131,253,253,253,253,253,253,235,10,0,0,253,253,105,0,0,0,0,0,160,245,253,253,253,253,253,253,253,118,0,0,253,253,153,0,0,0,69,187,245,253,253,253,219,190,253,253,253,181,2,0,253,253,251,214,106,188,246,253,253,253,253,128,16,9,226,253,253,253,57,0,202,253,253,253,253,253,253,253,253,223,106,4,0,0,223,253,253,253,129,0,79,253,253,253,253,253,253,253,166,39,0,0,0,0,223,253,253,253,129,0,1,5,79,129,129,190,129,102,2,0,0,0,0,0,54,242,253,195,66,0,2
0,0,0,0,0,0,0,7,214,252,252,253,241,36,0,0,0,0,0,0,0,0,0,0,0,0,0,0,7,126,230,253,252,149,0,0,0,0,0,0,0,0,0,0,0,0,0,0,0,0,0,110,252,175,3,0,0,0,0,0,0,0,0,0,0,0,0,0,0,0,0,8,192,252,10,0,0,0,0,0,0,0,0,0,0,0,0,0,0,0,0,0,176,252,15,0,0,0,0,0,0,0,0,0,0,0,0,0,0,0,0,6,189,252,121,0,0,0,0,0,0,0,0,0,0,0,0,0,0,0,0,19,219,179,32,0,0,0,0,0,0,0,0,0,0,0,0,0,0,0,0,34,252,153,0,0,0,0,0,0,0,0,0,0,0,0,0,0,0,0,15,255,253,139,0,0,0,0,0,0,0,0,0,0,0,0,0,0,0,21,195,253,206,13,0,0,0,0,0,0,0,0,0,0,0,0,0,0,0,121,252,253,95,0,0,0,0,0,0,0,0,0,0,0,0,0,0,16,151,250,252,202,3,0,0,0,0,10,0,0,0,0,0,0,0,0,20,198,252,252,252,56,32,56,7,56,141,201,43,0,0,0,0,0,47,160,217,252,252,252,252,253,229,252,205,252,252,154,0,0,0,0,0,53,238,252,252,252,252,252,252,253,252,252,252,252,248,126,0,0,0,0,0,209,252,252,252,252,252,252,252,253,252,252,252,243,88,0,0,0,0,0,0,209,252,252,225,170,66,66,66,66,66,109,165,51,0,0,0,0,0,0,0,119,190,119,21,0,0,0,0,0,0,0,0,0,0,0,0,0,0,0,0,0,0,0,0,0,0,0,0,0,0,0,0,0,0,0,0,0,0,0,0,0,0,0,0,0,0,0,0,0,0,0,0,0,0,0,0,0,2
204,240,252,234,226,224,201,206,216,242,248,247,249,229,215,250,200,222,220,206,226,203,236,203,249,209,244,239,202,217,248,229,205,248,212,207,250,229,241,245,234,237,254,210,239,200,237,217,250,237,209,202,244,202,235,202,229,250,225,231,226,214,225,213,230,251,214,203,214,229,238,213,210,243,200,224,229,201,251,218,239,210,218,231,247,243,207,238,245,217,248,240,211,240,217,249,249,209,220,241,201,247,200,251,246,250,251,248,202,238,229,206,204,202,212,232,228,219,214,236,252,211,200,208,212,206,247,242,206,236,226,205,222,236,223,243,230,223,251,231,233,235,245,221,230,245,226,234,218,222,232,246,236,247,218,209,216,206,203,200,226,227,238,200,218,236,254,222,229,223,232,214,246,245,245,248,235,254,228,211,200,242,206,212,252,244,229,207,241,245,212,220,247,224,222,239,201,221,223,242,247,247,224,243,243,236,216,238,240,252,241,219,213,224,227,235,214,238,221,231,231,201,252,213,219,240,208,213,237,228,245,250,234,247,245,222,239,210,251,232,233,250,254,233,247,244,233,242,239,219,213,232,227,220,238,214,213,246,246,213,247,241,247,200,210,248,245,217,213,251,222,242,227,212,231,231,213,204,203,206,230,231,252,244,245,203,225,220,233,249,246,253,254,241,229,211,201,254,246,226,222,201,250,210,246,229,251,253,215,200,208,225,247,214,236,250,230,206,236,248,225,221,252,232,241,240,215,206,221,252,231,208,201,254,221,202,242,253,243,231,220,208,219,219,242,254,249,232,211,235,254,210,249,251,218,214,200,203,203,241,235,229,236,213,241,237,200,227,208,246,243,234,203,232,229,200,227,238,220,222,246,219,227,233,232,224,230,229,243,202,227,219,249,211,250,248,246,233,246,244,6
0,0,0,0,0,0,0,0,0,0,0,0,0,0,0,0,0,0,0,0,0,0,0,0,0,0,0,0,0,0,0,0,0,0,0,0,0,0,0,30,0,0,0,0,0,0,0,0,0,0,0,0,0,0,0,0,0,0,69,214,0,0,0,0,0,0,0,0,0,0,0,0,0,0,0,0,0,58,232,178,0,0,0,0,0,0,0,0,0,0,0,0,0,0,0,0,71,241,158,1,0,0,0,0,0,0,0,0,0,0,0,0,0,0,0,68,236,163,5,0,0,0,0,0,0,0,0,0,35,58,0,0,0,0,58,237,184,9,0,0,0,0,0,0,0,0,9,91,208,101,0,0,0,57,238,185,23,0,0,0,0,0,0,0,0,32,202,234,76,2,0,0,56,234,177,4,0,0,0,0,0,0,0,0,29,231,233,46,0,0,2,118,249,177,9,0,0,0,0,0,0,0,0,18,218,228,26,0,0,0,149,254,135,1,0,0,76,0,0,0,0,0,0,115,255,173,106,71,71,184,254,180,72,71,119,129,235,41,0,0,0,0,0,98,222,222,222,238,254,249,222,222,222,222,201,163,101,0,0,0,0,0,0,0,0,0,32,208,237,71,0,0,0,0,0,0,0,0,0,0,0,0,0,0,0,33,208,228,42,0,0,0,0,0,0,0,0,0,0,0,0,0,0,0,10,196,230,33,0,0,0,0,0,0,0,0,0,0,0,0,0,0,0,10,171,244,44,0,0,0,0,0,0,0,0,0,0,0,0,0,0,0,2,164,250,68,0,0,0,0,0,0,0,0,0,0,0,0,0,0,0,0,150,248,84,0,0,0,0,0,0,0,0,0,0,0,0,0,0,0,0,0,21,17,0,0,0,0,0,0,0,0,0,0,0,0,0,0,0,0,4
0,0,0,0,0,0,0,0,0,0,0,0,0,0,0,0,0,0,0,0,0,0,0,0,0,0,0,0,0,0,0,0,0,0,0,0,0,0,0,0,0,0,0,0,0,0,0,0,0,0,0,0,0,0,0,0,0,0,0,0,0,0,0,79,47,0,0,79,109,171,253,253,253,255,253,253,253,255,211,31,0,0,105,242,232,217,217,242,252,253,252,252,252,253,252,252,252,253,252,195,0,0,217,252,252,252,252,252,252,253,252,252,252,237,215,221,252,253,252,195,0,0,134,252,252,252,252,231,108,108,108,108,108,62,42,160,252,253,210,31,0,0,0,0,0,0,0,0,0,0,0,0,0,0,134,252,252,253,35,0,0,0,0,0,0,0,0,0,0,0,0,0,0,94,247,252,252,222,25,0,0,0,0,0,0,0,0,0,0,0,0,0,0,212,252,252,231,41,0,0,0,0,0,0,0,0,0,0,0,0,0,0,84,253,252,252,108,0,0,0,0,0,0,0,0,0,0,0,0,0,0,99,253,255,253,154,0,0,0,0,0,0,0,0,0,0,0,0,0,0,63,242,252,253,189,10,0,0,0,0,0,0,0,0,0,0,0,0,0,16,181,252,252,237,71,0,0,0,0,0,0,0,0,0,0,0,0,0,0,191,252,252,252,62,0,0,0,0,0,0,0,0,0,0,0,0,0,16,191,255,253,253,191,0,0,0,0,0,0,0,0,0,0,0,0,0,0,78,252,253,252,179,15,0,0,0,0,0,0,0,0,0,0,0,0,16,161,232,252,253,241,61,0,0,0,0,0,0,0,0,0,0,0,0,0,109,252,252,252,253,97,0,0,0,0,0,0,0,0,0,0,0,0,0,145,253,253,253,253,84,0,0,0,0,0,0,0,0,0,0,7
0,0,0,0,5,156,254,254,255,199,227,136,136,21,0,0,0,0,0,0,0,0,0,50,182,253,253,253,253,253,253,253,253,209,92,0,0,0,0,0,0,0,25,227,253,253,253,252,200,200,200,216,253,253,241,0,0,0,0,0,0,0,125,253,253,195,78,63,0,0,0,20,223,253,241,0,0,0,0,0,0,0,113,235,77,9,0,0,0,0,0,105,246,253,241,0,0,0,0,0,0,0,4,23,0,0,0,0,0,0,53,247,253,253,136,0,0,0,0,0,0,0,0,0,0,0,0,0,0,1,120,253,253,198,8,0,0,0,0,0,0,0,0,0,0,0,0,0,0,109,253,253,244,73,0,0,0,0,0,0,0,0,0,0,0,0,0,0,4,175,253,253,139,0,0,0,0,0,0,0,0,0,0,0,0,0,0,2,132,253,253,235,31,0,0,0,0,0,0,0,0,0,0,0,0,0,0,42,253,253,253,86,0,0,0,0,0,0,0,0,0,0,0,0,0,0,0,168,253,253,203,10,0,0,0,0,0,0,0,0,0,0,0,0,0,0,48,247,253,253,87,0,0,0,0,0,0,0,0,0,0,0,0,0,0,0,113,253,253,207,2,0,0,0,0,0,0,0,0,0,0,0,0,0,0,0,225,253,253,94,0,0,0,0,0,0,0,0,0,0,0,0,0,0,0,0,225,253,253,94,0,0,0,0,0,0,9,48,48,7,0,0,0,0,0,0,225,253,253,190,66,66,66,66,127,183,196,253,253,65,0,0,0,0,0,0,97,250,253,253,253,253,253,253,253,253,253,253,253,59,0,0,0,0,0,0,0,94,253,253,253,253,253,253,253,253,253,253,173,21,0,0,0,0,0,0,0,1,17,92,162,253,253,253,248,135,135,105,4,0,2
0,0,0,0,0,0,0,0,0,0,0,90,255,103,0,0,0,0,0,0,0,0,0,0,0,0,0,0,0,0,0,174,237,4,0,0,0,0,0,0,0,0,0,0,0,0,0,0,0,0,41,249,236,0,0,0,0,0,0,0,0,0,0,0,0,0,0,0,0,0,89,254,192,0,0,0,0,0,0,0,0,0,0,0,0,0,0,0,0,0,142,254,108,0,0,0,0,0,0,0,0,0,0,0,0,0,0,0,0,23,235,241,36,0,0,0,0,0,0,0,0,0,0,0,0,0,0,0,0,59,254,222,0,0,0,0,0,0,0,0,0,0,0,0,0,0,0,0,0,59,254,166,0,0,0,0,0,0,0,0,0,0,0,0,0,0,0,0,0,141,254,133,0,0,0,0,0,0,0,0,0,0,0,0,0,0,0,0,0,226,246,47,0,0,0,0,0,0,0,0,0,0,0,0,0,0,0,0,60,251,209,0,0,0,0,0,0,0,0,0,0,0,0,0,0,0,0,0,72,254,209,0,0,0,0,0,0,0,0,0,0,0,0,0,0,0,0,0,105,254,144,0,0,0,0,0,0,0,0,0,0,0,0,0,0,0,0,0,161,254,61,0,0,0,0,0,0,0,0,0,0,0,0,0,0,0,0,0,247,254,31,0,0,0,0,0,0,0,0,0,0,0,0,0,0,0,0,0,250,200,3,0,0,0,0,0,0,0,0,0,0,0,0,0,0,0,0,0,250,195,0,0,0,0,0,0,0,0,0,0,0,0,0,0,0,0,0,0,250,202,23,0,0,0,0,0,0,0,0,0,0,0,0,0,0,0,0,0,182,254,209,0,0,0,0,0,0,0,0,0,0,0,0,0,0,0,0,0,99,233,105,0,0,0,0,0,0,0,0,0,1
0,0,0,0,0,0,0,0,0,0,0,0,0,0,0,0,0,0,0,0,0,0,0,0,0,0,0,0,0,0,0,0,0,0,0,0,0,0,0,0,0,0,0,0,0,0,49,125,19,0,0,0,0,0,0,0,0,0,0,0,0,0,0,0,0,0,227,254,166,37,119,119,119,119,119,119,119,119,128,249,0,0,0,0,0,47,240,254,169,146,254,254,254,254,254,254,254,254,254,254,0,0,0,0,0,106,254,254,48,6,19,19,117,149,149,149,149,149,139,19,0,0,0,0,0,155,254,219,24,0,0,0,0,0,0,0,0,0,0,0,0,0,0,0,41,243,254,48,0,0,0,0,0,0,0,0,0,0,0,0,0,0,0,0,223,254,221,21,0,0,0,0,0,0,0,0,0,0,0,0,0,0,0,0,243,254,237,67,0,0,0,0,0,0,0,0,0,0,0,0,0,0,0,95,252,254,254,236,159,13,0,0,0,0,0,0,0,0,0,0,0,0,0,27,183,250,195,212,254,207,74,0,0,0,0,0,0,0,0,0,0,0,0,0,0,60,7,24,109,244,236,74,0,0,0,0,0,0,0,0,0,0,0,0,0,0,0,0,0,100,244,236,74,0,0,0,0,0,0,0,0,0,0,0,0,0,0,0,0,0,166,244,206,13,0,0,0,0,0,0,0,0,0,0,0,0,0,0,0,0,0,197,254,71,0,0,0,0,0,0,0,0,0,0,0,0,0,0,0,0,0,197,254,71,0,0,0,0,0,0,0,0,78,97,2,0,0,0,0,0,22,203,248,64,0,0,0,0,0,0,0,0,202,255,31,12,0,0,17,61,234,255,185,0,0,0,0,0,0,0,0,0,175,247,254,209,144,144,238,254,251,207,28,0,0,0,0,0,0,0,5
0,0,0,0,0,0,0,0,0,0,64,191,255,255,191,0,0,0,0,0,0,0,0,0,0,0,0,0,64,255,255,255,255,255,255,191,64,0,0,0,0,0,0,0,0,0,0,128,255,255,255,255,128,255,255,255,191,0,0,0,0,0,0,0,0,0,0,191,255,255,64,0,0,64,255,255,255,0,0,0,0,0,0,0,0,0,0,255,255,191,0,0,0,0,128,255,255,0,0,0,0,0,0,0,0,0,128,255,255,255,128,0,0,0,128,255,255,0,0,0,0,0,0,0,0,0,255,255,255,255,64,0,0,0,191,255,255,0,0,0,0,0,0,0,0,0,191,255,191,0,0,0,0,0,255,255,255,0,0,0,0,0,0,0,0,0,0,0,0,0,0,0,0,64,255,255,128,0,0,0,0,0,0,0,0,0,0,0,0,0,0,0,0,128,255,255,128,0,0,0,0,0,0,0,0,0,0,0,0,0,0,0,64,255,255,255,0,0,0,0,0,0,0,0,0,0,0,0,0,0,0,0,191,255,255,64,0,0,0,0,0,0,0,0,0,0,0,0,64,128,128,191,255,255,255,0,0,0,0,0,0,0,0,0,0,64,255,255,255,255,255,255,255,255,128,0,0,0,0,0,0,0,0,0,64,255,255,255,255,255,255,255,255,255,191,0,0,0,0,0,0,0,0,0,255,255,191,128,191,255,255,255,255,255,255,191,64,0,0,0,0,0,0,191,255,255,0,128,255,255,255,191,255,255,255,255,255,0,0,0,0,0,0,255,255,255,255,255,255,255,128,0,0,0,0,128,0,0,0,0,0,0,0,255,255,255,255,255,255,64,0,0,0,0,0,0,0,0,0,0,0,0,0,128,255,255,255,128,0,0,0,0,0,0,0,0,0,0,0,0,2
0,0,0,0,0,0,0,0,0,0,0,0,0,0,0,0,0,0,0,0,0,0,0,0,0,0,0,0,0,0,0,0,0,0,0,0,0,0,0,0,0,0,0,0,0,0,0,0,31,49,172,255,254,255,242,62,0,0,0,0,0,0,0,0,0,0,0,131,234,253,253,253,253,253,253,236,20,0,0,0,0,0,0,0,0,19,181,252,253,253,231,134,114,149,236,253,83,0,0,0,0,0,0,0,0,164,253,253,233,126,26,0,0,0,59,253,129,0,0,0,0,0,0,0,43,244,253,132,15,0,0,0,0,0,16,206,235,43,0,0,0,0,0,0,114,253,130,10,0,0,0,0,0,0,22,200,253,83,0,0,0,0,0,0,187,243,46,0,0,0,0,0,0,49,221,253,252,78,0,0,0,0,0,0,187,253,193,46,16,63,63,103,166,232,253,253,164,0,0,0,0,0,0,0,142,253,253,234,223,253,253,253,253,253,253,252,42,0,0,0,0,0,0,0,33,156,253,253,253,253,253,233,231,253,253,154,0,0,0,0,0,0,0,0,0,6,81,155,155,155,133,32,145,253,229,15,0,0,0,0,0,0,0,0,0,0,0,0,0,0,0,74,250,253,145,0,0,0,0,0,0,0,0,0,0,0,0,0,0,0,19,220,253,186,4,0,0,0,0,0,0,0,0,0,0,0,0,0,0,3,202,253,218,35,0,0,0,0,0,0,0,0,0,0,0,0,0,0,0,112,253,253,109,0,0,0,0,0,0,0,0,0,0,0,0,0,0,0,65,249,253,154,13,0,0,0,0,0,0,0,0,0,0,0,0,0,0,81,225,253,191,17,0,0,0,0,0,0,0,0,0,0,0,0,0,0,3,210,253,245,14,0,0,0,0,0,0,0,0,0,9
0,0,128,255,255,255,255,255,255,255,128,64,0,0,0,0,0,0,0,0,0,0,128,255,255,255,255,255,255,255,255,255,255,64,0,0,0,0,0,0,0,0,0,0,128,128,64,128,191,255,255,255,255,255,64,0,0,0,0,0,0,0,0,0,0,0,0,0,0,0,64,191,255,255,255,191,0,0,0,0,0,0,0,0,0,0,0,0,0,0,0,0,0,128,255,255,128,0,0,0,0,0,0,0,0,0,0,0,0,0,0,0,0,0,128,255,255,64,0,0,0,0,0,0,0,0,0,0,0,0,0,0,0,0,0,128,255,128,0,0,0,0,0,0,0,0,0,0,0,0,0,0,0,0,0,0,255,128,0,0,0,0,0,0,0,0,0,0,0,0,0,0,0,0,0,0,255,191,0,0,0,0,0,0,0,0,0,0,0,0,0,0,0,0,0,0,255,255,0,0,0,0,0,0,0,64,128,128,0,0,0,0,0,0,0,0,255,128,0,0,0,0,0,0,64,255,255,255,255,255,255,255,191,0,0,191,255,128,0,0,0,0,0,0,255,255,255,255,255,255,255,255,255,255,191,255,255,128,0,0,0,0,0,0,255,255,255,255,255,255,255,255,255,255,255,255,255,0,0,0,0,0,0,0,255,255,255,0,0,0,0,128,255,255,255,255,255,0,0,0,0,0,0,0,191,255,255,0,0,0,0,191,255,255,255,255,255,128,0,0,0,0,0,0,64,255,255,128,0,64,255,255,255,255,255,255,255,191,0,0,0,0,0,0,0,191,255,255,255,255,255,255,255,128,0,64,255,255,191,0,0,0,0,0,0,128,255,255,255,255,255,191,0,0,0,0,191,255,255,0,0,0,0,0,0,0,0,0,0,0,0,0,0,0,0,0,0,0,0,0,2
0,0,0,0,0,0,0,44,143,255,253,253,244,72,8,0,0,0,0,0,0,0,0,0,0,0,0,154,252,253,252,252,252,252,84,0,0,0,0,0,0,0,0,0,0,0,0,187,252,253,252,252,252,252,237,61,0,0,0,0,0,0,0,0,0,0,0,42,168,231,230,187,178,245,252,141,0,0,0,0,0,0,0,0,0,0,0,0,0,0,0,0,0,94,252,248,89,0,0,0,0,0,0,0,0,0,0,0,0,0,0,0,0,36,233,252,208,0,0,0,0,0,0,0,0,0,0,0,0,0,0,0,0,51,248,252,208,0,0,0,0,0,0,0,0,0,0,0,0,0,0,0,0,104,252,252,235,40,0,0,0,0,0,0,0,0,0,0,0,0,0,0,0,89,252,252,138,17,0,0,0,0,0,0,0,0,0,0,0,0,0,0,20,241,252,252,99,0,0,0,0,0,18,34,120,143,125,34,19,0,0,14,197,253,253,228,0,0,0,0,0,55,212,252,252,252,252,252,219,177,176,206,252,252,252,103,0,0,0,0,27,226,252,252,252,252,252,252,252,253,252,252,252,252,88,4,0,0,0,0,172,252,252,252,252,252,252,252,252,253,252,252,252,252,55,0,0,0,0,0,176,252,252,252,252,252,252,252,252,253,252,252,252,252,145,5,0,0,0,0,138,252,252,252,252,252,252,252,252,203,164,199,252,252,252,146,0,0,0,0,6,155,247,252,252,242,174,131,35,10,0,9,185,252,252,251,145,3,0,0,0,0,52,99,99,9,0,0,0,0,0,0,9,180,252,252,252,66,0,0,0,0,0,0,0,0,0,0,0,0,0,0,0,15,178,252,252,66,0,0,0,0,0,0,0,0,0,0,0,0,0,0,0,0,12,186,252,66,0,0,2
0,0,0,0,0,0,0,0,0,0,0,0,0,0,0,0,0,0,0,0,0,0,0,0,0,0,0,0,0,0,0,38,114,231,71,0,0,0,0,0,0,0,0,0,0,0,0,0,0,24,191,245,253,254,115,0,0,0,0,0,0,0,0,0,0,0,0,9,127,254,253,244,94,186,115,0,0,0,0,0,0,0,0,0,0,0,13,153,254,254,254,211,161,254,254,254,220,136,32,0,0,0,0,0,0,55,193,253,253,254,253,253,253,207,232,236,253,254,241,109,0,0,0,0,51,237,253,227,194,254,236,133,46,0,25,29,46,105,234,249,0,0,0,51,234,254,253,203,253,228,160,29,0,0,0,0,0,0,55,236,0,0,13,187,254,210,9,51,184,68,0,0,0,0,0,0,0,0,0,149,0,0,130,253,236,50,0,0,0,0,0,0,0,0,0,0,0,0,26,224,0,41,224,251,79,0,0,0,0,0,0,0,0,0,0,0,0,7,166,253,0,161,253,162,0,0,0,0,0,0,0,0,0,0,0,0,0,104,253,236,0,221,241,34,0,0,0,0,0,0,0,0,0,0,0,7,170,255,254,146,0,203,232,25,0,0,0,0,0,0,0,0,0,0,43,216,253,254,177,4,0,203,215,9,0,0,0,0,0,0,0,0,17,141,232,253,244,146,4,0,0,254,223,17,0,0,0,0,0,0,85,134,234,254,253,168,44,0,0,0,0,104,254,203,70,70,70,70,136,255,254,254,254,185,76,0,0,0,0,0,0,7,99,253,253,254,253,253,253,254,227,164,81,9,0,0,0,0,0,0,0,0,9,54,137,138,137,137,71,46,21,0,0,0,0,0,0,0,0,0,0,0,0,0,0,0,0,0,0,0,0,0,0,0,0,0,0,0,0,0,0
0,0,0,0,0,0,0,0,0,0,0,0,0,0,0,0,0,0,0,0,0,0,0,0,0,0,0,0,0,0,0,128,255,128,0,0,0,0,0,0,0,0,0,0,0,0,0,0,0,0,128,255,255,0,0,0,0,0,0,0,0,0,0,0,0,0,0,0,0,0,128,255,255,0,0,0,0,0,0,0,0,0,0,0,0,0,0,0,0,0,255,255,128,0,0,0,0,0,0,0,0,0,0,0,0,0,0,0,0,64,255,255,0,0,0,0,0,0,0,0,0,0,0,0,0,0,0,0,0,191,255,255,0,0,0,0,0,0,0,0,0,0,0,0,0,0,0,0,0,255,255,255,0,0,0,0,0,0,0,0,0,0,0,0,0,0,0,0,0,255,255,128,0,0,0,0,0,0,0,0,0,0,0,0,0,0,0,0,0,255,255,128,0,0,0,0,0,0,0,0,0,0,0,0,0,0,0,0,0,255,255,64,0,0,0,0,0,0,0,0,0,0,0,0,0,0,0,0,64,255,191,0,0,0,0,0,0,0,0,0,0,0,0,0,0,0,0,0,128,255,128,0,0,0,0,0,0,0,0,0,0,0,0,0,0,0,0,0,128,255,128,0,0,0,0,0,0,0,0,0,0,0,0,0,0,0,0,0,128,255,128,0,0,0,0,0,0,0,0,0,0,0,0,0,0,0,0,0,191,255,128,0,0,0,0,0,0,0,0,0,0,0,0,0,0,0,0,0,255,255,128,0,0,0,0,0,0,0,0,0,0,0,0,0,0,0,0,0,255,255,128,0,0,0,0,0,0,0,0,0,0,0,0,0,0,0,0,0,128,255,128,0,0,0,0,0,0,0,0,0,0,0,0,0,0,0,0,0,0,191,255,64,0,0,0,0,0,0,0,0,1
0,0,0,0,0,0,0,0,0,0,0,0,0,0,0,0,0,0,0,0,0,0,0,0,0,0,0,0,0,0,0,0,0,0,0,0,0,0,0,0,0,0,0,0,0,0,0,0,0,0,0,0,0,22,205,216,0,0,0,0,0,0,0,0,0,0,0,0,0,0,0,0,0,104,253,221,0,0,0,0,0,0,0,0,0,0,0,132,194,105,24,0,0,176,253,234,40,0,0,0,0,0,0,0,0,0,0,215,253,253,58,0,0,176,253,241,60,0,0,0,0,0,0,0,0,0,128,249,253,190,8,0,46,244,239,74,0,0,0,0,0,0,0,0,36,202,249,253,76,28,0,94,223,253,104,0,0,0,0,0,0,0,0,35,218,253,253,143,8,0,0,189,253,215,15,0,0,0,0,0,0,0,0,112,253,253,206,124,202,202,202,240,253,244,182,63,0,0,0,0,0,0,125,221,253,253,253,253,253,253,253,253,253,253,253,246,196,196,189,66,0,124,252,253,253,253,253,203,194,211,253,253,214,155,203,253,253,253,253,253,0,255,253,253,253,253,160,11,0,58,241,253,133,0,11,88,201,124,144,202,0,231,253,253,234,157,10,0,0,51,236,253,111,0,0,0,0,0,0,2,0,41,211,214,59,0,0,0,13,167,253,214,24,0,0,0,0,0,0,0,0,0,0,0,0,0,0,0,162,253,253,111,0,0,0,0,0,0,0,0,0,0,0,0,0,0,0,67,236,253,213,25,0,0,0,0,0,0,0,0,0,0,0,0,0,0,0,215,253,253,188,0,0,0,0,0,0,0,0,0,0,0,0,0,0,0,0,209,253,249,178,0,0,0,0,0,0,0,0,0,0,0,0,0,0,0,0,39,117,84,0,0,0,0,0,0,0,0,0,0,4
0,0,0,0,0,0,0,0,0,0,0,14,104,224,223,36,0,0,0,0,0,0,0,0,0,0,0,0,0,4,58,224,253,253,253,193,0,0,0,0,0,0,0,0,0,0,0,0,0,174,253,254,253,253,253,223,0,0,0,0,0,0,0,0,0,0,0,11,204,251,253,254,253,253,231,101,0,0,0,0,0,0,0,0,0,0,0,58,253,253,253,254,207,88,95,195,38,0,0,0,0,0,0,0,0,0,0,215,254,244,120,255,81,156,254,254,76,0,0,0,0,0,0,0,0,0,0,214,253,216,12,231,171,253,250,121,0,0,0,0,0,0,0,0,0,0,0,117,253,253,223,254,253,253,183,0,0,0,0,0,0,0,0,0,0,0,0,17,241,253,253,254,234,153,9,0,0,0,0,0,0,0,0,0,0,0,0,0,101,253,253,254,61,0,0,0,0,0,0,0,0,0,0,0,0,0,0,13,224,254,254,255,99,0,0,0,0,0,0,0,0,0,0,0,0,0,0,111,253,253,245,254,235,111,0,0,0,0,0,0,0,0,0,0,0,0,71,241,253,253,88,223,253,174,0,0,0,0,0,0,0,0,0,0,0,106,246,253,253,201,5,141,253,247,71,0,0,0,0,0,0,0,0,0,0,83,254,253,253,41,0,14,223,253,191,0,0,0,0,0,0,0,0,0,0,99,255,254,152,0,0,0,215,254,214,0,0,0,0,0,0,0,0,0,0,15,254,253,128,2,0,132,247,253,206,0,0,0,0,0,0,0,0,0,0,0,186,253,253,181,101,224,253,253,87,0,0,0,0,0,0,0,0,0,0,0,35,217,253,253,253,254,250,153,2,0,0,0,0,0,0,0,0,0,0,0,0,35,185,253,253,231,106,0,0,0,0,0,0,0,8
0,0,0,0,0,0,0,0,0,0,41,243,239,39,0,0,0,0,0,0,0,0,0,0,0,0,0,0,0,18,207,254,140,0,0,0,0,0,0,0,0,0,0,0,0,0,0,0,0,143,254,254,5,0,0,0,0,0,0,0,0,0,0,0,0,0,0,0,112,251,249,228,4,0,0,0,0,0,0,0,0,0,0,0,0,0,0,41,228,254,202,0,0,0,0,0,0,0,0,0,0,0,0,0,0,0,5,214,254,254,147,0,0,12,14,0,0,0,0,0,0,0,0,0,0,0,99,254,254,181,0,0,79,233,244,135,7,0,0,0,0,0,0,0,0,22,242,254,225,40,0,3,250,254,254,254,157,0,0,0,0,0,0,0,0,91,254,251,70,0,0,163,254,178,224,254,234,0,0,0,0,0,0,0,33,221,254,198,0,0,83,244,254,62,135,254,234,0,0,0,0,0,0,0,84,254,254,33,0,0,156,254,153,2,51,254,237,14,0,0,0,0,0,0,84,254,254,31,0,41,231,254,30,0,135,254,247,54,0,0,0,0,0,0,84,254,254,31,0,110,254,254,5,0,148,254,234,0,0,0,0,0,0,0,84,254,254,63,0,110,254,254,5,28,244,254,234,0,0,0,0,0,0,0,84,254,255,187,8,110,254,254,128,213,254,248,87,0,0,0,0,0,0,0,62,249,254,254,200,207,254,254,254,254,254,148,0,0,0,0,0,0,0,0,0,99,254,254,254,254,254,254,254,254,219,11,0,0,0,0,0,0,0,0,0,10,123,248,254,254,254,254,204,94,6,0,0,0,0,0,0,0,0,0,0,0,0,47,176,210,150,150,22,0,0,0,0,0,0,0,0,0,0,0,0,0,0,0,0,0,0,0,0,0,0,0,0,0,0,0,6
0,0,0,0,0,0,0,0,0,0,0,0,0,0,0,0,15,39,0,0,0,0,0,0,0,0,0,0,0,0,0,0,87,163,128,191,211,247,163,50,0,0,0,0,0,0,0,0,0,0,39,206,251,252,244,232,231,242,252,200,0,0,0,0,0,0,0,0,70,169,253,252,252,139,49,0,0,197,252,137,0,0,0,0,0,0,0,194,239,252,253,252,59,14,0,0,159,249,252,59,0,0,0,0,0,18,217,253,253,218,89,0,0,0,0,166,253,253,128,0,0,0,0,0,0,0,83,168,98,11,0,0,0,0,71,253,252,157,21,0,0,0,0,0,0,0,0,0,0,0,4,22,84,232,249,241,152,19,0,0,0,0,0,27,0,0,0,0,43,108,183,252,252,252,252,62,0,0,0,0,0,0,0,18,0,0,36,203,239,252,253,252,199,173,252,194,0,0,0,0,0,0,0,0,0,18,217,253,253,236,150,27,0,0,132,237,37,0,0,0,0,0,0,0,0,0,48,159,98,37,0,0,0,0,80,253,63,0,0,0,13,6,73,127,30,0,0,0,0,0,0,0,0,41,179,250,58,0,0,0,174,189,193,252,217,0,0,0,0,0,0,0,32,190,252,229,27,0,0,0,209,217,60,182,252,212,211,17,0,0,0,36,179,252,252,124,0,0,0,0,148,253,56,0,45,255,253,253,227,148,148,227,253,253,218,0,0,0,0,0,148,252,247,190,146,253,252,252,252,252,253,252,210,141,11,0,0,0,0,0,12,135,242,252,252,253,252,252,252,252,214,126,63,0,0,0,0,0,0,0,0,0,42,154,189,190,189,189,119,84,0,0,0,0,0,0,0,0,0,0,0,0,0,0,0,0,0,0,0,0,0,0,0,0,0,0,0,0,0,0,3
0,0,0,0,0,0,0,0,0,0,0,0,0,0,0,0,0,0,0,0,0,0,0,0,0,0,0,0,0,0,0,0,0,0,0,0,0,0,0,0,0,0,0,0,0,0,0,91,246,190,121,121,121,121,25,0,0,0,0,0,0,0,0,0,0,0,0,160,252,252,253,252,252,252,242,212,34,0,0,0,0,0,0,0,0,0,0,160,252,252,253,252,252,252,252,252,79,0,0,0,0,0,0,0,0,0,0,39,218,252,253,252,252,252,252,252,79,0,0,0,0,0,0,0,0,0,0,0,31,53,53,53,232,252,252,238,58,0,0,0,0,0,0,0,0,0,0,0,0,0,0,108,245,252,252,198,0,0,0,0,0,0,0,0,0,0,0,0,0,0,20,242,252,252,241,97,0,0,0,0,0,0,0,0,0,0,0,0,0,15,204,252,252,243,96,0,0,0,0,0,0,0,0,0,0,0,0,0,1,139,253,252,247,93,0,0,0,0,0,0,0,0,0,0,0,0,0,0,84,252,253,252,158,0,0,0,0,0,0,0,0,0,0,0,0,0,0,27,253,253,255,202,14,0,0,0,0,0,0,0,0,0,0,0,0,0,17,192,252,252,202,14,0,0,0,0,0,0,0,0,0,0,0,0,0,0,160,252,252,202,85,0,0,0,0,0,0,0,0,0,0,0,0,0,0,88,240,252,248,82,0,0,0,0,0,0,0,0,0,0,0,0,0,0,53,238,252,245,106,0,0,0,0,0,0,0,0,0,0,0,0,0,0,0,96,252,252,197,0,0,0,0,0,0,0,0,0,0,0,0,0,0,0,13,208,252,224,29,0,0,0,0,0,0,0,0,0,0,0,0,0,0,0,164,252,246,120,0,0,0,0,0,0,0,0,0,0,0,0,0,7
0,0,0,0,0,0,0,0,0,0,0,0,0,0,0,0,0,0,0,0,0,0,0,0,0,0,0,0,41,149,194,233,149,41,0,0,0,0,0,0,0,0,0,0,0,0,5,186,242,254,254,235,251,242,62,0,0,0,0,0,0,0,0,0,0,0,157,254,199,123,78,0,80,254,184,0,0,0,0,0,0,0,0,0,0,0,254,254,78,0,0,0,20,254,220,9,0,0,0,0,0,0,0,0,0,0,255,254,116,0,0,0,20,254,254,171,0,0,0,0,0,0,0,0,0,0,84,246,255,139,0,0,103,254,254,133,0,0,0,0,0,0,0,0,0,0,0,86,248,248,103,140,248,254,182,32,0,0,0,0,0,0,0,0,0,0,0,0,146,254,254,255,247,145,6,0,0,0,0,0,0,0,0,0,0,0,0,0,6,221,254,254,181,0,0,0,0,0,0,0,0,0,0,0,0,0,0,0,0,175,254,255,212,0,0,0,0,0,0,0,0,0,0,0,0,0,0,0,41,240,232,233,247,71,0,0,0,0,0,0,0,0,0,0,0,0,0,17,212,250,107,112,254,181,2,0,0,0,0,0,0,0,0,0,0,0,0,118,254,184,0,41,242,254,19,0,0,0,0,0,0,0,0,0,0,0,0,208,254,117,0,0,162,254,110,0,0,0,0,0,0,0,0,0,0,0,0,215,254,41,0,0,118,254,117,0,0,0,0,0,0,0,0,0,0,0,0,216,255,19,0,0,119,254,57,0,0,0,0,0,0,0,0,0,0,0,0,208,254,27,0,5,203,254,19,0,0,0,0,0,0,0,0,0,0,0,0,88,254,147,0,59,254,254,19,0,0,0,0,0,0,0,0,0,0,0,0,10,212,251,235,240,254,166,2,0,0,0,0,0,8
0,0,0,0,0,0,0,0,0,0,0,0,0,0,0,0,0,0,0,0,0,0,0,0,30,230,128,27,0,0,0,0,0,0,0,0,0,0,0,0,0,0,0,0,48,254,254,103,0,0,0,0,0,0,123,39,0,0,0,0,0,0,0,0,86,254,254,103,0,0,0,0,0,98,250,222,31,0,0,0,0,0,0,0,204,254,254,75,0,0,0,0,7,226,254,254,75,0,0,0,0,0,0,0,236,254,254,9,0,0,0,0,10,254,254,254,75,0,0,0,0,0,0,0,236,254,184,2,0,0,0,0,10,254,254,252,70,0,0,0,0,0,0,26,242,254,103,0,0,0,0,0,77,254,254,241,25,0,0,0,0,0,0,3,236,254,75,0,0,0,0,0,125,254,254,254,75,0,0,0,0,0,0,0,225,254,121,0,0,0,0,19,225,254,254,254,75,0,0,0,0,0,0,0,141,254,200,4,0,0,0,38,254,254,254,240,20,0,0,0,0,0,0,0,36,242,254,142,10,0,18,129,254,254,255,186,0,0,0,0,0,0,0,0,0,141,242,254,230,226,234,254,254,254,180,23,0,0,0,0,0,0,0,0,0,0,107,208,254,254,254,254,254,254,39,0,0,0,0,0,0,0,0,0,0,0,0,19,85,154,198,254,254,203,6,0,0,0,0,0,0,0,0,0,0,0,0,0,0,0,67,254,254,178,0,0,0,0,0,0,0,0,0,0,0,0,0,0,0,0,67,254,254,102,0,0,0,0,0,0,0,0,0,0,0,0,0,0,0,0,67,254,254,85,0,0,0,0,0,0,0,0,0,0,0,0,0,0,0,0,67,254,251,66,0,0,0,0,0,0,0,0,0,0,0,0,0,0,0,0,67,254,244,0,0,0,0,0,0,0,4
0,0,0,0,0,0,0,0,0,0,0,0,0,0,0,0,0,0,0,0,0,0,0,0,0,0,0,0,0,43,157,245,174,253,254,168,0,0,0,0,0,0,0,0,85,85,94,190,190,253,252,252,252,252,253,196,7,0,0,0,0,0,32,215,253,252,252,252,252,253,252,252,252,252,253,252,170,0,0,0,0,0,48,242,253,252,247,189,189,190,110,93,162,84,183,252,231,0,0,0,0,0,0,79,147,68,38,0,0,0,0,0,0,0,148,252,231,0,0,0,0,0,0,0,0,0,0,0,0,0,0,4,69,104,210,253,214,0,0,0,0,0,0,0,0,0,0,0,0,0,0,92,252,252,253,252,91,0,0,0,0,0,0,0,0,8,22,7,18,101,232,251,252,244,170,47,2,0,0,0,0,0,0,0,55,197,252,196,239,253,252,252,252,173,0,0,0,0,0,0,0,0,0,0,148,252,252,252,252,253,252,252,252,252,194,71,0,0,0,0,0,0,0,0,80,211,202,106,18,0,36,115,222,253,255,218,30,0,0,0,0,0,0,0,0,0,0,0,0,0,0,0,16,150,218,252,212,28,0,0,0,20,7,0,0,0,0,0,0,0,0,0,0,0,92,247,252,186,4,0,84,246,196,28,0,0,0,0,0,0,0,0,0,0,0,120,252,252,42,0,242,252,252,42,0,0,0,0,0,0,0,0,0,0,0,85,252,252,42,0,253,253,102,0,0,0,0,0,0,0,0,0,0,0,8,114,253,253,42,0,98,210,237,146,71,0,0,0,0,0,0,0,0,71,157,252,252,205,11,0,0,28,237,252,250,232,135,127,127,66,57,135,232,249,253,245,169,16,0,0,0,0,21,84,190,237,252,252,252,253,252,252,252,226,128,56,0,0,0,0,3
0,0,0,0,0,0,0,0,0,0,0,0,0,0,0,0,0,0,0,0,0,0,0,0,0,0,0,0,0,0,0,0,0,0,0,0,0,0,0,0,0,0,0,0,0,0,0,0,0,0,0,0,0,0,0,0,0,0,0,0,0,0,0,0,0,0,0,0,0,0,0,0,0,0,0,0,0,0,0,0,0,0,31,133,65,144,191,162,158,158,105,140,158,158,158,186,255,254,254,89,0,0,126,254,254,254,254,254,254,254,254,254,254,254,231,233,254,254,235,74,0,0,81,230,176,67,67,67,67,67,67,103,67,67,18,174,254,252,58,0,0,0,0,3,2,0,0,0,0,0,0,0,0,27,194,254,245,47,0,0,0,0,0,0,0,0,0,0,0,0,0,0,46,179,254,210,78,0,0,0,0,0,0,0,0,0,0,0,0,0,0,44,231,254,214,25,0,0,0,0,0,0,0,0,0,0,0,0,0,0,11,176,254,208,25,0,0,0,0,0,0,0,0,0,0,0,0,0,0,0,135,254,248,70,0,0,0,0,0,0,0,0,0,0,0,0,0,0,0,58,244,254,146,0,0,0,0,0,0,0,0,0,0,0,0,0,0,0,30,221,254,185,5,0,0,0,0,0,0,0,0,0,0,0,0,0,0,0,157,254,227,45,0,0,0,0,0,0,0,0,0,0,0,0,0,0,0,66,240,254,81,0,0,0,0,0,0,0,0,0,0,0,0,0,0,0,15,239,254,126,1,0,0,0,0,0,0,0,0,0,0,0,0,0,0,1,129,254,194,16,0,0,0,0,0,0,0,0,0,0,0,0,0,0,0,18,233,254,70,0,0,0,0,0,0,0,0,0,0,0,0,0,0,0,0,37,247,211,29,0,0,0,0,0,0,0,0,0,0,0,7
0,0,0,0,0,0,0,126,253,254,218,201,227,148,237,227,156,148,42,0,0,0,0,0,0,0,0,133,252,253,252,252,252,252,253,252,252,252,147,0,0,0,0,0,0,0,0,6,109,250,117,21,21,21,21,21,58,252,147,0,0,0,0,0,0,0,0,0,0,70,0,0,0,0,0,22,237,210,66,0,0,0,0,0,0,0,0,0,0,0,0,0,0,0,18,199,155,49,0,0,0,0,0,0,0,0,0,0,18,43,43,22,11,130,230,27,0,0,0,0,0,0,0,0,0,0,78,155,216,253,252,221,206,217,97,0,0,0,0,0,0,0,0,0,4,136,251,252,252,253,252,252,252,244,62,0,0,0,0,0,0,0,0,0,32,237,252,252,252,243,189,101,231,252,222,16,0,0,0,0,0,0,0,0,0,67,147,191,103,35,0,0,28,174,253,107,0,0,0,0,0,0,0,0,0,0,0,0,0,0,0,0,0,89,255,183,4,0,0,0,0,0,0,0,0,0,0,0,0,0,0,0,0,0,253,252,21,0,0,0,0,0,0,0,0,0,0,0,0,0,0,0,0,0,253,252,21,0,0,0,0,0,0,0,0,0,0,0,0,0,0,0,0,0,253,231,16,0,0,0,0,0,0,0,0,0,0,0,0,0,0,0,0,89,253,168,0,0,0,0,253,200,122,7,0,0,0,0,0,0,0,0,0,168,255,107,0,0,0,0,252,252,252,200,129,85,43,0,0,0,0,0,128,242,222,16,0,0,0,0,247,252,252,252,253,252,241,70,0,4,57,180,246,199,62,0,0,0,0,0,63,180,231,252,253,252,245,169,169,183,252,221,119,49,0,0,0,0,0,0,0,0,28,86,147,182,252,252,252,191,112,21,0,0,0,0,0,0,0,0,3
0,0,0,0,0,0,0,0,0,0,0,0,0,0,141,255,27,0,0,0,0,0,0,0,0,0,0,0,0,0,0,0,0,10,178,253,152,0,0,0,0,0,0,0,0,0,0,0,0,0,0,0,0,60,252,253,167,0,0,0,0,0,0,0,0,0,0,0,0,0,0,0,38,224,252,253,151,0,0,0,0,0,0,0,0,0,0,0,0,0,0,0,135,252,252,253,27,0,0,0,0,0,0,0,0,0,0,0,0,0,0,147,253,253,253,79,0,0,0,0,0,0,0,0,0,0,0,0,0,0,38,234,252,252,127,0,0,0,0,0,0,0,0,0,0,0,0,0,0,0,144,252,252,245,87,0,0,0,0,0,0,0,0,0,0,0,0,0,0,95,253,252,252,208,0,0,0,0,0,0,0,0,0,0,0,0,0,0,0,140,253,252,220,37,0,0,0,0,0,0,0,0,0,0,0,0,0,0,92,253,255,253,133,0,0,0,0,0,0,0,0,0,0,0,0,0,0,51,243,252,253,129,6,0,0,0,0,0,0,0,0,0,0,0,0,0,19,178,252,252,253,27,0,0,0,0,0,0,0,0,0,0,0,0,0,0,101,252,252,252,162,9,0,0,0,0,0,0,0,0,0,0,0,0,0,63,240,252,252,173,0,0,0,0,0,0,0,0,0,0,0,0,0,0,63,176,253,253,240,63,0,0,0,0,0,0,0,0,0,0,0,0,0,10,178,253,252,233,71,0,0,0,0,0,0,0,0,0,0,0,0,0,0,60,252,253,233,74,0,0,0,0,0,0,0,0,0,0,0,0,0,0,38,224,252,253,74,0,0,0,0,0,0,0,0,0,0,0,0,0,0,0,25,205,252,190,12,0,0,0,0,0,0,0,0,0,0,0,0,0,1
0,0,0,0,0,0,0,0,0,0,0,0,0,0,0,0,0,0,0,0,0,0,0,0,0,0,0,0,0,0,99,253,255,98,0,0,0,0,0,0,0,0,0,0,0,0,0,0,0,0,181,252,253,179,0,0,0,0,0,0,0,0,0,0,0,0,0,0,0,0,181,252,253,179,0,0,0,0,0,0,0,0,0,0,0,0,0,0,0,0,181,252,253,97,0,0,0,0,0,0,0,0,0,0,0,0,0,0,0,0,181,252,253,179,0,0,0,0,0,0,0,0,0,0,0,0,0,0,0,63,242,252,253,138,0,0,0,0,0,0,0,0,0,0,0,0,0,0,0,73,252,252,175,10,0,0,0,0,0,0,0,0,0,0,0,0,0,0,0,155,252,252,62,0,0,0,0,0,0,0,0,0,0,0,0,0,0,0,0,218,253,253,0,0,0,0,0,0,0,0,0,0,0,0,0,0,0,0,94,247,252,210,0,0,0,0,0,0,0,0,0,0,0,0,0,0,0,0,129,252,246,92,0,0,0,0,0,0,0,0,0,0,0,0,0,0,0,0,253,252,215,0,0,0,0,0,0,0,0,0,0,0,0,0,0,0,16,109,255,253,232,47,0,0,0,0,0,0,0,0,0,0,0,0,0,0,37,252,253,231,76,15,0,0,0,0,0,0,0,0,0,0,0,0,0,0,37,252,253,179,0,0,0,0,0,0,0,0,0,0,0,0,0,0,0,0,120,252,253,97,0,0,0,0,0,0,0,0,0,0,0,0,0,0,0,0,182,253,255,35,0,0,0,0,0,0,0,0,0,0,0,0,0,0,0,0,181,252,222,25,0,0,0,0,0,0,0,0,0,0,0,0,0,0,0,42,221,252,144,0,0,0,0,0,0,0,0,0,0,0,1
0,0,0,0,0,0,0,0,0,0,0,0,0,0,0,0,0,0,0,0,0,0,0,0,0,0,0,0,0,0,0,0,0,0,0,0,0,0,0,0,0,0,0,0,0,0,0,0,0,0,0,0,0,0,0,0,0,0,0,0,0,0,0,0,0,0,0,0,0,0,0,0,0,0,0,0,0,1,7,75,0,0,0,0,0,0,0,0,0,0,0,0,0,0,0,27,84,168,254,254,0,0,0,0,0,0,0,0,0,0,46,140,172,217,241,247,254,254,254,190,0,0,0,0,0,0,0,0,0,155,241,254,255,254,254,251,212,127,34,1,0,0,0,0,0,0,0,0,85,217,254,237,142,124,85,43,0,0,0,0,0,0,0,0,0,0,0,129,252,213,96,5,0,0,0,0,0,0,0,0,0,0,0,0,0,0,56,243,226,30,0,0,0,0,0,0,0,0,0,0,0,0,0,0,0,0,104,246,38,0,0,0,0,0,0,0,0,0,0,0,0,0,0,0,0,0,104,255,68,0,0,0,0,0,0,0,0,0,0,0,0,0,0,0,0,0,59,254,124,0,0,0,0,0,0,0,0,0,0,0,0,0,0,0,0,0,25,244,199,2,0,0,0,0,0,0,0,0,0,0,0,0,0,0,0,0,75,246,254,25,0,0,0,0,0,0,0,0,0,0,0,0,178,40,74,170,250,254,219,4,0,0,0,0,0,0,0,0,0,0,0,0,169,254,254,254,254,246,65,0,0,0,0,0,0,0,0,0,0,0,0,0,37,232,254,254,158,37,0,0,0,0,0,0,0,0,0,0,0,0,0,0,0,5,46,23,1,0,0,0,0,0,0,0,0,0,0,0,0,0,0,0,0,0,0,0,0,0,0,0,0,0,0,0,0,0,0,0,0,0,5
0,0,0,0,0,0,0,0,0,0,0,0,0,0,0,0,0,0,0,0,0,0,0,0,0,0,0,0,0,57,170,198,114,114,86,57,0,0,0,0,0,0,0,0,0,0,0,0,114,255,255,255,255,255,226,170,29,0,0,0,0,0,0,0,0,0,0,0,170,226,29,0,0,0,0,0,0,0,0,0,0,0,0,0,0,0,0,86,255,114,0,0,0,0,0,0,0,0,0,0,0,0,0,0,0,0,0,255,226,0,0,0,0,0,0,0,0,0,0,0,0,0,0,0,0,0,57,255,86,0,0,0,0,0,0,0,0,0,0,0,0,0,0,0,0,0,170,226,29,0,0,0,0,0,0,0,0,0,0,0,0,0,0,0,0,0,255,226,170,141,114,0,0,0,0,0,0,0,0,0,0,0,0,0,0,86,255,255,255,255,255,226,114,0,0,0,0,0,0,0,0,0,0,0,0,0,86,86,86,86,170,255,255,114,0,0,0,0,0,0,0,0,0,0,0,0,0,0,0,0,0,86,255,255,57,0,0,0,0,0,0,0,0,0,0,0,0,0,0,0,0,0,86,255,86,0,0,0,0,0,0,0,0,0,0,0,0,0,0,0,0,0,0,255,86,0,0,0,0,0,0,0,0,0,0,0,0,0,0,0,0,0,86,255,86,0,0,0,0,0,0,0,0,0,0,0,86,141,0,0,0,0,198,226,0,0,0,0,0,0,0,0,0,0,0,0,170,86,0,0,0,170,255,86,0,0,0,0,0,0,0,0,0,0,0,0,170,170,29,0,57,226,141,0,0,0,0,0,0,0,0,0,0,0,0,0,170,255,170,141,255,198,29,0,0,0,0,0,0,0,0,0,0,0,0,0,57,255,255,255,226,0,0,0,0,0,0,0,0,0,5
0,0,0,0,0,0,0,0,0,0,0,0,0,0,0,0,0,0,0,0,0,0,0,0,0,0,0,0,0,0,0,0,45,56,31,0,0,0,0,0,0,0,0,0,0,0,0,0,4,26,111,209,246,254,234,67,0,0,0,0,0,0,0,0,0,0,20,78,195,254,254,254,254,254,174,0,0,0,0,0,0,0,0,61,121,207,230,254,254,254,254,235,232,134,74,0,0,0,0,0,0,0,17,223,254,254,254,254,200,125,80,2,0,0,0,0,0,0,0,0,0,0,56,254,254,221,125,34,7,0,0,0,0,0,0,0,0,0,0,0,0,0,128,254,254,35,0,0,0,0,0,0,0,0,0,0,0,0,0,0,0,0,250,254,193,2,0,0,0,38,41,41,8,0,0,0,0,0,0,0,0,0,218,254,189,0,0,137,195,251,254,254,207,172,90,0,0,0,0,0,0,0,135,254,253,38,188,254,254,254,254,254,254,254,254,250,191,51,4,0,0,0,55,254,254,216,254,254,217,95,50,50,52,149,234,254,254,254,156,29,0,0,0,187,254,254,254,247,53,0,0,0,0,0,6,95,189,254,254,221,0,0,0,105,254,254,254,139,0,0,0,0,0,0,0,0,4,103,253,254,0,0,0,11,254,254,254,58,0,0,0,0,0,0,0,0,0,0,141,254,0,0,0,6,201,254,254,114,0,0,0,0,0,0,0,0,0,0,5,198,0,0,0,0,45,244,254,125,0,0,0,0,0,0,0,0,0,0,0,159,0,0,0,0,0,150,219,108,0,0,0,0,0,0,0,0,0,0,0,91,0,0,0,0,0,0,0,0,0,0,0,0,0,0,0,0,0,0,0,126,0,0,0,0,0,0,0,0,0,0,0,0,0,0,0,0,0,0,0,156,5
0,0,0,0,0,0,0,0,0,0,0,0,0,0,0,0,0,0,0,0,0,0,0,0,0,88,176,235,27,0,0,0,0,0,0,0,0,0,0,0,0,0,0,0,0,183,253,251,242,145,126,28,0,0,0,0,0,0,0,0,0,0,0,0,0,40,127,127,158,241,253,235,60,0,0,0,0,0,0,0,0,0,0,0,0,0,0,0,0,35,157,250,215,0,0,0,0,0,0,0,0,0,0,0,0,0,0,0,0,0,0,217,235,0,0,0,0,0,0,0,0,0,0,0,0,0,0,0,0,0,16,228,177,0,0,0,0,0,0,0,0,0,0,0,0,0,0,0,0,0,127,253,60,0,0,0,0,0,0,0,0,0,0,0,0,0,0,0,0,11,238,234,27,0,0,0,0,0,0,0,0,0,0,0,0,0,0,0,0,150,253,107,0,0,0,0,0,0,0,0,0,0,0,0,0,0,0,0,66,254,233,23,0,0,0,0,0,0,0,0,0,0,0,0,0,0,0,0,182,255,115,0,0,0,0,0,0,0,0,0,0,0,0,0,0,0,0,0,181,254,37,0,0,0,0,0,0,0,0,0,0,0,0,0,0,0,0,0,123,254,213,18,0,0,0,0,0,0,0,0,0,0,0,0,0,0,0,0,0,170,251,145,0,0,0,0,0,0,0,0,0,0,0,0,0,0,0,0,0,0,235,242,39,0,0,0,0,0,0,0,0,0,0,0,0,0,0,0,0,0,88,254,80,0,0,0,0,0,0,0,0,0,0,0,0,0,0,0,0,0,43,245,163,0,0,0,0,0,0,0,0,0,0,0,0,0,0,0,0,0,0,217,235,0,0,0,0,0,0,0,0,0,0,0,0,0,0,0,0,0,30,233,235,0,0,0,0,0,0,0,3
0,0,0,0,0,0,0,0,77,121,190,255,146,0,0,0,0,0,0,0,0,0,0,0,0,0,80,198,247,252,252,253,190,11,0,0,0,0,0,0,0,0,0,0,0,25,211,252,252,252,252,253,252,180,15,0,0,0,0,0,0,0,0,0,0,67,252,252,252,252,252,253,252,252,39,0,0,0,0,0,0,0,0,0,0,32,217,252,252,206,53,218,252,252,165,14,0,0,0,0,0,0,0,0,0,96,252,252,232,28,0,32,144,252,252,150,0,0,0,0,0,0,0,0,56,236,252,245,120,0,0,0,34,234,252,196,11,0,0,0,0,0,0,0,81,252,252,212,0,0,0,0,0,142,252,252,155,9,0,0,0,0,0,0,81,252,252,205,0,0,0,0,0,40,229,252,252,79,0,0,0,0,0,0,150,252,252,79,0,0,0,0,0,0,142,252,252,79,0,0,0,0,0,0,214,253,253,80,0,0,0,0,0,0,81,253,253,142,0,0,0,0,0,0,213,252,201,4,0,0,0,0,0,0,4,202,252,212,0,0,0,0,0,35,227,252,198,0,0,0,0,0,0,0,0,200,252,248,83,0,0,0,0,15,219,252,198,0,0,0,0,0,0,0,0,200,252,252,93,0,0,0,0,0,178,252,241,98,0,0,0,0,0,0,99,241,252,220,20,0,0,0,0,0,81,252,252,212,0,0,0,0,23,103,242,252,252,114,0,0,0,0,0,0,68,244,252,239,159,41,41,41,200,252,252,252,243,67,0,0,0,0,0,0,0,109,245,252,252,252,252,253,252,252,252,209,73,0,0,0,0,0,0,0,0,0,177,248,252,252,252,253,252,252,198,78,0,0,0,0,0,0,0,0,0,0,0,82,203,252,252,253,252,132,19,0,0,0,0,0,0
0,0,0,0,0,0,0,0,0,0,0,0,0,0,0,0,0,0,0,0,0,0,0,0,0,0,0,0,0,0,0,0,0,0,0,0,18,166,253,21,0,0,0,0,0,0,0,0,0,0,0,0,0,0,0,22,199,253,252,21,0,0,0,0,0,0,0,0,0,0,0,0,0,0,20,202,252,232,47,2,0,0,0,0,0,0,0,0,0,155,83,0,0,22,202,252,226,115,0,0,0,0,0,0,0,0,0,0,71,249,189,0,18,199,252,252,103,0,0,0,0,0,0,0,0,0,0,25,183,241,35,0,61,253,253,199,18,0,0,0,0,0,0,0,0,0,0,78,252,231,0,36,227,252,245,56,0,0,0,0,0,0,0,0,0,0,9,201,252,169,0,115,253,252,82,0,0,0,0,0,0,0,0,0,0,0,106,253,252,21,70,239,253,231,16,0,0,0,0,0,0,0,0,0,0,0,150,253,252,29,204,252,253,80,0,0,0,0,0,0,0,0,0,0,0,0,212,255,253,253,253,253,247,97,0,0,0,0,0,0,0,0,0,0,0,0,176,253,252,252,252,217,53,0,0,0,0,0,0,0,0,0,0,0,18,70,97,245,252,252,252,182,0,0,0,0,0,0,0,0,0,0,0,0,0,0,0,122,252,252,139,14,0,0,0,0,0,0,0,0,0,0,0,0,0,0,0,87,252,235,14,0,0,0,0,0,0,0,0,0,0,0,0,0,0,0,62,255,253,197,0,0,0,0,0,0,0,0,0,0,0,0,0,0,0,0,106,253,252,21,0,0,0,0,0,0,0,0,0,0,0,0,0,0,0,0,203,250,117,2,0,0,0,0,0,0,0,0,0,0,0,0,0,0,0,43,239,211,0,0,0,0,0,0,0,0,0,0,0,0,4
0,0,0,0,0,0,0,0,0,0,0,0,0,0,0,0,0,0,0,0,0,0,0,0,0,0,0,0,3,64,147,185,254,254,198,32,0,0,0,0,0,0,0,0,0,0,12,122,207,254,254,254,170,151,252,206,7,0,0,0,0,0,0,0,5,105,219,254,254,254,254,254,239,202,157,254,38,0,0,0,0,0,0,0,101,254,254,164,28,7,54,92,161,238,254,254,38,0,0,0,0,0,0,100,245,104,154,4,0,0,0,0,0,36,97,254,74,0,0,0,0,0,0,224,130,0,0,0,0,0,0,0,0,0,96,244,41,0,0,0,0,0,0,224,111,0,0,0,0,0,0,0,0,97,251,138,0,0,0,0,0,0,0,181,224,26,0,0,0,0,0,39,169,246,163,0,0,0,0,0,0,0,0,34,250,149,55,5,111,131,201,254,227,88,2,0,0,0,0,0,0,0,0,0,55,235,254,233,254,254,254,255,205,110,3,0,0,0,0,0,0,0,0,0,0,0,0,34,166,254,247,232,231,252,250,142,30,0,0,0,0,0,0,0,0,0,101,218,225,91,38,0,0,47,159,254,222,83,0,0,0,0,0,0,5,140,249,184,39,0,0,0,0,0,2,54,222,241,40,0,0,0,0,0,170,240,124,3,0,0,0,0,0,0,0,0,42,244,172,0,0,0,0,89,245,71,0,0,0,0,0,0,0,0,0,0,0,174,223,0,0,0,0,193,191,0,0,0,0,0,0,0,0,0,0,0,34,247,157,0,0,0,0,121,239,5,0,0,0,0,0,0,0,0,0,13,196,249,98,0,0,0,0,19,206,222,101,2,0,0,0,0,0,9,88,195,246,102,0,0,0,0,0,0,22,189,254,211,175,131,131,131,145,221,250,188,70,0,0,0,8
0,0,0,0,0,0,0,0,0,0,0,0,0,32,205,253,220,0,0,0,0,0,32,48,0,0,0,0,0,0,0,0,0,104,251,253,220,0,0,0,0,20,205,188,0,0,0,0,0,0,0,20,158,240,251,193,82,0,0,0,0,0,0,0,0,0,0,0,0,0,0,92,253,253,253,100,0,0,0,0,0,0,0,0,0,0,0,0,0,0,92,236,251,251,231,0,0,0,0,0,0,0,0,0,0,0,0,0,0,0,253,251,251,219,47,0,0,0,0,0,0,0,0,0,0,0,0,0,96,221,253,251,219,42,0,0,0,0,0,0,0,0,0,0,0,0,0,80,240,251,253,231,47,0,0,0,0,0,0,0,0,0,0,0,0,0,92,253,253,253,219,138,0,0,0,0,0,0,0,0,0,0,0,0,0,92,236,251,251,231,39,0,0,8,32,20,0,0,0,0,0,0,0,0,80,253,251,251,251,94,0,16,127,158,251,206,111,0,0,0,0,0,0,16,181,253,251,251,57,12,64,186,251,251,251,253,248,111,0,0,0,0,0,162,251,253,251,172,12,100,253,251,251,251,251,253,251,126,0,0,0,0,48,234,253,255,161,48,234,253,255,241,79,0,0,195,253,126,0,0,0,0,127,251,251,253,205,221,251,251,161,54,0,0,0,96,251,220,23,0,0,0,127,251,251,253,251,251,251,251,0,0,0,0,0,96,251,251,31,0,0,0,127,251,251,253,251,251,196,89,0,0,0,0,40,234,251,140,4,0,0,0,127,251,251,253,251,251,31,0,0,0,0,139,217,253,251,126,0,0,0,0,0,0,0,0,0,0,0,0,0,0,0,0,0,0,0,0,0,0,0,0,0,0,0,0,0,0,0,0,0,0,0,0,0,0,0,0,0,0,6
0,0,0,0,0,0,0,0,0,0,0,0,0,0,0,0,0,0,0,0,0,0,0,0,0,0,1,29,211,254,254,255,254,254,254,254,138,4,0,0,0,0,0,0,30,86,156,253,253,253,253,253,253,253,253,253,253,135,5,0,0,0,62,171,238,253,253,253,253,253,253,253,253,253,247,235,253,253,35,0,0,116,233,253,253,253,253,213,182,182,92,65,65,65,65,190,253,253,124,0,7,189,253,253,253,216,52,21,0,0,0,0,0,5,109,253,253,253,112,0,11,211,253,253,212,79,0,0,0,0,0,0,0,167,253,253,226,109,4,0,0,150,251,253,253,249,184,59,6,2,2,106,232,253,253,225,97,0,0,0,0,0,76,200,249,253,253,253,253,175,176,253,253,252,203,0,0,0,0,0,0,0,0,0,77,143,213,253,253,253,253,253,235,146,0,0,0,0,0,0,0,0,0,0,0,0,34,253,253,253,253,253,220,32,0,0,0,0,0,0,0,0,0,0,0,33,219,253,253,253,194,241,253,214,0,0,0,0,0,0,0,0,0,0,0,206,253,253,238,76,10,79,201,251,213,74,0,0,0,0,0,0,0,0,133,251,253,253,105,0,0,0,63,251,253,216,32,0,0,0,0,0,0,0,207,253,253,164,2,0,0,0,0,72,253,253,130,0,0,0,0,0,0,0,207,253,247,0,0,0,0,0,0,12,253,253,188,0,0,0,0,0,0,0,185,253,248,21,0,0,0,0,0,35,253,253,188,0,0,0,0,0,0,0,67,246,253,214,110,50,0,0,82,219,253,253,188,0,0,0,0,0,0,0,0,131,253,253,253,241,201,201,224,253,253,238,72,0,0,0,0,0,0,0,0,15,38,209,253,253,253,253,253,253,253,104,0,0,0,0,8
0,0,0,0,0,0,0,0,130,252,243,199,152,62,0,0,0,0,0,0,0,0,0,0,0,0,0,0,217,169,126,168,237,246,102,0,0,0,0,0,0,0,0,0,0,0,0,0,127,14,0,0,44,219,248,27,0,0,0,0,0,0,0,0,0,0,0,0,0,0,0,0,0,114,254,89,0,0,0,0,0,0,0,0,0,0,0,0,0,0,0,0,0,46,254,172,0,0,0,0,0,0,0,0,0,0,0,0,0,0,0,0,0,71,254,181,0,0,0,0,0,0,0,0,0,0,0,0,0,0,0,0,0,132,254,80,0,0,0,0,0,0,0,0,0,0,0,0,0,0,0,0,99,245,197,14,0,0,0,0,0,0,0,0,0,48,159,164,80,17,101,184,250,235,47,0,0,0,0,0,0,0,0,0,0,126,254,254,254,254,254,254,160,34,0,0,0,0,0,0,0,0,0,0,0,9,38,72,136,190,254,254,115,0,0,0,0,0,0,0,0,0,0,0,0,0,0,0,0,1,59,238,250,82,0,0,0,0,0,0,0,0,0,0,0,0,0,0,0,0,0,87,254,132,0,0,0,0,0,0,0,0,0,0,0,0,0,0,0,0,0,90,254,132,0,0,0,0,0,0,0,0,0,0,0,0,0,0,0,0,16,209,254,128,0,0,0,0,0,0,0,0,0,0,0,0,0,0,0,0,93,254,245,30,0,0,0,0,0,0,0,0,0,0,0,0,0,0,0,102,247,254,146,0,0,0,0,0,0,0,0,0,0,0,0,6,23,69,217,254,251,147,1,0,0,0,0,0,0,0,0,0,27,98,159,214,254,255,242,177,85,0,0,0,0,0,0,0,0,0,192,229,242,252,178,178,129,91,20,0,0,0,0,0,0,0,0,0,0,0,3
0,0,0,0,0,0,0,0,0,0,0,0,0,0,0,0,0,0,0,0,0,0,0,0,0,0,0,0,0,0,0,0,0,0,0,0,0,0,0,0,0,0,112,192,174,253,210,174,148,148,104,43,11,0,0,0,0,0,0,0,0,0,190,252,252,252,253,252,252,252,252,253,142,0,0,0,0,0,0,0,0,22,221,252,221,126,188,238,251,231,249,253,246,19,0,0,0,0,0,0,0,43,252,252,189,0,0,28,77,0,211,253,252,21,0,0,0,0,0,0,0,7,200,252,189,0,0,0,0,0,167,253,252,21,0,0,0,0,0,0,0,18,217,253,128,0,0,0,0,0,107,254,253,83,0,0,0,0,0,0,0,0,127,159,21,0,0,0,0,0,106,253,252,47,0,0,0,0,0,0,0,0,0,0,0,0,4,101,73,0,203,253,252,21,0,0,0,16,22,16,0,0,0,0,0,0,43,252,245,169,239,253,252,123,91,169,169,232,238,63,0,0,0,0,0,0,25,226,252,252,252,253,252,252,252,252,253,217,91,0,0,0,0,0,0,0,0,0,98,187,253,255,253,232,211,167,107,27,0,0,0,0,0,0,0,0,0,0,0,64,252,253,252,47,0,0,0,0,0,0,0,0,0,0,0,0,0,0,0,64,252,253,217,12,0,0,0,0,0,0,0,0,0,0,0,0,0,0,0,64,252,253,252,21,0,0,0,0,0,0,0,0,0,0,0,0,0,0,0,64,252,253,252,21,0,0,0,0,0,0,0,0,0,0,0,0,0,0,0,64,253,255,253,21,0,0,0,0,0,0,0,0,0,0,0,0,0,0,0,64,252,253,252,21,0,0,0,0,0,0,0,0,0,0,0,0,0,0,0,32,232,253,252,65,0,0,0,0,0,0,7
0,0,0,0,0,0,0,0,0,0,0,0,0,0,0,0,0,0,0,0,0,0,0,0,0,0,0,0,0,0,0,0,0,0,0,0,0,0,0,0,0,0,0,0,0,0,0,0,0,0,0,0,0,0,0,0,0,0,0,0,0,0,0,0,0,0,0,0,0,0,0,1,31,114,56,6,96,100,0,0,0,0,0,0,0,0,0,0,3,44,129,160,253,253,253,253,253,240,122,7,0,0,0,0,0,4,47,119,193,253,253,253,253,253,253,253,253,253,253,37,0,0,0,0,43,217,242,253,253,253,253,243,217,134,146,250,253,253,253,42,0,0,2,114,229,253,253,253,250,181,97,6,0,0,6,189,253,253,253,145,0,0,126,253,253,253,200,84,55,0,0,0,0,0,111,253,253,253,253,228,0,124,251,253,253,188,50,0,0,0,0,0,0,0,81,248,253,253,253,154,25,228,253,244,119,10,0,0,0,0,0,0,0,0,0,173,253,253,253,145,124,253,251,88,0,0,0,0,0,0,0,0,0,0,61,237,253,253,253,106,202,253,146,0,0,0,0,0,0,0,0,0,15,64,242,253,253,214,16,3,254,253,139,0,0,0,0,0,0,0,0,112,224,253,253,253,229,40,0,0,213,253,181,0,0,0,0,0,7,121,159,251,253,253,253,228,47,0,0,0,89,253,253,225,135,135,135,172,244,253,253,253,253,231,65,8,0,0,0,0,13,206,253,253,253,253,253,253,253,253,253,183,81,16,0,0,0,0,0,0,0,31,137,212,253,253,253,253,203,150,66,3,0,0,0,0,0,0,0,0,0,0,0,3,5,5,5,5,3,0,0,0,0,0,0,0,0,0,0,0,0,0,0,0,0,0,0,0,0,0,0,0,0,0,0,0,0,0,0,0,0
0,0,0,0,0,0,0,0,0,0,0,0,0,0,0,0,0,0,0,0,0,0,0,0,0,0,0,0,0,0,0,0,0,0,0,0,0,0,0,0,0,0,0,0,0,0,0,0,0,0,0,0,0,0,0,0,0,0,0,0,0,0,0,0,0,51,113,222,253,253,255,253,253,253,190,0,0,0,0,0,0,0,0,0,0,238,252,233,167,89,27,228,252,226,12,0,0,0,0,0,0,0,0,0,0,222,252,86,0,0,0,225,252,223,0,0,0,0,0,0,0,0,0,0,0,38,130,49,0,0,76,243,252,129,0,0,0,0,0,0,0,0,0,0,0,0,0,0,0,0,113,252,252,84,0,0,0,0,0,0,0,0,0,0,0,0,0,0,0,0,114,253,196,0,0,0,0,0,0,0,0,0,0,0,0,0,0,0,0,0,238,252,118,0,0,0,0,0,0,0,0,0,0,0,0,0,0,0,0,0,253,252,86,0,0,0,0,0,0,0,0,0,0,0,0,0,0,0,0,0,253,252,55,0,0,0,0,0,0,0,0,0,0,0,0,0,0,0,0,79,253,252,55,0,0,0,0,0,0,0,0,0,0,0,0,0,0,0,0,141,255,253,56,0,0,0,0,0,0,0,0,0,0,0,0,0,0,0,0,140,253,223,37,0,0,0,0,0,0,0,0,0,0,0,0,0,0,0,23,227,253,167,0,0,0,0,0,0,0,0,0,0,0,0,0,0,0,0,29,252,253,74,0,0,0,0,0,0,0,0,0,0,0,0,0,0,0,0,29,252,253,27,0,0,0,0,0,0,0,0,0,0,0,0,0,0,0,0,29,253,204,15,0,0,0,0,0,0,0,0,0,0,0,0,0,0,0,0,29,252,140,0,0,0,0,0,0,0,0,0,7
217,246,240,252,245,203,253,231,204,249,253,213,237,217,247,226,216,236,217,207,234,240,228,238,236,249,214,228,233,240,239,236,206,234,218,221,221,232,232,236,207,200,203,209,254,239,254,216,207,213,214,203,225,240,228,240,208,243,212,210,228,211,201,247,201,228,239,216,238,238,240,237,221,247,232,236,237,234,224,237,231,229,213,235,239,226,249,204,240,206,243,240,220,215,210,200,246,225,223,213,241,253,244,229,252,251,245,211,227,239,244,254,243,230,243,238,218,216,237,238,246,211,234,211,228,253,242,241,249,201,235,205,220,203,205,221,241,221,249,230,225,242,213,208,243,252,219,205,238,235,242,224,233,236,232,233,219,213,245,232,206,227,245,224,207,229,202,248,206,253,245,242,211,219,221,219,232,203,225,212,216,236,213,249,209,241,200,242,244,220,229,202,238,244,215,250,226,244,215,208,212,225,206,249,252,233,201,219,243,252,225,211,223,252,213,216,238,238,218,216,247,208,203,202,223,232,220,208,210,206,205,222,233,232,206,234,200,218,209,212,226,204,213,220,225,235,248,254,225,238,251,223,230,232,203,239,239,209,203,242,213,232,203,217,225,217,220,244,224,242,253,220,231,238,236,214,240,225,208,213,251,254,225,248,238,215,226,213,251,232,221,243,221,252,241,203,238,244,254,251,201,224,215,246,239,208,246,214,242,254,201,206,215,232,246,239,223,210,237,220,205,203,239,208,235,235,225,229,202,242,228,219,241,214,237,223,219,237,254,228,251,213,250,252,213,217,232,210,216,200,232,209,247,204,224,253,202,230,214,245,246,221,227,209,219,224,206,230,223,218,227,249,238,233,224,230,244,210,243,232,210,243,222,227,227,215,214,242,218,212,218,249,247,235,234,218,236,219,241,215,2
0,0,0,0,0,0,45,252,252,253,252,146,3,0,0,0,0,0,0,0,0,0,0,0,0,0,27,196,106,106,179,252,144,0,0,0,0,0,0,0,0,0,0,0,0,0,0,5,0,0,3,211,251,94,0,0,0,0,0,0,0,0,0,0,0,0,0,0,0,0,0,116,250,197,0,0,0,0,0,0,0,0,0,0,0,0,0,0,0,0,0,0,242,240,43,0,0,0,0,0,0,0,0,0,0,0,0,0,0,0,0,0,242,250,52,0,0,0,0,0,0,0,0,0,0,0,0,0,0,39,0,81,248,197,0,0,0,0,0,0,0,0,0,0,0,0,48,159,187,245,187,241,252,116,0,0,0,0,0,0,0,0,0,0,0,10,240,252,252,253,252,252,252,183,0,0,0,0,0,0,0,0,0,0,0,12,253,253,253,255,253,240,238,253,128,3,0,0,0,0,0,0,0,0,0,4,155,252,252,253,206,66,56,252,252,21,0,0,0,0,0,0,0,0,0,0,8,44,92,44,13,0,4,180,252,21,0,0,0,0,0,0,0,0,0,0,0,0,0,0,0,0,0,165,252,31,0,0,0,0,0,0,5,44,0,0,0,0,0,0,0,0,0,165,252,131,0,0,0,0,0,0,109,240,82,0,0,0,0,0,0,0,56,234,252,45,0,0,0,0,0,0,128,252,245,126,12,3,0,0,0,53,238,252,248,21,0,0,0,0,0,0,9,199,252,252,252,179,107,59,154,236,252,243,88,0,0,0,0,0,0,0,0,43,178,252,252,252,252,253,252,252,246,137,0,0,0,0,0,0,0,0,0,0,12,86,142,224,252,253,252,161,82,0,0,0,0,0,0,0,0,0,0,0,0,0,0,0,0,0,0,0,0,0,0,0,0,0,0,0,3
0,0,0,0,0,0,0,0,0,43,153,74,0,0,0,0,0,0,0,0,0,0,0,0,0,0,0,4,81,243,253,253,85,2,0,0,0,0,0,0,0,0,0,0,0,0,34,167,253,254,253,253,254,178,164,155,65,5,0,0,0,0,0,0,0,6,179,254,254,254,254,254,254,254,253,254,253,208,39,0,0,0,0,0,0,143,253,253,253,254,253,253,254,249,199,254,253,254,226,36,0,0,0,0,121,246,253,253,253,230,126,44,24,23,7,34,194,251,254,121,0,0,0,22,231,253,253,158,69,17,0,0,0,0,0,0,0,201,254,241,0,0,6,208,254,253,170,4,0,0,0,0,0,0,0,0,0,22,218,254,0,0,87,254,254,254,87,0,0,0,0,0,0,0,0,0,0,0,190,254,0,33,234,253,254,122,1,0,0,0,0,0,0,0,0,0,0,0,190,254,0,57,253,253,235,16,0,0,0,0,0,0,0,0,0,0,0,0,148,254,0,155,254,254,111,0,0,0,0,0,0,0,0,0,0,0,0,0,114,254,0,239,253,253,35,0,0,0,0,0,0,0,0,0,0,0,0,3,193,254,0,255,253,253,35,0,0,0,0,0,0,0,0,0,0,0,0,129,253,254,0,245,254,254,44,0,0,0,0,0,0,0,0,0,0,3,57,244,254,222,0,155,253,253,211,25,0,0,0,0,0,0,0,0,23,136,253,254,225,36,0,55,247,254,254,211,84,24,0,0,35,35,98,180,240,254,254,207,38,0,0,0,61,254,254,254,254,232,190,190,252,254,254,254,253,245,132,5,0,0,0,0,1,35,199,254,254,254,254,254,254,254,254,215,142,59,0,0,0,0,0,0,0,0,5,84,153,153,153,153,153,113,54,9,0,0,0,0,0,0,0
0,0,0,0,0,0,0,0,0,0,0,0,0,0,0,0,0,0,0,0,0,0,0,0,0,0,0,0,0,0,0,0,0,0,0,0,0,0,0,0,0,0,0,0,0,0,0,0,0,0,0,0,0,0,0,0,0,0,0,0,0,0,0,2,121,174,151,120,94,94,68,94,94,94,120,151,236,175,14,0,0,0,0,34,250,254,254,254,254,254,254,254,254,254,254,254,254,180,10,0,0,0,0,0,47,102,137,137,137,137,137,137,146,250,254,254,180,11,0,0,0,0,0,0,0,0,0,0,0,0,0,0,147,254,253,116,11,0,0,0,0,0,0,0,0,0,0,0,0,0,0,136,251,254,130,0,0,0,0,0,0,0,0,0,0,0,0,0,0,0,87,251,254,134,7,0,0,0,0,0,0,0,0,0,0,0,0,0,0,11,192,254,185,8,0,0,0,0,0,0,0,0,0,0,0,0,0,0,0,110,254,229,42,0,0,0,0,0,0,0,0,0,0,0,0,0,0,0,2,177,254,112,0,0,0,0,0,0,0,0,0,0,0,0,0,0,0,0,81,254,235,21,0,0,0,0,0,0,0,0,0,0,0,0,0,0,0,0,115,254,145,0,0,0,0,0,0,0,0,0,0,0,0,0,0,0,0,0,178,254,113,0,0,0,0,0,0,0,0,0,0,0,0,0,0,0,0,4,250,254,52,0,0,0,0,0,0,0,0,0,0,0,0,0,0,0,0,33,254,254,51,0,0,0,0,0,0,0,0,0,0,0,0,0,0,0,0,86,254,226,0,0,0,0,0,0,0,0,0,0,0,0,0,0,0,0,0,96,254,190,0,0,0,0,0,0,0,0,0,0,0,0,0,0,0,0,0,166,254,145,0,0,0,0,0,0,0,0,0,0,7
0,0,0,0,0,0,0,0,0,0,0,0,0,0,0,0,0,0,0,0,0,0,0,0,0,0,0,0,0,0,0,0,0,0,0,0,0,0,0,0,0,0,0,0,29,141,141,241,255,253,165,141,79,10,0,0,0,0,0,0,0,0,0,0,216,252,252,252,253,252,252,252,253,171,13,0,0,0,0,0,0,0,0,89,253,252,252,177,106,56,56,156,253,252,143,0,0,0,0,0,0,0,0,63,253,227,52,3,0,0,0,0,153,252,243,25,0,0,0,0,0,0,0,0,0,0,0,0,0,0,0,0,141,253,206,13,0,0,0,0,0,0,0,0,0,0,0,0,0,0,0,51,216,252,142,0,0,0,0,0,0,0,0,0,0,0,0,0,10,110,197,246,253,252,56,0,0,0,0,0,0,0,0,0,0,0,0,151,229,252,252,252,253,252,106,0,0,0,0,0,0,0,0,0,0,0,0,226,254,253,253,253,254,253,253,91,0,0,0,0,0,0,0,0,0,0,0,225,253,252,252,102,84,171,252,215,0,0,0,0,0,0,0,0,0,0,0,187,253,170,56,6,0,57,252,252,0,0,0,0,0,0,0,0,0,0,0,13,28,9,0,0,0,57,252,202,0,0,0,0,0,0,0,0,0,0,0,0,0,0,0,0,0,70,253,78,0,0,0,0,0,0,0,0,0,0,0,0,0,0,0,0,32,187,252,28,0,0,0,0,0,0,0,0,0,0,0,0,0,0,0,0,178,252,186,6,0,0,0,0,0,0,0,0,0,0,0,0,0,0,0,151,253,227,43,0,0,0,0,0,0,0,0,0,0,0,0,0,0,32,178,253,226,38,0,0,0,0,0,0,0,0,0,0,0,13,144,169,169,187,252,252,88,0,0,0,0,0,0,0,3
0,0,0,0,0,0,0,0,0,0,0,0,0,0,0,0,0,0,0,0,0,0,0,0,0,0,0,0,0,0,0,0,0,0,0,0,0,0,0,0,0,0,0,0,0,0,0,0,0,0,0,0,0,0,0,0,0,0,0,0,0,0,0,0,0,0,0,0,0,0,0,0,0,0,0,0,0,0,0,0,0,0,0,0,0,0,0,0,0,0,0,0,0,0,0,0,0,28,64,64,0,0,0,0,0,0,0,0,0,0,0,134,110,159,204,239,239,245,254,254,0,0,0,0,0,0,0,0,0,34,170,249,239,239,239,239,159,159,159,70,0,0,0,0,0,0,0,0,81,246,209,65,0,0,0,0,0,0,0,0,0,0,0,0,0,0,3,118,245,254,75,45,0,0,0,0,0,0,0,0,0,0,0,0,0,0,106,254,254,254,254,253,213,67,0,0,0,0,0,0,0,0,0,0,0,0,96,174,174,105,95,150,234,251,30,0,0,0,0,0,0,0,0,0,0,0,0,0,0,0,0,0,141,252,30,0,0,0,0,0,0,17,108,15,0,0,0,0,0,0,0,5,210,206,0,0,0,0,0,0,0,200,248,54,0,0,0,0,0,0,0,83,226,78,0,0,0,0,0,0,0,190,254,223,124,24,0,0,0,56,114,255,132,0,0,0,0,0,0,0,0,41,234,254,254,244,239,239,239,252,254,145,24,0,0,0,0,0,0,0,0,0,35,159,239,239,239,239,224,139,5,0,0,0,0,0,0,0,0,0,0,0,0,0,0,0,0,0,0,0,0,0,0,0,0,0,0,0,0,0,0,0,0,0,0,0,0,0,0,0,0,0,0,0,0,0,0,0,0,0,0,0,0,0,0,0,0,0,0,0,0,0,0,0,0,0,0,0,0,0,5
0,0,0,0,0,0,0,0,0,0,0,5,59,201,254,255,163,18,0,0,0,0,0,0,0,0,0,0,0,0,43,203,253,253,253,254,253,123,0,0,0,0,0,0,0,0,0,0,0,135,254,253,253,195,78,193,253,161,6,0,0,0,0,0,0,0,0,43,189,248,254,253,157,16,0,97,253,222,12,0,0,0,0,0,0,0,8,183,253,253,254,237,18,0,0,97,253,222,12,0,0,0,0,0,0,0,178,254,254,254,241,68,0,0,0,156,254,175,0,0,0,0,0,0,0,58,247,253,253,245,68,0,0,0,8,201,253,167,0,0,0,0,0,0,0,194,253,253,195,48,0,0,0,16,187,254,239,24,0,0,0,0,0,0,0,57,206,117,16,0,0,0,0,74,226,254,106,0,0,0,0,0,0,0,0,0,0,0,0,0,0,0,31,219,253,231,84,0,0,0,0,0,0,0,0,0,0,0,0,0,0,0,102,254,254,135,0,0,0,0,0,0,0,0,0,0,0,0,0,0,0,25,241,253,200,15,0,0,0,0,0,0,0,0,0,0,0,0,0,0,19,196,253,253,58,0,0,0,0,0,0,0,0,0,0,0,0,0,0,0,164,253,253,112,5,0,0,0,0,0,0,0,0,0,0,0,0,0,0,114,254,253,222,12,0,0,0,0,0,0,0,0,0,0,23,59,59,59,74,194,255,249,98,0,0,0,0,0,0,0,0,2,88,132,229,254,253,253,253,253,254,250,184,17,0,0,0,0,0,0,0,88,253,253,253,254,253,253,253,253,254,253,253,211,41,0,0,0,0,0,0,118,253,253,200,95,105,253,253,237,154,202,253,253,238,53,0,0,0,0,0,80,253,253,230,121,244,253,237,96,0,5,193,253,253,173,0,0,0,0,2
0,0,0,0,0,0,0,0,0,0,0,0,0,154,250,253,253,254,249,53,0,0,0,0,0,0,0,0,0,0,0,27,186,250,253,253,253,254,253,114,0,0,0,0,0,0,0,0,0,0,60,238,254,253,253,253,240,177,125,8,0,0,0,0,0,0,0,0,0,59,238,253,254,253,253,142,21,0,0,0,0,0,0,0,0,0,0,0,88,241,254,254,255,254,101,0,0,0,0,0,0,0,0,0,0,0,0,68,252,253,253,253,254,221,28,0,0,0,0,0,0,0,0,0,0,0,14,196,253,253,253,207,36,16,0,0,0,0,0,0,0,0,0,0,0,0,91,254,253,253,232,35,0,0,0,0,0,0,0,0,0,0,0,0,0,7,181,254,253,240,61,0,0,0,0,0,0,0,0,0,0,0,0,0,0,77,254,255,254,159,0,0,0,0,0,0,0,0,0,0,0,0,0,0,0,128,253,254,221,22,50,145,236,151,40,0,0,0,0,0,0,0,0,0,6,207,253,254,226,172,245,253,254,253,235,47,0,0,0,0,0,0,0,0,37,253,253,254,253,253,253,253,254,253,253,100,0,0,0,0,0,0,0,0,69,253,253,254,253,253,253,220,72,240,253,235,0,0,0,0,0,0,0,0,128,254,254,255,254,204,57,106,222,254,254,235,0,0,0,0,0,0,0,0,128,253,253,254,253,166,217,253,254,253,253,99,0,0,0,0,0,0,0,0,82,253,253,254,253,253,253,253,254,253,208,27,0,0,0,0,0,0,0,0,21,230,253,254,253,253,253,253,177,93,8,0,0,0,0,0,0,0,0,0,0,57,169,254,253,240,162,129,0,0,0,0,0,0,0,0,0,0,0,0,0,0,0,0,0,0,0,0,0,0,0,0,0,0,0,0,6
0,0,0,0,0,0,0,0,0,0,0,0,0,0,0,0,0,0,0,0,0,0,0,0,0,0,0,0,0,0,63,255,206,25,0,0,0,0,0,0,0,0,0,0,0,0,0,0,0,0,94,253,252,55,0,0,0,0,0,0,0,0,0,0,0,0,0,0,0,0,111,253,252,55,0,0,0,0,0,0,0,0,0,0,0,0,0,0,0,0,140,253,242,49,0,0,0,0,0,0,0,0,0,0,0,0,0,0,0,0,140,253,167,0,0,0,0,0,0,0,0,0,0,0,0,0,0,0,0,13,191,255,27,0,0,0,0,0,0,0,0,0,0,0,0,0,0,0,0,29,252,253,27,0,0,0,0,0,0,0,0,0,0,0,0,0,0,0,0,60,252,253,27,0,0,0,0,0,0,0,0,0,0,0,0,0,0,0,38,224,252,240,24,0,0,0,0,0,0,0,0,0,0,0,0,0,0,0,57,252,252,140,0,0,0,0,0,0,0,0,0,0,0,0,0,0,0,0,57,253,253,79,0,0,0,0,0,0,0,0,0,0,0,0,0,0,0,0,57,252,252,0,0,0,0,0,0,0,0,0,0,0,0,0,0,0,0,0,57,252,252,0,0,0,0,0,0,0,0,0,0,0,0,0,0,0,0,0,57,252,157,0,0,0,0,0,0,0,0,0,0,0,0,0,0,0,0,0,57,252,112,0,0,0,0,0,0,0,0,0,0,0,0,0,0,0,0,0,57,253,112,0,0,0,0,0,0,0,0,0,0,0,0,0,0,0,0,0,38,224,158,0,0,0,0,0,0,0,0,0,0,0,0,0,0,0,0,0,0,169,252,0,0,0,0,0,0,0,0,0,0,0,0,0,0,0,0,0,0,169,252,0,0,0,0,0,0,0,0,0,1
217,207,221,238,247,212,223,217,209,235,226,215,217,200,201,243,204,205,213,202,210,245,251,223,227,219,232,216,244,215,212,211,249,249,220,227,222,205,213,240,249,214,239,205,236,200,253,203,231,216,247,245,254,236,221,203,200,203,240,243,246,249,206,203,237,210,211,245,243,248,249,228,212,202,212,227,203,242,203,201,232,224,200,214,242,222,234,212,230,230,222,208,204,224,237,220,229,215,216,241,232,200,211,203,254,222,246,206,207,218,220,206,251,203,224,213,228,214,205,229,227,230,237,222,239,225,233,200,207,228,200,214,233,231,220,244,200,227,251,203,243,203,216,221,221,232,239,228,253,213,214,242,224,213,250,236,249,203,241,236,232,245,215,205,212,228,242,243,254,214,222,250,209,208,242,224,231,214,242,247,229,229,236,208,203,212,235,205,220,212,215,214,225,240,205,237,229,211,205,216,200,210,216,251,201,210,216,243,240,205,218,200,203,225,227,249,246,206,210,213,203,229,250,243,251,225,235,212,246,239,205,238,218,223,200,240,222,243,224,212,214,214,248,208,207,218,220,217,213,214,220,230,220,209,218,208,218,231,218,225,205,251,208,229,207,205,231,226,243,229,239,244,233,222,228,243,217,238,217,219,239,241,234,245,222,220,211,246,247,211,252,254,226,249,234,212,248,251,205,231,204,206,201,208,201,208,226,202,204,237,213,214,239,236,214,247,205,242,243,201,220,231,238,240,235,208,234,242,253,213,231,223,252,234,252,254,224,223,212,241,230,202,216,225,229,241,242,203,227,248,222,223,206,215,209,250,247,205,202,241,202,225,233,215,230,230,203,246,210,247,202,219,250,200,229,229,214,212,216,205,213,219,208,214,212,241,202,230,233,218,212,239,218,224,229,217,217,224,246,230,9
0,0,0,0,0,0,0,65,0,0,29,125,215,255,255,241,115,0,0,0,0,0,0,0,0,0,211,251,211,218,249,253,253,253,253,253,243,112,0,0,0,0,0,0,0,88,251,253,253,253,253,253,233,142,142,142,208,240,0,0,0,0,0,0,0,212,253,253,170,149,52,19,16,0,0,0,11,18,0,0,0,0,0,0,38,234,253,253,51,0,0,0,0,0,0,0,0,0,0,0,0,0,0,0,212,253,253,253,51,0,0,0,0,0,0,0,0,0,0,0,0,0,0,89,249,253,225,238,51,0,0,0,0,0,0,0,0,0,0,0,0,0,0,73,246,253,194,51,9,0,0,0,0,0,0,0,0,0,0,0,0,0,0,0,125,253,253,211,165,72,56,0,0,0,0,0,0,0,0,0,0,0,0,0,23,172,243,253,253,253,240,169,54,0,0,0,0,0,0,0,0,0,0,0,0,0,55,171,241,253,253,253,242,169,52,0,0,0,0,0,0,0,0,0,0,0,0,0,57,105,201,239,253,253,244,169,22,0,0,0,0,0,0,0,0,0,0,0,0,0,0,56,168,238,253,253,207,77,0,0,0,0,0,0,0,0,0,0,0,0,0,0,0,57,167,238,253,206,78,0,0,0,0,0,0,0,0,0,0,0,0,0,0,0,0,73,253,253,117,0,0,13,2,0,0,0,0,0,0,0,0,0,0,0,34,166,253,252,105,0,0,195,22,0,0,0,0,0,0,0,0,5,20,108,216,253,252,154,0,0,0,241,205,143,143,97,125,143,40,115,143,166,253,253,253,252,154,0,0,0,0,54,241,253,253,253,253,253,253,253,253,253,253,249,230,105,0,0,0,0,0,0,0,115,123,123,234,253,253,253,253,159,123,41,0,0,0,0,0,0,5
0,0,0,0,0,0,0,0,0,0,0,0,0,0,0,0,0,0,0,0,0,0,0,0,0,0,0,0,0,0,0,0,0,0,0,0,0,0,0,0,0,0,0,0,0,0,0,0,0,0,0,13,45,138,138,191,128,9,0,0,0,0,0,0,0,0,0,0,0,38,151,212,252,252,252,252,253,173,13,0,0,0,0,0,0,0,0,45,101,240,252,253,252,252,252,252,253,252,69,0,0,0,0,0,0,0,104,236,252,252,252,253,252,252,252,252,253,252,69,0,0,0,0,0,43,220,253,252,252,252,252,253,178,106,22,22,44,252,69,0,0,0,0,0,155,253,255,253,253,234,126,53,5,24,160,148,11,0,53,0,0,0,0,0,207,252,253,252,221,63,47,110,178,252,252,252,116,0,0,0,0,0,0,0,124,252,253,252,252,252,252,253,252,252,252,252,146,0,0,0,0,0,0,0,59,244,253,252,252,252,252,253,252,252,252,252,135,0,0,0,0,0,0,0,0,73,253,252,252,252,252,253,252,252,252,252,63,0,0,0,0,0,0,0,0,0,11,116,116,124,243,255,253,253,245,126,0,0,0,0,0,0,0,0,0,0,0,0,13,174,252,253,252,252,87,0,0,0,0,0,0,0,0,0,0,0,0,0,101,252,252,253,252,170,13,0,0,0,0,0,0,0,0,0,0,0,0,132,240,252,252,253,172,13,0,0,0,0,0,0,0,0,0,0,0,0,127,244,252,252,252,180,8,0,0,0,0,0,0,0,0,0,0,0,0,74,255,253,253,253,128,0,0,0,0,0,0,0,0,0,0,0,0,0,60,244,253,252,252,172,8,0,0,0,0,0,0,0,0,0,0,0,0,0,176,252,253,252,202,13,0,0,0,0,0,0,0,0,0,0,9
0,0,0,0,0,0,0,0,0,0,0,0,0,0,0,0,0,0,0,0,0,0,0,71,170,254,254,254,255,254,249,91,23,0,0,0,0,0,0,0,0,2,86,237,253,253,253,253,253,253,253,253,183,9,0,0,0,0,0,0,0,86,253,253,201,146,146,146,146,146,219,253,253,138,0,0,0,0,0,0,0,180,253,206,29,0,0,0,0,0,172,253,253,138,0,0,0,0,0,0,0,180,253,56,0,0,0,0,0,41,212,253,241,71,0,0,0,0,0,0,0,39,203,46,0,0,0,0,0,115,253,234,78,0,0,0,0,0,0,0,0,0,0,0,0,0,0,0,87,250,253,154,0,0,0,0,0,0,0,0,0,0,0,0,0,0,0,103,244,253,203,15,0,0,0,0,0,0,0,0,0,0,0,0,0,31,156,244,253,253,187,156,40,0,0,0,0,0,0,0,0,0,0,0,0,50,253,253,253,253,253,253,248,171,69,0,0,0,0,0,0,0,0,0,0,48,245,245,245,247,247,245,245,253,240,88,7,0,0,0,0,0,0,0,0,0,0,0,0,51,50,0,16,199,253,253,218,42,0,0,0,0,0,0,0,0,0,0,0,0,0,0,0,30,91,241,253,106,0,0,0,0,0,0,0,0,0,0,0,0,0,0,0,0,0,131,253,172,7,0,0,0,0,0,0,0,0,0,0,0,0,0,0,0,0,131,253,253,15,0,0,0,0,0,0,0,0,0,0,0,0,0,0,0,0,131,253,253,15,0,0,0,0,0,0,0,0,0,0,0,0,0,43,132,222,238,253,219,12,0,0,0,0,0,0,29,148,148,148,148,148,148,226,253,253,253,253,106,0,0,0,0,0,0,0,35,220,253,253,253,253,253,253,253,253,214,36,7,0,0,3
0,0,0,0,0,0,0,0,0,0,0,0,0,0,0,0,0,0,0,0,0,0,0,0,0,0,0,0,0,0,0,0,0,0,0,0,0,0,0,0,0,0,0,0,0,0,0,0,0,0,0,128,191,255,128,128,64,0,0,0,0,0,0,0,0,0,0,0,128,191,255,255,255,255,255,255,255,0,0,0,0,0,0,0,0,0,64,191,255,255,191,128,0,0,64,255,255,0,0,0,0,0,0,0,0,128,255,255,255,64,0,0,0,0,64,255,255,191,0,0,0,0,0,0,64,255,255,191,0,0,0,0,0,0,255,255,255,191,0,0,0,0,0,191,255,255,128,0,0,0,0,0,0,64,255,255,255,0,0,0,0,0,64,255,255,64,0,0,0,0,0,0,64,255,255,255,128,0,0,0,0,0,128,255,255,0,0,0,0,0,0,128,255,255,255,191,0,0,0,0,0,0,255,255,255,0,0,0,0,128,255,255,255,255,255,64,0,0,0,0,0,0,64,255,255,255,255,255,255,255,255,255,255,255,191,0,0,0,0,0,0,0,0,64,191,255,255,255,128,64,0,255,255,255,0,0,0,0,0,0,0,0,0,0,0,0,0,0,0,0,64,255,255,255,0,0,0,0,0,0,0,0,0,0,0,0,0,0,0,0,128,255,255,64,0,0,0,0,0,0,0,0,0,0,0,0,0,0,0,0,191,255,191,0,0,0,0,0,0,0,0,0,0,0,0,0,0,0,0,128,255,255,128,0,0,0,0,0,0,0,0,0,0,0,0,0,0,0,0,191,255,255,64,0,0,0,0,0,0,0,0,0,0,0,0,0,0,0,0,255,255,191,0,0,0,0,0,0,0,0,0,0,0,0,0,0,0,0,64,255,255,0,0,0,0,0,0,0,0,0,9
0,0,0,0,0,0,0,0,0,0,0,0,0,0,0,0,0,0,0,0,0,0,0,0,0,0,0,0,0,235,254,254,171,7,0,0,0,0,0,0,0,0,0,0,0,0,0,0,44,254,201,149,252,70,0,0,0,0,0,0,0,0,0,0,0,0,0,0,107,254,114,0,204,218,0,0,0,0,0,0,0,0,0,0,0,0,0,0,208,254,51,0,169,233,0,0,0,0,0,0,0,0,0,0,0,0,0,0,172,230,13,0,169,253,0,0,0,0,0,0,0,0,0,0,0,0,0,0,129,212,0,0,170,254,0,0,0,0,0,0,0,0,0,0,0,0,0,0,48,249,29,0,169,253,0,0,0,0,0,0,0,0,0,0,0,0,0,0,0,203,169,0,204,198,0,0,0,0,0,0,0,0,0,0,0,0,0,0,0,30,226,181,252,155,0,0,0,0,0,0,0,0,0,0,0,0,0,0,0,0,14,167,253,73,0,0,0,0,0,0,0,0,0,0,0,0,0,0,0,0,3,187,249,35,0,0,0,0,0,0,0,0,0,0,0,0,0,0,0,0,38,253,201,0,0,0,0,0,0,0,0,0,0,0,0,0,0,0,0,0,101,253,100,0,0,0,0,0,0,0,0,0,0,0,0,0,0,0,0,29,240,207,9,0,0,0,0,0,0,0,0,0,0,0,0,0,0,0,0,122,253,107,0,0,0,0,0,0,0,0,0,0,0,0,0,0,0,0,56,255,177,0,0,0,0,0,0,0,0,0,0,0,0,0,54,2,0,65,237,212,11,0,0,0,0,0,0,0,0,0,0,0,0,0,221,7,64,231,237,51,0,0,0,0,0,0,0,0,0,0,0,0,0,0,216,76,231,234,53,0,0,0,0,0,0,0,0,0,0,0,9
0,0,0,0,0,0,0,0,0,0,0,0,0,0,0,0,0,0,0,0,0,0,0,0,0,0,0,0,0,4,172,255,135,47,3,0,0,0,0,0,0,0,0,0,0,0,0,0,62,182,253,253,253,253,188,27,0,0,0,0,0,0,0,0,0,0,0,130,250,253,253,253,253,253,241,43,0,0,0,0,0,0,0,0,0,0,0,223,253,253,253,221,252,253,253,148,0,0,0,0,0,0,0,0,0,0,0,223,253,240,124,33,207,253,253,165,0,0,0,0,0,0,0,0,0,0,0,223,253,144,15,114,252,253,202,22,0,0,0,0,0,0,0,0,0,0,0,223,253,198,229,253,253,248,69,0,0,0,0,0,0,0,0,0,0,0,0,198,253,253,253,253,243,83,0,0,0,0,0,0,0,0,0,0,0,0,0,75,253,253,253,168,36,0,0,0,0,0,0,0,0,0,0,0,0,0,0,16,253,253,253,215,3,0,0,0,0,0,0,0,0,0,0,0,0,0,0,139,253,253,253,253,186,24,0,0,0,0,0,0,0,0,0,0,0,0,0,223,253,236,220,253,253,135,3,0,0,0,0,0,0,0,0,0,0,0,26,234,253,66,34,236,253,253,94,0,0,0,0,0,0,0,0,0,0,0,86,253,182,3,0,53,251,253,233,52,0,0,0,0,0,0,0,0,0,8,200,253,88,0,0,0,217,253,253,175,0,0,0,0,0,0,0,0,0,3,184,253,181,0,0,9,239,253,253,167,0,0,0,0,0,0,0,0,0,0,107,253,208,11,36,203,253,253,205,24,0,0,0,0,0,0,0,0,0,0,11,223,253,97,225,253,252,164,23,0,0,0,0,0,0,0,0,0,0,0,0,51,234,253,253,231,122,0,0,0,0,0,0,0,8
0,0,0,0,0,0,0,0,0,0,0,0,0,0,0,0,0,0,0,0,0,0,0,0,0,0,0,0,0,0,0,0,0,0,0,0,0,0,0,0,0,0,0,0,20,3,0,0,8,20,20,20,12,20,20,3,0,0,0,0,0,0,88,175,254,187,175,175,205,254,253,253,223,253,254,187,145,36,0,0,0,0,219,253,254,253,253,253,253,254,253,253,253,253,254,253,253,227,47,0,0,0,47,155,155,73,88,65,133,119,155,155,155,155,216,253,253,253,193,0,0,0,0,0,0,0,0,0,0,0,0,0,0,23,82,239,254,254,208,0,0,0,0,0,0,0,0,0,0,13,65,147,214,229,254,253,247,165,9,0,0,0,0,0,0,7,79,79,153,224,253,253,253,253,254,216,84,0,0,0,0,0,0,0,10,206,253,253,253,254,253,253,253,253,125,10,0,0,0,0,0,0,0,0,59,253,253,253,253,254,253,253,253,253,240,150,30,0,0,0,0,0,0,0,0,46,98,98,98,76,0,38,106,195,255,254,223,57,0,0,0,0,0,0,0,0,0,0,0,0,0,0,0,0,99,235,253,213,0,0,0,0,0,0,0,0,0,0,0,0,0,0,0,0,0,214,253,213,0,0,0,0,0,0,0,0,0,0,0,0,0,0,0,0,159,250,253,213,0,0,0,0,0,0,0,0,0,0,0,0,0,0,91,173,254,253,253,213,0,0,254,155,5,0,37,59,59,59,134,156,239,254,254,254,255,226,98,0,0,0,253,253,217,214,239,253,253,253,253,254,253,253,253,200,76,21,0,0,0,0,123,205,247,253,254,253,253,253,222,175,174,107,78,18,0,0,0,0,0,0,0,8,18,19,19,19,19,19,12,0,0,0,0,0,0,0,0,0,0,0,3
0,0,0,0,0,0,0,0,0,0,0,0,0,0,0,0,0,0,0,0,0,0,0,0,0,0,0,0,0,0,0,0,0,0,0,2,207,255,12,0,0,0,0,0,0,0,0,0,0,0,0,0,0,0,2,151,254,174,4,0,0,0,0,0,0,0,0,0,76,23,0,0,0,0,91,254,254,41,0,0,0,0,0,0,0,0,0,18,221,132,0,0,0,0,202,254,194,5,0,0,0,0,0,0,0,0,18,198,254,99,0,0,0,48,246,249,19,0,0,0,0,0,0,0,0,3,178,254,239,29,0,0,0,201,254,183,0,0,0,0,0,0,0,0,2,157,254,254,92,0,0,0,49,246,254,44,0,0,0,0,0,0,0,0,122,254,254,254,211,200,200,185,216,254,234,28,0,0,0,0,0,0,0,9,230,254,254,254,254,254,254,254,254,254,254,150,0,0,0,0,0,0,0,0,99,177,66,110,128,128,128,233,254,245,92,5,0,0,0,0,0,0,0,0,0,0,0,0,0,0,51,247,254,115,0,0,0,0,0,0,0,0,0,0,0,0,0,0,0,0,196,254,244,27,0,0,0,0,0,0,0,0,0,0,0,0,0,0,0,9,218,254,140,0,0,0,0,0,0,0,0,0,0,0,0,0,0,0,0,104,254,254,37,0,0,0,0,0,0,0,0,0,0,0,0,0,0,0,9,217,254,212,4,0,0,0,0,0,0,0,0,0,0,0,0,0,0,0,132,254,254,82,0,0,0,0,0,0,0,0,0,0,0,0,0,0,0,9,215,254,228,17,0,0,0,0,0,0,0,0,0,0,0,0,0,0,8,205,254,254,81,0,0,0,0,0,0,0,0,0,0,0,0,0,0,0,26,254,254,230,17,0,0,0,0,0,0,0,0,0,4
0,0,0,0,0,0,0,0,0,0,0,0,0,0,0,0,0,0,0,0,0,0,0,0,0,0,0,0,0,0,0,0,0,0,0,0,0,0,0,0,0,0,0,0,0,0,0,0,0,0,0,0,0,0,0,0,0,0,0,0,0,0,0,0,80,125,254,254,254,142,118,118,118,118,70,0,0,0,0,0,0,0,71,234,247,253,253,253,253,253,253,253,253,253,245,189,21,0,0,0,0,0,12,144,159,40,40,40,40,40,40,129,177,177,249,253,169,0,0,0,0,0,0,0,0,0,0,0,0,0,0,0,0,0,81,235,238,57,0,0,0,0,0,0,0,0,0,0,0,0,0,0,0,17,198,253,211,24,0,0,0,0,0,0,0,0,0,0,0,0,0,0,0,125,253,253,184,0,0,0,0,0,0,0,0,0,0,0,0,0,0,0,75,190,253,210,27,0,0,0,0,0,0,0,0,0,0,0,0,0,0,12,192,253,253,111,0,0,0,0,0,0,0,0,0,0,0,0,0,0,18,182,253,253,113,4,0,0,0,0,0,0,0,0,0,0,0,0,0,19,178,253,214,118,3,0,0,0,0,0,0,0,0,0,0,0,0,0,18,178,253,253,109,0,0,0,0,0,0,0,0,0,0,0,0,0,0,12,108,253,248,211,38,0,0,0,0,0,0,0,0,0,0,0,0,0,0,115,253,253,201,0,0,0,0,0,0,0,0,0,0,0,0,0,0,0,0,248,253,152,35,0,0,0,0,0,0,0,0,0,0,0,0,0,0,14,241,253,217,28,0,0,0,0,0,0,0,0,0,0,0,0,0,0,12,166,253,217,36,0,0,0,0,0,0,0,0,0,0,0,0,0,0,0,143,253,253,110,0,0,0,0,0,0,0,0,0,0,0,0,7
0,0,0,0,0,0,0,122,252,252,252,252,245,57,0,0,0,0,0,0,0,0,0,0,0,0,0,131,252,252,252,252,220,0,0,0,0,0,0,0,0,0,0,0,0,0,63,250,252,252,252,243,153,0,0,0,0,0,0,0,0,0,0,0,0,5,184,252,252,252,252,142,0,0,0,0,0,0,0,0,0,0,0,0,0,147,252,252,252,237,130,31,0,0,0,0,0,0,0,0,0,0,0,0,5,243,252,252,252,104,0,0,0,0,0,0,0,0,0,0,0,0,0,0,119,252,252,252,241,0,0,0,0,0,0,0,0,0,0,0,0,0,0,50,241,252,252,252,159,0,0,0,0,0,0,75,61,0,0,0,0,0,0,67,252,252,252,252,84,0,0,49,126,220,220,251,245,220,19,0,0,0,19,220,253,253,253,150,2,53,225,253,255,253,253,253,253,253,194,0,0,0,34,252,252,252,252,55,40,252,252,252,253,252,252,252,252,252,244,26,0,0,34,252,252,252,206,10,122,252,252,252,240,153,111,201,252,252,252,99,0,0,82,252,252,252,187,47,238,252,252,243,9,0,0,27,252,252,243,13,0,0,34,252,252,252,171,125,252,252,252,142,0,0,0,13,214,252,252,99,0,0,34,252,252,252,252,252,252,252,252,180,89,89,131,203,252,252,244,22,0,0,3,178,252,252,252,252,252,252,252,252,253,252,252,252,252,244,39,0,0,0,0,55,208,251,252,252,252,252,252,252,253,252,252,229,136,22,0,0,0,0,0,0,0,168,226,252,252,252,252,252,253,252,222,84,0,0,0,0,0,0,0,0,0,0,21,119,142,209,219,142,128,33,20,0,0,0,0,0,0,0,0,0,0,0,0,0,0,0,0,0,0,0,0,0,0,0,0,0,6
0,0,0,0,0,0,0,0,0,0,0,0,0,0,0,0,0,0,0,0,0,0,0,169,253,124,0,0,0,0,0,0,128,227,104,0,0,0,0,0,0,0,8,197,252,225,21,0,0,0,0,0,127,252,252,0,0,0,0,0,0,0,128,252,252,253,63,0,0,0,0,0,127,252,252,54,0,0,0,0,0,48,237,252,252,253,63,0,0,0,0,0,127,252,252,132,0,0,0,0,0,76,147,252,252,253,63,0,0,0,0,0,127,252,252,211,0,0,0,0,0,0,128,253,253,254,63,0,0,0,0,0,128,253,253,219,11,0,0,0,0,0,92,252,252,253,63,0,0,0,0,0,127,252,252,253,63,0,0,0,0,0,11,210,252,253,63,0,0,0,0,0,30,252,252,253,63,0,0,0,0,0,0,169,252,253,133,0,0,0,0,0,7,196,252,253,89,0,0,0,0,0,0,169,252,253,203,9,0,0,0,0,0,169,252,253,168,0,0,0,0,0,4,183,253,254,253,253,227,148,148,148,148,218,253,255,253,147,14,0,0,0,22,252,252,253,252,252,252,252,253,252,252,252,252,253,252,252,120,0,0,0,20,245,252,253,252,252,244,252,253,252,252,252,252,253,252,252,189,0,0,0,0,142,252,253,205,136,49,84,84,84,180,205,252,253,252,247,98,0,0,0,0,11,129,42,11,0,0,0,0,0,0,64,252,253,252,143,0,0,0,0,0,0,0,0,0,0,0,0,0,0,0,0,212,255,253,127,0,0,0,0,0,0,0,0,0,0,0,0,0,0,0,0,131,253,252,205,0,0,0,0,0,0,0,0,0,0,0,0,0,0,0,0,106,253,252,242,42,0,0,0,0,0,0,0,0,0,0,0,0,0,0,0,106,253,252,252,84,0,4
0,0,0,0,0,0,0,0,0,0,0,0,0,0,0,0,0,0,0,0,0,0,0,0,0,0,0,0,0,0,0,0,0,0,0,0,0,0,0,0,0,0,0,0,0,0,0,0,9,29,81,164,254,255,254,187,16,213,254,117,0,0,0,0,0,0,0,65,203,253,253,253,253,253,253,249,165,253,253,170,0,0,0,0,0,0,61,206,253,253,220,172,82,82,82,250,253,253,253,91,0,0,0,0,0,34,199,253,252,117,24,0,0,0,0,249,253,253,149,14,0,0,0,0,0,155,245,216,51,0,0,0,0,34,197,252,253,173,35,0,0,0,0,0,0,139,253,191,5,0,0,0,0,200,253,253,227,10,0,0,0,0,0,0,0,184,253,203,9,0,0,88,215,252,251,126,10,0,0,0,0,0,0,0,0,91,232,253,199,131,24,185,253,244,128,0,0,0,0,0,0,0,0,0,0,27,190,249,253,253,253,253,241,78,0,0,0,0,0,0,0,0,0,0,0,0,0,118,251,253,253,253,176,0,0,0,0,0,0,0,0,0,0,0,0,0,0,33,246,253,253,253,200,49,0,0,0,0,0,0,0,0,0,0,0,0,0,151,253,253,253,253,253,203,11,0,0,0,0,0,0,0,0,0,0,0,133,251,195,23,42,220,253,245,21,0,0,0,0,0,0,0,0,0,0,43,231,253,124,0,0,123,253,253,78,0,0,0,0,0,0,0,0,0,0,189,253,191,5,0,25,222,253,198,10,0,0,0,0,0,0,0,0,0,58,231,253,70,0,16,180,253,239,74,0,0,0,0,0,0,0,0,0,0,141,253,212,16,5,190,253,253,146,0,0,0,0,0,0,0,0,0,0,0,147,253,156,194,202,253,201,88,12,0,0,0,0,0,0,0,8
0,0,0,0,0,0,0,0,0,0,0,0,0,0,0,0,0,0,0,0,0,0,0,0,0,7,56,149,231,254,254,168,9,0,0,0,0,0,0,0,0,0,7,58,139,215,253,253,253,253,253,254,126,0,0,0,0,0,0,0,0,0,164,253,234,214,188,173,89,186,253,253,238,0,0,0,0,0,0,0,0,0,152,234,202,23,0,0,0,157,253,254,144,0,0,0,0,0,0,0,0,0,0,0,32,0,0,12,151,252,253,183,13,0,0,0,0,0,0,0,0,0,0,0,0,0,22,183,253,253,253,175,129,64,4,0,0,0,0,0,0,0,0,0,0,56,235,253,253,253,253,253,253,253,143,25,0,0,0,0,0,0,0,0,0,208,253,253,223,154,114,137,216,253,254,173,11,0,0,0,0,0,0,0,0,43,159,65,14,0,0,0,4,152,254,253,96,0,0,0,0,0,0,0,0,0,0,0,0,0,0,0,0,2,225,253,138,0,0,0,0,0,0,0,0,0,0,0,0,0,0,0,0,0,224,253,219,2,0,0,0,0,0,0,0,0,0,0,0,0,0,0,0,0,225,253,231,24,0,0,0,0,0,0,0,0,0,0,0,0,0,0,0,60,249,253,213,0,0,0,0,0,0,0,0,0,0,0,0,0,0,0,11,193,253,253,120,0,0,0,0,0,0,0,0,0,0,0,0,0,0,0,114,253,254,204,22,0,0,0,0,0,78,95,0,0,0,0,0,0,0,75,242,253,246,51,0,0,0,0,0,0,165,237,106,31,0,0,0,21,157,246,254,253,123,0,0,0,0,0,0,0,165,254,253,246,190,189,190,227,253,254,248,136,8,0,0,0,0,0,0,0,6,142,222,253,254,253,254,254,253,243,118,0,0,0,0,0,0,0,3
0,0,0,0,0,0,0,0,0,0,0,0,0,0,0,0,0,0,0,0,0,0,0,0,0,0,0,0,0,0,0,0,0,0,0,0,0,0,0,0,0,0,0,0,0,0,0,0,0,0,0,0,89,204,255,254,92,0,0,0,0,0,0,0,0,0,0,0,25,47,154,200,247,253,253,253,92,0,0,0,0,0,0,0,0,0,0,108,202,253,253,253,253,253,253,253,92,0,0,0,0,0,0,0,0,0,88,210,253,253,253,253,253,253,253,253,92,0,0,0,0,0,0,0,0,22,241,253,253,253,226,139,114,253,253,253,92,0,0,0,0,0,0,0,0,139,253,253,253,127,35,0,70,253,253,253,92,0,0,0,0,0,0,0,0,139,253,253,209,15,0,42,225,253,253,195,6,0,0,0,0,0,0,0,5,153,253,234,64,31,46,218,253,253,253,79,0,0,0,0,0,0,0,0,39,253,253,253,253,253,253,253,253,253,193,18,0,0,0,0,0,0,0,0,27,218,253,253,253,253,253,253,253,253,137,0,0,0,0,0,0,0,0,0,0,42,76,188,230,237,253,253,253,252,125,0,0,0,0,0,0,0,0,0,0,0,0,0,0,78,253,253,253,237,0,0,0,0,0,0,0,0,0,0,0,0,0,0,0,213,253,253,234,79,0,0,0,0,0,0,0,0,0,0,0,0,0,2,96,246,253,253,174,0,0,0,0,0,0,0,0,0,0,0,0,0,0,102,253,253,253,196,16,0,0,0,0,0,0,0,0,0,0,0,0,34,114,243,253,253,195,19,0,0,0,0,0,0,0,0,0,0,0,3,32,212,253,253,253,199,28,0,0,0,0,0,0,0,0,0,0,0,0,93,253,253,253,253,253,22,0,0,0,0,0,0,0,0,0,0,9
0,0,0,0,0,0,0,0,0,0,0,0,0,0,0,8,43,4,0,0,0,0,0,0,0,0,0,0,0,0,0,0,0,84,190,201,252,142,28,0,0,0,0,0,0,0,0,0,0,0,0,0,29,246,252,253,252,252,186,4,0,0,0,0,0,0,0,0,0,0,0,0,153,252,252,253,252,252,252,113,0,0,0,0,0,0,0,0,0,0,0,116,249,252,252,236,147,244,252,235,0,0,0,0,0,0,0,0,0,0,0,191,253,253,253,114,157,253,253,253,0,0,0,0,0,0,0,0,0,0,32,237,252,252,252,227,252,252,252,252,0,0,0,0,0,0,0,0,0,0,192,252,252,252,252,253,252,252,247,99,0,0,0,0,0,0,0,0,16,108,253,252,252,252,252,253,252,221,98,0,0,0,0,0,0,0,0,62,221,252,253,252,252,252,252,253,137,21,0,0,0,0,0,0,18,61,227,253,253,253,255,253,253,243,124,0,0,0,0,0,0,0,43,112,216,253,252,252,252,252,253,252,122,47,0,0,0,0,0,0,4,101,190,252,252,253,252,242,237,252,253,122,2,0,0,0,0,0,0,0,183,252,252,252,252,243,153,42,64,226,227,63,0,0,0,0,0,0,0,0,253,252,252,226,147,35,0,0,108,191,236,63,0,0,0,0,0,0,0,0,237,253,223,35,0,25,78,201,253,253,212,0,0,0,0,0,0,0,0,0,113,252,221,190,190,227,252,252,252,252,53,0,0,0,0,0,0,0,0,0,4,186,252,252,252,253,252,252,247,143,0,0,0,0,0,0,0,0,0,0,0,28,136,189,189,190,189,189,98,0,0,0,0,0,0,0,0,0,0,0,0,0,0,0,0,0,0,0,0,0,0,0,0,0,0,0,0,0,0,0,8
0,0,0,0,0,0,0,0,0,0,0,0,0,0,0,0,0,0,0,0,0,0,0,0,0,0,0,49,159,244,254,255,157,26,0,0,0,0,0,0,0,0,0,0,0,0,21,246,254,198,191,195,254,107,0,0,0,0,0,0,0,0,0,0,0,9,236,254,73,4,0,2,125,245,25,0,0,0,0,0,0,0,0,0,0,85,254,136,3,0,0,0,5,254,141,0,0,0,0,0,0,0,0,0,10,198,254,4,0,0,0,0,76,254,192,2,0,0,0,0,0,0,0,0,23,254,254,4,0,0,0,0,28,254,204,6,0,0,0,0,0,0,0,0,23,254,254,4,0,0,0,0,65,254,155,0,0,0,0,0,0,0,0,0,9,212,254,106,5,0,60,147,253,254,187,0,0,0,0,0,0,0,0,0,0,53,254,254,238,237,251,250,132,234,187,0,0,0,0,0,0,0,0,0,0,2,31,119,151,120,109,29,0,169,222,12,0,0,0,0,0,0,0,0,0,0,0,0,0,0,0,0,0,169,254,22,0,0,0,0,0,0,0,0,0,0,0,0,0,0,0,0,0,169,254,22,0,0,0,0,0,0,0,0,0,0,0,0,0,0,0,0,4,230,229,14,0,0,0,0,0,0,0,0,0,0,0,0,0,0,0,0,65,254,158,0,0,0,0,0,0,0,0,0,0,0,0,0,0,0,0,0,118,254,98,0,0,0,0,0,0,0,0,0,0,40,36,0,0,0,0,4,198,254,48,0,0,0,0,0,0,0,0,0,0,66,242,130,9,0,0,140,254,170,2,0,0,0,0,0,0,0,0,0,0,2,139,253,136,4,76,243,253,76,0,0,0,0,0,0,0,0,0,0,0,0,0,178,254,199,243,253,111,0,0,0,0,0,0,0,9
0,0,0,0,0,0,0,0,0,0,0,0,0,0,0,0,0,0,0,0,0,0,0,0,0,0,65,197,254,221,144,15,0,0,0,0,0,0,0,0,0,0,0,0,0,0,199,253,253,253,253,197,50,0,0,0,0,0,0,0,0,0,0,0,0,46,244,152,44,44,140,254,242,80,0,0,0,0,0,0,0,0,0,0,0,114,253,27,19,0,0,73,204,249,78,0,0,0,0,0,0,0,0,0,0,94,195,116,209,0,0,0,52,244,246,58,0,0,0,0,0,0,0,0,0,56,234,249,170,0,0,0,0,89,250,194,19,0,0,0,0,0,0,0,0,5,204,253,95,0,0,0,0,0,190,253,60,0,0,0,0,0,0,0,0,0,199,249,61,0,0,0,0,0,114,253,165,0,0,0,0,0,0,0,0,0,199,245,26,0,0,0,0,0,23,253,165,0,0,0,0,0,0,0,0,0,199,194,0,0,0,0,0,0,23,253,165,0,0,0,0,0,0,0,0,0,200,132,0,0,0,0,0,0,23,254,165,0,0,0,0,0,0,0,0,39,237,131,0,0,0,0,0,0,52,253,88,0,0,0,0,0,0,0,0,56,253,131,0,0,0,0,0,0,225,253,55,0,0,0,0,0,0,0,0,56,253,180,0,0,0,0,0,62,249,190,3,0,0,0,0,0,0,0,0,56,253,131,0,0,0,0,44,238,253,88,0,0,0,0,0,0,0,0,0,12,211,219,0,0,0,0,106,253,197,19,0,0,0,0,0,0,0,0,0,0,199,252,143,0,0,89,247,249,19,0,0,0,0,0,0,0,0,0,0,0,117,250,217,45,141,255,242,79,0,0,0,0,0,0,0,0,0,0,0,0,0,198,253,253,253,244,130,0,0,0,0,0,0,0,0
0,0,0,0,0,0,138,253,253,0,0,0,0,0,0,0,0,0,0,0,0,0,0,0,0,0,206,253,253,0,0,0,0,0,0,0,0,0,0,0,0,0,0,0,0,0,231,254,136,0,0,0,0,0,0,0,0,0,0,0,0,0,0,0,0,0,230,223,31,0,0,0,0,0,0,0,0,0,0,0,0,0,0,0,0,0,118,92,0,0,0,0,0,0,0,0,0,0,0,0,0,0,0,0,0,0,127,0,0,0,0,0,0,0,0,0,0,0,0,0,0,0,0,0,0,70,245,46,0,0,0,0,26,95,65,0,0,0,0,0,0,0,0,0,0,245,253,46,0,0,0,5,155,254,249,109,0,0,0,0,0,0,0,0,0,254,248,42,0,0,5,145,253,254,253,240,32,0,0,0,0,0,0,0,0,254,206,0,0,0,147,253,253,228,245,253,103,0,0,0,0,0,0,0,0,254,207,0,0,128,254,254,228,87,237,254,69,0,0,0,0,0,0,0,0,254,206,0,17,245,253,240,73,87,253,248,56,0,0,0,0,0,0,0,0,254,211,5,168,254,253,145,43,237,253,187,0,0,0,0,0,0,0,0,0,254,253,79,184,254,219,55,184,254,236,54,0,0,0,0,0,0,0,0,0,104,254,254,254,255,254,254,254,255,182,0,0,0,0,0,0,0,0,0,0,7,165,253,253,254,253,253,253,173,11,0,0,0,0,0,0,0,0,0,0,0,9,63,246,254,253,251,162,17,0,0,0,0,0,0,0,0,0,0,0,0,0,0,50,128,245,162,0,0,0,0,0,0,0,0,0,0,0,0,0,0,0,0,0,0,0,0,0,0,0,0,0,0,0,0,0,0,0,0,0,0,0,0,0,0,0,0,0,0,0,0,0,0,0,0,6
0,0,0,0,0,0,0,0,131,232,252,253,63,0,0,0,0,0,0,0,0,0,0,0,0,0,4,136,251,252,252,250,58,0,0,0,0,0,0,0,0,0,0,0,0,0,43,252,252,252,226,115,0,0,0,0,0,0,0,0,0,0,0,0,0,0,175,252,252,199,24,0,0,0,0,0,0,0,0,0,0,0,0,0,0,0,254,253,241,35,0,0,0,0,0,0,0,0,0,0,0,0,0,0,0,80,253,252,152,0,0,0,0,0,0,0,0,0,0,0,0,0,0,0,32,223,253,245,27,0,0,0,0,0,0,9,0,0,0,0,0,0,0,0,64,252,253,141,0,0,0,0,22,117,169,204,98,0,0,0,0,0,0,0,108,252,253,63,0,0,0,0,173,252,252,252,247,131,9,0,0,0,0,13,218,253,230,27,0,0,0,105,253,253,253,253,255,253,38,0,0,0,0,57,252,252,211,0,0,0,0,183,252,252,169,107,253,252,126,0,0,0,0,127,252,252,106,0,0,0,0,253,252,242,42,9,253,252,126,0,0,0,0,127,252,252,27,0,0,0,0,253,252,160,0,132,253,252,56,0,0,0,0,127,252,252,106,0,0,0,0,253,252,126,98,246,253,217,12,0,0,0,0,66,253,253,237,37,0,0,0,255,253,209,253,253,247,53,0,0,0,0,0,6,154,252,253,170,43,0,0,253,252,252,252,252,53,0,0,0,0,0,0,0,32,214,245,252,242,161,127,253,252,252,252,103,0,0,0,0,0,0,0,0,0,0,67,237,252,252,252,253,252,194,119,14,0,0,0,0,0,0,0,0,0,0,0,32,147,252,252,236,112,4,0,0,0,0,0,0,0,0,0,0,0,0,0,0,0,0,0,0,0,0,0,0,0,0,0,0,6
0,0,0,0,0,0,0,0,0,0,0,0,0,0,0,0,0,0,0,0,0,0,0,0,0,0,0,0,0,0,0,0,0,0,0,0,0,0,0,0,0,0,0,0,0,0,0,0,0,0,0,0,0,0,0,0,0,0,0,0,0,0,0,0,0,0,0,32,104,95,245,105,0,0,0,0,0,0,0,0,0,0,0,0,0,0,0,116,253,254,253,92,13,0,0,0,0,0,26,47,0,0,0,0,0,0,64,212,253,254,253,253,220,149,116,82,116,174,220,154,0,0,0,0,0,85,222,210,128,94,228,228,160,254,253,253,253,195,40,0,0,0,0,0,85,255,207,67,0,0,0,0,0,0,85,93,59,0,0,0,0,0,0,123,247,254,139,0,0,0,0,0,0,0,0,0,0,0,0,0,0,7,125,245,244,80,4,0,0,0,0,0,0,0,0,0,0,0,0,0,0,136,253,253,160,93,59,25,59,0,0,0,0,0,0,0,0,0,0,0,0,254,254,254,254,254,254,254,254,221,186,178,128,0,0,0,0,0,0,0,0,115,64,23,23,82,81,148,182,254,253,253,253,147,38,0,0,0,0,0,0,0,0,0,0,0,0,0,0,46,46,54,221,254,244,80,0,0,0,0,0,0,0,0,0,0,0,0,0,0,0,0,84,254,253,205,0,0,0,0,0,0,0,0,0,0,0,0,0,0,0,0,0,85,248,230,0,0,0,0,0,0,0,0,0,0,0,0,0,0,0,0,0,0,230,230,0,0,0,0,0,0,0,0,0,0,0,0,0,0,0,0,0,0,230,221,0,0,0,0,0,0,0,0,0,0,0,0,0,0,0,0,0,0,230,104,0,0,0,0,0,0,0,0,0,0,0,0,0,0,0,0,0,95,148,0,0,0,0,0,5
0,0,0,0,0,0,0,0,0,0,25,188,254,84,0,0,0,0,0,0,0,0,0,31,0,0,0,0,0,0,158,254,254,231,158,158,57,0,0,0,0,0,0,0,0,0,0,0,9,237,254,254,254,254,254,254,197,15,0,0,0,0,0,0,0,0,6,59,205,254,254,254,223,201,247,254,248,49,0,0,0,0,0,0,0,13,166,254,254,254,241,101,15,0,204,254,227,0,0,0,0,0,0,0,7,150,245,254,252,158,30,0,0,20,209,254,172,0,0,0,0,0,0,0,25,216,254,252,99,0,0,0,0,180,254,250,47,0,0,0,0,0,0,0,0,9,130,78,0,0,0,0,120,248,254,145,0,0,0,0,0,0,0,0,0,0,0,0,0,0,0,0,206,254,234,27,0,0,0,0,0,0,0,0,0,0,0,0,0,0,0,139,248,254,62,0,0,0,0,0,0,0,0,0,0,0,0,0,0,0,25,249,254,174,0,0,0,0,0,0,0,0,0,0,0,0,0,0,0,80,219,254,191,43,0,0,0,0,0,0,0,0,0,0,0,0,0,0,6,221,254,254,84,0,0,0,0,0,0,0,0,0,0,0,0,0,0,16,229,254,255,64,2,0,0,0,0,0,0,0,0,0,0,0,0,0,35,180,254,254,126,2,0,0,0,0,0,0,0,0,0,0,0,0,0,30,245,254,254,254,211,211,211,211,211,198,50,0,0,0,0,0,0,6,103,194,254,254,254,254,254,254,254,254,254,254,245,42,0,0,0,0,0,120,254,254,254,254,241,236,179,148,148,179,224,251,221,0,0,0,0,0,24,214,254,252,205,91,19,0,0,0,0,0,0,58,39,0,0,0,0,0,19,206,254,158,0,0,0,0,0,0,0,0,0,0,0,0,0,0,2
0,0,0,0,0,0,0,0,0,0,0,0,0,0,0,0,0,0,0,0,0,0,0,0,0,0,0,0,86,253,253,253,141,140,166,253,253,63,0,0,0,0,0,0,0,0,0,147,234,252,102,27,0,0,25,205,252,203,15,0,0,0,0,0,0,0,32,253,252,176,19,0,0,0,88,252,220,31,0,0,0,0,0,0,0,114,215,225,249,77,10,0,0,57,234,217,37,0,0,0,0,0,0,0,0,169,252,0,225,252,84,0,0,85,252,84,0,0,0,0,0,0,0,0,0,170,253,192,12,32,188,63,114,238,228,47,0,0,0,0,0,0,0,0,0,122,252,253,152,0,25,178,253,223,52,0,0,0,0,0,0,0,0,0,0,7,55,253,233,165,156,252,253,58,0,0,0,0,0,0,0,0,0,0,0,0,0,84,218,252,252,252,162,9,0,0,0,0,0,0,0,0,0,0,0,0,0,0,85,252,252,252,79,0,0,0,0,0,0,0,0,0,0,0,0,0,0,0,226,253,253,253,255,90,0,0,0,0,0,0,0,0,0,0,0,0,0,147,249,252,102,106,253,167,0,0,0,0,0,0,0,0,0,0,0,0,0,253,252,208,65,0,253,233,75,0,0,0,0,0,0,0,0,0,0,0,16,253,195,19,0,0,146,249,233,56,0,0,0,0,0,0,0,0,0,0,140,253,167,0,0,0,0,225,252,84,0,0,0,0,0,0,0,0,0,0,141,255,168,0,0,0,51,238,253,84,0,0,0,0,0,0,0,0,0,0,140,253,167,0,0,48,238,252,252,84,0,0,0,0,0,0,0,0,0,0,110,253,186,57,150,227,253,252,176,19,0,0,0,0,0,0,0,0,0,0,0,146,233,252,252,252,253,179,19,0,0,0,0,0,8
0,0,0,0,0,0,0,4,0,0,0,0,0,0,0,157,255,27,0,0,0,0,0,0,0,0,0,58,0,0,0,0,0,0,11,219,253,199,9,0,0,0,0,0,0,0,0,0,0,0,0,0,0,40,232,253,253,88,0,0,0,0,0,0,0,0,0,0,0,0,0,0,0,60,236,253,195,61,0,0,0,0,0,0,0,0,0,0,0,0,0,9,32,211,253,253,139,0,0,0,0,0,0,0,0,0,0,0,0,0,31,159,253,253,253,176,11,0,0,0,0,0,0,0,0,0,0,0,0,0,11,101,253,253,196,13,0,0,0,0,0,0,0,0,0,0,0,0,0,0,50,241,253,253,166,0,0,0,0,0,0,0,0,0,0,0,0,0,0,0,132,236,253,196,49,0,0,0,0,0,0,0,0,0,0,0,0,0,0,72,235,253,204,70,0,0,0,0,0,0,0,0,0,0,0,0,0,0,0,180,253,253,89,0,0,0,0,0,0,0,0,0,0,0,0,0,0,22,175,237,253,139,39,0,0,0,0,0,0,0,0,0,0,0,0,0,0,54,199,253,233,66,0,0,0,0,0,0,0,0,0,0,0,0,0,0,32,239,253,234,65,0,0,0,0,0,0,0,0,0,0,0,0,0,0,0,144,253,235,65,0,0,0,0,0,0,0,0,0,0,0,0,0,0,0,61,197,253,228,36,0,0,0,0,0,0,0,0,0,0,0,0,0,0,75,244,253,232,53,0,0,0,0,0,0,0,0,0,0,0,0,0,0,0,89,253,253,253,140,0,0,0,0,0,0,0,0,0,0,0,0,0,0,18,249,253,253,212,4,0,0,0,0,0,0,0,0,0,0,0,0,0,0,19,253,253,156,5,0,0,0,0,0,0,0,0,0,0,0,0,1
0,0,0,0,0,0,0,0,0,0,0,0,0,0,147,234,234,196,0,0,0,0,0,0,0,0,0,0,0,21,76,165,213,213,251,253,253,247,81,0,0,0,0,0,0,0,0,24,178,209,253,253,253,253,253,253,253,253,96,0,0,0,0,0,0,0,18,204,253,253,253,253,253,253,253,253,253,253,96,0,0,0,0,0,0,1,137,253,253,253,253,252,239,172,163,253,253,228,39,0,0,0,0,0,0,14,253,253,253,218,123,110,0,0,174,253,253,212,0,0,0,0,0,0,0,1,133,253,107,5,0,0,0,54,246,253,253,152,0,0,0,0,0,0,0,0,14,27,3,0,0,0,55,240,253,253,231,49,0,0,0,0,0,0,0,0,0,0,0,0,0,60,233,253,253,253,80,0,0,0,0,0,0,0,0,0,0,0,0,14,49,182,253,253,253,211,44,0,0,0,0,0,9,132,165,165,165,165,165,115,253,253,253,253,171,12,0,0,0,0,0,59,177,253,253,253,253,253,253,253,253,253,253,246,13,0,0,0,0,0,58,243,253,253,253,253,253,253,253,253,253,253,250,64,0,0,0,0,0,0,248,253,253,253,253,253,253,253,253,253,253,253,253,247,185,104,22,0,65,48,254,253,253,253,253,253,253,253,253,253,253,253,253,253,253,253,227,220,241,160,254,253,253,253,253,250,223,192,68,54,80,232,253,253,253,253,253,253,253,253,254,253,253,253,248,126,39,2,0,0,0,64,213,253,253,253,253,246,212,137,96,222,232,128,83,0,0,0,0,0,0,0,3,96,96,96,96,80,0,0,0,0,0,0,0,0,0,0,0,0,0,0,0,0,0,0,0,0,0,0,0,0,0,0,0,0,0,0,0,0,0,0,0,0,0,0,0,0,0,0,2
0,0,0,0,0,0,0,0,0,0,0,0,0,0,0,0,0,0,0,0,0,0,0,0,0,0,0,0,0,0,0,13,159,253,109,0,0,0,0,0,0,0,0,0,0,0,0,0,0,0,0,24,252,252,108,0,0,0,0,0,0,0,0,0,0,0,0,0,0,0,0,55,252,252,128,0,0,0,0,0,0,0,0,0,0,0,0,0,0,0,0,138,252,252,45,0,0,0,0,0,0,0,0,0,0,0,0,0,0,0,0,243,252,221,25,0,0,0,0,0,0,0,0,0,0,0,0,0,0,0,116,255,253,122,0,0,0,0,0,0,0,0,0,0,0,0,0,0,0,17,193,253,252,69,0,0,0,0,0,0,0,0,0,0,0,0,0,0,0,124,252,253,240,50,0,0,0,0,0,0,0,0,0,0,0,0,0,0,0,207,252,245,79,0,0,0,0,0,0,0,0,0,0,0,0,0,0,0,116,248,252,230,0,0,0,0,0,0,0,0,0,0,0,0,0,0,0,26,222,253,253,221,0,0,0,0,0,0,0,0,0,0,0,0,0,0,0,120,252,252,252,116,0,0,0,0,0,0,0,0,0,0,0,0,0,0,17,228,252,252,221,32,0,0,0,0,0,0,0,0,0,0,0,0,0,0,15,219,252,252,137,0,0,0,0,0,0,0,0,0,0,0,0,0,0,0,0,57,252,252,137,0,0,0,0,0,0,0,0,0,0,0,0,0,0,0,0,5,191,253,137,0,0,0,0,0,0,0,0,0,0,0,0,0,0,0,0,47,252,252,137,0,0,0,0,0,0,0,0,0,0,0,0,0,0,0,0,47,252,252,137,0,0,0,0,0,0,0,0,0,0,0,0,0,0,0,0,47,252,252,137,0,0,0,0,0,0,0,0,0,1
0,0,0,0,0,0,0,0,0,0,0,0,0,0,0,0,0,0,0,0,0,0,0,0,0,0,0,0,0,0,0,0,0,0,0,0,0,0,0,0,0,0,0,0,0,0,0,0,0,0,0,0,0,0,0,0,0,0,0,0,0,0,0,0,0,0,0,0,0,0,0,0,0,0,0,0,0,0,0,0,0,0,0,35,79,90,47,47,111,191,212,255,242,150,35,0,0,0,0,0,0,0,0,172,253,253,253,253,253,253,253,253,253,253,129,0,0,0,0,0,0,0,0,59,114,205,217,172,114,114,12,10,139,253,129,0,0,0,0,0,0,0,0,0,0,0,0,0,0,0,0,0,135,253,129,0,0,0,0,0,0,0,0,0,0,0,0,0,0,0,0,0,145,253,171,0,0,0,0,0,0,0,0,0,0,0,0,0,0,0,0,0,239,253,129,0,0,0,0,0,0,0,0,0,0,0,0,0,0,0,0,42,246,217,26,0,0,0,0,0,0,0,0,0,0,0,0,0,0,0,0,156,253,175,0,0,0,0,0,0,0,0,0,0,0,0,0,0,0,0,0,192,253,89,0,0,0,0,0,0,0,0,0,0,0,0,0,0,0,0,26,230,253,72,0,0,0,0,0,0,0,0,0,0,0,0,0,0,0,0,42,253,188,15,0,0,0,0,0,0,0,0,0,0,0,0,0,0,0,0,161,253,119,0,0,0,0,0,0,0,0,0,0,0,0,0,0,0,0,0,249,253,40,0,0,0,0,0,0,0,0,0,0,0,0,0,0,0,0,13,250,206,7,0,0,0,0,0,0,0,0,0,0,0,0,0,0,0,0,130,253,133,0,0,0,0,0,0,0,0,0,0,0,0,0,0,0,0,0,202,250,57,0,0,0,0,0,0,0,0,7
0,0,0,0,0,0,0,0,0,0,0,0,0,0,0,0,0,0,0,0,0,0,0,0,0,0,0,0,0,0,0,0,0,0,0,0,0,0,0,0,0,0,0,0,0,0,0,0,0,0,0,0,0,0,0,0,0,0,0,0,0,0,0,0,0,0,0,0,0,0,0,51,114,113,113,113,51,0,0,0,0,0,0,0,0,0,0,0,0,7,154,253,255,253,253,253,255,228,44,0,0,0,0,0,0,0,0,0,7,150,252,252,253,214,145,196,253,252,224,44,0,0,0,0,0,0,0,0,204,252,252,252,253,84,0,0,69,224,252,177,0,0,0,0,0,0,38,213,253,252,252,202,78,9,0,0,0,169,252,252,0,0,0,0,29,179,253,253,254,234,100,0,0,0,0,0,0,57,253,253,0,0,19,107,253,252,252,252,184,28,0,0,0,0,0,0,0,131,252,252,0,57,191,252,253,252,252,214,0,0,0,0,0,0,0,0,23,234,252,164,13,206,252,252,253,252,214,28,0,0,0,0,0,0,0,51,229,252,177,15,204,253,253,241,229,247,150,0,0,0,0,0,16,104,178,253,254,209,25,0,253,252,252,90,10,116,0,0,57,57,57,157,216,252,252,252,134,28,0,0,165,252,252,228,198,197,197,197,253,252,252,252,253,196,130,56,0,0,0,0,28,215,252,252,253,252,252,252,253,252,164,139,28,9,0,0,0,0,0,0,0,0,89,113,114,113,113,113,0,0,0,0,0,0,0,0,0,0,0,0,0,0,0,0,0,0,0,0,0,0,0,0,0,0,0,0,0,0,0,0,0,0,0,0,0,0,0,0,0,0,0,0,0,0,0,0,0,0,0,0,0,0,0,0,0,0,0,0,0,0,0,0,0,0,0,0,0,0,0,0,0
0,0,0,0,0,0,0,0,0,0,0,0,0,0,0,0,0,0,0,0,0,0,0,0,0,0,0,0,0,0,0,0,0,0,0,0,0,0,0,0,0,0,0,0,0,0,0,0,0,0,0,0,0,0,0,0,0,0,0,0,0,0,0,0,0,19,154,253,239,38,23,29,141,141,104,4,0,0,0,0,0,0,0,0,7,187,252,252,143,169,234,252,253,252,252,128,0,0,0,0,0,0,0,0,154,252,252,252,253,252,224,168,56,130,234,252,0,0,0,0,0,0,0,0,253,252,252,252,241,115,19,0,0,0,197,252,0,0,0,0,0,0,0,0,255,253,253,241,0,0,0,0,0,45,229,253,0,0,0,0,0,0,0,0,253,240,109,47,0,0,0,0,0,169,252,227,0,0,0,0,0,0,0,0,56,43,0,0,0,0,0,0,0,169,252,139,0,0,0,0,0,0,0,0,0,0,0,0,0,0,0,0,0,169,252,139,0,0,0,0,0,0,0,0,0,0,0,0,0,0,0,0,41,253,244,25,0,0,0,0,0,0,0,0,0,0,0,0,0,0,0,0,166,252,168,0,0,0,0,0,0,0,0,0,0,0,0,0,0,0,0,0,253,252,168,0,0,0,0,0,0,0,0,0,0,0,0,0,0,0,0,51,253,252,68,0,0,0,0,0,0,0,0,0,0,0,0,0,0,0,48,241,254,134,0,0,0,0,0,0,0,0,0,0,0,0,0,0,0,0,110,252,234,28,0,0,0,0,0,0,0,0,0,0,0,0,0,0,0,19,215,252,100,0,0,0,0,0,0,0,0,0,0,0,0,0,0,0,0,157,252,252,0,0,0,0,0,0,0,0,0,0,0,0,0,0,0,0,41,253,253,128,0,0,0,0,0,0,0,0,7
0,0,0,0,0,0,0,0,0,0,0,0,0,0,0,0,4,103,255,135,0,0,0,0,0,0,0,0,0,0,0,0,0,0,0,0,60,253,211,59,0,0,0,0,0,0,0,0,0,0,0,0,0,0,0,12,186,253,224,0,0,0,0,0,0,0,0,0,0,0,0,0,0,0,11,178,253,231,94,0,0,0,0,0,0,0,0,0,0,0,0,0,0,0,62,224,253,143,0,0,0,0,0,0,0,48,105,39,0,0,0,0,0,0,176,253,239,57,0,0,0,0,0,0,89,231,249,84,0,0,0,0,0,6,240,253,135,0,0,0,0,0,0,118,231,236,63,0,0,0,0,0,28,196,253,202,9,0,0,0,0,0,81,252,253,96,0,0,0,0,0,5,131,253,238,58,0,0,0,0,0,0,197,253,236,16,0,0,0,0,0,160,253,235,136,0,0,0,0,0,0,0,115,253,237,202,173,99,99,99,99,222,253,236,12,0,0,0,0,0,0,0,2,167,253,253,253,253,253,253,253,253,253,253,232,30,0,0,0,0,0,0,0,24,165,174,228,165,165,239,253,253,186,62,54,0,0,0,0,0,0,0,0,0,0,2,11,0,47,234,253,147,7,0,0,0,0,0,0,0,0,0,0,0,0,0,0,37,193,253,237,36,0,0,0,0,0,0,0,0,0,0,0,0,0,0,0,78,253,253,150,0,0,0,0,0,0,0,0,0,0,0,0,0,0,0,20,198,253,222,32,0,0,0,0,0,0,0,0,0,0,0,0,0,0,0,116,253,228,82,0,0,0,0,0,0,0,0,0,0,0,0,0,0,0,0,116,253,253,176,98,12,0,0,0,0,0,0,0,0,0,0,0,0,0,0,43,241,253,166,86,10,0,0,0,0,0,0,0,0,4
0,0,0,0,90,250,252,198,0,0,0,0,0,0,0,0,0,0,0,0,0,0,0,0,94,252,252,198,0,0,0,0,0,0,0,0,0,0,0,0,0,0,0,0,94,252,252,86,0,0,0,0,0,0,0,0,0,0,0,0,0,0,0,0,94,252,252,66,0,0,0,0,0,0,0,0,0,0,0,0,0,0,0,0,94,252,252,66,0,0,0,0,0,0,0,0,0,0,0,0,0,0,0,0,94,252,252,66,0,0,0,0,0,0,0,0,0,0,0,0,0,0,0,0,94,252,252,150,0,0,0,0,91,160,160,160,55,27,9,0,0,0,0,0,94,252,252,198,0,0,1,84,253,252,252,252,252,252,156,0,0,0,0,0,45,231,252,198,0,0,84,252,253,252,252,252,252,252,212,0,0,0,0,0,0,214,253,199,0,91,253,253,255,253,97,0,137,253,213,0,0,0,0,0,0,157,252,249,240,247,252,252,202,19,2,0,67,252,212,0,0,0,0,0,0,81,252,252,252,252,197,89,14,0,0,0,186,252,212,0,0,0,0,0,0,38,224,252,252,201,72,0,0,0,0,68,244,252,169,0,0,0,0,0,0,81,252,252,252,134,64,0,0,0,0,116,252,238,58,0,0,0,0,0,0,21,213,252,252,252,238,0,0,0,168,242,252,101,0,0,0,0,0,0,0,0,98,241,252,252,241,19,20,41,230,252,185,21,0,0,0,0,0,0,0,0,0,103,252,252,252,203,204,252,252,201,20,0,0,0,0,0,0,0,0,0,0,23,127,240,252,252,253,252,190,72,0,0,0,0,0,0,0,0,0,0,0,0,0,13,119,119,183,126,12,0,0,0,0,0,0,0,0,0,0,0,0,0,0,0,0,0,0,0,0,0,0,0,0,0,6
253,232,238,231,252,214,202,245,234,239,229,201,230,238,206,218,212,235,247,205,203,217,216,241,235,206,220,215,237,214,245,253,249,252,210,200,203,249,213,244,220,202,218,204,248,206,232,234,239,254,242,205,232,236,211,231,230,228,238,217,235,214,234,243,227,249,251,244,208,254,240,201,254,236,205,202,212,215,247,243,209,210,228,250,235,213,238,215,200,227,221,226,208,217,221,231,247,227,204,245,211,249,222,225,252,216,219,200,249,202,233,239,254,212,239,240,254,248,202,210,248,214,234,242,205,209,249,222,240,247,219,212,225,230,241,231,230,254,205,228,223,249,221,254,227,214,206,204,238,221,227,232,235,245,248,238,209,247,232,234,247,213,240,216,239,219,225,246,227,247,229,251,232,206,233,206,209,227,232,203,246,237,238,224,235,202,213,223,216,220,200,240,232,251,246,230,238,234,236,248,212,241,232,240,227,202,246,242,232,227,211,224,230,218,200,233,251,249,229,200,203,236,216,235,202,220,249,201,232,237,203,243,216,230,213,204,224,205,240,237,247,231,250,247,249,202,213,214,216,242,239,253,207,216,233,209,227,209,202,242,235,203,205,252,201,250,227,209,227,214,207,233,210,208,249,205,240,230,243,217,212,253,211,253,228,225,254,227,243,200,219,221,237,212,238,223,221,228,230,252,204,218,202,223,233,208,203,248,243,217,225,228,233,246,205,208,223,211,218,229,214,209,232,200,202,221,210,207,222,213,211,233,200,209,214,212,232,208,212,204,218,243,207,202,214,224,226,245,206,209,240,235,210,220,202,246,217,203,211,210,238,216,240,235,220,220,216,228,207,252,252,223,243,252,236,228,234,219,219,208,203,227,214,210,231,206,250,200,252,241,211,215,202,210,203,249,218,207,219,246,3
0,0,0,0,0,0,0,0,0,0,0,0,0,0,0,0,0,0,0,0,0,0,0,0,0,0,0,0,0,0,0,0,0,0,0,0,0,0,0,0,0,0,0,0,0,0,0,0,0,0,0,0,0,0,0,0,0,0,0,0,253,56,0,0,0,0,0,0,0,0,0,0,0,0,0,0,0,0,0,0,252,187,69,57,19,0,0,0,0,0,0,0,0,0,0,0,0,0,0,0,252,252,252,253,215,110,85,0,0,0,0,0,0,0,0,0,0,0,0,0,215,252,252,253,252,252,252,226,200,113,63,0,0,0,0,13,113,113,63,0,0,89,113,226,244,253,253,254,253,253,253,254,253,253,253,254,253,253,190,0,0,0,0,0,56,84,184,197,234,252,252,253,252,252,252,253,252,252,115,0,0,0,0,0,0,0,0,0,38,56,156,168,205,196,252,253,252,186,6,0,0,0,0,0,0,0,0,0,0,0,0,0,13,10,228,253,252,68,0,0,0,0,0,0,0,0,0,0,0,0,0,0,0,48,241,254,184,0,0,0,0,0,0,0,0,0,0,0,0,0,0,0,0,85,252,253,84,0,0,0,0,0,0,0,0,0,0,0,0,0,0,0,0,85,252,253,84,0,0,0,0,0,0,0,0,0,0,0,0,0,0,0,0,185,252,253,84,0,0,0,0,0,0,0,0,0,0,0,0,0,0,0,0,198,253,226,0,0,0,0,0,0,0,0,0,0,0,0,0,0,0,0,63,234,252,200,0,0,0,0,0,0,0,0,0,0,0,0,0,0,0,0,169,252,252,76,0,0,0,0,0,0,0,0,0,0,0,0,0,0,0,0,169,252,252,0,0,0,0,0,0,0,0,0,0,0,0,0,0,0,0,4,179,253,253,29,10,0,0,0,7
0,0,0,0,0,46,132,156,246,216,232,148,41,0,0,0,0,0,0,0,0,0,0,0,46,245,171,253,253,253,238,253,241,107,0,0,0,0,0,0,0,0,0,13,183,183,78,78,78,78,41,241,253,226,18,0,0,0,0,0,0,0,0,18,117,45,0,0,0,0,70,250,253,216,49,0,0,0,0,0,0,0,0,0,0,0,0,0,0,38,231,253,192,5,0,0,0,0,0,0,0,0,0,0,0,0,0,0,47,231,255,241,30,0,0,0,0,0,0,0,0,0,0,0,0,0,2,118,235,253,151,36,0,0,0,0,0,0,0,0,0,0,0,0,0,0,58,253,253,253,31,0,0,0,0,0,0,0,0,0,0,0,0,0,0,0,47,146,235,253,219,89,0,0,0,0,0,0,0,0,0,0,0,0,0,0,0,0,84,193,216,241,68,0,0,0,0,0,0,0,0,0,0,0,0,0,0,0,0,0,83,199,254,186,14,0,0,0,0,0,0,0,0,0,0,0,0,0,0,0,0,11,209,253,185,8,0,0,0,0,0,0,0,0,0,0,0,0,0,0,0,0,24,209,253,128,0,0,0,0,0,0,0,0,0,0,0,0,0,0,0,0,0,136,253,249,89,0,0,0,0,0,0,0,0,0,0,0,0,0,0,0,0,100,253,254,173,0,0,0,0,0,0,0,0,0,0,0,0,0,0,5,127,246,254,255,151,0,0,0,0,0,7,2,0,0,0,0,0,0,35,203,253,253,253,189,6,0,0,0,0,0,24,153,79,79,79,79,79,79,224,253,253,240,137,0,0,0,0,0,0,0,31,241,253,254,253,253,253,253,238,212,117,61,0,0,0,0,0,0,0,0,0,54,133,155,193,185,237,230,74,9,0,0,0,0,0,0,0,0,3
0,0,0,0,0,0,0,0,0,0,64,121,247,253,211,89,0,0,0,0,0,0,0,0,0,0,0,0,12,114,246,253,252,252,252,185,0,0,0,0,0,0,0,0,0,0,0,0,146,252,252,253,212,242,252,245,59,0,0,0,0,0,0,0,0,0,0,34,238,252,252,110,23,85,240,252,66,0,0,0,0,0,0,0,0,0,0,41,252,252,252,0,0,0,213,234,49,0,0,0,0,0,0,0,0,0,0,41,252,252,181,0,0,0,196,146,0,0,0,0,0,0,0,0,0,0,0,41,252,252,181,0,0,0,42,0,0,0,0,0,0,0,0,0,0,0,0,36,242,252,252,15,0,0,0,22,27,9,0,0,0,0,0,0,0,0,0,0,153,252,252,203,20,14,127,230,242,75,0,0,0,0,0,0,0,0,0,0,13,196,252,253,252,252,252,217,31,0,0,0,0,0,0,0,0,0,0,0,13,197,253,255,253,253,151,28,0,0,0,0,0,0,0,0,0,0,0,17,192,252,252,253,252,252,39,0,0,0,0,0,0,0,0,0,0,0,98,230,252,252,252,204,252,252,39,0,0,0,0,0,0,0,0,0,0,64,207,252,252,128,39,121,252,252,39,0,0,0,0,0,0,0,0,0,64,241,252,252,195,22,0,226,252,252,39,0,0,0,0,0,0,0,0,0,81,252,252,222,24,0,29,253,252,232,31,0,0,0,0,0,0,0,0,0,81,252,252,212,0,24,152,253,252,68,0,0,0,0,0,0,0,0,0,0,81,252,252,237,160,213,252,253,170,10,0,0,0,0,0,0,0,0,0,0,76,242,252,252,252,252,245,176,6,0,0,0,0,0,0,0,0,0,0,0,0,32,119,189,189,119,56,0,0,0,0,0,0,0,0,0,8
0,0,0,0,0,0,0,0,0,0,0,0,0,0,0,0,0,0,0,0,0,0,0,0,0,0,0,0,0,0,0,0,0,0,0,34,175,119,0,0,0,0,0,0,0,0,0,0,0,0,0,0,0,0,0,94,255,251,236,0,0,0,0,0,0,0,0,0,0,0,0,0,0,21,199,250,254,254,241,0,0,0,0,168,8,0,0,0,0,0,0,0,55,101,254,254,254,115,18,0,0,0,0,243,177,61,0,0,0,0,26,196,195,177,239,139,25,11,0,0,0,0,0,128,254,242,176,14,0,27,201,207,221,205,101,0,0,0,0,0,0,0,0,17,93,246,254,67,127,227,232,83,231,171,13,0,0,0,0,0,0,0,0,0,0,158,245,231,254,254,102,61,33,14,0,0,0,0,0,0,0,0,0,0,0,0,119,254,254,254,228,158,0,0,0,0,0,0,0,0,0,0,0,0,0,60,201,254,254,254,255,65,0,0,0,0,0,0,0,0,0,0,0,0,25,235,254,254,236,212,224,95,31,0,0,0,0,0,0,0,0,0,0,0,106,254,254,237,73,21,82,208,146,0,0,0,0,0,0,0,0,0,0,0,106,254,190,52,0,0,54,208,175,14,0,0,0,0,0,0,0,0,0,0,35,238,162,0,0,0,0,0,53,196,57,0,0,0,0,0,0,0,0,0,68,246,174,5,0,0,0,0,53,254,85,0,0,0,0,0,0,0,0,0,106,254,254,172,28,0,0,0,21,202,156,0,0,0,0,0,0,0,0,0,43,222,174,254,45,0,0,15,88,140,137,0,0,0,0,0,0,0,0,0,0,0,88,253,52,0,38,149,251,254,208,0,0,0,0,0,0,0,0,0,0,0,0,100,81,0,66,66,185,253,82,0,0,0,0,0,8
0,0,0,0,0,0,0,0,0,0,0,0,0,0,0,0,0,0,0,0,0,0,0,0,0,0,0,0,0,0,0,0,0,0,0,0,0,0,0,0,0,0,0,0,0,0,0,0,0,0,0,0,0,0,0,0,0,0,0,0,0,0,0,0,0,0,0,0,0,74,235,254,209,73,0,0,0,0,0,0,0,0,0,0,0,0,4,121,170,251,243,243,252,241,24,0,0,0,0,0,0,0,0,0,0,34,167,253,229,74,0,0,150,253,30,0,0,0,0,0,0,0,0,0,0,137,253,164,22,0,0,5,165,220,16,0,0,0,0,0,0,0,0,0,0,229,228,10,0,0,2,156,253,154,0,0,0,0,0,0,0,0,0,0,0,229,245,76,0,0,146,253,253,237,167,0,0,0,0,0,0,0,0,0,0,157,253,243,184,184,240,253,253,253,228,0,0,0,0,0,0,0,0,0,0,19,186,236,253,253,237,223,253,253,119,0,0,0,0,0,0,0,0,0,0,0,0,33,60,59,35,136,253,200,7,0,0,0,0,0,0,0,0,0,0,0,0,0,0,0,84,252,251,109,0,0,0,0,0,0,0,0,0,0,0,0,0,0,0,1,205,253,156,0,0,0,0,0,0,0,0,0,0,0,0,0,0,0,0,175,253,192,15,0,0,0,0,0,0,0,0,0,0,0,0,0,0,0,44,251,245,52,0,0,0,0,0,0,0,0,0,0,0,0,0,0,0,12,178,253,83,0,0,0,0,0,0,0,0,0,0,0,0,0,0,0,0,40,253,229,25,0,0,0,0,0,0,0,0,0,0,0,0,0,0,0,0,111,253,133,0,0,0,0,0,0,0,0,0,0,0,0,0,0,0,0,0,232,253,12,0,0,0,0,0,0,0,0,0,0,9
0,0,0,0,0,0,0,0,0,29,28,86,85,86,197,255,139,57,0,0,0,0,0,0,0,0,0,0,114,197,196,253,251,253,251,253,251,225,56,0,0,0,0,0,0,0,57,141,253,254,253,254,253,254,253,254,253,254,253,0,0,0,0,0,0,0,168,253,251,253,251,253,251,253,251,253,251,253,251,0,0,0,0,0,0,0,57,255,253,254,253,254,253,254,253,254,253,254,253,169,0,0,0,0,0,57,224,253,251,253,251,253,251,196,83,253,251,253,251,225,0,0,0,0,0,255,253,255,253,254,253,254,196,0,0,0,169,254,253,254,0,0,0,0,114,253,251,253,251,253,251,196,28,0,0,0,56,253,251,253,0,0,0,254,253,254,253,254,253,226,168,0,0,0,0,0,0,254,253,254,0,0,0,253,251,253,251,253,251,56,0,0,0,0,0,57,168,253,251,253,0,29,197,254,253,254,253,254,253,0,0,0,0,0,0,254,253,254,253,254,0,85,251,253,251,253,251,196,83,0,0,0,0,0,0,253,251,253,251,196,0,255,253,254,253,254,253,0,0,0,0,0,0,0,169,254,253,254,253,0,0,253,251,253,251,253,138,0,0,0,0,0,0,169,224,253,251,253,251,0,0,255,253,254,253,254,139,85,28,0,0,141,253,254,253,254,253,169,56,0,0,253,251,253,251,253,251,253,196,169,168,253,251,253,251,253,251,0,0,0,0,254,253,254,253,254,253,254,253,254,253,254,253,254,253,226,56,0,0,0,0,84,196,253,251,253,251,253,251,253,251,253,251,253,251,56,0,0,0,0,0,0,0,198,253,254,253,254,253,254,253,254,253,169,168,0,0,0,0,0,0,0,0,28,83,84,83,84,83,84,83,84,83,0,0,0,0,0,0,0,0
0,0,11,173,173,132,152,71,51,31,0,0,0,0,0,0,0,0,0,0,0,0,31,232,253,252,253,252,253,232,183,102,0,0,0,0,0,0,0,0,0,0,0,203,224,20,123,182,163,203,254,253,193,112,41,0,0,0,0,0,0,0,0,203,203,0,0,20,0,0,50,91,172,252,243,162,0,0,0,0,0,0,0,203,203,0,0,0,0,0,0,0,0,41,173,253,214,31,0,0,0,0,0,203,203,0,0,0,0,0,0,0,0,0,10,172,253,232,0,0,0,0,31,233,203,0,0,0,0,0,0,0,0,0,0,0,92,253,193,30,0,0,51,252,203,0,0,0,0,0,0,0,0,0,0,0,10,91,253,131,0,0,72,253,203,0,0,0,0,0,0,0,0,0,0,0,0,0,173,253,0,0,152,252,162,0,0,0,0,0,0,0,0,0,0,0,0,0,31,232,0,0,152,253,142,0,0,0,0,0,0,0,0,0,0,0,0,0,0,203,0,0,152,252,183,0,0,0,0,0,0,0,0,0,0,0,0,0,0,203,0,0,152,253,203,0,0,0,0,0,0,0,0,0,0,0,0,0,0,203,0,0,71,252,203,0,0,0,0,0,0,0,0,0,0,0,0,0,21,223,0,0,0,203,234,51,0,0,0,0,0,0,0,0,0,0,0,0,173,253,0,0,0,122,253,192,0,0,0,0,0,0,0,0,0,0,21,183,253,130,0,0,0,82,255,253,132,10,0,0,0,0,0,0,31,92,254,253,142,20,0,0,0,0,131,252,253,131,0,0,0,0,21,102,233,252,233,111,0,0,0,0,0,0,0,123,255,253,254,253,254,253,254,253,224,162,41,0,0,0,0,0,0,0,0,0,50,131,253,252,253,212,151,70,20,0,0,0,0,0,0
0,0,0,0,0,0,0,0,0,11,147,253,252,201,0,0,0,0,0,0,0,0,0,0,0,0,0,0,0,54,252,253,204,31,0,0,0,0,0,0,0,0,0,0,0,0,0,0,0,193,252,253,44,0,0,0,0,0,0,0,0,0,0,0,0,0,0,0,27,211,252,222,31,0,0,0,0,0,0,0,0,0,0,0,0,0,0,16,109,252,252,131,0,0,0,0,0,0,0,0,0,0,0,0,0,0,0,134,252,252,252,0,0,0,0,0,0,0,0,0,0,0,0,0,0,0,0,134,252,252,111,0,0,0,0,0,0,0,0,0,0,0,0,0,0,0,50,224,252,225,69,0,0,0,0,0,0,0,0,0,0,0,0,0,0,0,178,252,252,252,252,149,149,53,0,0,0,0,0,0,0,0,0,0,0,76,253,253,253,253,253,255,253,253,182,12,0,0,0,0,0,0,0,0,0,75,252,252,252,252,252,193,192,231,252,64,0,0,0,0,0,0,0,0,0,75,252,252,252,252,243,0,0,155,252,225,48,0,0,0,0,0,0,0,0,145,252,252,252,160,55,0,0,15,252,252,74,0,0,0,0,0,0,0,0,223,252,212,125,7,0,0,0,147,252,252,74,0,0,0,0,0,0,0,0,223,252,118,0,0,0,0,43,226,252,252,74,0,0,0,0,0,0,0,0,223,252,118,0,0,0,0,139,252,252,212,35,0,0,0,0,0,0,0,0,170,252,165,90,37,90,240,249,252,209,27,0,0,0,0,0,0,0,0,0,18,169,252,252,217,252,253,241,198,31,0,0,0,0,0,0,0,0,0,0,0,13,103,103,217,252,104,79,0,0,0,0,0,0,0,0,0,0,0,0,0,0,0,0,0,0,0,0,0,0,0,0,0,0,0,6
0,0,0,0,0,0,0,0,0,0,0,0,0,0,0,0,0,0,0,0,0,0,0,0,0,0,0,0,0,0,0,0,0,0,24,162,202,3,0,0,0,0,0,0,86,167,0,0,0,0,0,0,0,51,214,254,141,1,0,0,0,0,0,0,156,120,0,0,0,0,4,55,128,245,247,102,3,0,0,0,0,0,0,0,133,250,107,107,107,164,244,254,254,194,70,0,0,0,0,0,0,0,0,0,41,228,254,254,254,254,254,254,175,30,0,0,0,0,0,0,0,0,0,0,0,12,19,60,60,212,253,97,5,0,0,0,0,0,0,0,0,0,0,0,0,0,0,37,246,254,195,107,35,5,0,0,0,0,0,0,0,0,0,0,0,0,0,201,254,254,254,254,254,155,2,0,0,0,0,0,0,0,0,0,0,0,0,77,91,34,15,15,121,253,155,3,0,0,0,0,0,0,0,0,0,0,0,0,0,0,0,0,0,164,254,68,0,0,0,0,0,0,0,0,0,0,0,0,0,0,0,0,0,42,251,209,8,0,0,0,0,0,0,0,0,0,0,0,0,0,0,0,0,0,174,254,30,0,0,0,0,0,0,0,0,0,0,0,0,0,0,0,0,0,171,254,30,0,0,0,0,0,0,0,0,0,0,0,0,0,0,0,0,0,171,254,30,0,0,0,0,0,0,29,0,0,0,0,0,0,0,0,0,26,248,237,19,0,0,0,0,0,1,148,0,0,0,0,0,0,0,0,0,128,254,158,0,0,0,0,0,0,4,251,85,0,0,0,0,0,0,0,82,242,222,24,0,0,0,0,0,0,1,154,156,9,0,0,0,0,33,127,235,241,54,0,0,0,0,0,0,0,0,55,217,196,126,126,126,183,231,252,169,33,0,0,0,0,0,0,3
236,219,208,248,218,219,202,223,249,221,250,212,253,250,238,242,211,218,241,249,215,207,218,243,218,229,210,230,227,223,203,229,238,238,205,243,246,244,212,229,246,227,250,201,204,237,219,218,215,245,250,201,227,252,206,228,242,240,223,220,233,254,235,206,242,240,209,224,221,209,240,245,243,216,231,242,222,250,227,212,203,253,233,235,211,208,209,247,223,214,203,209,229,206,251,250,250,208,244,201,219,235,248,252,214,223,201,235,220,215,213,225,247,239,242,248,213,235,238,200,210,204,218,251,252,220,229,223,250,207,206,223,208,220,246,237,222,202,215,229,221,254,214,230,224,213,235,237,224,202,209,249,242,245,237,241,229,250,219,226,209,225,245,219,217,243,250,249,224,240,224,246,206,220,237,236,234,230,209,236,226,211,221,205,214,232,210,237,226,209,246,243,239,202,248,229,225,206,235,230,243,222,236,207,228,252,206,210,240,228,234,203,209,247,226,234,251,228,211,239,206,245,227,214,215,219,244,233,253,214,235,200,201,213,225,252,236,213,246,223,228,217,223,245,232,253,233,232,239,254,253,243,228,238,207,228,221,207,211,253,215,209,225,235,244,245,226,227,238,212,227,219,252,216,202,225,248,229,244,220,200,230,249,239,250,252,227,237,241,217,246,203,225,209,225,221,247,248,221,203,200,223,228,211,228,238,237,204,219,247,216,222,234,221,250,222,244,251,242,223,244,241,254,247,224,235,235,233,201,253,253,250,253,204,236,208,226,203,207,237,252,209,212,203,226,241,220,248,206,217,226,246,219,238,224,237,248,213,209,200,200,203,204,235,254,215,211,241,207,224,237,254,233,226,213,251,228,206,205,205,203,212,254,207,250,240,251,201,231,206,211,229,224,253,238,245,241,219,218,241,1
0,0,0,0,0,0,0,0,0,0,0,0,0,0,0,0,0,0,0,0,0,0,0,0,0,0,0,0,0,0,0,0,0,0,0,12,170,205,0,0,0,0,0,0,0,0,0,0,0,0,0,0,0,0,0,124,251,138,0,0,0,0,0,0,0,0,0,64,178,162,112,81,16,0,61,239,178,0,0,0,0,0,0,0,0,0,133,245,246,221,221,231,232,121,239,239,45,0,0,0,0,0,0,0,0,27,244,161,38,0,0,16,109,254,242,88,0,0,0,0,0,0,0,0,0,33,254,57,0,0,0,0,136,250,106,0,0,0,0,0,0,0,0,0,0,5,211,221,18,0,0,64,253,157,0,0,0,0,0,0,0,0,0,0,0,0,73,243,214,14,20,240,198,0,0,0,0,0,0,0,0,0,0,0,0,0,0,99,244,192,184,254,37,0,0,0,0,0,0,0,0,0,0,0,0,0,0,0,71,246,254,95,0,0,0,0,0,0,0,0,0,0,0,0,0,0,0,0,24,239,254,96,0,0,0,0,0,0,0,0,0,0,0,0,0,0,0,0,198,249,184,253,38,0,0,0,0,0,0,0,0,0,0,0,0,0,0,72,245,93,0,204,225,0,0,0,0,0,0,0,0,0,0,0,0,0,0,195,217,14,0,45,253,68,0,0,0,0,0,0,0,0,0,0,0,0,7,220,48,0,0,0,255,155,0,0,0,0,0,0,0,0,0,0,0,0,111,254,33,0,0,0,254,139,0,0,0,0,0,0,0,0,0,0,0,0,195,227,15,0,0,46,250,33,0,0,0,0,0,0,0,0,0,0,0,0,131,249,30,0,0,204,198,0,0,0,0,0,0,0,0,0,0,0,0,0,61,242,168,156,233,229,11,0,0,0,0,0,0,0,8
0,0,0,0,0,0,0,0,0,0,0,0,0,0,0,0,0,0,0,0,0,0,0,0,38,10,85,85,47,0,0,0,0,0,0,0,0,0,0,0,0,0,0,38,225,229,252,252,240,163,38,0,0,0,0,0,0,0,0,0,0,0,0,0,151,229,253,253,253,255,253,165,91,0,0,0,0,0,0,0,0,0,0,0,0,10,84,84,84,97,234,252,252,157,19,0,0,0,0,0,0,0,0,0,0,0,0,0,0,0,38,209,252,253,190,19,0,0,0,0,0,0,0,0,0,0,0,0,0,0,0,22,178,253,252,56,0,0,0,0,0,0,0,0,0,0,0,0,0,0,0,0,114,254,253,56,0,0,0,0,0,0,0,0,0,0,0,0,0,0,0,0,113,253,252,130,0,0,0,0,0,0,0,0,0,0,0,0,0,0,0,29,210,253,252,80,0,0,0,0,0,0,0,0,0,0,0,0,0,0,0,185,252,253,252,56,0,0,0,0,0,0,0,0,0,0,0,0,13,54,253,253,253,251,75,0,0,0,0,0,0,0,13,13,0,26,13,57,144,253,252,252,252,125,0,0,0,0,0,0,0,198,209,209,197,223,209,252,252,253,252,252,252,135,85,19,0,0,0,0,0,203,252,252,252,253,252,252,252,253,252,252,252,253,252,231,225,226,225,225,0,13,138,225,225,226,225,225,225,226,225,225,225,226,231,231,225,239,113,200,0,0,0,0,0,0,0,0,0,0,0,0,0,0,19,19,0,75,0,0,0,0,0,0,0,0,0,0,0,0,0,0,0,0,0,0,0,0,0,0,0,0,0,0,0,0,0,0,0,0,0,0,0,0,0,0,0,0,0,0,0,0,0,0,0,0,0,0,0,0,0,0,0,0,0,0,0,0,0,0,2
0,0,0,0,0,0,0,0,0,0,0,0,26,236,254,254,254,55,0,0,0,0,0,0,0,0,0,0,0,0,0,83,219,254,254,182,133,9,0,0,0,0,0,0,0,0,0,0,0,0,16,201,254,223,131,3,0,0,0,0,0,0,0,0,0,0,0,0,0,62,195,254,217,36,0,0,0,0,0,0,0,0,0,0,0,0,0,0,7,174,254,218,36,0,0,0,0,0,0,0,0,0,0,0,0,0,0,0,182,254,254,68,0,0,0,0,0,0,0,0,0,0,0,0,0,0,0,58,251,215,107,2,0,0,0,0,0,0,0,0,0,0,0,0,0,0,5,175,254,164,0,0,0,0,0,0,0,0,0,0,0,0,0,0,0,0,127,254,224,45,0,0,0,0,0,0,0,0,0,0,0,0,0,0,0,7,171,254,43,0,0,0,0,0,0,0,0,0,0,0,0,0,0,0,0,50,254,240,5,0,0,0,4,28,28,2,0,0,0,0,0,0,0,0,2,175,254,120,0,0,6,109,157,254,254,92,0,0,0,0,0,0,0,0,56,254,241,0,0,45,230,254,254,254,254,151,0,0,0,0,0,0,0,0,56,254,110,0,46,232,254,235,162,254,254,95,0,0,0,0,0,0,0,0,56,254,103,0,156,225,134,27,28,254,214,9,0,0,0,0,0,0,0,0,56,254,136,0,222,125,0,46,158,253,99,0,0,0,0,0,0,0,0,0,47,241,250,109,83,19,42,198,250,132,0,0,0,0,0,0,0,0,0,0,0,161,254,254,254,203,254,251,133,0,0,0,0,0,0,0,0,0,0,0,0,16,199,254,254,254,254,131,0,0,0,0,0,0,0,0,0,0,0,0,0,0,0,0,0,0,0,0,0,0,0,0,0,0,0,0,6
0,0,0,0,0,0,0,0,0,0,0,0,0,0,0,0,0,0,0,0,0,0,0,0,0,0,0,0,0,0,0,0,0,0,0,225,255,120,0,0,0,0,0,0,0,0,0,0,0,0,0,0,0,0,62,248,253,116,0,0,0,0,0,0,0,0,0,0,36,141,107,0,0,36,224,254,233,15,0,0,0,0,0,0,0,0,0,0,187,254,143,0,0,37,254,254,166,0,0,0,0,0,0,0,0,0,39,109,249,225,34,0,18,156,253,246,53,0,0,0,0,0,0,0,0,0,91,253,253,233,4,0,61,253,253,248,59,0,0,0,0,0,0,0,0,59,210,253,240,67,0,2,125,253,253,162,0,0,0,0,0,0,0,0,0,97,253,253,245,47,0,21,254,253,253,30,0,0,0,0,0,0,0,0,8,204,254,254,228,23,0,105,254,254,227,19,0,0,0,0,0,0,0,0,60,253,253,253,253,250,249,251,254,251,109,0,0,0,0,0,0,0,0,0,59,250,253,253,253,254,253,253,254,239,2,0,0,0,0,0,0,0,0,0,0,58,194,194,250,254,254,254,254,181,32,0,0,0,0,0,0,0,0,0,0,0,0,0,53,227,253,253,226,37,0,0,0,0,0,0,0,0,0,0,0,0,0,0,12,211,253,253,166,0,0,0,0,0,0,0,0,0,0,0,0,0,0,0,90,254,254,253,85,0,0,0,0,0,0,0,0,0,0,0,0,0,0,34,216,253,253,138,0,0,0,0,0,0,0,0,0,0,0,0,0,0,0,0,240,254,254,149,0,0,0,0,0,0,0,0,0,0,0,0,0,0,0,103,250,254,234,55,0,0,0,0,0,0,0,0,0,0,0,0,0,0,0,86,254,254,225,22,0,0,0,0,0,0,0,0,4
0,0,0,0,0,0,0,0,0,0,0,0,0,0,0,0,0,0,0,0,0,0,0,0,0,0,0,0,0,0,0,0,0,0,0,0,0,0,0,0,0,0,0,0,0,0,78,254,195,13,0,0,0,0,0,0,0,0,0,0,0,0,0,0,0,85,245,253,253,187,97,97,97,97,97,152,189,21,0,0,0,0,0,0,47,240,253,253,253,253,253,253,253,253,253,253,253,188,23,0,0,0,0,0,56,253,253,253,253,253,253,253,253,253,253,253,253,253,75,0,0,0,0,0,56,253,253,235,85,82,82,182,222,253,253,253,253,211,24,0,0,0,0,0,23,103,103,50,0,0,0,3,115,253,253,253,241,107,0,0,0,0,0,0,0,0,0,0,0,0,36,154,253,253,253,200,17,0,0,0,0,0,0,0,0,0,0,0,0,0,128,253,253,253,253,91,0,0,0,0,0,0,0,0,0,0,0,0,0,129,248,253,253,251,97,2,0,0,0,0,0,0,0,0,0,0,0,0,30,234,253,253,253,209,0,0,0,0,0,0,0,0,0,0,0,0,0,72,214,253,253,253,248,89,0,0,0,0,0,0,0,0,0,0,0,0,2,99,251,253,253,253,211,0,0,0,0,0,0,0,0,0,0,0,0,0,93,253,253,253,253,222,38,0,0,0,0,0,0,0,0,0,0,0,0,17,201,253,253,253,253,68,0,0,0,0,0,0,0,0,0,0,0,0,0,91,253,253,253,253,131,4,0,0,0,0,0,0,0,0,0,0,0,0,167,243,253,253,253,56,7,0,0,0,0,0,0,0,0,0,0,0,0,19,207,253,253,253,133,6,0,0,0,0,0,0,0,0,0,0,0,0,0,76,253,253,253,232,5,0,0,0,0,0,0,0,0,0,0,0,7
0,0,0,0,0,0,0,0,0,0,14,233,66,0,0,0,0,0,0,0,0,0,0,0,0,0,0,0,0,0,93,254,195,0,0,0,0,0,0,0,0,0,0,0,0,0,0,0,0,0,93,254,146,0,0,0,0,0,0,0,0,0,0,0,0,0,0,0,0,0,139,241,35,0,0,0,0,0,0,0,0,0,0,0,0,0,0,0,0,0,174,233,0,0,0,0,0,0,0,0,0,0,0,0,0,0,0,0,0,3,203,233,0,0,0,0,0,0,0,0,0,0,0,0,0,0,0,0,0,55,254,233,0,0,0,0,0,0,0,0,0,0,0,0,0,0,0,0,0,138,254,195,0,0,0,0,0,0,0,0,0,0,0,0,0,0,0,0,0,163,254,125,0,0,0,0,0,0,0,0,0,0,0,0,0,0,0,0,4,183,254,101,0,0,0,0,0,0,0,0,0,0,0,0,0,0,0,0,17,254,221,10,0,0,0,0,0,0,0,0,0,0,0,0,0,0,0,0,26,254,162,0,0,0,0,0,0,0,0,0,0,0,0,0,0,0,0,0,126,254,162,0,0,0,0,0,0,0,0,0,0,0,0,0,0,0,0,0,126,254,121,0,0,0,0,0,0,0,0,0,0,0,0,0,0,0,0,0,230,254,54,0,0,0,0,0,0,0,0,0,0,0,0,0,0,0,0,0,234,255,54,0,0,0,0,0,0,0,0,0,0,0,0,0,0,0,0,73,251,209,9,0,0,0,0,0,0,0,0,0,0,0,0,0,0,0,0,133,254,139,0,0,0,0,0,0,0,0,0,0,0,0,0,0,0,0,0,88,254,92,0,0,0,0,0,0,0,0,0,0,0,0,0,0,0,0,0,50,246,92,0,0,0,0,0,0,0,0,0,0,1
0,0,0,0,0,0,0,0,0,0,0,0,0,0,0,0,0,0,0,0,0,0,0,0,0,0,0,0,0,0,0,0,0,0,0,0,0,0,0,0,0,0,0,0,0,0,0,0,0,0,0,0,51,51,72,71,51,51,21,21,0,0,0,0,0,0,0,0,0,0,123,203,253,252,253,252,253,252,223,223,0,0,0,0,0,0,0,0,132,253,254,253,254,253,254,253,254,253,255,253,0,0,0,0,0,0,0,82,253,252,253,252,192,151,50,50,213,252,253,252,0,0,0,0,0,0,0,163,254,233,102,20,0,0,31,152,254,253,255,192,0,0,0,0,0,0,41,243,233,50,0,0,0,123,213,252,253,252,192,50,0,0,0,0,0,0,52,253,214,10,11,132,214,253,254,253,224,122,0,0,0,0,0,0,0,0,10,212,253,172,213,252,253,252,233,111,20,0,0,0,0,0,0,0,0,0,31,213,254,253,254,253,254,172,41,0,0,0,0,0,0,0,0,0,0,82,233,252,253,252,253,212,91,10,0,0,0,0,0,0,0,0,0,0,173,253,254,253,254,253,224,20,0,0,0,0,0,0,0,0,0,0,0,123,253,252,253,212,91,252,243,40,0,0,0,0,0,0,0,0,0,0,51,253,254,233,82,0,21,203,254,151,0,0,0,0,0,0,0,0,0,0,132,252,233,50,0,0,0,102,253,151,0,0,0,0,0,0,0,0,0,0,193,253,163,0,0,0,0,0,254,172,0,0,0,0,0,0,0,0,0,0,233,252,223,20,0,0,0,0,253,252,0,0,0,0,0,0,0,0,0,0,132,253,255,253,132,51,52,92,254,131,0,0,0,0,0,0,0,0,0,0,31,192,253,252,253,252,253,252,253,50,0,0,0,0,0,0,0,0,8
0,0,0,0,0,0,0,0,0,0,0,0,0,0,0,0,0,0,0,0,0,0,0,0,0,0,0,21,75,156,254,254,254,190,0,0,0,0,0,0,0,0,0,0,0,37,126,226,253,253,253,249,246,249,147,1,0,0,0,0,0,0,0,0,8,167,253,253,253,253,253,138,70,253,253,20,0,0,0,0,0,0,0,0,117,253,253,253,175,132,35,87,229,252,171,3,0,0,0,0,0,0,0,0,92,233,183,103,2,2,99,241,253,228,0,0,0,0,0,0,0,0,0,0,0,18,2,0,89,211,253,253,253,189,0,0,0,0,0,0,0,0,0,0,0,0,0,0,249,253,253,253,253,247,88,0,0,0,0,0,0,0,0,0,0,0,0,0,249,219,114,30,70,249,218,11,0,0,0,0,0,0,0,0,0,0,0,0,59,12,0,0,0,187,253,20,0,0,0,0,0,0,0,0,0,0,0,0,0,0,0,0,0,125,253,79,0,0,0,0,0,0,0,0,0,0,0,0,0,0,0,0,0,125,253,160,0,0,0,0,0,0,0,0,0,0,0,0,0,0,0,0,0,126,253,195,0,0,0,0,0,0,0,0,0,0,0,0,0,0,0,0,0,130,253,120,0,0,0,0,0,0,0,0,0,0,0,0,0,0,0,0,47,244,253,53,0,0,0,0,0,0,12,18,0,0,0,0,0,0,0,0,80,254,246,18,0,0,0,0,0,0,190,232,88,0,0,0,0,0,0,43,229,253,142,0,0,0,0,0,0,0,114,253,244,162,35,0,0,0,46,228,253,230,6,0,0,0,0,0,0,0,6,159,253,253,228,91,90,170,230,253,253,119,0,0,0,0,0,0,0,0,0,3,150,241,253,254,253,253,253,233,115,2,0,0,0,0,0,0,3
0,0,0,0,0,0,0,0,0,0,0,85,253,84,0,0,0,0,0,0,0,0,0,0,0,0,0,0,0,0,0,210,252,84,0,0,0,0,0,0,0,0,0,0,0,0,0,0,0,0,89,246,252,84,0,0,0,0,0,0,0,0,0,0,0,0,0,0,0,0,128,252,252,84,0,0,0,0,0,0,0,0,0,0,0,0,0,0,0,0,253,252,252,84,0,0,0,0,0,0,0,0,0,0,0,0,0,0,0,0,255,253,253,84,0,0,0,0,0,0,0,0,0,0,0,0,0,0,0,0,253,252,233,56,0,0,0,0,0,0,0,0,0,0,0,0,0,0,0,111,253,252,195,0,0,0,0,0,0,0,0,0,0,0,0,0,0,0,19,215,253,252,102,0,0,0,0,0,0,0,0,0,0,0,0,0,0,0,107,252,253,204,25,0,0,0,0,0,0,0,0,0,0,0,0,0,0,0,169,253,255,168,0,0,0,0,0,0,0,0,0,0,0,0,0,0,0,0,169,252,253,42,0,0,0,0,0,0,0,0,0,0,0,0,0,0,0,0,169,252,253,27,0,0,0,0,0,0,0,0,0,0,0,0,0,0,0,54,224,252,178,9,0,0,0,0,0,0,0,0,0,0,0,0,0,0,0,197,252,252,63,0,0,0,0,0,0,0,0,0,0,0,0,0,0,0,38,222,253,253,0,0,0,0,0,0,0,0,0,0,0,0,0,0,0,0,85,252,252,204,0,0,0,0,0,0,0,0,0,0,0,0,0,0,0,0,85,252,252,112,0,0,0,0,0,0,0,0,0,0,0,0,0,0,0,0,85,252,252,112,0,0,0,0,0,0,0,0,0,0,0,0,0,0,0,0,85,252,157,50,0,0,0,0,0,0,0,0,0,0,1
0,0,0,0,0,0,0,0,0,0,0,95,254,223,24,0,0,0,0,0,0,0,0,0,0,0,0,0,0,0,19,233,245,127,0,0,0,0,0,0,0,0,0,0,0,0,0,0,0,6,159,254,174,0,0,0,0,0,0,0,0,0,0,0,0,0,0,0,0,48,254,225,23,0,0,0,0,0,0,0,0,0,0,0,0,0,0,0,0,132,255,153,0,0,0,0,0,0,0,0,0,0,0,0,0,0,0,0,11,232,228,17,0,0,0,0,0,0,0,0,0,0,0,0,0,0,0,0,74,254,157,0,0,0,0,0,0,0,0,0,0,0,0,0,0,0,0,1,166,254,96,23,0,0,0,0,0,0,0,0,0,0,0,0,0,0,0,5,254,254,255,244,100,0,0,0,0,0,0,0,0,0,0,0,0,0,0,47,254,254,254,254,244,99,0,0,0,0,0,0,0,0,0,0,0,0,0,131,254,218,96,101,254,177,0,0,0,0,0,0,0,0,0,0,0,0,0,191,254,70,0,53,254,177,0,0,0,0,0,0,0,0,0,0,0,0,0,247,249,42,0,53,254,202,2,0,0,0,0,0,0,0,0,0,0,0,0,247,238,0,0,111,254,177,0,0,0,0,0,0,0,0,0,0,0,0,0,247,202,0,19,213,254,106,0,0,0,0,0,0,0,0,0,0,0,0,0,247,157,5,155,254,202,3,0,0,0,0,0,0,0,0,0,0,0,0,0,247,157,91,254,243,71,0,0,0,0,0,0,0,0,0,0,0,0,0,0,247,245,249,244,122,0,0,0,0,0,0,0,0,0,0,0,0,0,0,0,66,178,133,27,0,0,0,0,0,0,0,0,0,0,0,0,0,0,0,0,0,0,0,0,0,0,0,0,0,0,0,0,0,6
0,0,0,0,0,0,0,0,0,0,0,0,0,0,0,0,0,0,0,0,0,0,0,0,0,0,0,5,138,253,253,191,138,222,253,201,0,0,0,0,0,0,0,0,0,0,0,120,252,252,252,253,252,252,252,231,0,0,0,0,0,0,0,0,0,0,7,186,252,252,221,184,196,202,141,37,0,0,0,0,0,0,0,0,0,0,118,252,252,82,25,0,9,13,0,0,0,0,0,0,0,0,0,0,0,0,138,252,252,45,0,0,0,0,0,0,0,0,0,0,0,0,0,0,0,0,202,253,253,159,138,139,65,7,0,0,0,0,0,0,0,0,0,0,0,0,253,252,252,252,252,253,252,90,0,0,0,0,0,0,0,0,0,0,0,0,253,252,252,252,252,253,252,234,65,0,0,0,0,0,0,0,0,0,0,0,117,235,160,108,56,117,252,252,194,9,0,0,0,0,0,0,0,0,0,0,3,18,0,0,0,24,252,252,252,22,0,0,0,0,0,0,0,0,0,0,0,0,0,0,0,0,100,253,253,148,0,0,0,0,0,0,0,0,0,0,0,0,0,0,0,0,47,252,252,252,0,0,0,0,0,0,0,0,0,0,0,0,0,0,0,0,13,202,252,252,0,0,0,0,0,0,0,0,0,0,0,0,0,0,0,0,0,184,252,252,95,0,0,0,0,0,0,0,0,106,231,135,0,0,0,0,0,184,252,252,11,0,0,0,0,0,0,0,0,116,255,232,55,15,0,0,57,253,253,128,0,0,0,0,0,0,0,0,0,116,253,252,252,219,109,162,219,252,235,18,0,0,0,0,0,0,0,0,0,32,222,252,252,252,252,253,252,252,128,0,0,0,0,0,0,0,0,0,0,0,25,177,252,252,252,253,252,153,9,0,0,0,0,0,5
0,0,0,0,0,0,0,0,0,0,0,0,0,64,255,255,0,0,0,0,0,0,0,0,0,0,0,0,0,0,0,0,0,255,255,255,0,0,0,0,0,0,0,0,0,0,0,0,0,0,0,0,64,255,255,191,0,0,0,0,0,0,0,0,0,0,0,0,0,0,0,0,128,255,255,128,0,0,0,0,0,0,0,0,0,0,0,0,0,0,0,0,255,255,191,0,0,0,0,0,0,0,0,0,0,0,0,0,0,0,0,128,255,255,128,0,0,0,0,0,0,0,0,0,0,0,0,0,0,0,0,128,255,255,128,0,0,0,0,0,0,0,0,0,0,0,0,0,0,0,0,255,255,255,64,0,0,0,0,0,0,0,0,0,0,0,0,0,0,0,128,255,255,191,0,0,0,0,0,0,0,0,0,0,0,0,0,0,0,0,255,255,255,128,0,0,0,0,0,0,0,0,0,0,0,0,0,0,0,64,255,255,255,0,0,0,0,0,0,0,0,0,0,0,0,0,0,0,0,191,255,255,191,0,0,0,0,0,0,0,0,0,0,0,0,0,0,0,128,255,255,191,0,0,0,0,0,0,0,0,0,0,0,0,0,0,0,0,191,255,255,128,0,0,0,0,0,0,0,0,0,0,0,0,0,0,0,191,255,255,255,64,0,0,0,0,0,0,0,0,0,0,0,0,0,0,0,255,255,255,191,0,0,0,0,0,0,0,0,0,0,0,0,0,0,0,191,255,255,255,0,0,0,0,0,0,0,0,0,0,0,0,0,0,0,128,255,255,255,255,0,0,0,0,0,0,0,0,0,0,0,0,0,0,0,128,255,255,255,128,0,0,0,0,0,0,0,0,0,0,0,0,0,0,0,128,255,255,191,64,0,0,0,0,0,0,0,0,0,0,1
0,0,0,0,0,0,0,0,0,0,0,0,0,0,0,0,0,0,0,0,0,0,0,0,0,0,0,0,0,0,0,0,0,0,0,0,0,0,0,0,0,0,0,0,0,0,0,5,59,132,248,255,242,132,50,0,0,0,0,0,0,0,0,0,0,0,54,181,252,252,252,253,252,252,231,53,0,0,0,0,0,0,0,0,0,55,230,252,252,236,216,96,185,252,252,200,9,0,0,0,0,0,0,7,129,229,252,252,164,48,0,0,48,165,252,252,74,146,123,5,0,0,0,66,252,252,235,151,10,0,0,0,0,66,252,252,218,252,252,23,0,0,7,184,252,252,180,0,0,0,0,4,141,230,252,252,252,252,224,17,0,0,65,252,252,232,62,0,0,0,0,150,252,252,252,252,252,252,58,0,0,0,145,252,252,192,0,0,38,97,212,253,252,252,252,252,252,133,5,0,0,0,93,252,252,247,229,229,238,252,252,253,252,252,252,252,186,5,0,0,0,0,2,104,252,252,252,252,252,252,252,132,201,252,252,223,37,0,0,0,0,0,0,0,24,207,207,121,17,0,0,13,202,253,253,72,0,0,0,0,0,0,0,0,0,0,0,0,0,0,0,202,252,252,247,65,0,0,0,0,0,0,0,0,0,0,0,0,0,16,95,253,252,247,118,0,0,0,0,0,0,0,0,0,0,0,0,0,0,109,252,253,252,135,0,0,0,0,0,0,0,0,0,0,0,0,0,0,0,109,252,253,206,27,0,0,0,0,0,0,0,0,0,0,0,0,0,0,28,207,252,253,108,0,0,0,0,0,0,0,0,0,0,0,0,0,0,0,194,252,252,243,21,0,0,0,0,0,0,0,0,0,0,0,0,0,0,0,217,252,252,92,0,0,0,0,0,0,0,0,9
0,0,0,0,0,0,0,0,0,0,0,0,50,192,49,0,0,0,0,0,0,0,0,0,0,0,0,0,0,0,0,0,121,252,163,0,0,0,0,0,0,0,0,0,0,0,0,0,0,0,0,22,221,252,92,0,0,0,0,0,0,0,0,0,0,0,0,0,0,0,0,69,252,252,84,0,0,0,0,0,0,0,0,0,0,0,0,0,0,0,0,148,252,235,14,0,0,0,0,0,0,0,0,0,0,0,0,0,0,0,0,255,253,170,0,0,0,0,0,0,0,0,0,0,0,0,0,0,0,0,80,253,252,126,0,0,0,0,0,0,0,0,0,0,0,0,0,0,0,0,158,253,245,27,0,0,0,0,0,0,0,0,0,0,0,0,0,0,0,0,211,253,168,0,0,0,0,0,0,0,0,0,0,0,0,0,0,0,0,54,246,253,80,0,0,0,0,0,0,0,0,0,0,0,0,0,0,0,13,218,253,212,27,0,0,0,0,0,0,0,0,0,0,0,0,0,0,0,22,252,252,106,0,0,0,0,0,0,0,0,0,0,0,0,0,0,0,0,31,252,252,97,0,0,0,0,0,0,0,0,0,0,0,0,0,0,0,0,127,252,252,0,0,0,0,0,0,0,0,0,0,0,0,0,0,0,0,36,223,252,164,0,0,0,0,0,0,0,0,0,0,0,0,0,0,0,0,85,253,253,42,0,0,0,0,0,0,0,0,0,0,0,0,0,0,0,0,121,252,252,42,0,0,0,0,0,0,0,0,0,0,0,0,0,0,0,0,190,252,185,4,0,0,0,0,0,0,0,0,0,0,0,0,0,0,0,0,190,252,84,0,0,0,0,0,0,0,0,0,0,0,0,0,0,0,0,0,146,235,14,0,0,0,0,0,0,0,0,0,0,1
0,0,0,0,0,0,0,0,0,10,230,114,0,0,0,0,0,0,0,0,0,0,0,0,0,0,0,0,0,85,253,114,0,0,0,57,19,0,0,0,0,0,0,0,0,0,0,0,19,192,253,76,0,0,0,254,216,44,0,0,0,0,0,0,0,0,0,0,57,253,253,102,0,0,0,254,152,6,0,0,0,0,0,0,0,0,0,0,57,254,255,0,0,0,0,0,0,0,0,0,0,0,0,0,0,0,0,0,57,253,253,76,0,0,0,0,0,0,0,0,0,0,0,0,0,0,0,0,57,253,253,114,0,0,0,0,0,0,0,0,0,0,0,0,0,0,0,0,57,253,253,114,0,0,0,0,0,0,0,0,0,0,0,0,0,0,0,0,57,254,254,13,0,0,0,0,0,0,0,0,0,0,0,0,0,0,0,0,57,253,253,114,0,0,0,0,0,0,0,0,0,0,0,0,0,0,0,0,57,253,253,114,0,0,0,0,0,0,0,0,0,0,0,0,0,0,0,0,57,253,253,114,0,0,0,151,0,0,0,0,0,0,0,0,0,0,0,0,57,254,254,114,0,0,0,227,0,0,0,0,0,0,0,0,0,0,0,0,57,253,253,114,0,0,0,201,0,0,0,0,0,0,0,0,0,0,0,0,57,253,253,114,0,0,0,25,0,0,0,0,0,0,0,0,0,0,0,0,57,253,253,114,0,0,0,0,0,0,0,0,0,0,0,0,0,0,0,0,57,254,254,114,0,0,0,0,0,0,0,0,0,0,0,0,0,0,0,0,57,253,253,114,0,0,0,0,0,0,0,0,0,0,0,0,0,0,0,0,57,253,253,114,0,0,0,0,0,0,0,0,0,0,0,0,0,0,0,0,32,229,203,63,0,0,0,0,0,0,0,0,1
0,0,0,0,0,0,0,0,0,0,0,64,255,255,255,255,64,0,0,0,0,0,0,0,0,0,0,0,0,0,64,255,255,255,255,64,0,0,0,0,0,0,0,0,0,0,0,0,0,64,255,255,255,255,64,0,0,0,0,0,0,0,0,0,0,0,0,0,0,191,255,255,255,0,0,0,0,0,0,0,0,0,0,0,0,0,0,0,128,255,255,255,64,0,0,0,0,0,0,0,0,0,0,0,0,0,0,0,191,255,255,128,0,0,0,0,0,0,0,0,0,0,0,0,0,0,0,191,255,255,255,64,0,0,0,0,0,0,0,0,0,0,0,0,0,0,0,255,255,255,191,0,0,0,0,0,0,0,0,0,0,0,0,0,0,0,128,255,255,255,0,0,64,128,191,128,0,0,0,0,0,0,0,0,0,0,255,255,255,128,64,191,255,255,255,255,64,0,0,0,0,0,0,0,0,128,255,255,255,191,255,255,255,255,255,255,255,0,0,0,0,0,0,0,0,128,255,255,255,255,255,255,255,255,255,255,255,0,0,0,0,0,0,0,0,128,255,255,255,255,255,191,64,0,191,255,255,0,0,0,0,0,0,0,0,128,255,255,255,255,64,0,0,0,191,255,255,0,0,0,0,0,0,0,0,191,255,255,255,128,0,0,0,64,255,255,64,0,0,0,0,0,0,0,0,191,255,255,255,191,0,64,128,255,255,255,0,0,0,0,0,0,0,0,0,128,255,255,255,255,255,255,255,255,255,191,0,0,0,0,0,0,0,0,0,0,64,255,255,255,255,255,255,191,64,0,0,0,0,0,0,0,0,0,0,0,0,0,191,255,255,191,128,0,0,0,0,0,0,0,0,0,0,0,0,0,0,0,0,0,0,0,0,0,0,0,0,0,0,0,6
0,0,0,0,0,0,0,0,0,0,0,0,0,0,0,0,0,0,0,0,0,0,0,0,13,113,176,253,253,253,253,114,75,0,0,0,0,0,0,0,0,0,0,98,228,252,253,252,252,252,252,253,243,225,122,0,0,0,0,0,0,0,98,240,252,252,196,195,195,195,195,253,252,252,246,197,32,0,0,0,0,76,243,252,233,145,0,0,0,0,0,84,130,246,252,252,216,34,0,0,0,113,252,220,37,0,0,0,32,126,0,0,0,88,205,252,253,167,0,0,0,114,253,196,0,0,0,38,144,253,112,0,0,0,108,253,255,206,25,0,0,75,243,148,0,0,86,219,233,74,12,0,0,0,3,106,253,252,180,0,0,0,50,12,54,197,253,233,74,0,0,0,0,0,0,0,253,252,208,19,0,0,0,7,178,252,253,151,0,0,0,0,0,0,0,0,237,252,252,84,0,0,0,135,252,252,112,12,0,0,0,0,0,0,0,0,113,252,252,84,0,0,86,253,253,190,0,0,0,0,0,0,0,0,0,0,63,241,253,84,0,0,131,252,252,112,0,0,0,0,0,0,0,0,0,0,0,225,252,209,0,0,225,252,230,25,0,0,0,0,0,0,0,0,0,0,0,225,252,223,0,0,225,252,242,75,0,0,0,0,0,0,0,0,0,0,0,225,252,223,0,0,225,252,252,189,0,0,0,0,0,0,0,0,0,0,63,240,252,223,0,0,86,253,253,253,255,206,113,38,0,0,0,0,0,0,176,253,253,84,0,0,9,136,224,252,253,252,252,234,225,85,85,19,0,48,253,252,233,56,0,0,0,0,37,55,196,214,252,252,252,253,252,209,197,227,253,233,74,0,0,0,0,0,0,0,0,28,193,242,252,253,252,252,252,252,240,71,0,0,0
0,0,0,0,0,0,0,0,0,0,0,0,0,0,0,0,0,0,0,0,0,0,0,0,0,0,0,0,0,0,0,0,0,0,0,0,0,0,0,0,0,0,0,0,0,0,0,45,132,132,132,49,0,0,0,124,74,0,0,0,0,0,0,0,0,6,24,216,253,253,253,218,198,198,198,249,228,198,153,0,0,0,0,0,23,174,253,253,253,253,253,253,253,253,253,253,253,253,213,39,0,0,0,6,174,253,253,253,253,253,253,253,231,112,112,137,253,253,253,130,0,0,0,164,253,253,253,183,158,248,163,46,39,0,0,44,242,253,253,139,0,0,0,198,253,253,246,112,0,126,0,0,0,0,0,0,114,253,253,253,0,0,79,231,253,253,234,0,0,0,0,0,0,0,0,0,114,253,253,253,0,218,235,253,253,253,73,0,0,0,0,0,0,0,0,0,114,253,253,253,0,254,253,253,253,200,29,0,0,0,0,0,0,0,0,0,114,253,253,253,0,255,253,253,253,112,0,0,0,0,0,0,0,0,0,0,114,253,253,253,0,254,253,253,253,238,41,0,0,0,0,0,0,0,0,0,114,253,253,253,0,254,253,253,253,253,123,0,0,0,0,0,0,0,0,20,170,253,253,253,0,254,253,253,253,253,246,113,0,0,0,0,0,0,115,185,253,253,253,170,0,79,253,253,253,253,253,247,236,236,236,236,236,236,247,253,253,253,165,9,0,37,139,228,253,253,253,253,253,253,253,253,253,253,253,231,139,139,5,0,0,0,0,58,128,253,253,253,253,253,253,253,253,253,132,60,0,0,0,0,0,0,0,0,3,8,162,196,196,175,8,8,36,196,65,0,0,0,0,0,0,0,0,0,0,0,0,0,0,0,0,0,0,0,0,0,0,0,0,0,0
0,0,0,0,0,0,0,0,0,0,0,0,0,0,0,0,0,0,0,0,0,0,0,0,0,0,0,0,0,0,0,0,0,0,0,0,0,0,0,0,0,0,0,0,0,0,2,15,0,0,0,0,0,0,0,5,67,147,254,76,0,0,0,0,0,0,91,190,18,0,0,0,0,0,0,93,254,254,198,21,0,0,0,0,0,37,180,254,108,0,0,0,0,0,45,249,254,254,114,0,0,0,0,0,19,174,254,254,122,0,0,0,0,36,191,254,254,193,46,0,0,0,0,2,146,238,254,239,68,0,0,0,87,205,254,254,234,57,0,0,0,0,0,154,254,254,254,229,120,20,11,51,246,254,254,230,20,0,0,0,0,0,33,236,254,254,254,254,254,254,254,254,254,254,213,89,0,0,0,0,0,0,0,186,254,254,254,254,254,254,254,254,254,254,179,3,0,0,0,0,0,0,0,12,129,129,37,129,213,253,254,254,254,254,111,0,0,0,0,0,0,0,0,0,0,0,0,0,19,238,254,254,254,254,156,0,0,0,0,0,0,0,0,0,0,0,0,0,88,254,254,254,207,162,54,0,0,0,0,0,0,0,0,0,0,0,0,0,97,254,254,254,69,0,0,0,0,0,0,0,0,0,0,0,0,0,0,12,209,254,254,233,12,0,0,0,0,0,0,0,0,0,0,0,0,0,9,216,254,254,210,31,0,0,0,0,0,0,0,0,0,0,0,0,0,0,23,254,254,254,142,0,0,0,0,0,0,0,0,0,0,0,0,0,0,0,120,254,254,248,53,0,0,0,0,0,0,0,0,0,0,0,0,0,0,0,166,254,254,194,16,0,0,0,0,0,0,0,0,0,0,0,0,0,0,46,241,254,254,178,0,0,0,0,0,0,0,0,0,0,4
0,0,0,0,0,0,29,230,249,53,0,0,0,0,0,0,0,0,0,0,0,0,0,0,0,0,50,254,254,210,39,0,0,0,0,0,0,0,0,0,0,0,0,0,0,0,7,203,254,254,148,0,0,0,0,0,0,0,0,0,0,0,0,0,0,0,0,130,254,254,178,3,0,0,0,0,0,0,0,0,0,0,0,0,0,0,0,60,248,254,254,16,0,0,0,0,0,0,0,0,0,0,0,0,0,0,0,0,234,254,254,114,0,0,0,0,0,0,0,0,0,0,0,0,0,0,0,0,234,254,254,125,0,0,0,0,0,0,0,0,0,0,0,0,0,0,0,0,234,254,254,208,0,0,0,0,0,0,0,0,0,0,0,0,0,0,0,0,227,254,254,233,0,0,0,0,0,0,0,0,0,0,0,0,0,0,0,0,126,254,254,233,0,0,0,0,0,0,0,0,0,0,0,0,0,0,0,0,40,254,254,233,0,0,0,0,0,0,0,0,0,0,0,0,0,0,0,0,17,254,254,253,81,0,0,0,0,0,0,0,0,0,0,0,0,0,0,0,13,233,254,254,87,0,0,0,0,0,0,0,0,0,0,0,0,0,0,0,0,163,254,254,128,0,0,0,0,0,0,0,0,0,0,0,0,0,0,0,0,163,254,254,195,0,0,0,0,0,0,0,0,0,0,0,0,0,0,0,5,186,254,254,195,0,0,0,0,0,0,0,0,0,0,0,0,0,0,0,17,254,254,254,195,0,0,0,0,0,0,0,0,0,0,0,0,0,0,0,8,204,254,254,195,0,0,0,0,0,0,0,0,0,0,0,0,0,0,0,0,163,254,254,164,0,0,0,0,0,0,0,0,0,0,0,0,0,0,0,0,94,232,245,50,0,0,0,0,0,0,0,1
0,0,0,0,0,0,0,0,0,0,0,0,0,0,0,0,0,0,0,0,0,0,0,0,0,0,56,165,249,255,243,159,75,0,0,0,0,0,0,0,0,0,0,0,28,101,245,254,254,254,254,254,252,104,0,0,0,0,0,0,0,0,0,0,192,254,254,254,225,127,116,205,254,245,8,0,0,0,0,0,0,0,0,0,188,254,254,149,17,0,5,191,254,186,2,0,0,0,0,0,0,0,0,0,24,53,83,21,0,0,71,254,253,127,0,0,0,0,0,0,0,0,0,0,0,0,0,0,0,18,203,254,246,0,0,0,0,0,0,0,0,0,0,0,0,0,0,0,20,146,254,254,191,29,0,0,0,0,0,0,0,0,0,0,0,0,0,96,213,254,254,254,254,251,122,0,0,0,0,0,0,0,0,0,0,0,30,251,254,254,254,254,254,254,249,218,133,12,0,0,0,0,0,0,0,0,0,219,254,214,135,120,122,239,254,254,62,6,0,0,0,0,0,0,0,0,0,13,44,6,0,0,0,169,254,254,35,0,0,0,0,0,0,0,0,0,0,0,0,0,0,0,4,235,254,231,21,0,0,0,0,0,0,0,0,0,0,0,0,0,0,0,40,254,254,134,0,0,0,0,0,0,0,0,0,0,0,0,0,0,0,41,230,254,232,15,0,0,0,0,0,0,0,34,38,0,0,0,0,0,20,197,254,254,77,0,0,0,0,0,0,0,28,229,224,0,0,0,0,26,188,254,253,113,1,0,0,0,0,0,0,0,42,247,243,34,0,0,44,183,254,251,116,0,0,0,0,0,0,0,0,0,0,205,254,118,27,109,233,254,250,148,0,0,0,0,0,0,0,0,0,0,0,121,254,254,254,254,254,251,148,0,0,0,0,0,0,0,0,0,3
0,0,0,0,0,0,0,0,0,0,0,0,0,0,0,0,0,0,0,0,0,0,0,0,0,0,0,0,0,0,0,0,0,0,0,0,0,0,0,0,0,0,0,0,0,0,0,0,0,0,0,126,208,254,254,149,12,0,0,0,0,0,0,0,0,0,0,0,9,128,225,254,253,253,253,253,179,0,0,0,0,0,0,0,0,0,0,4,203,253,253,254,253,249,246,253,234,0,0,0,0,0,0,0,0,0,6,169,253,253,253,206,128,50,25,185,234,0,0,0,0,0,0,0,0,0,89,253,253,253,148,7,0,0,0,4,87,0,0,0,0,0,0,0,0,39,244,253,253,112,12,44,147,67,0,0,0,0,0,0,0,0,0,0,0,114,253,253,116,94,178,254,253,181,0,0,0,0,0,0,0,0,0,0,0,197,253,253,244,251,253,254,253,222,0,0,0,0,0,0,0,0,0,0,0,224,253,253,253,253,253,254,253,149,0,0,0,0,0,0,0,0,0,0,0,141,253,253,253,253,253,254,253,80,0,0,0,0,0,0,0,0,0,0,0,35,188,188,188,150,254,255,156,0,0,0,0,0,0,0,0,0,0,0,0,0,0,0,0,206,253,244,69,0,0,0,0,0,0,0,0,0,0,0,0,0,0,0,87,245,253,149,0,0,0,0,0,0,0,0,0,0,0,0,0,0,0,0,244,253,253,67,0,0,0,0,0,0,0,0,0,0,0,0,0,0,0,65,249,253,114,0,0,0,0,0,0,0,0,0,0,0,0,0,0,0,9,211,253,240,36,0,0,0,0,0,0,0,0,0,0,0,0,0,0,0,86,253,253,127,0,0,0,0,0,0,0,0,0,0,0,0,0,0,0,0,113,253,253,194,25,0,0,0,0,0,0,0,0,0,9
0,0,0,0,0,0,0,0,0,0,17,136,253,253,236,254,249,126,0,0,0,0,0,0,0,0,0,0,0,3,108,254,253,200,54,136,253,215,7,0,0,0,0,0,0,0,0,0,17,140,253,254,185,38,0,70,253,236,19,0,0,0,0,0,0,0,0,0,164,254,254,210,9,0,0,70,254,254,69,0,0,0,0,0,0,0,0,0,230,253,202,17,0,0,0,153,253,232,6,0,0,0,0,0,0,0,0,0,126,62,29,0,0,0,0,237,253,154,0,0,0,0,0,0,0,0,0,0,0,0,0,0,0,0,0,254,253,71,0,0,0,0,0,0,0,0,0,0,0,0,0,0,0,0,151,254,224,17,0,0,0,0,0,0,0,0,0,0,0,0,0,0,0,13,222,254,190,0,0,0,0,0,0,0,0,0,0,0,0,0,0,0,0,108,253,254,39,0,0,0,0,0,0,0,0,0,0,0,0,0,0,0,17,224,253,228,15,0,0,0,0,0,0,0,0,0,26,128,212,254,254,195,178,254,254,93,0,0,0,0,0,0,0,0,43,147,239,254,253,253,253,254,253,253,151,9,0,0,0,0,0,0,0,24,216,253,236,230,128,73,253,254,253,242,38,0,0,0,0,0,0,9,159,254,253,168,19,0,51,199,253,254,253,230,0,0,0,0,0,0,13,153,254,210,84,0,0,45,204,254,254,160,239,254,128,0,0,0,0,0,118,253,219,9,0,22,80,245,253,215,106,0,88,223,131,0,0,0,0,0,253,242,38,0,38,212,253,254,189,25,0,0,0,17,0,0,0,0,0,0,253,238,93,185,247,253,253,161,40,0,0,0,0,0,0,0,0,0,0,0,0,0,0,0,0,0,0,0,0,0,0,0,0,0,0,0,0,0,0,0,2
0,0,0,0,0,0,0,0,0,0,0,0,0,0,0,0,0,0,0,0,0,0,0,0,0,0,0,0,0,0,31,208,254,255,239,0,0,0,0,0,0,0,0,0,0,0,0,0,6,127,216,253,253,253,250,130,36,0,0,0,0,0,0,0,0,0,0,50,159,253,253,253,253,253,253,253,227,53,0,0,0,0,0,0,0,15,93,240,253,253,253,253,253,253,253,253,253,92,0,0,0,0,0,0,0,39,253,253,253,253,218,107,61,231,253,253,206,22,0,0,0,0,0,0,0,39,253,253,236,115,10,0,68,240,253,253,107,0,0,0,0,0,0,0,0,3,14,14,13,0,26,193,246,253,248,98,3,0,0,0,0,0,0,0,0,0,0,30,31,112,206,253,253,226,115,0,0,0,0,0,0,0,0,0,0,21,131,246,253,253,253,253,189,15,0,0,0,0,0,0,0,0,0,0,0,39,253,253,253,253,253,185,12,0,0,0,0,0,0,0,0,0,0,0,0,36,230,230,230,242,253,186,12,0,0,0,0,0,0,0,0,0,0,0,0,0,0,0,0,131,253,253,129,0,0,0,0,0,0,0,0,0,0,0,0,0,0,0,0,131,253,253,163,9,0,0,0,0,0,0,0,0,0,0,0,0,0,0,0,131,253,253,245,28,0,0,0,0,0,0,0,0,0,0,0,0,0,0,0,131,253,253,129,0,0,0,0,0,0,0,0,0,0,0,211,183,0,0,0,131,253,253,129,0,0,0,0,0,0,0,0,0,0,0,247,239,162,69,162,209,253,233,47,0,0,0,0,0,0,0,0,0,0,0,247,253,253,253,253,253,253,76,0,0,0,0,0,0,0,0,0,0,0,0,214,253,253,253,253,253,203,60,0,0,0,0,0,0,0,0,3
0,0,0,0,0,0,0,0,0,0,0,0,0,0,0,0,0,0,0,0,0,0,0,0,0,0,0,0,0,0,0,0,0,0,0,0,0,0,0,0,0,0,0,0,0,0,0,0,0,0,0,0,0,0,0,0,0,0,0,0,0,0,0,0,0,0,0,0,0,0,0,0,0,0,0,0,0,0,0,0,0,0,0,0,0,0,0,0,0,0,0,0,0,0,0,0,0,0,0,0,0,0,0,0,0,0,0,0,136,181,181,117,92,91,78,0,0,0,0,0,0,0,0,0,0,0,0,125,254,254,254,254,255,254,254,254,254,255,254,254,0,0,0,0,0,24,152,254,241,140,131,253,199,115,108,179,198,199,198,198,0,0,0,0,0,154,253,243,73,0,3,36,0,0,0,0,0,0,0,0,0,0,0,0,0,199,253,238,147,109,70,19,19,2,0,0,0,0,0,0,0,0,0,0,0,134,253,254,253,253,253,253,254,186,91,0,0,0,0,0,0,0,21,31,0,0,66,92,175,181,186,254,255,254,254,138,0,0,0,0,0,0,157,108,0,0,0,0,0,0,2,18,76,243,253,235,0,0,0,0,0,0,241,108,0,0,0,0,0,0,0,0,95,244,253,176,0,0,0,0,0,0,247,202,109,38,19,19,19,32,116,199,254,253,231,31,0,0,0,0,0,0,130,253,253,253,253,254,253,253,253,253,254,201,49,0,0,0,0,0,0,0,0,53,136,181,181,182,181,181,181,148,66,0,0,0,0,0,0,0,0,0,0,0,0,0,0,0,0,0,0,0,0,0,0,0,0,0,0,0,0,0,0,0,0,0,0,0,0,0,0,0,0,0,0,0,0,0,0,0,0,0,0,0,0,0,0,0,0,0,0,0,0,0,0,0,0,0,0,0,5
0,0,0,0,0,0,0,0,0,0,0,0,0,0,0,0,0,0,0,0,0,0,0,0,0,0,0,0,0,0,0,0,0,0,0,0,0,0,0,0,29,85,85,85,86,131,225,225,146,48,0,0,0,0,0,0,0,0,0,0,215,252,252,252,253,252,252,252,252,229,131,0,0,0,0,0,0,0,0,0,252,252,252,252,253,252,252,252,252,253,224,53,0,0,0,0,0,0,0,0,158,252,252,252,253,204,112,205,252,253,252,195,0,0,0,0,0,0,0,0,0,0,0,0,0,0,0,169,253,255,253,196,0,0,0,0,0,0,0,0,0,0,0,0,0,0,0,169,252,253,252,118,0,0,0,0,0,0,0,0,0,0,0,0,0,19,166,234,252,253,252,239,197,197,198,72,13,0,0,0,0,0,0,0,0,101,252,252,252,253,252,252,252,252,253,252,187,56,0,0,0,0,0,0,63,240,252,252,252,253,252,252,252,252,253,252,252,161,0,0,0,0,0,0,63,241,253,253,190,79,0,0,16,140,255,253,253,253,112,0,0,0,0,0,0,72,136,27,12,0,0,0,0,0,90,243,252,252,158,0,0,0,0,0,0,0,0,0,0,0,0,0,0,0,0,225,252,252,252,0,0,0,0,0,0,0,0,0,0,0,0,0,0,0,169,243,252,252,157,0,0,0,0,0,0,0,0,0,0,0,0,0,16,140,253,252,252,252,112,0,0,0,0,0,0,38,113,207,174,114,159,253,253,253,255,253,253,162,0,0,0,0,0,0,0,210,252,252,252,253,252,252,252,252,253,223,167,56,0,0,0,0,0,0,63,240,252,252,252,253,252,252,245,195,133,37,0,0,0,0,0,0,0,0,0,122,223,223,223,162,84,84,74,0,0,0,0,0,0,0,3
0,0,0,0,0,0,0,0,0,0,0,0,0,0,0,0,0,0,0,0,0,0,0,0,0,0,20,130,245,254,255,212,59,0,0,0,0,0,0,0,0,0,0,0,0,0,201,254,254,254,254,254,240,60,0,0,0,0,0,0,0,0,0,0,0,88,253,254,142,49,52,202,254,137,0,0,0,0,0,0,0,0,0,0,0,151,254,157,10,0,0,44,254,219,0,0,0,0,0,0,0,0,0,0,0,84,248,254,192,106,10,120,254,223,0,0,0,0,0,0,0,0,0,0,0,0,120,248,254,254,192,199,245,112,0,0,0,0,0,0,0,0,0,0,0,0,0,149,247,254,254,254,219,0,0,0,0,0,0,0,0,0,0,0,0,0,0,0,26,177,254,254,167,11,0,0,0,0,0,0,0,0,0,0,0,0,0,0,0,150,254,254,254,142,0,0,0,0,0,0,0,0,0,0,0,0,0,0,89,249,254,232,231,249,92,0,0,0,0,0,0,0,0,0,0,0,0,0,180,254,234,51,44,246,154,0,0,0,0,0,0,0,0,0,0,0,0,88,248,254,113,0,0,104,249,61,0,0,0,0,0,0,0,0,0,0,8,185,254,176,8,0,0,64,228,185,0,0,0,0,0,0,0,0,0,0,128,254,222,68,0,0,0,0,160,249,59,0,0,0,0,0,0,0,0,0,139,254,174,0,0,0,0,0,113,254,150,0,0,0,0,0,0,0,0,0,57,252,201,20,0,0,0,0,119,254,150,0,0,0,0,0,0,0,0,0,0,165,254,201,56,11,0,6,201,254,150,0,0,0,0,0,0,0,0,0,0,90,240,254,254,243,181,214,254,254,119,0,0,0,0,0,0,0,0,0,0,0,60,163,239,254,254,254,253,213,42,0,0,0,8
0,0,0,0,0,0,0,0,0,0,0,7,96,254,254,128,3,0,0,0,0,0,0,0,0,0,0,0,0,0,7,95,254,254,202,5,0,0,0,0,0,0,0,0,0,0,0,0,0,6,158,254,254,243,18,0,0,0,0,0,0,0,0,0,0,0,0,0,3,128,254,254,238,42,0,0,0,0,0,0,0,0,0,0,0,0,0,0,102,254,254,203,47,0,0,0,0,0,0,0,0,0,0,0,0,0,3,163,253,254,226,18,0,0,0,0,0,0,0,0,0,0,0,0,0,6,160,254,254,221,25,0,0,0,0,0,0,0,0,0,0,0,0,0,0,118,254,254,201,62,0,0,0,0,0,0,0,0,0,0,0,0,0,18,151,245,254,203,18,0,0,4,38,120,32,13,0,0,0,0,0,0,65,219,254,253,135,19,0,5,82,204,254,254,254,219,97,16,0,0,0,30,222,254,254,133,0,0,30,162,254,254,254,254,254,254,254,243,102,2,0,166,254,254,130,0,0,86,253,254,254,245,105,85,85,139,248,254,254,150,0,189,254,224,16,0,120,252,254,239,125,8,0,0,0,0,90,233,254,254,0,205,254,250,114,83,249,254,239,92,0,0,0,0,0,0,12,195,254,254,0,50,234,254,254,242,254,254,162,41,41,41,41,42,130,217,227,254,254,254,0,0,30,129,186,254,254,254,254,254,254,254,254,254,254,254,254,254,233,155,0,0,0,0,9,62,128,213,241,241,241,241,241,241,241,186,151,75,12,0,0,0,0,0,0,0,0,0,0,0,0,0,0,0,0,0,0,0,0,0,0,0,0,0,0,0,0,0,0,0,0,0,0,0,0,0,0,0,0,0,0,0,0,0,0,0,0,0,0,0,0,0,0,0,0,0,0,0,0,0,6
0,0,0,0,0,0,0,0,0,0,0,0,0,0,0,0,0,0,0,0,0,0,0,0,0,0,0,0,0,0,0,0,0,0,0,0,0,0,0,0,0,0,0,0,0,0,0,0,110,109,212,170,63,0,0,0,0,0,0,0,0,0,0,1,73,73,94,217,253,252,252,252,144,0,0,0,0,0,0,0,0,11,140,181,252,252,252,252,253,252,252,252,144,0,0,0,0,0,0,0,0,73,252,252,252,252,252,252,253,252,252,252,144,0,0,0,0,0,0,0,0,0,181,252,252,252,252,252,253,252,252,252,144,0,0,0,0,0,0,0,0,0,25,35,35,35,35,77,253,252,252,252,104,0,0,0,0,0,0,0,0,0,0,0,0,0,0,144,253,252,246,132,0,0,0,0,0,0,0,0,0,0,0,0,0,0,0,144,253,252,215,0,0,0,0,0,0,0,0,0,0,0,0,0,0,0,21,207,255,253,253,253,255,253,149,109,0,0,0,0,0,0,0,0,0,0,0,104,211,252,252,252,253,252,252,252,73,10,0,0,0,0,0,0,0,0,0,0,31,71,71,71,217,226,252,252,253,138,0,0,0,0,0,0,0,0,0,0,0,0,0,0,0,73,252,252,253,179,0,0,0,0,0,0,0,0,0,0,0,0,0,0,0,73,253,253,255,180,0,0,0,0,0,0,0,0,0,0,0,0,0,0,0,115,252,252,253,179,0,0,0,0,0,0,0,0,0,0,0,0,0,0,16,222,252,252,237,71,0,0,0,0,0,0,0,0,0,0,0,0,0,0,191,252,252,252,62,0,0,0,0,0,0,0,0,0,0,0,0,0,99,253,255,253,253,191,0,0,0,0,0,0,0,0,0,0,0,0,32,197,242,252,253,231,158,15,0,0,0,0,3
0,0,0,0,0,0,0,0,0,0,0,0,0,0,0,0,0,0,0,0,0,0,0,0,0,0,0,0,0,0,0,0,0,0,0,0,0,0,0,0,0,0,0,0,0,0,0,0,0,0,0,0,0,0,0,0,0,0,0,0,0,0,0,0,0,0,0,0,13,141,141,229,253,242,66,19,0,0,0,0,0,0,0,0,0,0,0,82,206,253,252,252,252,253,252,168,0,0,0,0,0,0,0,0,0,0,132,240,252,253,252,252,214,253,252,234,59,0,0,0,0,0,0,0,0,126,243,252,252,190,65,28,15,40,215,252,240,151,0,0,0,0,0,0,63,255,253,244,175,0,0,0,0,29,216,253,253,214,0,0,0,0,0,0,188,253,252,142,0,0,0,0,26,216,252,252,252,38,0,0,0,0,0,67,246,253,233,37,0,0,19,123,222,253,252,252,164,0,0,0,0,0,0,85,252,253,196,0,51,126,231,252,252,253,252,252,139,0,0,0,0,0,0,76,250,254,253,253,253,254,253,231,175,254,253,206,13,0,0,0,0,0,0,0,125,253,252,252,252,222,121,19,76,253,252,168,0,0,0,0,0,0,0,0,0,69,168,130,56,25,0,67,222,253,233,62,0,0,0,0,0,0,0,0,0,0,0,0,0,0,0,134,252,253,96,0,0,0,0,0,0,0,0,0,0,0,0,0,0,0,70,253,253,214,0,0,0,0,0,0,0,0,0,0,0,0,0,0,0,0,169,252,252,38,0,0,0,0,0,0,0,0,0,0,0,0,0,0,0,10,197,252,164,0,0,0,0,0,0,0,0,0,0,0,0,0,0,0,0,128,252,214,28,0,0,0,0,0,0,0,0,0,0,0,0,0,0,0,0,254,253,168,0,0,0,0,0,0,0,0,9
0,0,0,0,0,0,0,0,0,0,0,0,0,0,0,0,0,0,0,0,0,0,0,0,0,0,0,0,0,0,0,0,0,0,0,0,0,0,0,0,0,0,0,0,0,0,0,0,0,0,0,0,40,100,35,0,0,0,0,0,0,0,0,0,0,0,0,0,0,0,28,162,247,253,247,243,190,66,6,0,0,0,0,0,0,0,0,0,0,97,216,253,253,253,253,253,253,253,107,8,0,0,0,0,0,0,0,16,171,247,254,253,253,253,253,253,253,253,253,120,0,0,0,0,0,0,64,193,253,253,254,250,199,26,22,109,234,253,253,143,0,0,0,0,0,123,245,253,253,253,229,107,0,0,0,0,12,253,253,210,0,0,0,7,150,239,253,253,253,137,29,0,0,0,0,0,45,253,253,171,0,0,44,171,253,253,253,234,61,5,0,0,0,0,0,39,227,253,253,143,0,53,236,254,254,254,185,44,0,0,0,0,0,0,46,182,254,255,254,81,0,177,253,253,253,162,40,0,0,0,0,0,27,125,227,253,253,253,233,24,72,240,253,253,164,10,0,0,0,0,57,177,227,253,253,253,249,154,59,0,250,253,253,234,12,0,11,42,133,181,250,253,253,253,253,236,125,0,0,0,182,253,253,253,196,166,208,253,253,253,254,253,253,200,126,19,0,0,0,0,46,227,253,253,253,253,253,253,253,253,254,162,55,3,0,0,0,0,0,0,0,44,175,243,253,249,253,247,160,36,22,7,0,0,0,0,0,0,0,0,0,0,0,9,99,56,99,39,0,0,0,0,0,0,0,0,0,0,0,0,0,0,0,0,0,0,0,0,0,0,0,0,0,0,0,0,0,0,0,0,0,0,0,0,0,0,0,0,0,0,0,0,0,0,0,0,0,0,0,0,0
0,0,0,0,0,0,0,0,0,0,0,0,0,0,0,0,0,0,0,0,0,0,0,0,0,0,8,122,147,170,169,147,147,147,43,29,0,0,0,0,0,0,0,0,0,0,82,254,254,254,254,254,254,254,254,237,31,0,0,0,0,0,0,0,0,5,201,254,254,249,249,249,249,249,202,249,42,0,0,0,0,0,0,0,0,77,254,254,173,0,0,0,0,0,0,0,0,0,0,0,0,0,0,0,27,209,254,254,129,0,0,0,0,0,0,0,0,0,0,0,0,0,0,0,82,254,254,254,242,228,228,118,4,0,0,0,0,0,0,0,0,0,0,0,149,254,254,254,254,254,254,254,165,10,0,0,0,0,0,0,0,0,0,34,240,254,254,254,174,144,176,254,254,165,4,0,0,0,0,0,0,0,0,4,137,238,217,46,2,0,8,180,254,254,71,0,0,0,0,0,0,0,0,0,0,0,0,0,0,0,0,18,236,254,227,0,0,0,0,0,0,0,0,0,0,0,0,0,0,0,0,0,129,254,249,104,0,0,0,0,0,0,0,0,7,115,0,0,0,0,0,0,30,230,254,195,4,0,0,0,0,0,0,0,82,244,0,0,0,0,0,0,0,207,254,254,43,0,0,0,0,0,0,0,170,244,0,0,0,0,0,0,0,207,254,254,43,0,0,0,0,0,0,19,218,249,64,0,0,0,0,0,0,103,254,254,43,0,0,0,0,0,0,0,162,254,239,41,0,0,0,0,0,172,254,210,14,0,0,0,0,0,0,0,49,244,254,222,152,0,0,0,95,247,254,189,0,0,0,0,0,0,0,0,0,60,242,254,254,227,181,250,253,254,251,73,0,0,0,0,0,0,0,0,0,0,47,159,249,254,254,254,254,254,167,0,0,0,0,0,5
0,0,0,0,0,0,0,0,0,0,0,0,0,0,0,0,0,0,0,0,0,0,0,0,0,0,0,0,0,0,0,0,0,0,0,0,0,0,0,0,0,0,0,0,0,0,66,137,192,212,228,137,137,137,11,0,0,0,0,0,0,0,0,0,61,154,243,254,254,254,254,254,254,254,203,136,0,0,0,0,0,0,0,0,190,254,254,254,254,254,254,254,254,254,254,245,60,0,0,0,0,0,0,0,157,254,254,254,214,183,183,183,183,215,254,254,122,0,0,0,0,0,0,0,14,185,244,208,21,0,0,0,0,114,254,254,246,58,0,0,0,0,0,0,0,14,26,15,0,0,0,0,0,114,254,254,254,121,0,0,0,0,0,0,0,0,0,0,0,0,0,0,50,238,254,254,254,76,0,0,0,0,0,0,0,0,0,0,0,0,0,8,218,254,254,254,250,64,0,0,0,0,0,0,0,0,0,0,0,0,38,189,254,254,254,250,118,0,0,0,0,0,0,0,0,0,0,0,0,10,160,254,255,254,254,197,0,0,0,0,0,0,0,0,0,0,0,0,8,162,254,254,254,254,245,25,0,0,0,0,0,0,0,0,0,0,0,0,125,254,255,254,255,254,99,0,0,0,0,0,0,0,0,0,0,0,0,6,245,254,254,254,254,99,1,0,0,0,0,0,0,0,0,0,0,0,61,189,254,254,254,254,101,1,0,0,0,0,0,0,0,0,0,0,0,67,243,254,254,254,255,195,17,0,0,0,0,0,0,0,0,0,0,0,14,217,254,254,254,232,193,21,0,0,0,0,0,0,0,0,0,0,0,14,174,254,254,254,254,106,22,0,0,0,0,0,0,0,0,0,0,0,0,54,254,254,254,254,247,64,0,0,0,0,0,0,0,0,0,0,7
0,0,0,0,0,0,0,0,0,0,0,0,85,255,255,255,203,76,1,0,0,0,0,0,0,0,0,0,0,0,37,136,231,253,253,253,253,253,24,1,0,0,0,0,0,0,0,0,0,97,172,253,253,253,253,253,244,253,195,3,0,0,0,0,0,0,0,0,18,141,253,253,194,105,105,105,54,243,253,5,0,0,0,0,0,0,0,22,189,253,245,126,19,0,0,0,13,238,239,5,0,0,0,0,0,0,25,185,253,244,158,0,0,0,0,0,73,245,193,3,0,0,0,0,6,44,182,253,244,158,0,0,0,0,0,0,169,253,193,3,0,0,0,0,56,253,253,244,159,0,0,0,0,0,0,0,230,253,112,0,0,0,0,46,225,253,253,176,0,0,0,0,0,0,0,22,235,253,12,0,0,0,14,226,253,253,130,22,0,0,0,0,0,0,0,190,253,253,12,0,0,0,114,253,253,225,21,0,0,0,0,0,0,0,0,223,253,198,6,0,0,10,229,253,238,74,0,0,0,0,0,0,0,0,170,247,253,165,3,0,0,114,253,253,228,18,0,0,0,0,0,0,0,71,246,253,201,33,0,0,3,176,253,245,86,0,0,0,0,0,0,0,28,205,253,219,115,3,0,0,52,253,253,183,0,0,0,0,0,0,26,94,144,253,219,98,0,0,0,0,70,253,253,165,0,0,0,0,0,25,141,253,253,219,98,0,0,0,0,0,18,253,253,227,106,39,19,106,133,235,253,253,220,98,0,0,0,0,0,0,4,202,253,253,253,242,239,253,253,253,253,184,12,0,0,0,0,0,0,0,0,74,202,253,253,253,253,253,253,224,42,8,0,0,0,0,0,0,0,0,0,0,3,79,129,208,232,129,129,37,0,0,0,0,0,0,0,0,0,0,0
0,0,0,0,0,0,0,0,0,0,0,0,0,0,0,0,0,0,0,0,0,0,0,0,0,0,0,0,0,0,0,0,0,0,0,0,0,0,0,0,0,0,0,0,0,0,0,0,0,0,95,229,253,63,0,0,0,0,0,0,0,0,0,0,0,0,0,0,0,19,225,252,252,88,0,0,0,0,0,0,0,0,0,0,0,0,0,0,0,66,252,252,127,0,0,0,0,0,0,0,0,0,0,0,0,0,0,0,0,241,252,177,3,0,0,0,0,0,0,0,0,0,0,0,0,0,0,0,0,255,253,156,0,0,0,0,0,0,0,0,0,0,0,0,0,0,0,0,0,253,252,56,0,0,0,0,0,0,0,0,0,0,0,0,0,0,0,0,38,253,252,56,0,0,0,0,0,0,0,0,0,0,0,0,0,0,0,0,113,253,227,31,0,0,0,0,0,0,0,0,0,0,0,0,0,0,0,0,101,254,146,0,0,0,0,0,0,0,0,0,0,0,0,0,0,0,0,0,0,253,196,0,0,0,0,0,0,0,0,0,0,0,0,0,0,0,0,0,0,253,196,0,0,0,0,0,0,0,0,0,0,0,0,0,0,0,0,0,101,253,196,0,0,0,0,0,0,0,0,0,0,0,0,0,0,0,0,0,114,254,197,0,0,0,0,0,0,0,0,0,0,0,0,0,0,0,0,0,38,253,196,0,0,0,0,0,0,0,0,0,0,0,0,0,0,0,0,0,89,253,158,0,0,0,0,0,0,0,0,0,0,0,0,0,0,0,0,0,113,253,84,0,0,0,0,0,0,0,0,0,0,0,0,0,0,0,0,0,114,254,84,0,0,0,0,0,0,0,0,0,0,0,0,0,0,0,0,0,113,253,84,0,0,0,0,0,0,0,0,0,1
0,0,0,0,0,0,0,0,0,50,180,254,182,62,0,0,0,0,0,0,0,0,0,0,0,0,0,0,0,0,2,91,239,251,177,11,0,0,0,0,0,0,0,0,0,0,0,0,0,0,0,0,56,200,254,174,9,0,0,0,0,0,0,0,0,0,0,0,0,0,0,0,0,7,177,254,122,0,0,0,0,0,0,0,0,0,0,0,0,0,0,0,0,0,23,234,202,0,0,0,0,0,0,0,0,0,0,0,0,0,0,0,0,0,0,176,252,73,0,0,0,0,0,0,0,0,0,0,0,0,0,0,0,0,0,105,254,109,0,0,0,0,0,0,0,0,0,0,0,0,0,0,0,0,0,182,254,142,0,0,0,0,0,0,0,27,53,53,40,0,0,0,0,0,0,182,250,66,0,0,0,0,0,0,150,230,254,254,242,201,100,20,0,0,0,182,234,0,0,0,0,0,0,155,253,233,183,116,213,248,254,251,130,11,31,253,131,0,0,0,0,0,33,248,254,125,0,0,0,52,126,237,254,208,158,254,51,0,0,0,0,0,95,254,197,16,0,0,0,0,0,53,184,254,254,126,2,0,0,0,0,0,95,254,67,0,0,0,0,0,0,0,74,254,254,203,51,0,0,0,0,0,95,240,40,0,0,0,0,0,0,49,242,247,148,249,234,98,21,0,0,0,95,254,95,0,0,0,0,0,14,183,243,122,0,60,133,205,244,0,0,0,14,242,243,22,0,0,3,99,186,250,119,0,0,0,0,10,35,0,0,0,0,118,254,196,58,107,184,254,198,57,0,0,0,0,0,0,0,0,0,0,0,7,81,204,255,254,186,63,18,0,0,0,0,0,0,0,0,0,0,0,0,0,0,0,0,0,0,0,0,0,0,0,0,0,0,0,0,0,2
0,0,0,0,0,0,0,0,0,0,0,0,0,0,0,0,0,0,0,0,0,1,74,200,255,255,236,130,130,38,0,0,0,0,0,0,0,0,0,0,0,7,253,253,253,253,253,253,253,170,107,3,0,0,0,0,0,0,0,0,0,6,245,253,253,253,253,253,253,253,253,131,0,0,0,0,0,0,0,0,0,0,63,228,155,105,183,228,245,253,253,225,33,0,0,0,0,0,0,0,0,0,0,0,0,0,0,0,68,208,253,253,70,0,0,0,0,0,0,0,0,0,0,0,0,0,0,7,62,227,253,253,100,0,0,0,0,0,0,0,0,0,0,0,0,6,123,182,253,253,253,253,149,30,0,38,6,0,0,0,0,0,0,4,62,183,253,253,253,253,253,253,253,228,174,242,183,62,4,0,0,0,0,19,253,253,253,253,253,253,253,253,253,253,253,253,253,253,130,3,0,0,0,111,253,253,253,253,253,253,253,253,253,253,253,253,253,253,253,42,0,0,0,143,253,253,253,253,253,253,253,235,185,185,185,185,212,253,253,135,0,0,0,101,223,253,206,179,94,55,55,40,0,0,0,0,22,235,253,135,0,0,0,0,29,49,18,0,0,0,0,0,0,0,0,70,129,249,253,135,0,0,0,0,0,0,0,0,0,0,0,0,0,0,73,230,253,253,253,135,0,0,0,0,0,0,0,0,0,0,0,26,129,217,247,253,253,253,212,25,0,0,0,0,0,0,0,18,100,187,223,231,253,253,253,253,253,253,33,0,0,0,0,0,0,0,0,44,253,253,253,253,253,253,253,253,253,107,2,0,0,0,0,0,0,0,0,105,253,253,253,253,253,253,253,157,94,2,0,0,0,0,0,0,0,0,0,44,253,253,253,253,253,216,93,2,0,0,0,0,3
0,0,0,0,0,0,0,0,0,0,0,0,0,0,0,0,0,0,0,0,0,0,0,0,0,0,0,0,0,0,0,13,82,150,254,225,38,0,0,0,0,0,0,0,0,0,0,0,0,11,140,254,253,253,253,253,187,5,0,0,0,0,0,0,0,0,0,0,78,198,253,252,216,216,241,253,253,48,0,0,0,0,0,0,0,0,0,137,241,253,229,137,0,0,80,216,181,16,0,0,0,0,0,0,0,15,153,239,253,198,43,0,0,0,0,18,17,0,0,0,0,0,0,0,0,96,253,253,144,6,0,0,0,0,49,159,46,0,0,0,0,0,0,0,17,205,253,143,7,0,0,0,9,160,237,203,12,0,0,0,0,0,0,0,49,253,253,184,14,0,0,51,169,253,234,61,0,0,0,0,0,0,0,0,5,188,253,253,186,10,0,185,253,253,95,0,0,0,0,0,0,0,0,0,0,124,253,253,253,191,179,254,241,115,4,0,0,0,0,0,0,0,0,0,0,0,35,223,254,254,254,255,161,0,0,0,0,0,0,0,0,0,0,0,0,0,0,37,232,253,253,184,0,0,0,0,0,0,0,0,0,0,0,0,0,0,0,13,223,253,253,249,68,0,0,0,0,0,0,0,0,0,0,0,0,0,0,165,253,253,253,254,188,0,0,0,0,0,0,0,0,0,0,0,0,0,0,205,253,227,250,254,228,0,0,0,0,0,0,0,0,0,0,0,0,0,0,205,253,144,207,254,247,74,0,0,0,0,0,0,0,0,0,0,0,0,0,205,253,232,129,254,245,64,0,0,0,0,0,0,0,0,0,0,0,0,0,159,253,253,236,254,228,0,0,0,0,0,0,0,0,0,0,0,0,0,0,8,221,253,253,254,176,0,0,0,0,0,0,0,8
0,0,0,0,0,0,0,0,73,253,242,241,98,0,0,0,0,0,0,0,0,0,0,0,0,0,0,41,241,253,49,68,165,0,0,0,0,0,0,0,0,0,0,0,0,0,16,201,250,116,2,0,53,0,0,0,0,0,0,0,0,0,0,0,0,0,98,254,195,0,0,0,0,0,0,0,0,0,0,0,0,0,0,0,0,25,231,255,76,0,0,0,0,0,0,0,0,0,0,0,0,0,0,0,0,85,253,204,6,0,0,0,0,0,0,0,0,0,0,0,0,0,0,0,0,136,253,195,0,0,0,0,0,0,0,0,0,0,0,0,0,0,0,0,0,189,253,105,0,0,0,0,0,0,28,40,40,16,0,0,0,0,0,0,0,234,253,60,0,0,0,0,0,128,235,253,253,195,15,0,0,0,0,0,0,212,254,0,0,0,0,46,217,254,235,195,195,255,61,0,0,0,0,0,0,182,253,0,0,0,71,222,241,180,27,0,0,254,135,0,0,0,0,0,0,204,253,0,0,85,247,222,30,0,0,0,0,254,68,0,0,0,0,0,0,136,253,53,19,247,247,56,0,0,0,0,106,254,39,0,0,0,0,0,0,136,253,135,132,253,138,0,0,0,0,31,239,171,9,0,0,0,0,0,0,115,254,232,239,235,15,0,0,0,19,164,254,0,0,0,0,0,0,0,0,21,218,254,253,180,2,0,13,65,196,250,121,0,0,0,0,0,0,0,0,0,30,186,253,253,181,175,224,253,253,198,23,0,0,0,0,0,0,0,0,0,0,35,232,253,253,253,254,234,116,9,0,0,0,0,0,0,0,0,0,0,0,0,57,223,253,215,133,31,0,0,0,0,0,0,0,0,0,0,0,0,0,0,0,0,0,0,0,0,0,0,0,0,0,0,6
0,0,0,0,0,0,0,0,0,0,0,0,0,0,0,0,0,0,0,0,0,0,0,0,0,0,0,0,0,4,215,197,2,0,0,0,0,0,0,0,0,0,0,0,0,0,0,0,62,183,254,233,198,198,198,198,198,198,109,95,0,0,0,0,0,0,0,0,167,254,254,240,218,139,114,114,114,114,114,114,0,0,0,0,0,0,0,6,195,253,171,62,0,0,0,0,0,0,0,0,0,0,0,0,0,0,0,123,254,142,0,0,0,0,0,0,0,0,0,0,0,0,0,0,0,0,21,233,181,13,0,0,0,0,0,0,0,0,0,0,0,0,0,0,0,13,158,254,88,0,0,0,0,0,0,0,0,0,0,0,0,0,0,0,0,27,254,219,31,0,0,0,0,0,0,0,0,0,0,0,0,0,0,0,0,27,255,134,0,0,0,0,0,0,0,0,0,0,0,0,0,0,0,0,0,27,254,202,18,0,0,0,0,0,0,0,0,0,0,0,0,0,0,0,0,6,152,254,221,203,203,203,203,203,148,29,0,0,0,0,0,0,0,0,0,0,2,54,134,213,213,213,213,213,235,174,0,0,0,0,0,0,0,0,0,0,0,0,0,0,0,0,0,0,172,208,11,0,0,0,0,0,39,4,0,0,0,0,0,0,0,0,0,61,248,163,0,0,0,0,0,0,0,0,0,0,0,0,0,0,0,0,137,237,200,21,0,0,0,0,0,0,0,0,0,0,0,0,0,0,35,166,254,159,18,0,0,0,0,0,0,0,28,0,0,0,0,0,0,103,223,254,128,20,0,0,0,0,0,0,0,41,195,9,0,0,3,60,183,249,223,57,1,0,0,0,0,0,0,0,0,37,242,203,161,120,188,254,217,108,0,0,0,0,0,0,0,0,0,0,5
0,0,0,0,0,0,0,4,155,252,252,162,20,0,0,0,0,0,0,0,0,0,0,0,0,0,0,0,8,108,252,253,120,0,0,0,0,0,0,0,0,0,0,0,0,0,0,0,0,4,59,253,250,100,0,0,0,0,0,0,0,0,0,0,0,0,0,0,0,0,0,110,252,218,7,0,0,0,0,0,0,0,0,0,0,0,0,0,0,0,0,8,192,252,49,0,0,0,0,0,0,0,0,0,0,0,0,0,0,0,0,0,176,252,116,0,0,0,0,0,0,0,0,0,0,0,0,0,0,0,0,0,176,252,10,0,0,0,0,0,0,0,0,0,0,0,0,0,0,0,0,25,233,252,10,0,0,0,0,0,0,0,0,0,0,0,0,0,0,0,0,177,252,252,59,0,0,0,0,0,0,0,0,0,0,0,0,0,88,225,253,255,253,253,253,157,34,3,0,0,0,0,0,0,0,0,0,66,223,252,252,253,235,186,192,252,252,151,43,0,0,0,0,0,0,22,137,249,192,183,252,253,95,0,4,44,129,32,0,0,0,0,0,0,2,121,252,179,51,140,252,169,37,0,0,0,0,0,0,0,0,0,0,0,95,252,194,8,117,252,228,0,0,0,0,0,0,0,0,0,0,0,0,0,171,233,59,48,231,225,45,0,0,0,0,0,0,0,0,0,0,0,0,5,243,197,43,232,250,120,0,0,0,0,0,0,0,0,0,0,0,0,0,100,252,207,165,252,141,0,0,0,0,0,0,0,0,0,0,0,0,0,0,100,252,252,252,177,26,0,0,0,0,0,0,0,0,0,0,0,0,0,0,13,195,252,166,12,0,0,0,0,0,0,0,0,0,0,0,0,0,0,0,0,0,0,0,0,0,0,0,0,0,0,0,0,0,0,0,0,2
0,0,0,0,0,0,0,0,0,0,0,0,0,0,0,0,0,0,0,0,0,0,0,0,0,0,0,0,0,0,0,0,0,0,0,0,0,0,0,0,0,0,0,0,0,0,0,0,0,0,0,0,0,0,0,0,0,0,0,0,0,0,0,0,0,0,0,85,187,254,254,254,162,40,0,0,0,0,0,0,0,0,0,0,0,26,164,247,254,227,211,253,254,224,25,0,0,0,0,0,0,0,0,0,41,190,253,211,113,21,5,46,203,253,88,0,0,0,0,0,0,0,0,0,161,253,202,44,0,0,0,0,19,236,137,0,0,0,0,0,0,0,0,0,255,241,67,0,0,0,0,0,95,254,245,103,0,0,0,0,0,0,0,0,254,139,0,0,0,0,22,230,245,253,253,245,0,0,0,0,0,0,0,0,245,244,124,24,24,24,36,228,254,253,253,177,0,0,0,0,0,0,0,0,128,253,253,253,254,253,253,253,228,177,253,94,0,0,0,0,0,0,0,0,0,51,134,184,185,184,109,59,0,198,254,69,0,0,0,0,0,0,0,0,0,0,0,0,0,0,0,0,13,235,240,31,0,0,0,0,0,0,0,0,0,0,0,0,0,0,0,0,112,253,179,0,0,0,0,0,0,0,0,0,0,0,0,0,0,0,0,0,229,253,46,0,0,0,0,0,0,0,0,0,0,0,0,0,0,0,0,60,254,199,17,0,0,0,0,0,0,0,0,0,0,0,0,0,0,0,5,189,254,64,0,0,0,0,0,0,0,0,0,0,0,0,0,0,0,0,66,253,222,13,0,0,0,0,0,0,0,0,0,0,0,0,0,0,0,17,199,253,84,0,0,0,0,0,0,0,0,0,0,0,0,0,0,0,0,106,254,228,0,0,0,0,0,0,0,0,9
0,0,0,0,0,0,0,0,116,253,122,0,0,0,0,0,0,0,0,0,0,0,0,0,0,0,0,0,218,252,190,0,0,0,0,0,0,0,0,0,0,0,0,0,0,0,0,0,109,252,241,0,0,0,0,0,0,0,0,0,0,0,0,0,0,0,0,0,109,252,241,0,0,0,0,0,0,0,0,0,0,0,0,0,0,0,0,0,109,252,250,78,0,0,0,0,0,0,0,0,0,0,0,0,0,0,0,0,78,249,253,108,0,0,0,0,0,0,0,0,0,0,0,0,0,0,0,0,0,241,253,108,0,0,0,0,0,0,0,0,0,0,0,0,0,0,0,0,0,241,253,108,0,0,0,0,0,0,0,0,0,0,0,0,0,0,0,0,99,251,253,108,0,0,0,0,0,0,0,0,0,0,0,0,0,0,0,0,109,252,253,108,0,0,0,0,0,0,0,0,0,0,0,0,0,0,0,0,0,242,255,109,0,0,0,0,0,0,0,0,0,0,0,0,0,0,0,0,0,241,253,108,0,0,0,0,0,0,0,0,0,0,0,0,0,0,0,0,0,241,253,182,0,0,0,0,0,0,0,0,0,0,0,0,0,0,0,0,0,241,253,205,0,0,0,0,0,0,0,0,0,0,0,0,0,0,0,0,0,241,253,194,0,0,0,0,0,0,0,0,0,0,0,0,0,0,0,0,0,241,253,228,0,0,0,0,0,0,0,0,0,0,0,0,0,0,0,0,0,241,253,228,0,0,0,0,0,0,0,0,0,0,0,0,0,0,0,0,0,241,253,228,0,0,0,0,0,0,0,0,0,0,0,0,0,0,0,0,0,241,253,228,0,0,0,0,0,0,0,0,0,0,0,0,0,0,0,0,0,241,253,113,0,0,0,0,0,0,0,0,1
0,0,0,0,0,0,0,0,32,243,253,253,254,80,0,0,0,0,0,0,0,0,0,0,0,0,5,122,212,253,253,253,254,197,6,0,0,0,0,0,0,0,0,0,0,57,159,253,253,253,253,253,254,253,89,0,0,0,0,0,0,0,0,0,14,238,253,253,253,253,253,253,254,253,89,0,0,0,0,0,0,0,0,8,131,253,253,253,237,223,246,253,254,246,79,0,0,0,0,0,0,0,0,60,253,253,253,157,56,48,226,253,254,193,0,0,0,0,0,0,0,0,0,60,253,253,173,48,0,90,253,253,254,140,0,0,0,0,0,0,0,0,0,14,59,59,7,0,0,205,253,253,236,36,0,0,0,0,0,0,0,0,0,0,0,0,0,0,0,239,253,253,149,0,0,0,0,0,0,0,0,0,0,0,0,0,0,13,184,254,254,254,150,0,0,0,0,0,0,0,0,0,0,0,0,0,0,154,253,253,253,253,26,0,0,0,0,0,0,0,0,0,0,0,0,0,5,184,253,253,250,149,0,0,0,0,0,0,0,0,0,0,0,0,0,0,75,253,253,253,208,0,0,0,0,0,0,0,0,0,0,0,0,0,0,36,216,253,253,253,208,0,0,0,0,0,0,0,0,0,0,0,0,0,0,120,253,253,253,253,213,30,0,8,30,30,30,27,0,0,0,0,0,0,0,120,253,253,253,253,253,253,135,163,253,253,253,223,72,56,0,0,0,0,6,167,253,253,253,253,253,253,255,253,253,253,253,223,56,152,0,0,0,0,4,150,253,253,253,253,253,253,254,253,253,253,213,210,32,38,0,0,0,0,0,49,147,253,253,253,253,253,255,129,104,104,12,62,0,0,0,0,0,0,0,0,0,0,0,0,0,0,0,0,0,0,0,0,0,0,2
0,0,0,0,0,0,0,0,0,0,0,0,0,0,0,0,0,0,0,0,0,0,0,0,0,0,0,0,0,0,0,0,0,0,0,0,0,0,0,0,0,0,0,0,0,0,0,108,231,254,254,254,254,160,28,0,0,0,0,0,0,0,0,0,3,62,182,251,253,244,243,243,248,253,222,33,0,0,0,0,0,0,0,6,160,253,253,176,89,2,0,0,41,173,253,138,0,0,0,0,0,0,0,153,253,243,128,2,0,0,0,0,0,70,253,243,17,0,0,0,0,0,75,243,231,49,0,0,0,0,0,0,0,70,253,198,6,0,0,0,0,2,175,251,80,0,0,0,0,0,0,0,0,70,253,134,0,0,0,0,0,11,253,200,0,0,0,0,0,0,0,0,0,142,253,232,14,0,0,0,0,11,253,133,0,0,0,0,0,0,0,0,3,183,253,253,20,0,0,0,0,87,253,171,0,0,0,0,0,0,0,0,129,253,254,192,5,0,0,0,0,51,253,253,113,5,0,0,0,0,82,212,253,253,253,173,0,0,0,0,0,2,139,253,253,209,204,204,128,203,242,186,188,177,253,173,0,0,0,0,0,0,0,128,211,253,253,253,253,175,56,0,0,70,254,173,0,0,0,0,0,0,0,0,12,39,39,39,39,1,0,0,0,39,240,241,62,0,0,0,0,0,0,0,0,0,0,0,0,0,0,0,0,0,224,253,120,0,0,0,0,0,0,0,0,0,0,0,0,0,0,0,0,0,175,253,168,0,0,0,0,0,0,0,0,0,0,0,0,0,0,0,0,0,47,230,243,46,0,0,0,0,0,0,0,0,0,0,0,0,0,0,0,0,0,179,254,118,0,0,0,0,0,0,0,0,0,0,0,0,0,0,0,0,0,179,254,163,0,0,9
0,0,0,0,0,0,0,0,0,0,0,0,0,0,0,0,0,0,0,0,0,0,0,0,0,0,0,0,0,0,255,253,173,12,0,0,0,0,0,0,0,0,0,0,0,0,0,0,0,0,253,251,251,31,0,0,0,0,0,0,0,0,0,0,0,0,0,0,0,80,253,251,251,31,0,0,0,0,0,0,0,0,0,0,0,0,0,0,0,158,253,251,251,31,0,0,0,0,0,0,0,0,0,0,0,0,0,0,0,158,253,251,251,31,0,0,0,0,0,0,0,0,0,0,0,0,0,0,0,159,255,253,126,0,0,0,0,0,0,0,0,0,0,0,0,0,0,0,0,158,253,251,126,0,0,0,0,0,0,0,0,0,0,0,0,0,0,0,0,158,253,251,126,0,0,0,0,0,0,0,0,0,0,0,0,0,0,0,0,158,253,223,15,0,0,0,0,0,0,0,0,0,0,0,0,0,0,0,40,217,253,121,0,0,0,0,0,0,0,0,0,0,0,0,0,0,0,0,64,253,255,63,0,0,0,0,0,0,0,0,0,0,0,0,0,0,0,0,182,251,253,62,0,0,0,0,0,0,0,0,0,0,0,0,0,0,0,0,221,251,253,62,0,0,0,0,0,0,0,0,0,0,0,0,0,0,0,112,248,251,253,62,0,0,0,0,0,0,0,0,0,0,0,0,0,0,0,127,251,251,253,62,0,0,0,0,0,0,0,0,0,0,0,0,0,0,0,128,253,253,159,0,0,0,0,0,0,0,0,0,0,0,0,0,0,0,0,127,251,251,138,0,0,0,0,0,0,0,0,0,0,0,0,0,0,0,16,189,251,251,0,0,0,0,0,0,0,0,0,0,0,0,0,0,0,0,32,251,251,113,0,0,0,0,0,0,0,0,0,0,1
0,0,0,0,0,0,0,0,0,0,0,0,0,0,0,0,0,0,0,0,0,0,0,0,0,0,0,0,0,0,0,0,0,0,0,0,0,0,0,0,0,0,0,0,0,0,0,0,0,0,0,0,0,0,0,0,0,0,0,0,0,0,0,0,0,0,0,0,0,0,0,0,0,0,0,0,0,0,0,0,66,213,170,139,192,192,139,55,119,139,139,139,139,181,149,139,118,24,15,0,98,253,253,253,253,254,253,253,253,253,254,253,253,253,253,254,253,253,178,5,108,241,184,184,216,185,228,253,253,253,255,209,184,184,184,185,196,253,253,23,5,37,0,0,21,0,29,46,46,46,46,17,0,0,0,0,47,253,253,23,0,0,0,0,0,0,0,0,0,0,0,0,0,0,0,11,194,253,169,2,0,0,0,0,0,0,0,0,0,0,0,0,0,0,0,34,254,248,95,0,0,0,0,0,0,0,0,0,0,0,0,0,0,0,22,213,253,111,0,0,0,0,0,0,0,0,0,0,0,0,0,0,0,0,200,254,241,50,0,0,0,0,0,0,0,0,0,0,0,0,0,0,0,171,249,246,79,0,0,0,0,0,0,0,0,0,0,0,0,0,0,0,64,249,253,178,0,0,0,0,0,0,0,0,0,0,0,0,0,0,0,36,223,254,191,0,0,0,0,0,0,0,0,0,0,0,0,0,0,0,89,220,253,236,60,0,0,0,0,0,0,0,0,0,0,0,0,0,0,32,223,253,203,65,0,0,0,0,0,0,0,0,0,0,0,0,0,0,0,211,254,215,13,0,0,0,0,0,0,0,0,0,0,0,0,0,0,32,211,251,244,60,0,0,0,0,0,0,0,0,0,0,0,0,0,0,5,139,254,254,106,0,0,0,0,0,0,0,0,0,7
0,0,0,0,0,0,0,0,0,0,0,0,0,0,0,0,0,0,0,0,0,0,0,0,0,0,0,0,0,0,0,0,0,186,212,13,0,0,0,0,0,0,0,0,0,0,0,0,0,0,0,0,51,229,194,8,0,0,0,0,0,0,0,0,0,0,0,0,0,0,0,17,229,253,129,0,0,0,0,0,0,0,0,0,0,0,0,0,0,0,0,160,253,154,9,0,0,0,0,0,0,0,0,0,0,0,0,0,0,0,53,254,253,69,0,0,0,0,0,0,0,0,0,0,0,0,0,0,0,0,117,254,136,0,0,0,0,0,0,0,0,0,0,0,0,0,0,0,0,0,137,231,0,0,0,0,0,0,0,0,0,0,0,0,0,0,0,0,0,26,237,231,0,0,0,0,0,0,0,0,0,0,0,0,0,0,0,0,0,187,253,189,0,0,0,0,0,0,0,0,0,0,0,0,0,0,0,0,0,208,253,63,0,0,0,0,0,0,0,0,0,0,0,0,0,0,0,0,133,255,138,0,0,0,0,0,0,0,0,0,0,0,0,0,0,0,0,30,229,253,64,0,0,0,0,0,0,0,0,0,0,0,0,0,0,0,0,79,253,186,6,0,0,0,0,0,0,0,0,0,0,0,0,0,0,0,0,162,253,66,0,0,0,0,0,0,0,0,0,0,0,0,0,0,0,0,11,204,253,46,0,0,0,0,0,0,0,0,0,0,0,0,0,0,0,0,24,255,248,42,0,0,0,0,0,0,0,0,0,0,0,0,0,0,0,0,98,253,184,0,0,0,0,0,0,0,0,0,0,0,0,0,0,0,0,0,139,253,152,0,0,0,0,0,0,0,0,0,0,0,0,0,0,0,0,0,97,253,69,0,0,0,0,0,0,0,0,0,0,0,1
0,0,0,0,0,0,0,0,0,0,63,106,229,157,105,74,0,0,0,0,0,0,0,0,0,0,0,0,22,175,235,254,253,253,253,240,104,60,4,0,0,0,0,0,0,0,2,15,188,253,253,254,253,253,253,204,89,89,5,0,0,0,0,0,0,0,30,253,253,253,253,254,253,253,253,178,0,0,0,0,0,0,0,0,0,23,184,253,253,195,178,179,240,253,253,200,67,0,0,0,0,0,0,0,0,181,253,253,189,17,0,0,61,85,253,253,244,85,0,0,0,0,0,0,64,240,253,253,84,0,0,0,0,8,182,253,253,119,0,0,0,0,0,6,167,253,242,84,1,0,0,0,0,0,7,226,253,246,67,0,0,0,0,130,253,253,196,0,0,0,0,0,0,0,0,110,253,253,163,0,0,0,0,164,253,253,74,0,0,0,0,0,0,0,0,75,253,253,163,0,0,0,61,254,254,254,74,0,0,0,0,0,0,0,0,226,254,254,103,0,0,0,60,253,253,191,13,0,0,0,0,0,0,0,29,231,253,221,11,0,0,0,60,253,253,81,0,0,0,0,0,0,0,10,206,253,253,119,0,0,0,0,60,253,253,100,0,0,0,0,0,0,0,15,253,253,239,63,0,0,0,0,60,253,253,245,66,0,0,0,0,0,18,174,253,253,179,0,0,0,0,0,18,190,253,253,180,0,0,0,0,13,171,253,253,200,22,0,0,0,0,0,0,78,182,253,239,134,8,0,80,184,253,253,253,99,0,0,0,0,0,0,0,0,78,243,253,253,240,239,247,255,253,194,93,2,0,0,0,0,0,0,0,0,0,198,253,253,253,253,253,254,180,21,0,0,0,0,0,0,0,0,0,0,0,31,210,253,253,253,253,105,18,0,0,0,0,0,0,0,0
0,0,0,0,0,101,171,102,89,0,0,0,0,0,0,0,0,0,0,0,0,0,0,0,18,205,254,254,248,202,154,43,0,0,0,0,0,0,0,0,0,0,0,0,40,219,254,254,254,254,254,231,0,0,0,0,0,0,0,0,0,0,0,0,0,29,161,110,120,161,247,254,248,86,0,0,0,0,0,0,0,0,0,0,0,0,0,0,0,0,103,243,254,185,0,0,0,0,0,0,0,0,0,0,0,0,0,0,0,0,43,220,254,185,0,0,0,0,0,0,0,0,0,0,0,0,0,29,199,241,245,254,254,185,0,0,0,0,0,0,0,0,0,0,0,0,0,199,254,254,254,252,223,68,0,0,0,0,0,0,0,0,0,0,0,0,0,241,254,254,254,151,0,0,0,0,0,0,0,0,0,0,0,0,0,0,0,193,254,254,254,225,78,10,0,0,0,0,0,0,0,0,0,0,0,0,0,26,189,243,254,254,254,144,24,13,0,0,0,0,0,0,0,0,0,0,0,0,0,68,168,254,254,254,254,195,19,0,0,0,0,0,0,0,0,0,0,0,0,0,10,30,106,204,254,254,191,26,0,0,0,0,0,0,0,0,0,0,0,0,0,0,0,28,203,254,254,92,0,0,0,0,0,0,0,0,0,0,0,0,0,0,0,141,254,254,254,92,0,0,0,0,0,0,0,0,0,0,0,0,57,77,217,250,254,254,163,14,0,0,0,0,0,0,0,30,163,69,163,163,247,254,254,254,249,176,14,0,0,0,0,0,0,0,0,194,254,254,254,254,254,254,254,158,49,0,0,0,0,0,0,0,0,0,0,161,254,254,254,254,254,216,125,6,0,0,0,0,0,0,0,0,0,0,0,16,184,109,100,100,100,30,0,0,0,0,0,0,0,0,3
0,0,0,0,0,0,0,0,0,0,0,6,254,200,0,0,0,0,0,0,0,0,0,0,0,0,0,0,0,0,0,92,253,238,0,0,0,0,0,0,0,0,0,0,0,0,0,0,0,0,33,236,253,213,0,0,0,0,0,0,0,0,0,0,0,0,0,0,0,0,50,253,253,138,0,0,0,0,0,0,0,0,0,0,0,0,0,0,0,0,50,253,253,138,0,0,0,0,0,0,0,0,0,0,0,0,0,0,0,0,152,253,253,49,0,0,0,0,0,0,0,0,0,0,0,0,0,0,0,70,252,253,233,26,0,0,0,0,0,0,0,0,0,0,0,0,0,0,0,111,253,253,138,0,0,0,0,0,0,0,0,0,0,0,0,0,0,0,15,217,253,250,22,0,0,0,0,0,0,0,0,0,0,0,0,0,0,0,138,253,253,248,0,0,0,0,0,0,0,0,0,0,0,0,0,0,0,0,139,253,253,248,0,0,0,0,0,0,0,0,0,0,0,0,0,0,0,0,202,253,253,225,0,0,0,0,0,0,0,0,0,0,0,0,0,0,0,0,239,253,253,148,0,0,0,0,0,0,0,0,0,0,0,0,0,0,0,0,239,253,253,148,0,0,0,0,0,0,0,0,0,0,0,0,0,0,0,0,239,253,253,148,0,0,0,0,0,0,0,0,0,0,0,0,0,0,0,0,239,253,253,148,0,0,0,0,0,0,0,0,0,0,0,0,0,0,0,0,186,253,253,148,0,0,0,0,0,0,0,0,0,0,0,0,0,0,0,0,139,253,253,148,0,0,0,0,0,0,0,0,0,0,0,0,0,0,0,0,139,254,253,227,0,0,0,0,0,0,0,0,0,0,0,0,0,0,0,0,101,253,253,110,0,0,0,0,0,0,0,0,1
0,0,0,0,38,245,75,70,154,236,149,20,0,0,0,0,0,0,0,0,0,0,0,0,0,28,0,0,0,29,181,216,26,0,0,0,0,0,0,0,0,0,0,0,0,0,0,0,0,0,16,178,189,4,0,0,0,0,0,0,0,0,0,0,0,0,0,0,0,0,0,17,237,121,0,0,0,0,0,0,0,0,0,0,0,0,0,0,0,0,0,0,170,138,0,0,0,0,0,0,0,0,0,0,0,0,0,0,0,0,2,95,249,111,0,0,0,0,0,0,0,0,0,0,0,0,0,0,0,13,142,246,139,0,0,0,0,0,0,0,0,0,0,0,0,0,0,0,57,227,245,99,0,0,0,0,0,0,0,0,0,0,0,0,0,0,0,0,202,248,51,0,0,0,0,0,0,0,0,0,0,0,0,0,0,0,0,0,24,186,236,157,24,0,0,0,0,0,0,0,0,0,0,0,0,0,0,0,0,0,57,175,250,87,0,0,0,0,0,0,0,0,0,0,0,0,0,0,0,0,0,0,86,212,44,0,0,0,0,0,0,0,0,0,0,0,0,0,0,0,0,0,0,141,171,1,0,0,0,0,0,0,0,0,0,0,0,0,0,0,0,0,0,58,254,15,0,0,0,0,0,0,0,0,0,0,0,0,0,0,0,0,0,58,255,15,0,0,0,0,0,0,60,150,43,1,0,0,0,0,0,0,1,144,213,6,0,0,0,0,0,0,30,186,254,164,52,6,0,0,0,9,116,240,78,0,0,0,0,0,0,0,0,7,107,235,254,217,185,132,131,212,235,86,0,0,0,0,0,0,0,0,0,0,0,15,32,100,147,185,217,177,66,0,0,0,0,0,0,0,0,0,0,0,0,0,0,0,0,0,0,0,0,0,0,0,0,0,0,0,3
0,0,0,0,0,49,171,254,254,254,254,254,254,255,254,254,161,0,0,0,0,0,0,0,0,99,253,253,253,253,253,253,253,253,253,253,253,102,0,0,0,0,0,0,0,155,253,253,253,253,253,253,253,253,253,253,242,59,0,0,0,0,0,0,0,161,253,253,253,253,253,229,149,149,128,103,67,0,0,0,0,0,0,0,144,251,253,253,253,225,55,20,0,0,0,0,0,0,0,0,0,0,0,41,241,253,220,162,55,23,0,0,0,0,0,0,0,0,0,0,0,0,0,112,253,220,41,0,0,0,0,0,0,0,0,0,0,0,0,0,0,0,0,219,253,155,0,0,0,0,0,0,0,0,0,0,0,0,0,0,0,0,95,251,253,183,9,38,60,72,69,172,99,202,202,135,78,6,32,0,0,0,118,253,253,253,203,225,243,253,224,253,253,253,253,253,137,80,210,0,0,0,30,214,253,253,253,253,253,253,208,194,194,194,194,194,194,229,250,87,0,0,0,89,249,253,253,236,160,71,17,0,0,0,0,0,0,57,253,117,0,0,0,0,235,185,78,52,0,0,0,0,0,0,0,0,0,20,253,117,0,0,0,18,238,221,42,0,0,0,0,0,0,0,0,0,5,124,253,117,0,0,0,112,253,253,221,53,23,0,0,0,0,0,0,0,111,253,252,102,0,0,0,112,253,253,253,253,183,27,6,0,0,19,23,34,216,253,240,0,0,0,0,46,242,253,253,253,253,253,173,150,150,222,237,216,253,252,154,0,0,0,0,0,102,177,235,253,253,253,253,253,253,253,253,253,253,227,0,0,0,0,0,0,0,0,149,252,253,253,253,253,253,253,253,249,166,48,0,0,0,0,0,0,0,0,0,105,163,253,253,253,226,123,123,44,0,0,0,0,5
0,0,0,0,0,0,0,0,0,0,0,0,0,0,0,0,0,0,0,0,0,0,0,0,0,0,0,0,0,0,0,0,0,0,0,0,0,0,0,0,0,0,0,0,0,0,0,0,0,0,0,100,229,255,186,13,0,0,0,0,0,0,0,0,0,0,0,0,0,30,214,249,253,254,253,117,30,0,0,0,0,0,0,0,0,0,0,0,51,237,253,225,71,103,253,253,160,0,0,0,0,0,0,0,0,0,0,51,234,254,151,13,0,104,253,253,160,0,0,0,0,0,0,0,0,0,30,237,254,185,9,0,85,254,254,254,103,0,0,0,0,0,0,0,0,0,114,253,236,9,0,5,197,254,253,181,6,0,0,0,0,0,0,0,0,32,241,242,54,0,0,74,253,254,240,92,0,0,0,0,0,0,0,0,0,70,253,196,0,0,0,207,253,254,81,0,0,0,0,0,0,0,0,0,0,187,254,80,0,0,72,254,254,127,0,0,0,0,0,0,0,0,0,0,0,237,219,30,0,72,235,253,185,42,0,0,0,0,0,0,0,0,0,0,0,153,253,232,207,254,253,183,13,0,0,0,0,0,0,0,0,0,0,0,0,19,203,253,253,254,253,46,0,0,0,0,0,0,0,0,0,0,0,0,0,0,0,49,229,254,182,0,0,0,0,0,0,0,0,0,0,0,0,0,0,0,0,74,253,241,27,0,0,0,0,0,0,0,0,0,0,0,0,0,0,0,5,195,253,101,0,0,0,0,0,0,0,0,0,0,0,0,0,0,0,0,47,253,253,0,0,0,0,0,0,0,0,0,0,0,0,0,0,0,0,0,72,254,228,0,0,0,0,0,0,0,0,0,0,0,0,0,0,0,0,0,189,253,111,0,0,0,0,0,0,0,0,0,0,0,9
0,0,0,0,0,0,0,0,0,0,0,0,0,0,0,0,0,0,0,0,0,0,0,0,0,0,0,0,0,0,0,0,0,0,0,0,0,0,0,0,0,0,0,0,0,0,0,0,0,0,0,0,0,0,0,0,0,0,0,0,0,0,0,0,0,0,0,0,15,126,184,254,254,254,164,0,0,0,0,0,0,0,0,0,0,0,16,146,249,254,253,233,235,251,245,28,0,0,0,0,0,0,0,0,33,118,230,253,208,176,117,18,21,173,249,59,0,0,0,0,0,0,0,65,219,253,241,101,2,0,0,0,0,203,254,187,0,0,0,0,0,0,0,183,254,183,27,0,0,0,0,0,40,247,254,221,0,0,0,0,0,0,94,254,154,0,0,0,0,0,0,0,114,254,255,217,0,0,0,0,0,0,202,253,45,0,0,0,0,0,0,56,206,253,254,142,0,0,0,0,0,0,222,253,15,0,0,0,45,53,152,230,253,253,251,66,0,0,0,0,0,0,222,253,202,142,157,197,251,254,253,201,200,253,218,0,0,0,0,0,0,0,147,253,254,253,253,253,253,224,105,3,119,253,158,0,0,0,0,0,0,0,0,50,159,158,158,115,55,0,0,0,143,254,159,0,0,0,0,0,0,0,0,0,0,0,0,0,0,0,0,0,202,253,158,0,0,0,0,0,0,0,0,0,0,0,0,0,0,0,0,9,228,253,95,0,0,0,0,0,0,0,0,0,0,0,0,0,0,0,0,36,245,253,30,0,0,0,0,0,0,0,0,0,0,0,0,0,0,0,0,0,222,253,5,0,0,0,0,0,0,0,0,0,0,0,0,0,0,0,0,33,244,254,0,0,0,0,0,0,0,0,0,0,0,0,0,0,0,0,0,48,253,183,0,0,0,0,0,0,9
0,0,0,0,0,0,0,0,0,0,0,0,0,0,0,0,0,0,0,0,0,0,0,0,0,0,0,0,0,0,0,31,132,254,151,0,0,0,0,0,0,0,0,0,0,0,0,0,0,0,41,233,252,253,111,0,0,0,0,0,0,0,0,0,0,0,0,0,0,72,253,254,253,193,152,234,112,0,0,0,0,0,0,0,0,0,0,0,123,233,252,213,252,253,252,253,252,183,20,0,0,0,0,0,0,0,0,113,253,254,172,214,253,254,213,214,253,255,112,0,0,0,0,0,0,0,41,233,252,172,51,253,252,131,10,10,91,253,232,0,0,0,0,0,0,11,213,254,192,0,163,254,172,0,0,0,0,254,253,0,0,0,0,0,0,92,252,233,50,41,243,253,50,0,0,0,0,253,252,0,0,0,0,0,21,254,253,102,0,0,183,254,71,0,0,0,21,254,253,0,0,0,0,0,142,253,252,20,0,0,61,253,232,0,0,0,102,253,171,0,0,0,0,52,253,254,91,0,0,0,0,0,0,0,0,31,233,254,50,0,0,0,0,132,252,213,10,0,0,0,0,0,0,0,0,92,252,233,30,0,0,0,0,254,253,82,0,0,0,0,0,0,0,0,62,254,253,41,0,0,0,0,0,253,252,0,0,0,0,0,0,0,0,82,223,253,130,0,0,0,0,0,0,254,253,0,0,0,0,0,0,0,41,214,253,183,0,0,0,0,0,0,0,253,252,0,0,0,0,0,0,82,243,253,212,20,0,0,0,0,0,0,0,255,253,0,0,0,0,11,132,254,253,163,20,0,0,0,0,0,0,0,0,213,252,82,0,62,142,213,252,253,171,20,0,0,0,0,0,0,0,0,0,92,253,255,253,254,253,254,213,82,0,0,0,0,0,0,0,0,0
0,0,0,0,0,0,0,0,21,51,51,152,152,254,172,152,71,0,0,0,0,0,0,0,0,0,0,82,223,253,252,253,252,151,151,213,212,0,0,0,0,0,0,0,0,0,21,254,253,183,102,0,0,0,0,0,0,0,0,0,0,0,0,0,0,0,183,253,171,0,0,0,0,0,0,0,0,0,0,0,0,0,0,0,0,11,213,254,50,0,0,0,0,0,0,0,0,0,0,0,0,0,0,0,0,92,252,172,10,0,0,0,0,0,0,0,0,0,0,0,0,0,0,0,21,254,253,41,0,0,0,0,0,0,0,0,0,0,0,0,0,0,0,0,183,253,130,0,0,0,0,0,0,0,0,0,0,0,0,0,0,0,0,51,253,254,50,0,0,0,0,0,0,0,0,0,0,0,0,0,0,0,0,51,252,233,112,102,61,0,0,0,0,0,0,0,0,0,0,0,0,0,0,0,123,234,213,234,253,254,213,152,71,41,0,0,0,0,0,0,0,0,0,0,0,30,10,30,50,50,91,151,232,243,162,82,0,0,0,0,0,0,0,0,0,0,0,0,0,0,0,0,0,62,142,234,213,41,0,0,0,0,0,0,0,0,0,0,0,0,0,0,0,0,0,71,252,243,40,0,0,0,0,0,0,0,0,0,0,0,0,0,0,0,0,0,82,254,112,0,0,0,0,0,0,0,0,0,0,0,0,0,0,0,0,0,82,253,151,0,0,0,0,0,0,31,10,0,0,0,0,0,0,0,0,92,253,255,91,0,0,0,0,0,82,233,50,0,0,0,0,21,102,102,183,253,252,131,10,0,0,0,0,113,253,234,152,152,152,254,253,254,253,254,233,183,61,0,0,0,0,0,0,71,252,253,171,172,171,151,151,151,70,50,30,0,0,0,0,0,5
0,0,0,0,0,0,0,0,0,0,0,0,0,0,0,0,0,0,0,0,0,0,0,0,0,0,0,0,0,0,0,0,0,0,0,0,0,9,201,222,0,0,0,0,0,0,0,0,0,0,0,0,0,0,0,0,6,146,254,196,0,0,0,0,0,0,0,0,0,85,117,38,0,0,0,0,72,254,254,193,0,0,0,0,0,0,0,0,18,228,254,71,0,0,0,51,247,254,249,35,0,0,0,0,0,0,0,0,101,252,254,136,0,0,7,169,254,251,95,0,0,0,0,0,0,0,0,0,188,254,254,73,0,0,77,254,254,212,0,0,0,0,0,0,0,0,14,183,252,254,156,5,0,57,240,254,215,48,0,0,0,0,0,0,0,31,159,254,254,227,80,0,25,194,254,250,101,0,0,0,0,0,0,0,13,171,254,254,237,64,0,0,92,254,254,187,0,0,0,0,0,0,0,28,189,254,254,254,237,135,130,172,235,254,246,68,0,0,0,0,0,0,39,236,254,254,254,254,254,254,254,254,254,254,254,159,0,0,0,0,0,12,220,254,254,254,254,254,254,254,254,254,254,239,202,43,0,0,0,0,0,45,253,254,254,254,237,205,214,250,254,254,209,46,0,0,0,0,0,0,0,29,252,229,205,91,24,0,50,247,254,242,80,0,0,0,0,0,0,0,0,0,60,2,0,0,0,5,148,254,251,119,0,0,0,0,0,0,0,0,0,0,0,0,0,0,0,92,254,254,182,0,0,0,0,0,0,0,0,0,0,0,0,0,0,0,4,178,254,248,83,0,0,0,0,0,0,0,0,0,0,0,0,0,0,0,97,254,253,117,0,0,0,0,0,0,0,0,0,0,0,0,0,0,0,53,241,254,221,14,0,0,0,0,0,0,0,0,0,0,4
0,0,0,0,0,0,162,254,254,45,0,0,0,0,0,0,0,0,0,0,0,0,0,0,0,49,240,253,253,141,118,118,118,33,0,0,0,0,0,0,0,0,0,0,0,229,253,253,253,253,253,253,253,245,150,37,0,0,0,0,0,0,0,0,46,242,253,253,98,235,253,253,253,253,253,221,92,0,0,0,0,0,0,0,161,253,253,171,4,21,25,25,56,155,223,253,250,137,0,0,0,0,0,104,252,253,253,115,0,0,0,0,0,0,113,223,253,250,137,0,0,0,0,118,253,253,170,5,0,0,0,0,0,0,0,46,223,253,250,137,0,0,0,158,253,253,155,0,0,0,0,0,0,0,0,0,46,223,253,251,0,0,36,249,253,253,52,0,0,0,0,0,0,0,0,0,0,120,253,253,0,0,225,253,253,253,25,0,0,0,0,0,0,0,0,0,0,6,173,253,0,0,254,253,253,175,7,0,0,0,0,0,0,0,0,0,0,0,121,253,0,0,254,253,253,55,0,0,0,0,0,0,0,0,0,0,0,0,20,253,0,0,255,253,253,19,0,0,0,0,0,0,0,0,0,0,0,0,20,253,0,0,254,253,253,19,0,0,0,0,0,0,0,0,0,0,0,0,108,253,0,0,238,253,253,36,0,0,0,0,0,0,0,0,0,0,5,114,216,253,0,0,125,253,253,213,29,0,0,0,0,0,0,0,0,25,169,253,253,252,0,0,51,240,253,253,163,20,14,7,4,6,20,20,111,166,253,253,231,98,0,0,0,112,246,253,253,253,216,177,165,172,253,253,253,253,252,159,45,0,0,0,0,0,51,237,253,253,253,253,253,253,253,253,249,226,102,0,0,0,0,0,0,0,0,0,111,170,253,253,253,253,223,123,38,0,0,0,0,0,0
0,0,0,0,0,0,0,0,0,0,0,0,0,0,0,0,0,0,0,0,0,0,0,0,0,0,0,0,0,0,0,0,0,0,0,0,0,21,92,92,0,0,0,0,0,0,0,0,0,0,0,0,0,0,0,3,17,178,254,254,0,0,0,0,0,0,0,0,0,0,0,0,0,0,0,42,254,254,254,254,0,0,0,0,0,0,0,0,0,0,0,0,0,20,198,207,254,254,254,175,0,0,0,0,0,0,0,0,0,0,0,0,0,106,254,254,254,226,130,8,0,0,0,0,0,0,0,0,0,0,0,7,215,244,254,254,229,158,0,0,0,0,0,0,0,0,0,0,0,0,46,144,254,254,254,232,55,0,0,0,0,0,0,0,0,0,0,0,0,41,235,254,254,254,224,158,0,0,0,0,0,0,0,0,0,0,0,0,143,217,254,254,254,239,54,0,0,0,0,0,0,0,0,0,0,0,0,46,239,254,254,252,108,6,0,0,0,0,0,0,0,0,0,0,0,0,146,218,254,254,252,238,0,0,0,0,0,0,0,0,0,0,0,0,0,49,230,254,254,254,108,0,0,0,0,0,0,0,0,0,0,0,0,0,148,221,254,254,248,128,2,0,0,0,0,0,0,0,0,0,0,0,0,49,224,254,254,254,114,0,0,0,0,0,0,0,0,0,0,0,0,0,41,227,254,254,254,140,5,0,0,0,0,0,0,0,0,0,0,0,0,0,182,254,254,254,143,55,0,0,0,0,0,0,0,0,0,0,0,0,0,80,246,254,247,117,5,0,0,0,0,0,0,0,0,0,0,0,0,0,0,187,254,254,126,0,0,0,0,0,0,0,0,0,0,0,0,0,0,0,0,181,180,111,4,0,0,0,0,0,0,0,0,0,0,0,0,0,0,0,1
0,0,0,0,0,0,0,0,0,0,0,0,0,0,0,0,0,0,0,0,0,0,0,0,0,0,0,0,0,0,0,0,0,0,0,0,0,0,0,0,0,0,0,0,0,1,89,106,2,68,134,255,154,191,24,1,0,0,0,0,0,0,0,0,0,18,138,226,162,253,250,241,251,253,253,97,0,0,0,0,0,0,0,0,0,0,95,219,253,209,81,0,196,253,253,210,14,0,0,0,0,0,0,0,0,35,218,253,208,28,0,0,34,216,253,253,24,0,0,0,0,0,0,0,35,218,253,223,29,0,0,0,0,103,253,192,10,0,0,0,0,0,0,4,169,253,253,125,0,0,0,0,70,238,253,217,16,0,0,0,0,0,0,25,253,253,224,27,0,0,0,13,213,253,253,236,20,0,0,0,0,0,0,111,253,253,125,0,0,0,14,170,253,253,253,154,0,0,0,0,0,0,0,149,253,253,114,0,0,14,110,253,253,253,253,127,0,0,0,0,0,0,0,119,253,253,242,162,63,170,253,253,253,253,253,30,0,0,0,0,0,0,0,6,145,253,253,253,253,203,151,212,253,253,253,30,0,0,0,0,0,0,0,0,7,74,179,154,55,15,21,215,253,253,180,7,0,0,0,0,0,0,0,0,0,0,0,0,0,0,69,253,253,253,121,0,0,0,0,0,0,0,0,0,0,0,0,0,0,0,69,253,253,253,37,0,0,0,0,0,0,0,0,0,0,0,0,0,0,0,69,253,253,253,37,0,0,0,0,0,0,0,0,0,0,0,0,0,0,0,69,253,253,253,37,0,0,0,0,0,0,0,0,0,0,0,0,0,0,0,69,253,253,253,37,0,0,0,0,0,0,0,0,0,0,0,0,0,0,0,69,253,253,253,37,0,0,0,0,0,9
0,0,0,0,0,0,0,0,0,0,0,0,0,0,0,0,0,0,0,0,0,0,0,0,0,0,0,0,0,25,130,159,254,254,254,182,46,0,0,0,0,0,0,0,0,0,0,86,177,234,253,254,236,187,222,253,227,122,0,0,0,0,0,0,0,0,118,231,253,253,253,140,32,0,23,181,253,247,39,0,0,0,0,0,0,39,228,253,230,121,25,0,0,0,0,31,225,253,99,0,0,0,0,0,15,223,253,253,136,0,0,0,0,0,0,0,199,246,35,0,0,0,0,0,61,253,253,253,137,0,0,0,0,0,0,0,199,242,0,0,0,0,0,0,234,253,253,253,209,0,0,0,0,0,0,56,249,242,0,0,0,0,0,62,250,244,161,250,236,60,0,0,0,0,0,166,253,223,0,0,0,0,0,100,253,117,0,198,253,200,10,0,0,0,51,231,253,99,0,0,0,0,0,57,133,12,0,74,253,253,81,0,0,44,234,253,128,3,0,0,0,0,0,0,0,0,0,5,184,254,254,15,53,236,254,160,24,0,0,0,0,0,0,0,0,0,0,0,45,253,253,211,230,253,180,27,0,0,0,0,0,0,0,0,0,0,0,0,27,228,253,254,227,111,2,0,0,0,0,0,0,0,0,0,0,0,0,0,53,251,253,254,129,0,0,0,0,0,0,0,0,0,0,0,0,0,0,8,219,253,253,254,101,0,0,0,0,0,0,0,0,0,0,0,0,0,0,99,253,154,189,254,187,0,0,0,0,0,0,0,0,0,0,0,0,0,0,175,232,34,116,254,187,0,0,0,0,0,0,0,0,0,0,0,0,0,0,232,217,12,221,255,187,0,0,0,0,0,0,0,0,0,0,0,0,0,0,150,253,171,231,254,153,0,0,0,0,0,0,0,8
0,0,0,0,0,0,0,0,0,0,0,0,0,0,0,0,0,0,0,0,0,0,0,0,0,0,0,0,0,5,92,219,192,0,0,0,0,3,164,254,0,0,0,0,0,0,0,8,92,214,253,244,212,30,0,0,5,162,253,248,0,0,0,0,0,0,15,210,253,250,149,33,0,0,0,46,181,253,246,77,0,0,0,0,0,15,109,253,219,87,0,0,0,0,57,182,253,232,79,0,0,0,0,0,0,143,253,219,36,0,0,0,0,42,232,253,243,32,0,0,0,0,0,0,0,143,241,73,14,0,0,0,58,186,253,183,61,0,0,0,0,0,0,0,0,122,253,253,199,167,167,107,231,253,183,17,0,0,0,0,0,0,0,0,0,6,152,203,203,203,238,253,253,206,18,0,0,0,0,0,0,0,0,0,0,0,0,0,0,0,114,253,253,185,0,0,0,0,0,0,0,0,0,0,0,0,0,0,0,33,232,253,253,185,0,0,0,0,0,0,0,0,0,0,0,0,0,0,11,161,253,159,253,185,0,0,0,0,0,0,0,0,0,0,0,0,0,0,134,253,214,169,253,148,0,0,0,0,0,0,0,0,0,0,0,0,0,26,236,218,39,180,253,61,0,0,0,0,0,0,0,0,0,0,0,0,21,216,240,78,42,241,201,11,0,0,0,0,0,0,0,0,0,0,0,0,131,253,110,17,185,253,85,0,0,0,0,0,0,0,0,0,0,0,0,8,190,253,93,93,253,155,8,0,0,0,0,0,0,0,0,0,0,0,0,19,253,240,139,245,253,74,0,0,0,0,0,0,0,0,0,0,0,0,0,19,253,251,247,253,152,6,0,0,0,0,0,0,0,0,0,0,0,0,0,19,253,253,253,212,4,0,0,0,0,0,0,0,0,0,8
0,0,0,0,0,0,0,0,0,0,0,0,0,0,0,0,0,0,0,0,0,0,0,0,0,0,0,0,0,137,253,255,135,0,0,0,0,0,0,0,0,0,0,0,0,0,0,0,37,189,251,253,188,36,0,0,0,0,0,0,0,0,0,0,0,0,0,0,78,251,251,253,251,76,0,0,0,0,0,0,0,0,0,0,0,0,0,0,6,144,251,253,251,76,0,0,0,0,0,0,0,0,0,0,0,0,0,0,31,180,251,253,251,76,0,0,0,0,0,0,0,0,0,0,0,0,0,0,30,179,251,253,251,76,0,0,0,0,0,0,0,0,0,0,0,0,0,0,7,145,251,253,251,76,0,0,0,0,0,0,0,0,0,0,0,0,0,0,78,251,251,253,251,76,0,0,0,0,0,0,0,0,0,0,0,0,0,0,78,251,251,253,251,76,0,0,0,0,0,0,0,0,0,0,0,0,0,0,78,251,251,253,251,76,0,0,0,0,0,0,0,0,0,0,0,0,0,0,79,253,253,255,253,77,0,0,0,0,0,0,0,0,0,0,0,0,0,0,78,251,251,253,251,76,0,0,0,0,0,0,0,0,0,0,0,0,0,0,78,251,251,253,251,76,0,0,0,0,0,0,0,0,0,0,0,0,0,0,78,251,251,253,232,65,0,0,0,0,0,0,0,0,0,0,0,0,0,0,78,251,251,253,134,0,0,0,0,0,0,0,0,0,0,0,0,0,0,0,78,251,251,253,134,0,0,0,0,0,0,0,0,0,0,0,0,0,0,0,78,251,251,253,134,0,0,0,0,0,0,0,0,0,0,0,0,0,0,0,78,251,251,253,134,0,0,0,0,0,0,0,0,0,0,0,0,0,0,0,78,251,251,253,134,0,0,0,0,0,0,0,1
0,0,0,0,0,0,0,0,0,0,0,10,179,242,110,0,0,79,10,0,0,0,0,0,0,0,0,0,0,0,38,197,252,253,171,0,0,253,159,0,0,0,0,0,0,0,0,0,0,60,209,252,252,253,84,0,0,216,240,44,0,0,0,0,0,0,0,0,0,191,252,252,252,178,9,0,0,191,252,56,0,0,0,0,0,0,0,10,229,255,253,244,25,0,0,0,13,255,253,56,0,0,0,0,0,0,13,172,252,253,214,56,0,0,0,0,138,253,240,43,0,0,0,0,0,0,95,252,252,244,81,0,0,0,0,0,225,253,196,0,0,0,0,0,0,76,243,252,252,75,0,0,0,0,0,38,237,253,196,0,0,0,0,0,13,204,253,244,25,0,0,0,0,0,7,154,253,251,75,0,0,0,0,0,188,253,240,81,0,0,0,0,0,0,57,252,252,200,0,0,0,0,0,0,225,253,196,0,0,0,0,0,0,10,172,252,252,113,0,0,0,0,0,76,249,241,59,0,0,0,0,0,0,179,252,252,202,13,0,0,0,0,7,154,253,214,0,0,0,0,0,10,179,254,253,253,28,0,0,0,0,0,57,252,252,113,0,0,0,0,13,123,252,253,240,158,9,0,0,0,0,0,57,252,252,25,0,0,0,48,123,252,252,253,158,0,0,0,0,0,0,0,157,252,202,0,0,0,101,241,252,252,252,178,9,0,0,0,0,0,0,0,170,253,153,29,104,229,253,254,253,244,125,0,0,0,0,0,0,0,0,0,169,252,252,253,252,252,252,247,171,56,0,0,0,0,0,0,0,0,0,0,82,252,252,253,252,252,214,100,0,0,0,0,0,0,0,0,0,0,0,0,32,177,252,253,227,139,28,0,0,0,0,0,0,0,0,0,0,0,0
0,0,0,0,0,0,0,0,0,0,0,0,0,0,0,0,0,0,0,0,0,0,0,0,0,0,0,0,0,0,0,0,1,144,192,0,0,0,0,0,0,0,0,0,0,0,0,0,0,0,0,0,88,254,192,0,0,0,0,0,0,0,0,0,0,0,0,0,0,0,0,3,223,254,192,0,0,0,0,0,0,0,0,0,0,0,0,0,0,0,4,50,252,254,153,0,0,0,0,0,0,0,0,0,0,0,0,0,0,0,47,198,246,254,94,0,0,0,0,0,0,0,0,0,0,0,0,0,0,0,48,242,254,235,58,0,0,0,0,0,0,0,0,0,0,0,0,0,0,5,203,195,254,199,6,0,0,0,0,0,0,0,0,0,0,0,0,0,0,34,74,222,255,47,0,0,0,0,0,0,0,0,0,0,0,0,0,0,0,17,87,254,216,15,0,0,0,0,0,0,0,0,0,0,0,0,0,0,0,0,198,246,43,0,0,0,0,0,0,0,0,0,0,0,0,0,0,0,0,78,248,204,0,0,0,0,0,0,0,0,0,0,0,0,0,0,0,0,0,197,245,82,0,0,0,0,0,0,0,0,0,0,0,0,0,0,0,0,51,249,190,0,0,0,0,0,0,0,0,0,0,0,0,0,0,0,0,8,207,245,42,0,0,0,0,0,0,0,0,0,0,0,0,0,0,0,0,103,254,144,0,0,0,0,0,0,0,0,0,0,0,0,0,0,0,0,0,201,245,34,0,0,0,0,0,0,0,0,0,0,0,0,0,0,0,0,103,251,88,0,0,0,0,0,0,0,0,0,0,0,0,0,0,0,0,0,197,234,19,0,0,0,0,0,0,0,0,0,0,0,0,0,0,0,0,51,253,87,0,0,0,0,0,0,0,0,0,0,0,0,1
0,0,0,0,0,0,0,0,0,0,0,0,0,0,0,0,0,0,0,0,0,0,0,6,32,0,0,0,0,0,0,0,0,0,214,0,0,0,0,0,0,0,0,118,126,0,0,0,0,0,0,0,0,32,197,0,0,0,0,0,0,0,0,118,162,0,0,0,0,0,0,0,0,78,246,0,0,0,0,0,0,0,0,118,215,7,0,0,0,0,0,0,0,78,246,0,0,0,0,0,0,0,0,47,254,32,0,0,0,0,0,0,0,10,244,0,0,0,0,0,0,0,0,37,255,32,0,0,0,0,0,0,0,0,243,0,0,0,0,0,0,0,0,64,254,32,0,0,0,0,0,0,0,0,251,71,0,0,0,0,0,0,0,87,254,32,0,0,0,0,0,0,0,0,251,129,0,0,0,0,0,0,0,37,254,67,0,0,0,0,0,0,0,0,190,153,0,0,0,0,0,0,0,37,255,88,0,0,0,0,0,0,0,0,170,153,0,0,0,0,0,0,0,6,217,113,0,0,0,0,0,0,0,0,170,153,0,0,0,0,0,0,0,0,211,113,0,0,0,0,0,0,38,116,167,174,0,0,0,0,0,0,0,0,111,227,37,0,55,137,197,239,228,128,152,247,162,57,0,0,0,0,0,0,1,88,252,249,245,186,102,42,3,0,4,206,62,0,0,0,0,0,0,0,0,0,67,49,0,0,0,0,0,0,0,182,147,0,0,0,0,0,0,0,0,0,0,0,0,0,0,0,0,0,0,172,222,0,0,0,0,0,0,0,0,0,0,0,0,0,0,0,0,0,0,62,228,9,0,0,0,0,0,0,0,0,0,0,0,0,0,0,0,0,0,21,254,48,0,0,0,0,0,0,0,0,0,0,0,0,0,0,0,0,0,2,200,118,0,0,4
0,0,0,0,0,0,0,0,0,29,254,255,254,177,22,0,0,0,0,0,0,0,0,0,0,0,0,0,0,128,253,253,253,253,171,108,0,0,0,0,0,0,0,0,0,0,0,4,123,245,253,253,253,253,253,242,198,65,8,0,0,0,0,0,0,0,6,135,253,253,253,253,253,253,253,253,253,253,196,0,0,0,0,0,0,80,149,253,253,253,253,253,231,169,253,253,253,253,228,73,0,0,0,0,6,149,253,253,253,253,253,241,59,19,46,225,253,253,253,231,0,0,0,4,135,253,253,253,253,243,168,62,0,0,0,111,253,253,253,253,0,0,0,10,253,253,253,253,253,224,0,0,0,0,102,246,253,253,253,253,0,0,0,171,253,253,253,243,113,32,0,0,0,12,179,253,253,253,253,147,0,0,50,218,253,253,246,106,0,0,0,0,15,159,253,253,253,253,231,82,0,42,208,253,253,253,234,0,0,0,0,0,157,253,253,253,253,253,196,0,0,95,253,253,253,231,59,0,0,0,15,38,230,253,253,253,236,215,27,0,0,254,253,253,253,112,0,0,0,12,159,253,253,253,253,253,139,0,0,0,0,254,253,253,253,112,0,0,0,29,253,253,253,253,253,221,46,0,0,0,0,254,253,253,182,8,0,16,159,238,253,253,253,253,221,27,0,0,0,0,0,254,253,253,211,114,114,160,253,253,253,253,253,206,46,0,0,0,0,0,0,255,253,253,253,253,253,253,253,253,253,253,93,44,0,0,0,0,0,0,0,212,253,253,253,253,253,253,253,246,196,77,1,0,0,0,0,0,0,0,0,35,194,253,253,253,253,253,179,116,0,0,0,0,0,0,0,0,0,0,0,0,34,212,253,253,239,65,26,0,0,0,0,0,0,0,0,0,0,0,0
0,0,0,0,0,0,0,0,0,0,0,0,0,0,0,0,0,0,0,0,0,0,0,0,0,0,0,0,0,0,0,0,0,0,0,0,0,11,18,18,0,0,0,0,0,0,0,0,0,0,0,0,0,11,36,143,154,212,253,253,0,0,0,0,0,0,0,0,0,0,5,54,136,196,253,253,253,253,253,253,0,0,0,0,0,0,0,25,72,37,113,253,253,253,253,253,250,182,182,182,0,0,0,0,0,0,59,223,253,231,233,253,253,253,134,47,45,0,0,0,0,0,0,0,0,23,203,253,253,253,253,253,178,56,5,0,0,0,0,0,0,0,0,1,40,245,253,251,247,131,11,11,4,0,0,0,0,0,0,0,0,0,0,74,253,253,253,110,0,0,0,0,0,0,0,0,0,0,0,0,0,0,0,38,253,253,253,220,55,155,90,0,0,0,0,0,0,0,0,0,0,0,0,50,202,253,253,253,253,253,246,94,0,0,0,0,0,0,0,0,0,0,0,0,81,228,253,253,253,253,253,224,60,0,0,0,0,0,0,0,0,0,0,0,0,28,41,41,41,153,212,253,244,49,0,0,0,0,0,0,0,0,0,0,0,0,0,0,0,0,142,253,253,59,0,0,0,0,0,0,0,0,0,133,177,43,0,0,0,3,194,253,226,31,0,0,0,0,0,0,0,0,0,205,237,44,0,0,0,3,194,253,226,31,0,0,0,0,0,0,0,0,0,255,253,169,12,0,0,24,163,253,253,59,0,0,0,0,0,0,0,0,0,224,253,253,168,162,183,218,253,253,155,17,0,0,0,0,0,0,0,0,0,98,253,253,253,253,253,253,253,220,40,0,0,0,0,0,0,0,0,0,0,3,52,221,253,253,253,251,141,29,0,0,0,0,0,0,0,0,5
0,0,0,0,0,0,0,0,0,0,0,0,0,0,0,0,0,0,0,0,0,0,0,0,0,0,0,0,0,0,0,0,0,0,0,0,0,0,0,0,0,0,0,0,0,0,0,0,0,0,0,0,0,0,0,0,0,0,0,0,0,0,0,0,0,0,0,0,0,21,51,51,51,132,173,253,203,0,0,0,0,0,0,0,0,0,0,82,163,223,253,252,253,252,253,252,223,20,0,0,0,0,0,21,72,152,173,253,254,253,254,253,224,203,254,253,142,0,0,0,0,0,21,203,253,252,253,252,151,70,50,50,20,123,253,252,61,0,0,0,0,0,21,223,255,233,41,0,0,0,0,0,31,233,254,192,0,0,0,0,0,0,0,40,50,30,0,0,0,0,0,0,92,252,253,70,0,0,0,0,0,0,0,0,0,0,0,0,0,0,0,21,214,253,142,0,0,0,0,0,0,0,0,0,0,0,0,0,0,0,0,142,253,252,20,0,0,0,0,0,0,0,0,0,0,0,0,0,0,0,113,253,254,91,0,0,0,0,0,0,0,0,0,0,0,0,0,0,0,41,233,252,172,10,0,0,0,0,0,0,0,0,0,0,0,0,0,0,0,163,254,233,0,0,0,0,0,0,0,0,0,0,0,0,0,0,0,0,82,243,253,70,0,0,0,0,0,0,0,0,0,0,0,0,0,0,0,0,214,253,183,0,0,0,0,0,0,0,0,0,0,0,0,0,0,0,0,163,253,171,20,0,0,0,0,0,0,0,0,0,0,0,0,0,0,0,31,233,244,81,0,0,0,0,0,0,0,0,0,0,0,0,0,0,0,0,213,252,122,0,0,0,0,0,0,0,0,0,0,0,0,0,0,0,0,62,255,233,41,0,0,0,0,0,0,0,0,0,0,0,7
0,0,0,0,57,224,252,250,250,250,250,0,0,0,0,0,0,0,0,0,0,0,0,0,168,250,252,250,250,250,250,0,0,0,0,0,0,0,0,0,0,0,0,85,223,250,252,250,250,250,250,0,0,0,0,0,0,0,0,0,0,0,0,127,250,250,252,250,250,250,74,0,0,0,0,0,0,0,0,0,0,0,85,252,252,252,247,210,210,70,0,0,0,0,0,0,0,0,0,0,0,15,140,250,250,250,210,0,0,0,0,0,0,0,0,0,0,0,0,0,0,43,250,250,250,250,210,0,0,0,0,0,0,0,0,0,0,0,0,0,0,43,250,250,250,250,210,0,0,0,0,0,0,85,168,168,170,112,0,0,0,43,250,250,250,250,210,0,0,0,0,0,71,230,250,250,252,237,105,0,0,36,224,252,252,252,212,0,0,0,0,78,252,252,252,252,255,252,252,83,0,0,85,250,250,250,210,0,0,0,71,252,250,250,250,250,252,250,250,83,0,0,85,250,250,250,231,84,0,0,210,252,250,250,250,250,252,250,250,83,0,0,28,167,250,250,252,223,168,56,210,252,250,250,250,250,252,250,250,195,0,0,0,127,250,250,252,250,250,223,244,252,250,250,250,250,252,250,250,250,0,0,0,0,169,252,254,252,252,252,252,255,252,252,252,252,255,252,252,252,0,0,0,0,112,237,252,250,250,250,250,252,250,250,250,250,252,250,250,250,0,0,0,0,0,105,146,250,250,250,250,252,250,250,250,250,252,250,250,165,0,0,0,0,0,0,14,138,250,250,250,252,250,250,250,250,252,250,165,27,0,0,0,0,0,0,0,14,41,41,41,252,250,250,250,250,41,41,20,0,0,0,0,0,0,0,0,0,0,0,0,0,0,0,0,0,0,0,0,0,6
0,0,0,0,0,0,0,0,0,0,0,0,0,0,0,0,0,0,0,0,0,0,0,0,0,1,57,227,254,254,254,255,185,31,0,0,0,0,0,0,0,0,0,0,0,38,253,253,253,253,253,253,253,86,0,0,0,0,0,0,0,0,0,0,2,209,253,168,43,32,69,240,253,242,65,0,0,0,0,0,0,0,0,0,31,235,253,65,0,0,0,7,171,244,232,0,0,0,0,0,0,0,0,0,0,187,253,99,0,0,0,0,0,120,232,0,0,0,0,0,0,0,0,0,0,110,253,245,29,0,0,0,0,10,24,0,0,0,0,0,0,0,0,0,0,6,253,253,134,0,0,0,0,0,0,0,0,47,77,157,0,0,0,0,0,2,175,253,221,34,0,0,0,32,87,113,195,251,253,253,0,0,0,0,0,0,31,222,253,149,0,8,110,240,253,253,240,179,102,21,0,0,0,0,0,0,0,166,253,236,162,207,253,253,216,92,18,0,0,0,0,0,0,0,0,0,0,18,193,253,253,253,234,123,26,0,0,0,0,0,0,0,0,0,0,0,0,52,234,253,253,245,51,0,0,0,0,0,0,0,0,0,0,0,0,0,29,232,253,253,253,237,0,0,0,0,0,0,0,0,0,0,0,42,0,3,170,253,253,253,253,250,75,0,0,0,0,0,0,0,0,0,0,5,0,6,253,253,185,57,253,253,92,0,0,0,0,0,0,0,0,0,0,0,0,80,253,253,107,28,228,253,92,0,0,0,0,0,0,0,0,0,0,0,0,204,253,253,27,49,253,253,92,0,0,0,0,0,0,0,0,0,0,0,0,102,253,253,107,162,253,251,80,0,0,0,0,0,0,0,0,0,0,0,0,6,253,253,253,253,253,130,0,0,0,0,0,0,0,0,8
0,0,0,0,0,0,0,0,0,0,0,0,172,253,207,13,0,0,0,0,0,0,0,0,0,0,0,0,0,0,12,154,245,245,86,0,0,0,0,0,0,0,0,0,0,0,0,0,0,0,163,253,253,112,0,0,0,0,0,0,0,0,0,0,0,0,0,0,0,27,189,254,217,0,0,0,0,0,0,0,0,0,0,0,0,0,0,0,63,183,254,221,60,0,0,0,0,0,0,0,0,0,0,0,0,0,0,32,213,253,204,67,0,0,0,0,0,0,0,0,0,0,0,0,0,0,0,198,253,246,52,0,0,0,0,0,0,0,0,0,0,0,0,0,0,0,40,243,253,98,0,0,0,0,0,0,0,0,0,0,0,0,0,0,0,21,209,254,151,27,27,0,0,32,47,0,0,0,0,0,0,0,0,0,0,47,247,253,200,216,216,113,158,243,247,236,36,0,0,0,0,0,0,0,0,163,253,253,253,253,254,253,253,253,253,254,193,6,0,0,0,0,3,97,199,254,253,253,253,253,254,253,237,196,144,215,210,8,0,0,0,0,37,253,253,254,253,253,253,253,228,111,11,0,0,163,198,0,0,0,0,0,37,254,254,255,254,230,219,202,33,0,0,0,27,222,199,0,0,0,0,0,29,241,253,254,253,132,180,92,0,0,8,127,216,254,133,0,0,0,0,0,0,100,127,241,253,235,233,207,160,146,222,253,253,254,108,0,0,0,0,0,0,0,0,156,253,253,253,253,254,253,253,245,235,87,4,0,0,0,0,0,0,0,0,21,92,162,233,253,254,201,85,41,0,0,0,0,0,0,0,0,0,0,0,0,0,0,0,0,0,0,0,0,0,0,0,0,0,0,0,0,0,0,0,0,0,0,0,0,0,0,0,0,0,0,0,0,0,0,6
0,0,0,0,0,0,0,0,0,0,0,0,0,0,0,0,0,0,0,0,0,0,0,0,0,0,0,0,0,0,12,69,158,158,198,255,167,60,0,0,0,0,0,0,0,0,0,7,73,156,227,254,254,227,225,233,254,236,0,0,0,0,0,0,0,0,32,161,254,254,236,157,67,5,0,73,254,214,0,0,0,0,0,0,0,95,224,254,205,128,9,0,0,0,28,182,245,82,0,0,0,0,0,0,176,248,203,114,7,0,0,0,0,5,156,254,160,0,0,0,0,0,0,0,250,134,20,0,0,0,0,0,0,113,254,202,7,0,0,0,0,0,0,0,9,2,0,0,0,0,0,0,66,243,228,39,0,0,0,0,0,0,0,0,0,0,0,0,0,0,0,58,209,243,101,0,0,0,0,0,0,0,0,0,0,0,0,0,0,0,16,222,254,84,0,0,0,0,0,0,0,0,0,0,0,0,0,0,0,16,232,209,45,1,0,0,0,0,0,0,0,0,0,0,0,0,0,0,22,222,185,27,0,0,0,0,0,0,0,0,0,0,0,0,0,0,0,37,209,229,10,0,0,0,0,0,0,0,0,0,0,0,0,0,0,0,15,160,243,42,0,0,0,0,0,0,0,0,0,0,0,0,0,0,0,1,129,252,117,0,0,0,0,0,0,0,0,0,0,0,0,0,0,0,0,88,254,173,0,0,0,0,0,0,0,0,0,0,0,0,0,0,0,0,9,213,208,13,0,0,0,0,0,0,0,0,0,0,0,0,0,0,0,0,97,253,128,0,0,0,0,0,0,0,0,0,0,0,0,0,0,0,0,0,153,236,19,0,0,22,68,68,68,68,40,0,0,0,0,0,0,0,0,0,133,249,233,226,226,235,254,254,254,248,235,149,0,0,0,0,2
0,0,0,0,0,0,0,0,0,0,0,0,0,0,0,0,0,0,0,0,0,0,0,0,0,0,0,41,51,31,31,51,254,252,252,252,254,171,51,10,0,0,0,0,0,41,102,221,252,190,191,250,252,250,250,250,252,250,250,49,0,0,0,0,31,191,250,250,252,250,250,250,100,100,100,100,130,250,250,49,0,0,0,0,213,250,250,250,252,169,49,49,0,0,0,0,51,250,250,211,0,0,31,213,254,252,252,212,0,0,0,0,0,0,0,0,52,252,252,212,0,0,151,250,252,250,189,29,0,0,0,0,0,0,0,0,51,250,250,130,0,0,151,250,252,189,40,0,0,0,0,0,0,0,0,0,51,250,250,250,0,82,231,250,212,29,0,0,0,0,0,0,0,0,0,0,51,250,250,250,11,132,252,252,203,0,0,0,0,0,0,0,0,0,0,0,52,252,252,252,132,250,250,250,121,0,0,0,0,0,0,0,0,0,0,0,51,250,250,250,252,250,250,250,0,0,0,0,0,0,0,0,0,0,0,0,51,250,250,250,252,250,250,88,0,0,0,0,0,0,0,0,0,0,0,0,51,250,250,88,254,252,252,252,41,0,0,0,0,0,0,0,0,0,0,41,254,252,252,49,252,250,250,250,202,0,0,0,0,0,0,0,0,0,0,202,252,250,250,49,130,250,250,250,232,151,60,0,0,0,0,0,0,0,92,231,252,250,159,20,10,49,170,250,252,250,221,40,0,0,0,0,41,202,231,250,252,169,20,0,0,0,123,243,255,252,252,252,254,252,252,252,254,252,252,252,163,0,0,0,0,0,0,121,171,250,250,250,252,250,250,250,252,250,250,169,0,0,0,0,0,0,0,0,20,160,250,250,252,250,250,250,222,100,100,20,0,0,0,0,0
0,0,0,0,0,0,0,0,0,0,0,0,0,0,0,0,0,0,0,0,0,0,0,0,0,0,0,0,0,0,0,0,0,0,0,0,0,0,0,0,0,0,0,0,0,0,0,0,0,0,0,0,0,0,0,0,0,0,0,0,0,0,0,0,0,0,0,0,1,18,88,159,244,255,234,149,7,0,0,0,0,0,0,0,0,0,1,20,170,254,247,201,90,126,217,254,70,0,0,0,0,0,0,7,25,6,123,248,161,75,12,0,0,0,119,176,6,0,0,0,0,0,0,5,20,173,254,83,0,0,0,0,0,0,183,254,49,0,0,0,0,0,0,2,150,252,159,36,0,0,0,5,67,178,247,248,37,0,0,0,0,0,0,89,254,201,19,12,9,39,109,164,254,254,247,87,0,0,0,0,0,0,0,108,246,229,196,223,216,254,248,153,230,254,154,0,0,0,0,0,0,0,0,0,102,172,220,220,180,69,44,62,229,246,39,0,0,0,0,0,0,0,0,0,0,0,0,0,0,0,22,207,254,128,0,0,0,0,0,0,0,0,0,0,0,0,0,0,0,21,190,254,181,20,0,0,0,0,0,0,0,0,0,0,0,0,0,0,0,98,254,254,33,0,0,0,0,0,0,0,0,0,0,0,0,0,0,0,8,178,254,124,5,0,0,0,0,0,0,0,0,0,0,0,0,0,0,0,111,254,229,17,0,0,0,0,0,0,0,0,0,0,0,0,0,0,0,19,223,254,60,0,0,0,0,0,0,0,0,0,0,0,0,0,0,0,0,129,254,209,18,0,0,0,0,0,0,0,0,0,0,0,0,0,0,0,10,190,254,80,0,0,0,0,0,0,0,0,0,0,0,0,0,0,0,0,129,250,144,3,0,0,0,0,0,0,0,0,0,0,9
0,0,0,0,0,0,0,0,0,0,0,49,249,149,0,0,0,0,0,0,0,0,0,0,0,0,0,0,0,0,44,164,254,185,0,0,0,0,0,0,0,0,0,0,0,0,0,0,0,0,10,224,254,220,0,0,0,0,0,0,0,0,0,0,0,0,0,0,0,0,110,254,254,92,0,0,0,0,0,0,0,0,0,0,0,0,0,0,0,0,121,254,250,48,0,0,0,0,0,0,0,0,0,0,0,0,0,0,0,0,207,254,211,0,0,0,0,0,0,0,0,0,0,0,0,0,0,0,0,29,235,254,211,0,0,0,0,0,0,0,0,0,0,0,0,0,0,0,0,128,254,254,167,0,0,0,0,0,0,0,0,0,0,0,0,0,0,0,0,144,254,254,115,0,0,0,0,0,0,0,0,0,0,0,0,0,0,0,0,236,254,240,20,0,0,0,0,0,0,0,0,0,0,0,0,0,0,0,73,252,254,177,0,0,0,0,0,0,0,0,0,0,0,0,0,0,0,0,178,254,254,148,0,0,0,0,0,0,0,0,0,0,0,0,0,0,0,0,178,254,252,68,0,0,0,0,0,0,0,0,0,0,0,0,0,0,0,16,239,254,200,0,0,0,0,0,0,0,0,0,0,0,0,0,0,0,0,47,254,254,143,0,0,0,0,0,0,0,0,0,0,0,0,0,0,0,0,167,254,254,93,0,0,0,0,0,0,0,0,0,0,0,0,0,0,0,2,213,254,254,47,0,0,0,0,0,0,0,0,0,0,0,0,0,0,0,79,254,254,144,0,0,0,0,0,0,0,0,0,0,0,0,0,0,0,0,235,254,244,59,0,0,0,0,0,0,0,0,0,0,0,0,0,0,0,0,246,254,100,0,0,0,0,0,0,0,0,0,0,0,1
0,0,0,0,0,0,0,0,0,0,0,0,0,0,0,0,0,0,0,0,0,0,0,0,0,0,0,0,0,0,0,0,0,0,0,0,0,0,0,0,0,0,0,0,0,0,0,0,0,0,0,0,0,0,0,0,0,0,0,0,0,0,0,0,0,113,254,254,106,0,0,0,0,0,0,0,0,0,5,59,0,0,0,0,33,217,253,246,43,0,0,0,0,0,0,0,0,19,158,253,0,0,0,0,157,253,253,106,0,0,0,0,0,0,0,0,56,230,253,175,0,0,0,17,221,253,241,48,0,0,0,0,0,0,0,33,229,253,196,12,0,0,0,112,253,253,163,0,0,0,0,0,0,0,9,155,253,253,139,0,0,0,0,145,253,253,181,73,73,73,73,73,74,38,156,253,253,105,12,0,0,0,0,105,253,253,253,253,253,253,253,253,254,230,253,253,253,60,0,0,0,0,0,4,53,174,253,253,253,253,253,253,254,253,253,253,253,226,145,0,0,0,0,0,0,5,24,24,24,81,24,133,254,253,237,144,144,196,96,0,0,0,0,0,0,0,0,0,0,0,0,179,254,253,101,0,0,6,0,0,0,0,0,0,0,0,0,0,0,0,173,254,255,161,0,0,0,0,0,0,0,0,0,0,0,0,0,0,0,68,243,253,172,0,0,0,0,0,0,0,0,0,0,0,0,0,0,0,53,239,253,177,46,0,0,0,0,0,0,0,0,0,0,0,0,0,0,0,165,253,232,49,0,0,0,0,0,0,0,0,0,0,0,0,0,0,0,53,239,253,58,0,0,0,0,0,0,0,0,0,0,0,0,0,0,0,0,165,253,225,17,0,0,0,0,0,0,0,0,0,0,0,0,0,0,0,0,193,253,156,0,0,0,0,0,0,0,0,0,0,4
0,0,0,0,0,0,0,0,0,0,0,0,0,0,0,0,0,0,0,0,0,0,0,0,0,0,0,64,191,0,0,0,0,0,0,0,0,0,0,0,0,0,0,0,0,0,0,128,255,128,0,0,0,0,0,0,0,0,0,0,0,0,0,0,0,0,0,0,255,191,0,0,0,0,0,0,0,0,0,0,0,0,0,0,0,0,0,0,128,255,64,0,0,0,0,0,0,0,0,0,0,0,0,0,0,0,0,0,128,255,128,0,0,0,0,0,0,0,0,0,0,0,0,0,0,0,0,0,128,255,255,0,0,0,0,0,0,0,0,0,0,0,0,0,0,0,0,0,0,255,255,128,0,0,0,0,0,0,0,0,0,0,0,0,0,0,0,0,0,191,255,128,0,0,0,0,0,0,0,0,0,0,0,0,0,0,0,0,0,128,255,128,0,0,0,0,0,0,0,0,0,0,0,0,0,0,0,0,0,128,255,255,0,0,0,0,0,0,0,0,0,0,0,0,0,0,0,0,0,64,255,255,0,0,0,0,0,0,0,0,0,0,0,0,0,0,0,0,0,64,255,191,0,0,0,0,0,0,0,0,0,0,0,0,0,0,0,0,0,128,255,255,0,0,0,0,0,0,0,0,0,0,0,0,0,0,0,0,0,128,255,255,0,0,0,0,0,0,0,0,0,0,0,0,0,0,0,0,0,64,255,255,0,0,0,0,0,0,0,0,0,0,0,0,0,0,0,0,0,0,255,255,0,0,0,0,0,0,0,0,0,0,0,0,0,0,0,0,0,0,191,255,0,0,0,0,0,0,0,0,0,0,0,0,0,0,0,0,0,0,128,191,0,0,0,0,0,0,0,0,0,0,0,0,0,0,0,0,0,0,128,255,64,0,0,0,0,0,0,0,1
0,0,0,0,0,0,0,0,0,0,0,5,192,212,23,0,0,0,0,0,0,0,0,0,0,0,0,0,0,0,15,178,253,253,212,0,0,0,0,0,0,0,0,0,0,0,0,0,0,0,108,253,253,253,253,0,0,0,0,0,0,0,0,0,0,0,0,0,0,0,234,253,253,253,253,0,0,0,0,0,0,0,0,0,0,0,0,0,0,106,254,253,253,253,253,53,0,0,0,0,0,0,0,0,0,0,0,0,0,128,243,89,254,254,254,182,9,0,0,0,0,0,0,0,0,0,0,0,0,231,189,17,210,236,249,254,92,0,0,0,0,0,0,0,0,0,0,0,68,247,0,0,134,184,247,254,92,0,0,0,0,0,0,0,0,0,0,0,59,150,0,0,0,93,253,246,59,0,0,0,0,0,0,0,0,0,0,0,0,11,0,0,32,219,253,126,0,0,0,0,0,0,0,0,0,0,0,0,0,179,3,45,223,254,180,0,0,0,0,0,0,0,0,0,0,0,0,0,0,231,171,253,253,173,8,0,0,0,0,0,0,0,0,0,0,0,0,0,0,231,254,253,171,13,0,0,0,0,0,0,0,0,0,0,0,0,0,26,187,249,246,139,13,0,0,0,0,0,0,0,0,0,0,0,0,0,22,206,253,253,231,0,0,0,0,0,0,0,0,0,0,0,0,0,0,87,213,254,254,254,169,0,0,0,0,0,0,0,0,0,0,0,0,0,96,254,253,253,253,253,95,0,0,0,0,0,0,0,0,0,0,0,0,0,231,255,253,253,253,222,0,0,0,0,0,0,0,0,0,0,0,0,0,0,231,254,253,253,219,88,0,0,0,0,0,0,0,0,0,0,0,0,0,43,241,254,253,169,35,0,0,0,0,0,0,0,0,0,0,0,8
0,0,0,0,0,0,0,0,0,24,254,60,0,0,0,0,0,0,0,0,0,0,0,0,0,0,0,0,0,24,253,127,0,0,0,0,0,0,0,0,0,0,0,0,0,0,0,0,0,91,253,101,0,0,0,0,0,0,0,0,0,0,0,0,0,0,0,0,0,91,253,151,0,0,0,0,0,0,0,0,0,0,0,0,0,0,0,0,0,141,254,93,0,141,186,0,0,0,0,0,0,0,0,0,0,0,0,0,9,216,253,93,0,207,253,0,0,0,0,0,0,0,0,0,0,0,0,0,89,253,244,17,38,245,253,0,0,0,0,0,0,0,0,0,0,0,0,0,206,253,94,0,47,253,253,0,0,0,0,0,0,0,0,0,0,0,0,70,245,247,50,0,139,254,254,0,0,0,0,0,0,0,0,0,0,0,17,245,253,96,0,0,189,253,202,0,0,0,0,0,0,0,0,0,0,11,199,254,223,25,0,41,241,253,152,0,0,0,0,0,0,0,0,0,0,125,253,228,56,101,184,229,253,236,19,0,0,0,0,0,0,0,0,0,130,254,254,229,245,254,254,254,254,113,0,0,0,0,0,0,0,0,0,114,251,253,253,254,244,164,115,254,227,21,0,0,0,0,0,0,0,0,43,237,253,251,162,80,38,0,76,254,131,0,0,0,0,0,0,0,0,0,25,186,185,63,0,0,0,0,159,254,115,0,0,0,0,0,0,0,0,0,0,0,0,0,0,0,0,0,185,255,115,0,0,0,0,0,0,0,0,0,0,0,0,0,0,0,0,0,184,254,31,0,0,0,0,0,0,0,0,0,0,0,0,0,0,0,0,0,184,254,23,0,0,0,0,0,0,0,0,0,0,0,0,0,0,0,0,0,84,220,23,0,0,0,0,0,0,0,4
0,0,0,0,0,0,0,0,0,0,0,0,0,0,0,0,0,36,182,218,0,0,0,0,0,0,0,0,0,0,0,0,0,0,0,0,13,187,254,250,0,0,0,0,0,0,0,0,0,0,0,0,0,0,0,0,136,250,228,126,0,0,0,0,0,0,0,0,0,0,0,0,0,0,0,28,219,248,88,0,0,0,0,0,0,0,0,0,10,99,14,0,0,0,19,189,254,236,21,0,0,0,0,0,0,0,0,4,141,254,121,0,0,9,132,248,249,105,0,0,0,0,0,0,0,0,0,36,254,254,157,0,0,19,236,254,200,0,0,0,0,0,0,0,0,0,15,172,254,207,77,0,0,71,245,205,26,0,0,0,0,0,0,0,0,5,164,254,207,19,0,0,3,189,252,82,0,0,0,0,0,0,0,0,19,174,254,254,119,0,0,0,101,254,189,12,0,0,0,0,0,0,0,0,81,254,254,254,212,22,0,0,247,254,144,0,0,0,0,0,0,0,20,143,250,254,254,254,254,184,98,186,253,254,201,22,0,0,0,0,0,0,123,254,254,228,93,26,175,254,254,254,254,254,254,146,0,0,0,0,0,17,239,254,224,45,0,0,39,215,254,255,239,170,164,13,0,0,0,0,0,11,83,188,55,0,0,0,4,135,254,241,31,0,0,0,0,0,0,0,0,0,0,0,0,0,0,0,49,254,254,91,0,0,0,0,0,0,0,0,0,0,0,0,0,0,0,12,163,254,175,0,0,0,0,0,0,0,0,0,0,0,0,0,0,0,9,154,254,244,46,0,0,0,0,0,0,0,0,0,0,0,0,0,0,17,172,254,248,100,0,0,0,0,0,0,0,0,0,0,0,0,0,0,0,75,254,254,211,22,0,0,0,0,0,0,0,0,0,0,4
0,0,0,0,0,0,0,0,0,0,0,0,0,0,0,0,0,0,0,0,0,0,0,0,0,0,0,0,0,0,0,0,0,0,0,0,0,0,0,0,0,0,0,0,0,0,0,0,0,49,106,123,235,0,0,0,0,0,0,0,0,0,0,0,0,0,0,0,64,240,255,254,239,0,0,0,0,0,0,0,0,0,0,0,0,0,0,10,189,174,90,176,190,0,0,0,0,0,0,0,0,0,0,0,0,0,0,104,206,7,0,192,164,0,0,0,0,0,0,0,0,0,0,0,0,0,0,187,134,0,0,209,164,0,0,0,0,0,0,0,0,0,0,0,0,0,61,254,104,0,22,241,164,0,0,0,0,0,0,0,0,0,0,0,0,0,46,250,60,0,92,254,103,0,0,0,0,0,0,0,0,0,0,0,0,0,54,248,64,0,180,254,94,0,0,0,0,0,0,0,0,0,0,0,0,0,0,165,190,142,214,233,186,0,0,0,0,0,0,0,0,0,0,0,0,0,0,73,236,210,31,210,164,0,0,0,0,0,0,0,0,0,0,0,0,0,0,0,0,0,0,210,164,0,0,0,0,0,0,0,0,0,0,0,0,0,0,0,0,0,0,210,164,0,0,0,0,0,0,0,0,0,0,0,0,0,0,0,0,0,9,223,164,0,0,0,0,0,0,0,0,0,0,0,0,0,0,0,0,0,0,210,164,0,0,0,0,0,0,0,0,0,0,0,0,0,0,0,0,0,0,210,164,0,0,0,0,0,0,0,0,0,0,0,0,0,0,0,0,0,0,210,164,0,0,0,0,0,0,0,0,0,0,0,0,0,0,0,0,0,0,209,164,0,0,0,0,0,0,0,0,0,0,0,0,0,0,0,0,0,0,209,164,0,0,0,0,0,0,0,9
0,0,0,0,0,0,0,0,0,0,0,0,0,0,0,0,0,0,0,0,0,0,0,0,0,0,0,0,5,54,136,136,136,136,213,254,216,27,0,0,0,0,0,0,15,36,103,154,177,253,253,253,253,253,253,253,253,214,11,0,0,0,0,19,193,253,253,253,253,253,253,253,253,253,253,253,253,253,122,0,0,0,0,177,253,253,253,253,253,253,227,182,182,182,140,253,253,253,220,0,0,0,0,207,253,253,253,253,163,47,29,0,0,11,120,253,253,253,94,0,0,0,0,65,147,249,253,112,9,0,0,0,0,80,253,253,253,253,17,0,0,0,0,0,0,11,11,4,0,0,0,0,128,249,253,253,251,99,1,0,0,0,0,0,0,0,0,0,0,0,9,131,251,253,253,236,154,0,0,0,0,0,0,0,0,0,0,27,42,132,195,253,253,253,246,59,0,0,0,0,0,0,0,0,0,0,45,225,253,253,253,253,253,253,206,0,0,0,0,0,0,0,0,0,0,2,176,253,253,253,253,253,253,253,242,54,0,0,0,0,0,0,0,0,0,51,253,253,253,253,253,211,207,253,253,115,0,0,0,0,0,0,0,0,0,14,204,253,253,166,42,13,23,253,253,217,24,0,0,0,177,51,3,0,0,0,3,5,5,2,0,0,12,204,253,253,114,0,0,0,253,253,141,30,4,0,0,0,0,0,0,0,130,253,253,246,96,0,0,0,253,253,253,253,127,25,0,0,0,0,0,0,208,253,253,166,0,0,0,0,151,253,253,253,253,219,172,66,66,66,164,183,252,253,253,70,0,0,0,0,8,132,232,253,253,253,253,253,253,253,253,253,253,253,177,15,0,0,0,0,0,0,26,131,242,253,253,253,253,253,253,253,253,181,12,0,0,0,0,0,3
0,0,0,0,0,0,0,0,0,0,0,0,0,0,0,0,0,0,0,0,0,0,0,0,0,0,0,0,0,0,0,0,0,0,0,0,0,0,0,0,0,0,0,0,0,0,0,0,0,0,0,0,0,0,0,0,0,0,0,0,0,0,0,0,0,0,0,0,17,128,168,240,255,244,168,96,0,0,0,0,0,0,0,0,0,0,0,90,241,254,254,254,254,254,254,253,145,0,0,0,0,0,0,0,0,0,118,244,254,254,176,124,95,45,235,254,236,0,0,0,0,0,0,0,0,167,253,254,198,24,2,0,0,165,254,254,102,0,0,0,0,0,0,0,0,237,254,198,18,0,0,0,43,233,254,160,5,0,0,0,0,0,0,0,40,247,254,33,0,0,0,10,211,254,247,46,0,0,0,0,0,0,0,0,54,250,254,64,0,0,0,107,254,254,102,0,0,0,0,0,0,0,0,0,0,237,254,228,52,45,67,234,254,237,26,0,0,0,0,0,0,0,0,0,0,54,243,254,247,249,254,254,254,104,0,0,0,0,0,0,0,0,0,0,0,0,85,211,254,254,254,254,210,8,0,0,0,0,0,0,0,0,0,0,0,0,0,10,43,226,254,254,62,0,0,0,0,0,0,0,0,0,0,0,0,0,0,0,8,225,254,210,9,0,0,0,0,0,0,0,0,0,0,0,0,0,0,0,131,254,254,90,0,0,0,0,0,0,0,0,0,0,0,0,0,0,0,0,224,254,220,10,0,0,0,0,0,0,0,0,0,0,0,0,0,0,0,80,247,254,109,0,0,0,0,0,0,0,0,0,0,0,0,0,0,0,0,207,254,234,23,0,0,0,0,0,0,0,0,0,0,0,0,0,0,0,24,238,254,172,0,0,0,0,0,0,0,0,0,0,9
0,0,0,0,0,0,0,0,0,0,0,0,0,0,0,0,0,0,0,0,0,0,0,0,0,0,0,0,0,0,0,0,0,0,0,0,0,0,0,0,0,0,0,0,0,0,0,0,0,0,0,0,0,0,0,0,0,0,0,0,0,37,253,253,253,253,253,253,253,255,253,253,253,253,127,3,0,0,0,0,0,33,244,252,252,252,252,252,252,253,252,252,252,252,252,125,4,0,0,0,0,0,88,242,252,252,252,252,252,253,252,252,252,252,252,252,36,0,0,0,0,0,0,60,189,252,252,252,252,228,231,229,252,252,252,252,36,0,0,0,0,0,0,0,21,72,72,124,134,35,41,38,163,252,252,252,36,0,0,0,0,0,0,0,0,0,0,0,0,0,0,0,140,252,252,252,36,0,0,0,0,0,0,0,0,0,0,0,0,0,0,30,237,252,252,252,36,0,0,0,0,0,0,0,0,0,0,0,0,0,0,37,252,252,252,252,36,0,0,0,0,0,0,0,0,0,0,0,0,0,0,146,252,252,252,216,20,0,0,0,0,0,0,0,0,0,0,0,0,0,24,248,252,252,252,53,0,0,0,0,0,0,0,0,0,0,0,0,0,0,145,253,253,253,180,0,0,0,0,0,0,0,0,0,0,0,0,0,0,7,206,252,252,252,111,0,0,0,0,0,0,0,0,0,0,0,0,0,0,105,252,252,252,243,51,0,0,0,0,0,0,0,0,0,0,0,0,0,24,253,252,252,252,192,0,0,0,0,0,0,0,0,0,0,0,0,0,27,152,253,252,252,252,106,0,0,0,0,0,0,0,0,0,0,0,0,0,109,252,253,252,252,215,17,0,0,0,0,0,0,0,0,0,0,0,0,0,207,252,253,252,252,204,0,0,0,0,0,0,0,7
0,0,0,0,53,254,202,3,0,0,0,0,0,0,0,0,0,0,0,0,0,0,0,55,204,243,73,0,0,0,0,0,0,0,0,0,0,0,0,0,0,0,0,147,253,174,0,0,0,0,0,0,0,0,0,0,0,0,0,0,0,0,0,199,253,59,0,0,0,0,0,0,0,0,0,0,0,0,0,0,0,0,0,174,254,255,221,176,202,254,196,163,86,16,0,0,0,0,0,0,0,0,0,47,140,199,198,198,198,198,215,253,253,239,138,20,0,0,0,0,0,0,0,0,0,0,0,0,0,0,11,36,127,245,253,205,22,0,0,0,0,0,0,0,0,0,0,0,0,0,0,0,0,43,190,254,202,55,0,0,0,0,0,0,0,0,0,0,0,0,0,0,0,72,181,254,253,127,0,0,0,0,0,0,0,0,0,11,112,163,163,182,254,254,254,255,238,91,0,0,0,0,0,0,0,0,0,140,253,253,254,253,206,198,237,254,198,0,0,0,0,0,0,0,0,0,0,89,216,151,69,36,5,0,39,254,198,0,0,0,0,0,0,0,0,0,0,0,0,0,0,0,0,0,91,254,198,0,0,0,0,0,0,0,0,0,0,0,0,0,0,0,0,0,91,254,198,0,0,0,0,0,0,0,0,0,0,0,0,0,0,0,0,0,182,255,109,0,0,0,0,0,0,0,0,0,0,0,0,0,0,0,8,132,248,254,56,0,0,0,0,0,6,37,37,14,8,19,16,37,95,128,210,253,240,101,3,0,0,0,0,0,108,253,253,219,211,226,222,253,254,253,237,163,61,0,0,0,0,0,0,0,49,162,162,254,253,253,253,188,163,111,11,0,0,0,0,0,0,0,0,0,0,0,0,0,0,0,0,0,0,0,0,0,0,0,0,0,0,0,3
0,0,0,0,0,0,0,0,0,0,0,0,0,0,0,0,0,0,0,0,0,0,0,0,17,107,154,249,254,195,91,0,0,0,0,0,0,0,0,0,0,0,0,13,191,253,250,243,243,253,233,41,0,0,0,0,0,0,0,0,0,0,0,120,253,208,60,0,0,185,253,158,0,0,0,0,0,0,0,0,0,0,0,159,189,17,0,0,0,103,253,245,82,0,0,0,0,0,0,0,0,0,0,120,201,8,0,0,0,50,253,253,138,0,0,0,0,0,0,0,0,0,0,67,164,3,0,0,0,62,253,246,44,0,0,0,0,0,0,0,0,0,0,0,0,0,0,0,0,149,253,193,0,0,0,0,0,0,0,0,0,0,0,0,0,0,0,0,53,246,253,85,0,0,0,0,0,0,0,0,0,0,0,0,0,0,0,0,171,253,211,0,0,0,0,0,0,0,0,0,0,0,0,0,0,0,0,0,135,253,250,127,28,0,0,0,0,0,0,0,0,0,0,0,0,0,0,0,19,206,253,253,231,177,17,2,0,0,0,0,0,0,0,0,0,0,0,0,0,0,76,156,197,253,254,155,5,0,0,0,0,0,0,0,0,0,0,0,0,0,0,0,3,71,242,253,104,0,0,0,0,0,0,0,0,0,0,0,0,0,0,0,5,121,253,253,120,0,0,0,0,0,0,0,0,0,0,0,0,0,0,0,75,253,254,204,22,0,0,0,0,0,0,0,0,0,0,0,0,0,0,114,242,253,173,22,0,0,0,0,0,0,0,0,0,0,0,0,0,41,176,246,251,191,14,0,0,0,0,0,0,0,0,0,0,0,0,0,70,226,253,232,154,0,0,0,0,0,0,0,0,0,0,0,0,0,0,98,228,245,165,7,0,0,0,0,0,0,0,0,3
0,0,0,0,0,0,0,0,0,9,72,154,244,253,253,253,228,116,5,0,0,0,0,0,0,0,0,0,109,191,253,253,253,253,253,253,253,253,60,0,0,0,0,0,0,0,2,83,230,253,253,253,253,253,253,253,253,253,152,0,0,0,0,0,0,0,144,253,253,253,253,253,253,249,96,47,100,253,152,0,0,0,0,0,38,212,252,253,253,253,253,253,156,30,0,0,170,253,200,8,0,0,0,0,92,253,253,253,252,247,156,30,1,0,1,51,250,253,150,0,0,0,0,0,207,253,253,230,137,0,0,0,0,2,107,253,253,246,32,0,0,0,0,0,188,253,153,0,0,0,0,0,0,51,253,253,212,64,0,0,0,0,0,0,27,76,4,0,0,0,0,0,107,252,253,242,90,0,0,0,0,0,0,0,0,0,0,0,0,0,0,110,248,253,253,206,0,0,0,0,0,0,0,0,0,0,0,0,0,23,186,247,253,253,184,33,0,0,0,0,0,0,0,0,0,0,0,0,91,236,253,253,253,190,10,0,0,0,0,0,0,0,0,0,0,5,126,196,252,253,253,249,189,5,0,0,0,0,0,0,0,0,0,9,72,192,253,253,253,253,253,90,0,0,0,0,0,0,0,0,26,48,73,190,253,253,253,253,253,253,253,179,166,106,103,48,48,48,29,0,222,253,253,253,253,253,253,253,253,253,253,253,253,253,253,253,253,253,226,43,216,253,253,253,253,253,253,253,253,253,253,253,253,253,253,253,253,253,165,91,136,253,253,253,253,253,253,253,253,253,253,253,253,253,253,253,180,59,21,0,73,207,253,165,135,135,135,135,135,53,17,17,17,17,17,17,5,0,0,0,0,0,0,0,0,0,0,0,0,0,0,0,0,0,0,0,0,0,0,0,2
0,0,0,0,0,0,0,0,0,0,0,0,0,0,0,0,0,0,0,0,0,0,0,0,0,0,0,0,0,0,64,128,255,128,64,64,255,64,0,0,0,0,0,0,0,0,0,0,64,191,255,255,255,255,255,255,255,128,0,0,0,0,0,0,0,64,128,128,255,255,255,255,255,191,0,64,191,64,0,0,0,0,0,0,191,255,255,255,255,255,128,0,0,0,0,0,0,0,0,0,0,0,191,255,255,255,255,191,191,64,0,0,0,0,0,0,0,0,0,0,64,255,255,255,255,191,64,0,0,0,0,0,0,0,0,0,0,0,0,0,128,255,255,255,191,0,0,0,0,0,0,64,0,0,0,0,0,0,0,0,128,255,255,128,0,64,128,128,255,255,255,255,255,255,191,128,0,0,0,0,0,255,255,255,191,255,255,255,255,255,191,191,255,191,255,255,191,0,0,0,0,191,255,255,255,255,255,128,64,0,0,0,0,0,255,255,255,191,0,0,0,0,255,255,255,64,0,0,0,0,0,0,0,0,0,64,255,255,191,0,0,0,128,191,0,0,0,0,0,0,0,0,0,0,0,0,255,255,255,64,0,0,0,0,0,0,0,0,0,0,0,0,0,0,0,0,0,255,255,128,0,0,0,0,0,0,0,0,0,0,0,0,0,0,0,0,0,255,255,128,0,0,0,64,0,0,0,0,0,0,0,0,0,0,0,0,64,255,255,128,0,0,0,128,128,0,0,0,0,0,0,0,0,0,0,0,255,255,255,0,0,0,0,128,255,191,0,0,0,0,0,0,0,64,128,255,255,255,191,0,0,0,0,0,255,255,255,191,128,128,128,128,128,255,255,255,255,128,0,0,0,0,0,0,0,191,255,255,255,255,255,255,255,255,255,191,0,0,0,0,5
0,0,0,0,0,0,0,0,23,141,253,253,238,236,253,253,151,8,0,0,0,0,0,0,0,0,0,42,223,241,200,101,46,43,157,253,253,78,0,0,0,0,0,0,0,0,0,142,253,211,17,0,0,0,8,154,253,194,10,0,0,0,0,0,0,0,0,38,220,253,59,0,0,0,0,31,229,253,35,0,0,0,0,0,0,0,0,0,18,29,7,0,0,0,0,0,183,253,85,0,0,0,0,0,0,0,0,0,0,0,0,0,0,0,0,0,126,253,152,0,0,0,0,0,0,0,0,0,0,0,0,0,0,0,0,0,66,253,152,0,0,0,0,0,34,146,160,94,42,13,0,0,0,0,0,0,66,253,152,0,0,0,13,147,239,253,253,253,253,172,14,0,0,0,0,0,148,253,126,0,0,0,90,253,253,185,66,176,225,253,209,32,0,0,0,0,183,253,35,0,0,75,240,227,62,5,0,0,45,181,253,175,9,0,0,40,242,253,35,0,0,154,253,75,0,0,0,0,0,60,253,253,76,0,0,101,253,216,20,0,10,205,201,2,0,0,0,0,0,2,132,251,146,1,16,211,250,108,0,0,18,253,200,0,0,0,0,0,0,0,0,213,253,20,112,253,188,0,0,0,7,188,210,12,0,0,0,0,0,0,0,213,253,157,253,253,111,0,0,0,0,154,253,168,12,0,0,0,0,0,0,183,253,253,253,188,20,0,0,0,0,49,227,253,169,84,4,0,0,20,84,202,253,253,191,19,0,0,0,0,0,0,49,181,253,253,220,219,219,227,253,253,253,253,152,0,0,0,0,0,0,0,0,5,114,185,253,253,253,253,217,135,187,248,64,0,0,0,0,0,0,0,0,0,0,0,0,0,0,0,0,0,0,0,0,0,0,0,0,0,2
0,0,0,32,106,230,200,143,143,143,29,0,0,0,0,0,0,0,0,0,0,0,0,242,252,252,252,252,252,252,243,100,12,0,0,0,0,0,0,0,0,0,83,251,252,252,161,170,252,252,253,252,87,0,0,0,0,0,0,0,0,0,4,68,97,10,1,2,10,59,186,252,248,20,0,0,0,0,0,0,0,0,0,0,0,0,0,0,0,0,34,252,252,121,0,0,0,0,0,0,0,0,0,0,0,0,0,0,0,0,34,252,252,121,0,0,0,0,0,0,0,0,0,0,0,0,0,0,0,0,38,252,252,116,0,0,0,0,0,0,0,0,0,0,0,0,0,0,0,20,210,252,235,9,0,0,0,0,0,0,0,0,0,0,0,0,0,0,58,202,253,252,120,0,0,0,0,0,0,0,0,0,0,0,25,111,163,220,244,252,253,223,25,0,0,0,0,0,0,0,0,0,0,13,215,253,253,253,253,253,255,253,162,21,0,0,0,0,0,0,0,0,0,17,229,252,252,252,252,252,253,252,252,212,138,0,0,0,0,0,0,0,0,0,53,153,148,44,44,44,119,226,235,252,243,171,9,0,0,0,0,0,0,0,0,0,0,0,0,0,2,8,52,180,252,252,89,0,0,0,0,0,0,0,0,0,0,0,0,0,0,0,0,8,171,252,248,65,0,0,0,0,0,0,0,0,48,198,117,50,0,0,0,0,56,252,252,99,0,0,0,0,0,0,0,0,169,252,252,46,0,0,0,21,198,252,252,99,0,0,0,0,0,0,0,0,103,252,252,209,155,154,154,248,252,252,250,82,0,0,0,0,0,0,0,0,3,132,232,252,253,252,252,252,252,192,72,0,0,0,0,0,0,0,0,0,0,0,24,128,205,252,209,190,119,7,0,0,0,0,3
0,0,0,0,0,0,0,0,0,0,0,0,0,0,0,0,0,0,0,0,0,0,0,0,0,0,0,0,0,0,0,0,0,0,0,0,0,0,0,0,0,0,0,0,0,0,0,0,0,0,0,0,0,0,0,0,0,0,0,0,0,0,169,56,0,0,0,0,0,0,0,0,0,0,0,0,0,0,0,0,0,57,254,253,254,253,85,197,85,28,0,0,0,0,0,0,0,0,0,0,57,224,253,251,253,251,253,251,253,196,0,0,0,0,0,0,169,56,0,0,255,253,254,253,254,253,198,253,254,253,254,253,0,0,29,197,254,139,0,0,253,251,253,251,253,138,28,83,253,251,253,251,0,0,197,251,253,251,0,0,198,253,254,253,254,253,0,0,169,225,254,253,85,197,254,253,254,253,0,0,28,196,253,251,253,251,0,0,0,56,253,251,253,251,253,251,253,251,0,0,0,0,254,253,254,253,254,253,85,85,0,0,254,253,254,253,254,253,0,0,0,0,253,251,253,251,253,251,253,251,169,168,253,251,253,251,253,251,0,0,0,0,0,114,254,253,254,253,254,253,254,253,254,253,254,253,254,253,0,0,0,0,0,0,84,83,253,251,253,251,253,251,253,251,253,251,253,251,0,0,0,0,0,0,0,0,0,0,0,0,169,168,0,0,198,253,254,253,57,0,0,0,0,0,0,0,0,0,0,0,0,0,0,0,85,251,253,251,225,168,0,0,0,0,0,0,0,0,0,0,0,0,0,0,0,169,254,253,254,196,0,0,0,0,0,0,0,0,0,0,0,0,0,0,0,168,253,251,253,83,0,0,0,0,0,0,0,0,0,0,0,0,0,0,0,114,254,253,254,84,0,0,0,0,0,0,0,0,0,0,0,0,0,0,0,0,253,251,196,28,9
0,0,0,0,17,172,253,253,253,253,253,253,152,6,0,0,0,0,0,0,0,0,0,0,93,253,253,253,253,253,253,253,253,119,0,0,0,0,0,0,0,0,0,0,93,253,253,253,185,160,245,253,253,251,82,0,0,0,0,0,0,0,0,0,23,207,253,165,17,0,56,172,253,253,84,0,0,0,0,0,0,0,0,0,0,88,115,7,0,0,0,24,253,253,84,0,0,0,0,0,0,0,0,0,0,0,0,0,0,0,26,194,253,253,84,0,0,0,0,0,0,0,0,0,0,0,0,0,4,31,192,253,253,244,74,0,0,0,0,0,0,0,0,0,0,0,0,45,146,253,253,253,253,183,0,0,0,0,0,0,0,0,0,0,0,0,0,226,253,253,253,253,253,247,124,0,0,0,0,0,0,0,0,0,0,0,0,124,247,253,253,253,253,253,248,177,140,9,0,0,0,0,0,0,0,0,0,0,95,129,205,129,190,253,253,253,253,166,0,0,0,0,0,0,0,54,70,4,0,0,18,0,15,72,183,215,253,245,0,0,0,0,0,9,72,233,253,14,0,0,0,0,0,0,0,39,228,250,98,0,0,0,0,146,253,253,189,8,0,0,0,0,0,0,0,0,216,253,145,0,0,0,0,146,253,253,233,71,55,0,0,0,0,17,62,132,248,253,145,0,0,0,0,146,253,253,253,253,242,162,162,162,162,187,253,253,253,248,53,0,0,0,0,146,253,253,253,253,253,253,253,253,253,253,253,253,253,245,0,0,0,0,0,26,215,253,253,253,253,253,253,253,253,253,253,253,207,100,0,0,0,0,0,0,37,99,99,244,253,253,253,253,253,253,149,99,15,0,0,0,0,0,0,0,0,0,0,0,0,0,0,0,0,0,0,0,0,0,0,0,3
0,0,0,0,0,0,0,0,0,0,0,0,0,0,0,0,0,0,0,0,0,0,0,0,0,0,0,0,0,0,0,0,0,0,0,0,0,0,0,0,57,114,170,114,170,170,170,114,86,86,86,86,0,0,0,0,0,0,0,0,255,255,255,255,255,255,255,255,255,255,255,255,255,170,141,0,0,0,0,0,57,170,141,0,0,0,0,0,86,86,86,86,141,226,255,57,0,0,0,0,0,0,0,0,0,0,0,0,0,0,0,0,114,255,255,29,0,0,0,0,0,0,0,0,0,0,0,0,0,86,170,226,255,255,114,0,0,0,0,0,0,0,0,0,0,0,29,114,198,255,255,226,141,29,0,0,0,0,0,0,0,0,0,0,0,141,255,255,255,255,86,0,0,0,0,0,0,0,0,0,0,0,0,0,0,29,170,198,255,255,255,198,86,29,0,0,0,0,0,0,0,0,0,0,0,0,0,0,0,86,170,226,255,255,198,86,0,0,0,0,0,0,0,0,0,0,0,0,0,0,0,0,86,141,198,255,255,170,86,0,0,0,0,0,0,0,0,0,0,0,0,0,0,0,0,0,114,198,255,86,0,0,0,0,0,0,0,0,0,0,0,0,0,0,0,0,0,114,255,198,0,0,0,0,0,0,0,0,0,0,0,0,0,0,86,170,255,255,255,29,0,0,0,0,0,0,0,0,0,0,0,57,86,198,255,255,255,170,29,0,0,0,0,0,0,0,0,29,86,170,255,255,255,255,170,86,0,0,0,0,0,0,0,0,0,114,198,255,255,255,255,170,86,0,0,0,0,0,0,0,0,0,0,198,255,255,255,170,170,86,0,0,0,0,0,0,0,0,0,0,0,0,0,114,141,86,0,0,0,0,0,0,0,0,0,0,0,0,0,0,3
0,0,0,0,0,0,0,0,0,0,0,39,231,255,161,0,0,0,0,0,0,0,0,0,0,0,0,0,0,0,0,75,253,253,160,0,0,0,0,0,0,0,0,0,0,0,0,0,0,0,0,144,253,253,160,0,0,0,0,0,0,0,0,0,0,0,0,0,0,0,0,199,253,253,160,0,0,0,0,0,0,0,0,0,0,0,0,0,0,0,42,232,253,253,85,0,0,0,0,0,0,0,0,0,0,0,0,0,0,0,147,253,253,253,37,0,0,0,0,0,0,0,0,0,0,0,0,0,0,0,192,253,253,196,13,0,0,0,0,0,0,0,0,0,0,0,0,0,0,43,234,253,253,82,0,0,0,0,0,0,0,0,0,0,0,0,0,0,0,150,253,253,253,43,0,0,0,0,0,0,0,0,0,0,0,0,0,0,42,235,253,253,163,12,0,0,0,0,0,0,0,0,0,0,0,0,0,0,150,253,253,233,36,0,0,0,0,0,0,0,0,0,0,0,0,0,0,76,237,253,253,179,0,0,0,0,0,0,0,0,0,0,0,0,0,0,0,174,253,253,253,79,0,0,0,0,0,0,0,0,0,0,0,0,0,0,37,240,253,253,154,10,0,0,0,0,0,0,0,0,0,0,0,0,0,0,150,253,253,253,61,0,0,0,0,0,0,0,0,0,0,0,0,0,0,15,201,253,253,198,8,0,0,0,0,0,0,0,0,0,0,0,0,0,0,38,253,253,253,191,0,0,0,0,0,0,0,0,0,0,0,0,0,0,0,153,253,253,229,47,0,0,0,0,0,0,0,0,0,0,0,0,0,0,0,161,253,253,197,0,0,0,0,0,0,0,0,0,0,0,0,0,0,0,0,101,253,229,40,0,0,0,0,0,0,0,0,0,0,0,1
0,0,0,0,0,0,0,0,9,171,86,0,0,0,0,0,0,0,0,0,0,0,0,0,0,0,0,0,124,254,204,0,0,0,0,0,0,0,0,0,0,0,0,0,0,0,0,0,140,254,204,0,0,0,0,0,0,0,0,0,0,0,0,0,0,0,0,0,140,254,204,0,0,0,0,0,0,0,0,0,0,0,0,0,0,0,0,0,140,254,204,0,0,0,0,0,0,0,0,0,0,0,0,0,0,0,0,0,140,254,204,0,0,0,0,0,0,0,0,0,0,0,0,0,0,0,0,0,140,254,204,0,0,0,0,0,0,0,0,0,0,0,0,0,0,0,0,0,140,254,204,0,0,0,0,0,0,0,0,0,0,0,0,0,0,0,0,0,140,254,204,0,0,0,0,0,0,0,0,0,0,0,0,0,0,0,0,0,140,254,204,0,0,0,0,0,0,0,0,0,0,0,0,0,0,0,0,0,140,254,204,0,2,1,0,0,0,0,0,0,0,0,0,0,0,0,0,0,140,254,236,82,182,40,0,0,0,0,0,0,0,0,0,0,0,0,0,0,56,254,254,254,221,22,0,0,0,0,0,0,0,0,0,0,0,0,0,0,41,254,254,254,95,0,0,0,0,0,0,0,0,0,0,0,0,0,0,0,41,255,254,252,48,0,0,0,0,0,0,0,0,0,0,0,0,0,0,0,28,236,254,249,0,0,0,0,0,0,0,0,0,0,0,0,0,0,0,0,0,195,254,249,0,0,0,0,0,0,0,0,0,0,0,0,0,0,0,0,0,160,254,249,0,0,0,0,0,0,0,0,0,0,0,0,0,0,0,0,0,96,254,249,0,0,0,0,0,0,0,0,0,0,0,0,0,0,0,0,0,58,233,151,0,0,0,0,0,0,0,0,1
0,0,0,0,0,0,0,0,0,0,120,255,246,68,0,0,0,0,0,0,0,0,0,0,0,0,0,0,0,65,253,254,254,146,0,0,0,0,0,0,0,0,0,0,0,0,0,0,28,235,254,254,254,146,0,0,0,0,0,0,0,0,0,0,0,0,0,0,126,254,254,254,254,94,0,0,0,0,0,0,0,0,0,0,0,0,0,0,108,254,232,254,229,4,0,0,0,0,0,0,0,0,0,0,0,0,0,0,33,180,112,254,243,106,0,0,0,0,0,0,0,0,0,0,0,0,0,0,0,0,92,254,254,252,126,0,0,0,0,0,0,0,0,0,0,0,0,0,0,22,193,254,254,254,236,0,0,0,0,0,0,0,0,0,0,0,0,0,0,39,254,254,254,254,236,0,0,0,0,0,0,0,0,0,0,0,0,0,8,105,254,248,215,254,236,0,0,0,0,0,0,0,0,0,0,0,0,0,44,254,254,210,56,254,236,0,0,0,0,0,0,0,0,0,0,0,0,0,73,254,237,43,38,254,236,0,0,0,0,0,0,0,0,0,0,0,0,0,9,165,164,0,113,254,197,0,0,0,0,0,0,0,0,0,0,0,0,0,0,0,0,0,179,254,141,0,0,0,0,0,0,0,0,0,0,0,0,0,0,0,0,24,241,252,59,0,0,0,0,0,0,0,0,0,0,0,0,0,0,0,0,72,254,232,0,0,0,0,0,0,0,0,0,8,10,0,0,0,0,2,66,240,252,132,0,0,0,0,0,0,0,0,0,213,216,96,96,96,110,192,254,254,225,0,0,0,0,0,0,0,0,0,0,205,254,254,254,254,254,254,253,210,62,0,0,0,0,0,0,0,0,0,0,43,167,167,185,224,180,167,116,0,0,0,0,0,0,0,0,0,3
0,0,0,0,0,0,0,0,0,0,0,0,0,0,0,0,0,0,0,0,0,0,0,0,0,0,0,0,0,0,0,0,0,0,0,0,0,0,0,0,0,0,0,0,0,0,0,0,0,0,0,0,0,0,0,0,0,0,0,0,0,0,0,0,0,0,0,0,0,0,0,0,0,0,0,56,255,216,19,0,0,0,0,10,24,15,36,36,36,36,36,23,0,0,35,219,253,203,14,0,0,0,0,151,225,206,253,253,253,253,253,223,171,171,219,253,253,91,0,0,0,0,0,189,253,253,253,253,253,253,253,253,253,253,253,253,235,38,0,0,0,0,44,242,253,253,165,47,47,47,47,47,99,169,253,253,147,0,0,0,0,0,104,253,253,110,2,0,0,0,0,0,0,12,253,233,41,0,0,0,0,18,212,253,168,2,0,0,0,0,0,0,0,126,253,206,0,0,0,0,0,33,246,253,164,0,0,0,0,0,0,0,0,141,253,195,0,0,0,0,0,0,143,212,83,0,0,0,0,0,0,0,0,249,253,88,0,0,0,0,0,0,0,0,0,0,0,0,0,0,0,0,27,250,246,68,0,0,0,0,0,0,0,0,0,0,0,0,0,0,0,0,113,253,224,0,0,0,0,0,0,0,0,0,0,0,0,0,0,0,0,0,157,253,125,0,0,0,0,0,0,0,0,0,0,0,0,0,0,0,0,87,251,253,106,0,0,0,0,0,0,0,0,0,0,0,0,0,0,0,0,95,253,242,2,0,0,0,0,0,0,0,0,0,0,0,0,0,0,0,0,109,253,241,0,0,0,0,0,0,0,0,0,0,0,0,0,0,0,0,0,213,253,164,0,0,0,0,0,0,0,0,0,0,0,0,0,0,0,0,0,213,253,93,0,0,0,0,0,0,7
0,0,0,0,0,0,0,0,0,0,32,222,252,195,0,0,0,0,0,0,0,0,0,0,0,0,0,0,0,0,140,253,242,96,0,0,0,0,0,0,0,0,0,0,0,0,0,0,0,16,203,253,167,0,0,0,0,0,0,0,0,0,0,0,0,0,0,0,57,253,253,255,27,0,0,0,0,0,0,0,0,0,0,0,0,0,0,0,104,252,252,106,3,0,0,0,0,0,0,0,0,0,0,0,0,0,0,176,240,252,141,0,0,0,0,0,0,0,0,0,0,0,0,0,0,0,76,243,252,217,37,13,154,169,75,13,0,0,0,0,0,0,0,0,0,79,191,252,220,37,79,191,252,252,252,189,0,0,0,0,0,0,0,0,13,191,255,253,196,13,191,255,253,253,253,253,192,12,0,0,0,0,0,0,76,252,253,223,102,228,252,253,223,186,252,252,253,27,0,0,0,0,0,45,234,252,253,58,88,252,252,228,52,44,233,252,253,59,0,0,0,0,0,57,252,252,253,27,197,252,236,47,0,0,153,252,253,177,7,0,0,0,0,57,252,252,253,152,227,252,112,0,0,0,29,252,253,252,55,0,0,0,0,57,253,253,255,253,253,225,0,0,0,0,29,253,255,168,0,0,0,0,0,38,177,252,253,252,252,233,38,0,0,98,228,252,253,42,0,0,0,0,0,0,7,133,253,252,252,252,221,198,197,240,252,252,228,21,0,0,0,0,0,0,0,0,84,234,252,252,252,253,252,252,233,145,47,0,0,0,0,0,0,0,0,0,0,100,112,128,252,112,189,112,37,0,0,0,0,0,0,0,0,0,0,0,0,0,0,0,0,0,0,0,0,0,0,0,0,0,0,0,0,0,0,0,0,0,0,0,0,0,0,0,0,0,0,0,0,0,6
0,0,0,0,0,0,0,0,0,0,0,0,0,0,0,0,0,0,0,0,0,0,0,0,0,0,0,0,0,0,0,0,0,0,0,0,0,0,0,0,0,0,0,0,0,0,76,205,179,141,192,142,66,29,4,0,0,0,0,0,0,0,0,7,82,169,244,254,253,253,253,254,253,253,128,0,0,0,0,0,0,0,0,154,253,253,215,107,56,56,56,56,81,235,253,0,0,0,0,0,0,0,202,255,203,78,16,0,0,0,0,0,0,198,253,0,0,0,0,0,0,148,255,227,38,0,0,0,0,0,0,0,26,224,254,0,0,0,0,0,0,198,253,114,0,0,0,0,0,0,0,0,13,210,203,0,0,0,0,0,0,198,253,114,0,0,0,0,0,0,0,48,173,253,253,89,0,0,0,0,0,198,253,114,0,0,0,0,0,0,0,192,253,253,253,163,0,0,0,0,0,38,239,177,0,0,0,0,0,0,0,243,254,254,254,164,0,0,0,0,0,0,126,220,170,82,32,26,38,95,170,123,197,253,253,114,0,0,0,0,0,0,0,44,187,253,229,176,126,144,68,25,169,253,253,76,0,0,0,0,0,0,0,0,7,28,28,13,0,0,0,13,207,253,253,51,0,0,0,0,0,0,0,0,0,0,0,0,0,0,0,42,254,254,254,0,0,0,0,0,0,0,0,0,0,0,0,0,0,0,0,141,253,253,253,0,0,0,0,0,0,0,0,0,0,0,0,0,0,0,0,141,253,253,215,0,0,0,0,0,0,0,0,0,0,0,0,0,0,0,0,141,253,253,140,0,0,0,0,0,0,0,0,0,0,0,0,0,0,0,0,142,254,254,204,13,0,0,0,0,0,0,0,0,0,0,0,0,0,0,0,117,253,253,253,201,38,0,0,0,9
0,0,0,0,0,0,0,0,0,0,0,255,255,255,57,0,0,0,0,0,0,0,0,0,0,0,0,0,0,0,0,226,255,255,86,0,0,0,0,0,0,0,0,0,0,0,0,0,0,0,0,57,255,255,170,0,0,0,0,0,0,0,0,0,0,0,0,0,0,0,0,0,255,255,170,0,0,0,0,0,0,0,0,0,0,0,0,0,0,0,0,0,255,255,114,0,0,0,0,0,0,0,0,0,0,0,0,0,0,0,0,57,255,255,0,0,0,0,0,0,0,0,0,0,0,0,0,0,0,0,0,170,255,255,0,0,0,0,0,0,0,0,0,0,0,0,0,0,0,0,0,255,255,198,0,0,0,0,0,0,0,0,0,0,0,0,0,0,0,86,198,255,255,114,0,0,0,0,0,0,0,0,0,0,0,0,0,0,86,255,255,255,255,198,114,0,0,0,0,0,0,0,0,0,0,0,0,0,255,255,255,255,255,255,255,141,0,0,0,0,0,0,0,0,0,0,0,141,255,255,255,255,255,255,255,170,0,0,0,0,0,0,0,0,0,0,29,255,255,226,255,255,114,114,170,29,0,0,0,0,0,0,0,0,0,0,141,255,226,114,255,255,0,0,0,0,0,0,0,0,0,0,0,0,0,0,170,255,226,255,255,198,0,0,0,0,0,0,0,0,0,0,0,0,0,0,255,255,255,255,255,86,0,0,0,0,0,0,0,0,0,0,0,0,0,0,255,255,255,255,170,0,0,0,0,0,0,0,0,0,0,0,0,0,0,0,255,255,255,226,0,0,0,0,0,0,0,0,0,0,0,0,0,0,0,0,86,255,226,29,0,0,0,0,0,0,0,0,0,0,0,0,0,0,0,0,0,0,0,0,0,0,0,0,0,0,0,0,0,0,2
0,0,0,0,0,0,0,0,0,0,0,0,0,0,0,0,0,0,0,0,0,0,0,0,0,0,0,0,0,0,0,0,0,0,0,0,0,0,0,0,0,0,0,0,0,0,0,0,0,0,0,0,0,0,0,0,0,0,0,0,0,0,0,74,182,247,247,247,247,247,167,93,85,0,0,0,0,0,0,0,0,0,101,240,253,253,253,253,253,253,253,253,247,118,5,0,0,0,0,0,0,0,255,253,253,253,253,253,253,253,253,253,253,253,115,0,0,0,0,0,0,0,169,168,168,18,14,14,66,168,168,194,253,253,183,0,0,0,0,0,0,0,0,0,0,0,0,0,0,0,0,78,253,253,192,11,0,0,0,0,0,0,0,0,0,0,0,0,0,0,0,157,253,253,253,84,0,0,0,0,0,0,0,0,0,0,0,0,0,10,157,251,253,253,142,8,0,0,0,0,0,0,0,0,0,0,0,13,169,186,253,253,253,166,9,0,0,0,0,0,0,0,0,0,0,0,95,194,253,253,253,253,242,67,0,0,0,0,0,0,0,0,0,0,0,125,246,253,253,253,217,136,27,0,0,0,0,0,0,30,0,0,0,0,99,251,253,253,253,234,56,16,16,16,16,120,170,169,170,205,0,0,0,0,146,253,253,253,253,253,253,253,253,253,253,253,253,253,253,253,0,0,0,0,146,253,253,253,253,253,253,253,253,253,253,253,253,253,209,38,0,0,0,0,53,92,208,245,245,245,245,245,245,245,245,245,175,92,33,0,0,0,0,0,0,0,0,0,0,0,0,0,0,0,0,0,0,0,0,0,0,0,0,0,0,0,0,0,0,0,0,0,0,0,0,0,0,0,0,0,0,0,0,0,0,0,0,0,0,0,0,0,0,0,0,0,0,0,0,0,2
0,0,0,0,0,0,0,0,0,0,0,87,227,83,0,0,0,0,0,0,0,0,0,0,0,0,0,0,0,0,0,227,252,126,0,0,0,0,0,0,0,0,0,0,0,0,0,0,0,0,0,253,252,223,0,0,0,0,0,0,0,0,0,0,0,0,0,0,0,0,98,253,252,205,0,0,0,0,0,0,0,0,0,0,0,0,0,0,0,27,228,253,252,126,0,0,0,0,0,0,0,0,0,0,0,0,0,0,0,64,253,255,253,127,0,0,0,0,0,0,0,0,0,0,0,0,0,0,0,64,252,253,252,91,0,0,0,0,0,0,0,0,0,0,0,0,0,0,0,117,252,253,210,11,0,0,0,0,0,0,0,0,0,0,0,0,0,0,0,169,252,253,141,0,0,0,0,0,0,0,0,0,0,0,0,0,0,0,62,239,252,253,63,0,0,0,0,0,0,0,0,0,0,0,0,0,0,0,128,253,253,230,27,0,0,0,0,0,0,0,0,0,0,0,0,0,0,0,127,252,252,176,0,0,0,0,0,0,0,0,0,0,0,0,0,0,0,0,83,252,252,106,0,0,0,0,0,0,0,0,0,0,0,0,0,0,0,0,197,252,252,35,0,0,0,0,0,0,0,0,0,0,0,0,0,0,0,71,249,252,252,0,0,0,0,0,0,0,0,0,0,0,0,0,0,0,0,85,253,253,165,0,0,0,0,0,0,0,0,0,0,0,0,0,0,0,0,85,252,252,208,71,0,0,0,0,0,0,0,0,0,0,0,0,0,0,0,85,252,252,252,238,185,9,0,0,0,0,0,0,0,0,0,0,0,0,0,50,244,252,252,106,35,0,0,0,0,0,0,0,0,0,0,0,0,0,0,14,138,173,121,18,0,0,0,0,0,0,0,0,1
200,201,254,200,217,233,233,222,222,213,201,227,236,204,229,208,211,212,205,205,205,204,227,208,210,249,254,232,201,241,215,248,230,220,236,226,226,232,252,234,243,229,212,229,252,235,211,200,245,224,231,203,243,240,237,237,205,219,241,222,211,230,200,239,231,238,228,225,237,252,243,224,250,214,202,248,236,247,204,243,219,251,211,217,245,222,234,211,222,234,251,245,237,200,216,203,228,225,250,211,217,222,227,205,201,209,200,204,202,251,213,216,252,200,216,219,250,211,239,231,214,218,238,215,203,243,228,215,246,239,200,227,222,219,254,223,219,215,245,222,252,243,240,232,201,240,223,225,248,254,205,242,252,251,231,201,220,215,248,225,246,229,217,237,235,245,209,241,224,241,201,246,246,240,242,221,202,236,238,214,209,240,201,246,208,246,214,227,223,225,234,208,242,205,226,218,246,244,226,205,234,206,229,203,208,240,203,220,204,252,225,211,206,208,209,201,225,212,220,215,220,225,212,221,212,254,225,246,210,229,244,201,211,201,244,241,241,254,200,237,244,207,207,250,231,206,206,201,227,219,210,222,210,224,228,210,230,200,202,250,247,200,251,204,226,223,206,243,218,207,225,214,209,215,220,202,207,248,220,207,201,228,223,250,237,253,243,246,208,223,231,223,218,242,244,224,215,209,210,232,249,248,245,210,204,205,240,223,216,253,226,245,216,220,244,211,205,242,213,214,240,245,229,241,219,211,242,218,252,201,230,222,244,204,226,253,222,230,233,254,240,212,238,222,236,213,208,200,235,225,203,238,213,236,220,250,237,213,232,231,215,219,217,226,208,205,252,218,234,216,235,216,204,246,217,251,210,228,209,207,227,225,238,233,237,238,230,204,201,249,214,250,235,212,250,201,227,201,207,202,8
0,0,0,0,0,0,0,0,0,0,0,0,0,0,0,0,0,0,0,0,0,0,0,0,0,0,0,0,0,0,0,0,0,0,0,0,0,0,0,0,0,0,30,242,254,255,254,254,254,254,254,254,254,254,73,0,0,0,0,0,0,0,0,148,253,253,253,253,253,253,253,253,253,191,16,0,0,0,0,0,0,0,0,4,63,114,22,10,10,10,162,253,253,19,0,0,0,0,0,0,0,0,0,0,0,0,0,0,0,18,219,253,224,10,0,0,0,0,0,0,0,0,0,0,0,0,0,0,0,31,233,253,165,0,0,0,0,0,0,0,0,0,0,0,0,0,0,0,0,53,253,253,165,0,0,0,0,0,0,0,0,0,0,0,0,0,0,0,0,143,253,253,165,0,0,0,0,0,0,0,0,0,0,0,0,0,0,0,0,156,253,253,139,0,0,0,0,0,0,0,0,0,0,0,0,0,9,110,22,158,253,253,105,0,2,6,4,0,0,0,0,0,0,0,0,0,183,253,253,253,253,253,179,156,186,253,186,0,0,0,0,0,0,0,0,0,183,253,253,253,253,253,253,253,253,253,186,0,0,0,0,0,0,0,0,0,9,133,230,253,253,253,239,212,137,109,37,0,0,0,0,0,0,0,0,0,0,0,27,143,253,253,165,0,0,0,0,0,0,0,0,0,0,0,0,0,0,0,0,53,253,253,165,0,0,0,0,0,0,0,0,0,0,0,0,0,0,0,0,53,253,253,165,0,0,0,0,0,0,0,0,0,0,0,0,0,0,0,0,53,253,253,165,0,0,0,0,0,0,0,0,0,0,0,0,0,0,0,0,53,253,253,189,4,0,0,0,0,0,0,0,0,0,0,0,0,0,0,0,53,253,253,253,15,0,0,0,0,0,0,7
0,0,0,0,0,0,0,0,0,0,0,0,0,0,0,0,0,0,0,0,0,0,0,0,0,0,0,0,0,0,0,0,0,0,0,0,0,0,0,0,0,0,0,0,0,0,0,0,0,0,0,0,0,0,0,0,0,0,0,0,0,0,0,0,0,0,29,186,166,9,0,0,0,0,0,0,79,220,255,241,0,0,0,0,0,13,209,253,253,59,0,0,0,0,0,62,217,253,253,244,0,0,0,0,5,184,253,253,253,146,12,6,6,62,185,247,253,253,249,32,0,0,0,0,132,253,253,253,253,253,210,253,253,253,253,253,253,214,17,0,0,0,0,25,232,253,253,219,253,253,253,253,253,253,253,253,253,154,0,0,0,0,0,76,253,253,129,20,180,218,143,134,138,247,253,253,178,9,0,0,0,0,0,76,253,245,52,0,0,0,0,0,114,253,253,214,50,0,0,0,0,0,0,50,164,49,0,0,0,0,0,126,241,253,233,32,0,0,0,0,0,0,0,0,0,0,0,0,0,0,122,246,253,243,53,0,0,0,0,0,0,0,0,0,0,0,0,0,0,19,237,253,234,136,0,0,0,0,0,0,0,0,0,0,0,0,0,0,18,193,253,253,123,0,0,0,0,0,0,0,0,0,0,0,0,0,0,1,113,253,253,216,26,0,0,0,0,0,0,0,0,0,0,0,0,0,0,109,253,253,250,70,0,0,0,0,0,0,0,0,0,0,0,0,0,0,32,237,253,253,108,0,0,0,0,0,0,0,0,0,0,0,0,0,0,0,185,253,253,195,10,0,0,0,0,0,0,0,0,0,0,0,0,0,0,30,233,253,241,44,0,0,0,0,0,0,0,0,0,0,0,0,0,0,3,175,253,253,205,0,0,0,0,0,0,0,0,0,0,0,7
229,220,209,244,245,230,219,227,215,245,233,208,230,238,252,218,220,245,249,242,217,214,244,226,203,227,238,254,204,230,247,242,235,227,218,249,230,231,205,247,228,223,235,204,227,212,252,239,239,252,218,204,241,218,208,217,240,219,243,206,228,234,214,248,205,211,249,249,240,206,224,253,213,246,203,253,221,209,231,235,238,208,235,250,209,250,240,236,211,205,222,218,233,233,251,253,221,201,210,202,206,219,202,230,211,221,240,244,203,242,252,208,219,241,253,232,250,216,209,234,236,243,254,212,221,252,227,236,217,231,229,220,202,219,234,202,249,245,226,227,248,222,240,239,218,205,208,246,204,243,219,209,249,207,219,203,231,251,231,236,234,218,211,210,221,208,246,207,216,223,229,243,235,238,227,251,218,233,246,206,219,227,245,212,254,226,219,201,252,200,236,238,222,200,219,238,206,230,239,217,203,223,222,247,250,253,203,239,222,212,242,217,245,251,232,241,244,249,223,221,206,238,227,206,243,245,224,243,232,201,215,227,212,253,243,230,243,251,248,238,250,224,233,225,222,240,239,235,243,240,225,218,223,223,253,248,234,208,214,206,241,228,223,218,223,205,254,209,204,244,235,203,241,200,230,208,214,231,245,229,239,234,216,231,242,229,201,224,224,210,245,229,200,241,208,211,250,227,205,252,218,210,221,240,200,215,207,211,216,207,250,244,211,227,229,247,211,237,218,206,222,243,203,242,229,230,253,249,202,209,208,231,223,219,240,243,247,211,238,202,226,200,240,247,250,247,237,240,219,235,234,240,237,252,250,211,243,231,244,214,209,239,211,207,219,248,246,227,233,250,206,243,240,218,248,235,241,254,251,253,208,247,219,235,222,223,249,211,216,218,226,205,234,228,224,228,203,214,210,247,2
0,0,0,0,0,0,0,0,0,0,0,0,0,0,0,0,0,0,0,0,0,0,0,0,0,0,0,0,0,0,0,0,0,0,0,0,0,0,0,0,0,0,0,0,0,0,0,0,0,0,0,21,132,253,62,0,0,0,0,0,0,0,0,0,82,203,123,0,0,0,62,162,253,252,183,0,0,0,0,0,0,0,0,0,153,253,255,213,153,152,255,253,255,253,103,0,0,0,0,0,0,0,0,0,152,252,253,252,253,252,192,151,253,252,20,0,0,0,0,0,0,0,0,0,153,253,204,82,102,20,0,62,255,253,0,0,0,0,0,0,0,0,0,0,92,192,81,0,0,0,0,102,253,252,0,0,0,0,0,0,0,0,0,0,0,0,0,0,0,0,0,102,254,151,0,0,0,0,0,0,0,0,0,0,0,0,0,0,0,0,0,183,253,151,0,0,0,0,0,0,0,0,0,0,0,0,0,0,0,0,0,203,254,50,0,0,0,0,0,0,0,0,0,0,0,0,0,0,0,0,0,203,253,50,0,0,0,0,0,0,0,0,0,0,0,0,0,0,51,51,173,253,254,172,132,10,0,0,0,0,0,0,0,0,0,0,0,82,253,252,253,252,253,252,253,131,0,0,0,0,0,0,0,0,0,0,0,82,203,203,234,253,224,102,82,0,0,0,0,0,0,0,0,0,0,0,0,0,0,0,152,252,203,0,0,0,0,0,0,0,0,0,0,0,0,0,0,0,0,0,113,253,203,0,0,0,0,0,0,0,0,0,0,0,0,0,0,0,0,0,152,252,203,0,0,0,0,0,0,0,0,0,0,0,0,0,0,0,0,0,153,253,204,0,0,0,0,0,0,0,0,0,0,0,0,0,0,0,0,0,152,252,203,0,0,0,0,0,0,0,7
0,0,0,0,0,0,0,0,153,252,252,253,139,0,0,0,0,0,0,0,0,0,0,0,0,0,0,37,243,252,252,253,26,0,0,0,0,0,0,0,0,0,0,0,0,0,17,178,252,252,252,151,2,0,0,0,0,0,0,0,0,0,0,0,0,0,54,252,252,252,217,28,0,0,0,0,0,0,0,0,0,0,0,0,0,0,82,252,252,249,94,0,0,0,0,0,0,0,0,0,0,0,0,0,0,11,197,252,252,238,0,0,0,0,0,0,0,0,0,0,0,0,0,0,0,67,252,252,252,238,0,0,0,0,0,0,0,0,0,0,0,0,0,0,0,67,252,252,252,161,0,0,0,0,0,0,0,0,0,0,0,0,0,0,0,67,252,252,252,113,133,134,77,0,0,0,0,0,0,0,0,0,0,0,0,68,253,253,253,253,253,255,253,253,103,0,0,0,0,0,0,0,0,0,0,67,252,252,252,252,252,253,252,252,248,176,0,0,0,0,0,0,0,0,0,67,252,252,252,252,252,253,252,252,252,245,59,0,0,0,0,0,0,0,0,67,252,252,252,252,252,215,206,252,252,252,66,0,0,0,0,0,0,0,0,67,252,252,252,241,53,28,23,232,252,252,66,0,0,0,0,0,0,0,0,67,252,252,252,238,0,26,110,245,252,238,52,0,0,0,0,0,0,0,0,67,252,252,252,248,173,211,252,252,239,86,0,0,0,0,0,0,0,0,0,25,196,252,252,252,252,253,252,252,158,0,0,0,0,0,0,0,0,0,0,0,51,248,252,252,252,253,252,121,17,0,0,0,0,0,0,0,0,0,0,0,0,82,203,252,252,253,126,12,0,0,0,0,0,0,0,0,0,0,0,0,0,0,0,0,0,0,0,0,0,0,0,0,0,0,6
0,0,0,0,0,0,0,0,0,0,0,0,0,0,0,0,0,0,0,0,0,0,0,0,0,0,0,0,0,0,55,135,178,255,254,156,17,0,0,0,0,0,0,0,0,0,0,8,105,186,253,253,251,198,171,252,74,0,0,0,0,0,0,0,0,0,20,229,253,253,190,109,68,0,0,225,74,0,0,0,0,0,0,0,0,0,125,254,125,35,1,0,0,0,0,223,69,0,0,0,0,0,0,0,0,23,237,253,14,0,0,0,0,0,21,215,22,0,0,0,0,0,0,0,0,8,220,253,26,0,0,0,0,20,203,178,37,0,0,0,0,0,0,0,0,0,58,253,200,20,0,0,21,200,169,8,0,0,0,0,0,0,0,0,0,0,14,200,253,205,18,17,129,224,5,0,0,0,0,0,0,0,0,0,0,0,0,20,205,254,199,160,207,33,0,0,0,0,0,0,0,0,0,0,0,0,0,0,18,199,253,253,96,0,0,0,0,0,0,0,0,0,0,0,0,0,0,0,0,21,250,253,94,0,0,0,0,0,0,0,0,0,0,0,0,0,0,0,0,157,253,253,156,0,0,0,0,0,0,0,0,0,0,0,0,0,0,0,40,244,205,251,193,0,0,0,0,0,0,0,0,0,0,0,0,0,0,0,206,227,36,204,193,0,0,0,0,0,0,0,0,0,0,0,0,0,0,86,252,71,45,248,194,0,0,0,0,0,0,0,0,0,0,0,0,0,10,206,241,41,121,253,124,0,0,0,0,0,0,0,0,0,0,0,0,0,44,254,108,14,243,196,8,0,0,0,0,0,0,0,0,0,0,0,0,0,130,254,29,190,253,114,0,0,0,0,0,0,0,0,0,0,0,0,0,0,130,254,207,254,148,2,0,0,0,0,0,0,0,0,8
0,0,0,0,0,0,0,0,0,0,0,0,0,0,0,0,0,0,0,0,0,0,0,0,0,0,0,0,0,0,0,0,0,0,0,0,0,0,0,0,0,0,0,0,0,46,236,177,0,0,0,0,0,171,239,48,0,0,0,0,0,0,0,0,0,93,254,212,85,0,0,0,22,209,254,98,0,0,0,0,0,0,0,0,0,217,254,254,182,0,0,0,171,254,254,222,0,0,0,0,0,0,0,0,92,252,254,254,61,0,0,0,177,254,254,107,0,0,0,0,0,0,0,0,149,254,254,254,52,0,0,0,177,254,254,165,0,0,0,0,0,0,0,0,230,254,254,226,33,0,0,47,245,254,254,98,0,0,0,0,0,0,0,0,185,254,254,176,0,0,0,97,254,254,254,98,0,0,0,0,0,0,0,0,206,254,254,176,0,0,49,242,254,254,254,98,0,0,0,0,0,0,0,0,192,254,254,176,0,0,60,254,254,254,245,70,0,0,0,0,0,0,0,0,99,254,254,237,159,167,210,254,254,254,188,0,0,0,0,0,0,0,0,0,25,231,254,254,254,254,254,254,254,245,70,0,0,0,0,0,0,0,0,0,0,110,220,254,254,254,254,254,245,104,0,0,0,0,0,0,0,0,0,0,0,0,26,78,78,214,254,254,232,44,0,0,0,0,0,0,0,0,0,0,0,0,0,0,0,197,254,254,141,0,0,0,0,0,0,0,0,0,0,0,0,0,0,0,10,204,254,254,208,0,0,0,0,0,0,0,0,0,0,0,0,0,0,0,73,255,254,254,141,0,0,0,0,0,0,0,0,0,0,0,0,0,0,0,73,255,254,254,198,0,0,0,0,0,0,0,0,0,0,0,0,0,0,0,73,254,254,254,78,0,0,0,0,0,0,0,4
0,0,0,0,0,0,0,0,0,0,0,0,0,0,0,0,0,0,0,0,0,18,239,253,148,113,4,0,0,0,0,0,0,0,0,0,0,0,0,0,0,0,69,239,253,252,195,120,173,71,0,0,0,0,0,0,0,0,0,0,0,0,0,17,127,205,242,252,252,250,232,135,101,13,0,0,0,0,0,0,0,0,0,0,0,0,42,154,189,190,189,247,252,217,54,0,0,0,0,0,0,0,0,0,0,0,0,0,0,0,0,47,217,252,247,53,0,0,0,0,0,0,0,0,0,0,0,0,0,0,0,0,64,253,254,218,12,0,0,0,0,0,0,0,0,0,0,0,0,0,0,0,99,252,253,252,21,0,0,0,0,0,0,0,0,0,0,0,0,0,0,2,176,252,253,252,21,0,0,0,0,0,0,0,0,0,0,0,0,0,0,48,252,252,253,231,16,0,0,0,0,0,0,0,0,0,0,0,0,0,0,127,252,252,253,124,0,0,0,0,0,0,0,0,0,0,0,0,0,0,50,245,253,253,230,53,0,0,0,0,0,0,0,0,0,0,0,0,0,0,164,252,252,252,71,0,0,0,0,0,0,0,0,0,0,0,0,0,0,57,247,252,252,190,0,0,0,0,0,0,0,0,0,0,0,0,0,0,0,253,252,252,210,14,0,0,0,0,0,0,0,0,0,0,0,0,0,0,132,253,252,252,145,0,0,0,0,0,0,0,0,0,0,0,0,0,0,82,253,255,253,170,0,0,0,0,0,0,0,0,0,0,0,0,0,0,16,232,252,253,252,91,0,0,0,0,0,0,0,0,0,0,0,0,0,0,119,252,252,253,122,2,0,0,0,0,0,0,0,0,0,0,0,0,0,0,127,252,252,253,63,0,0,0,0,0,0,0,0,0,7
0,0,0,0,0,0,0,0,0,0,0,0,0,0,0,0,0,0,0,0,0,0,0,0,101,119,155,249,249,222,142,229,119,107,71,52,0,0,0,0,0,0,0,48,236,254,254,168,143,223,254,254,254,253,250,241,109,0,0,0,0,0,0,0,16,19,19,5,0,14,19,19,19,32,157,254,251,106,0,0,0,0,0,0,0,0,0,0,0,0,0,0,0,0,20,254,254,254,0,0,0,0,0,0,0,0,0,0,0,0,0,0,12,106,225,254,252,96,0,0,0,0,0,0,0,0,0,0,0,0,84,128,175,254,254,254,204,0,0,0,0,0,0,0,0,25,79,79,177,210,241,254,254,246,176,102,21,0,0,0,0,0,0,0,0,57,240,254,254,254,254,254,124,46,0,0,0,0,0,0,0,0,0,0,0,0,151,240,254,254,254,254,133,59,0,0,0,0,0,0,0,0,0,0,0,0,0,50,65,159,195,235,254,248,180,26,0,0,0,0,0,0,0,0,0,0,0,0,0,0,0,48,88,234,254,205,0,0,0,0,0,0,0,0,0,0,0,0,0,0,0,0,47,225,255,241,0,0,0,0,0,0,0,0,0,0,0,0,0,0,0,7,178,254,254,153,0,0,0,0,0,0,0,0,0,0,0,0,0,0,47,178,254,254,225,40,0,0,0,0,15,0,0,0,0,0,0,21,27,122,225,254,251,215,40,0,0,0,0,0,209,30,138,36,131,151,151,231,254,254,251,214,91,0,0,0,0,0,0,0,254,254,254,254,254,254,244,241,241,146,91,0,0,0,0,0,0,0,0,0,242,194,117,117,117,117,24,0,0,0,0,0,0,0,0,0,0,0,0,0,0,0,0,0,0,0,0,0,0,0,0,0,0,0,0,0,0,0,0,0,3
0,0,0,0,0,0,0,0,0,0,0,0,0,0,0,0,0,0,0,0,0,0,0,0,0,0,0,0,0,0,0,0,0,0,0,0,0,0,0,0,0,0,0,0,0,0,0,0,0,0,0,0,0,0,0,0,0,0,0,0,0,0,0,0,0,0,0,0,36,65,125,164,164,164,164,77,65,65,65,65,0,0,0,0,0,0,0,7,227,253,253,253,253,253,253,253,253,253,253,253,0,0,0,0,0,0,21,201,253,253,253,253,253,253,253,253,253,253,253,253,0,0,0,0,0,9,174,253,253,253,253,188,124,124,124,124,124,124,124,163,0,0,0,0,7,174,253,253,253,112,69,14,0,0,0,0,0,0,0,0,0,0,0,26,174,253,253,253,161,4,0,0,0,0,0,0,0,0,0,0,0,0,4,198,253,253,253,253,221,119,39,0,0,0,0,0,0,0,0,0,0,0,11,253,253,253,253,253,253,253,231,148,39,0,0,0,0,0,0,0,0,0,2,139,248,180,160,248,251,253,253,253,242,153,2,0,0,0,0,0,0,0,0,0,0,0,0,0,52,170,229,253,253,253,146,0,0,0,0,0,0,0,0,0,0,0,0,0,0,0,24,128,253,253,183,0,0,0,0,0,0,92,169,169,123,50,0,0,0,0,42,185,253,253,183,0,0,0,0,0,0,254,253,253,253,245,213,125,70,102,240,253,253,246,55,0,0,0,0,0,0,135,240,253,253,253,253,253,253,253,253,253,235,125,0,0,0,0,0,0,0,0,16,45,120,187,236,253,253,253,253,237,91,0,0,0,0,0,0,0,0,0,0,0,0,0,45,163,163,163,105,38,0,0,0,0,0,0,0,0,0,0,0,0,0,0,0,0,0,0,0,0,0,0,0,0,0,0,0,0,5
0,0,0,0,0,0,0,0,0,0,0,0,0,0,0,0,0,0,0,0,0,0,0,0,0,0,0,0,0,0,197,116,5,0,0,0,0,0,0,0,0,0,0,0,0,0,0,0,0,0,253,252,96,0,0,0,0,0,0,0,0,0,0,0,0,0,0,0,0,0,236,252,113,0,0,0,0,0,0,0,0,0,0,0,0,0,0,0,0,0,132,252,216,0,0,0,0,0,0,0,0,0,0,0,0,0,0,0,0,0,219,252,187,0,0,0,0,0,0,0,0,0,0,0,0,0,0,0,0,0,253,252,96,0,0,0,0,0,0,0,0,0,0,0,0,0,0,0,0,0,253,252,96,0,0,0,0,0,0,0,0,0,0,0,0,0,0,0,0,0,253,252,96,0,0,0,0,0,0,0,0,0,0,0,0,0,0,0,0,0,253,242,55,0,0,0,0,0,0,0,0,0,0,0,0,0,0,0,0,0,253,228,0,0,0,0,0,0,0,0,0,0,0,0,0,0,0,0,0,122,255,109,0,0,0,0,0,0,0,0,0,0,0,0,0,0,0,0,0,132,253,108,0,0,0,0,0,0,0,0,0,0,0,0,0,0,0,0,16,243,253,108,0,0,0,0,0,0,0,0,0,0,0,0,0,0,0,0,109,252,245,36,0,0,0,0,0,0,0,0,0,0,0,0,0,0,0,0,195,252,154,0,0,0,0,0,0,0,0,0,0,0,0,0,0,0,0,75,247,252,29,0,0,0,0,0,0,0,0,0,0,0,0,0,0,0,0,194,252,212,0,0,0,0,0,0,0,0,0,0,0,0,0,0,0,0,0,217,210,82,0,0,0,0,0,0,0,0,0,0,0,0,0,0,0,0,0,217,143,0,0,0,0,0,0,0,0,0,0,0,1
0,0,0,0,0,0,0,163,123,0,0,0,0,0,0,0,0,0,0,0,0,0,0,0,0,0,0,203,223,20,0,0,0,0,0,0,0,0,0,0,0,0,0,0,0,0,72,253,224,20,0,0,0,0,0,0,0,0,0,0,0,0,0,0,0,0,233,252,122,0,0,0,0,0,0,0,0,0,0,0,0,0,0,0,0,21,255,253,41,0,0,0,0,0,0,0,0,21,153,30,0,0,0,0,0,183,253,130,0,0,0,0,0,0,0,0,0,142,253,91,0,0,0,0,11,213,254,50,0,0,0,0,0,0,0,0,132,253,255,131,0,0,0,0,51,252,233,30,0,0,0,0,0,0,0,82,253,252,172,10,0,0,0,0,72,253,142,0,0,0,0,0,0,0,11,213,254,131,0,0,0,0,0,0,152,252,102,0,0,0,0,0,0,0,173,252,213,10,0,0,0,0,0,0,152,253,0,0,0,0,0,0,11,173,254,233,41,0,0,0,0,0,0,0,193,252,0,0,0,0,0,82,213,252,253,111,0,0,0,0,0,0,0,0,152,253,0,0,0,62,173,253,254,253,203,20,0,0,0,0,0,0,0,0,152,252,203,203,203,223,253,171,172,252,102,0,0,0,0,0,0,0,0,0,41,243,254,253,224,162,41,0,214,253,41,0,0,0,0,0,0,0,0,0,0,40,50,50,20,0,0,0,172,252,82,0,0,0,0,0,0,0,0,0,0,0,0,0,0,0,0,0,152,253,41,0,0,0,0,0,0,0,0,0,0,0,0,0,0,0,0,0,152,212,0,0,0,0,0,0,0,0,0,0,0,0,0,0,0,0,0,0,152,253,0,0,0,0,0,0,0,0,0,0,0,0,0,0,0,0,0,0,51,192,41,0,0,0,0,0,4
0,0,0,0,0,0,0,0,0,0,0,0,0,0,0,85,232,151,0,0,0,0,0,0,0,0,0,0,0,0,0,0,0,2,48,249,253,56,0,0,0,0,0,0,0,0,0,0,0,0,0,0,0,79,254,254,125,0,0,0,0,0,0,0,0,0,0,0,0,0,0,0,98,233,254,164,21,0,0,0,0,0,0,0,0,0,0,0,0,0,0,49,235,252,114,2,0,0,0,0,0,0,0,0,0,0,0,0,0,4,73,234,250,157,0,0,0,0,0,0,0,0,0,0,0,0,0,0,0,91,254,254,113,0,0,0,0,0,0,0,0,0,0,0,0,0,0,32,162,253,251,113,2,4,17,17,17,10,0,0,0,0,0,0,0,0,31,220,254,251,123,55,156,184,254,254,254,217,50,0,0,0,0,0,0,30,215,254,223,119,213,254,254,254,254,245,186,254,222,0,0,0,0,0,32,217,254,173,80,231,254,237,122,16,16,14,4,104,238,39,0,0,0,2,176,254,222,45,173,251,126,19,0,0,0,0,0,25,243,58,0,0,0,94,254,223,37,137,254,109,0,0,0,0,0,0,26,208,180,0,0,0,9,222,231,35,6,209,159,1,0,0,0,0,11,86,213,199,53,0,0,0,105,253,111,0,39,242,44,0,0,0,0,44,184,254,210,67,0,0,0,0,141,249,0,0,120,161,0,0,0,82,159,240,254,143,14,0,0,0,0,0,67,250,166,33,124,163,33,132,211,254,238,125,5,1,0,0,0,0,0,0,0,115,226,254,222,254,254,254,209,99,37,0,0,0,0,0,0,0,0,0,0,0,41,146,243,254,254,147,14,0,0,0,0,0,0,0,0,0,0,0,0,0,0,0,0,0,0,0,0,0,0,0,0,0,0,0,0,0,6
0,0,0,0,0,0,0,0,0,0,0,0,0,0,0,0,0,0,0,0,0,0,0,0,0,0,0,0,0,0,0,0,0,0,0,0,0,0,0,0,0,0,0,0,0,0,0,101,222,253,253,255,206,25,0,0,0,0,0,0,0,0,0,0,0,48,226,249,252,252,252,253,252,180,0,126,226,100,19,0,0,0,0,0,0,140,253,252,252,252,252,253,252,208,73,227,253,252,55,0,0,0,0,0,35,215,253,252,214,99,239,253,252,252,252,252,253,252,55,0,0,0,0,32,215,252,253,252,118,0,140,253,252,252,252,252,253,252,55,0,0,0,0,57,253,253,255,253,56,0,0,0,0,57,253,253,255,106,0,0,0,0,0,57,252,252,253,252,103,0,0,0,76,200,252,252,253,27,0,0,0,0,0,57,252,252,253,252,208,51,0,57,231,252,252,252,228,21,0,0,0,0,0,19,99,239,253,252,252,242,169,253,252,252,252,236,47,0,0,0,0,0,0,0,0,63,253,252,252,252,252,253,252,252,252,112,0,0,0,0,0,0,0,0,0,0,0,126,229,253,253,255,253,253,253,112,0,0,0,0,0,0,0,0,0,0,0,0,21,43,214,253,252,252,226,12,0,0,0,0,0,0,0,0,0,0,0,0,0,7,165,253,252,252,192,0,0,0,0,0,0,0,0,0,0,0,0,0,0,44,252,253,252,245,74,0,0,0,0,0,0,0,0,0,0,0,0,0,32,215,252,253,252,195,0,0,0,0,0,0,0,0,0,0,0,0,0,0,57,253,253,255,253,196,0,0,0,0,0,0,0,0,0,0,0,0,0,0,104,252,252,253,252,195,0,0,0,0,0,0,0,0,0,0,0,0,120,197,240,252,252,253,252,164,0,0,0,0,0,0,9
0,0,0,0,0,0,0,0,0,0,0,0,0,0,0,0,0,0,0,0,0,0,0,0,0,29,86,141,170,198,226,226,255,198,170,170,114,29,0,0,0,0,0,0,114,255,255,255,255,255,255,255,255,255,255,255,255,170,0,0,0,0,0,0,198,255,255,226,170,170,170,114,86,86,86,86,86,29,0,0,0,0,0,0,198,255,255,114,0,0,0,0,0,0,0,0,0,0,0,0,0,0,0,0,170,255,170,0,0,0,0,0,0,0,0,0,0,0,0,0,0,0,0,0,226,255,170,0,0,0,0,0,0,0,0,0,0,0,0,0,0,0,0,86,255,255,170,0,0,0,0,0,0,0,0,0,0,0,0,0,0,0,0,86,255,255,255,198,170,114,57,0,0,0,0,0,0,0,0,0,0,0,0,114,255,255,255,255,255,255,255,255,141,57,0,0,0,0,0,0,0,0,0,170,255,255,170,86,141,170,226,255,255,255,141,29,0,0,0,0,0,0,0,141,255,141,0,0,0,0,0,57,226,255,255,226,57,0,0,0,0,0,0,0,0,0,0,0,0,0,0,0,0,86,226,255,226,57,0,0,0,0,0,0,0,0,0,0,0,0,0,0,0,0,57,226,255,198,0,0,0,0,0,0,0,0,0,0,0,0,0,0,0,0,0,57,255,255,114,0,0,0,0,0,0,0,0,114,170,141,29,0,0,0,0,0,255,255,170,0,0,0,0,0,0,0,57,255,255,255,141,0,0,0,0,0,255,255,170,0,0,0,0,0,0,0,29,255,255,226,57,0,0,0,0,29,255,255,170,0,0,0,0,0,0,0,0,29,226,255,255,198,114,86,86,170,255,255,114,0,0,0,0,0,0,0,0,0,0,86,198,255,255,255,255,255,255,170,0,0,5
0,0,0,0,35,103,0,0,0,207,254,255,254,254,254,255,55,0,0,0,0,0,0,0,3,8,0,0,49,232,253,253,253,253,253,253,181,0,0,0,0,0,0,0,0,0,0,0,0,144,233,204,177,177,249,253,243,63,0,0,0,0,0,0,0,0,0,0,0,0,45,22,2,56,243,253,240,59,0,0,0,0,0,0,0,0,0,0,0,0,0,0,26,253,253,253,172,0,0,0,0,0,0,0,0,0,0,0,0,0,0,99,209,253,253,196,22,0,0,0,0,0,0,0,0,0,0,0,0,0,97,210,253,253,200,17,0,0,0,0,0,0,0,0,0,0,0,48,111,222,252,253,250,143,11,0,0,0,0,0,0,0,0,0,13,90,160,238,253,253,253,243,85,0,0,0,0,0,0,0,0,0,0,0,146,253,253,253,253,253,253,248,127,0,0,0,0,0,0,0,0,0,0,0,146,253,253,206,205,205,205,205,231,186,36,0,0,0,0,0,0,0,0,0,12,89,89,2,0,0,0,0,55,253,161,4,0,0,0,0,0,0,0,0,0,0,0,0,0,0,0,0,7,250,253,37,0,0,0,0,0,0,0,0,0,0,0,0,0,0,0,0,0,125,253,170,0,0,0,0,0,0,0,0,0,0,0,0,0,0,0,0,7,247,253,115,0,0,0,0,0,0,0,0,12,83,41,0,0,0,0,0,52,253,219,23,0,0,0,0,0,0,94,199,207,246,57,0,0,0,12,151,230,253,150,0,0,0,0,0,0,0,213,253,253,253,215,179,179,179,193,253,252,212,51,0,0,0,0,0,0,0,122,248,253,253,253,253,253,253,253,251,226,0,0,0,0,0,0,0,0,0,0,89,209,253,253,253,253,253,253,151,0,0,0,0,0,0,0,0,3
0,0,0,0,0,0,0,47,253,117,3,0,0,0,0,0,0,0,0,0,0,0,0,0,0,0,0,47,252,252,96,0,0,0,0,0,0,0,0,0,0,0,0,0,0,0,0,78,252,252,54,0,0,0,0,0,0,0,0,0,0,0,0,0,0,0,0,161,252,218,14,0,0,0,0,0,0,0,0,0,0,0,0,0,0,0,11,203,252,108,0,0,0,0,0,0,0,0,0,0,0,0,0,0,0,0,139,253,253,46,0,0,36,222,117,3,0,0,0,0,0,0,0,0,0,0,159,252,252,45,0,0,161,252,252,75,0,0,0,0,0,0,0,0,0,0,253,252,233,33,0,17,228,252,252,22,0,0,0,0,0,0,0,0,0,43,253,252,183,0,0,24,252,252,176,4,0,0,0,0,0,0,0,0,0,168,253,231,48,0,0,24,252,252,160,0,0,0,0,0,0,0,0,0,0,231,255,211,24,5,0,34,253,253,161,0,0,0,0,0,0,0,0,0,60,244,253,252,252,177,161,212,252,252,177,47,0,0,0,0,0,0,0,0,68,246,253,252,252,252,221,253,252,252,252,252,116,0,0,0,0,0,0,0,0,146,161,139,45,45,25,117,252,252,252,252,249,75,0,0,0,0,0,0,0,0,0,0,0,0,0,24,252,252,168,22,23,8,0,0,0,0,0,0,0,0,0,0,0,0,0,24,253,253,161,0,0,0,0,0,0,0,0,0,0,0,0,0,0,0,0,24,252,252,160,0,0,0,0,0,0,0,0,0,0,0,0,0,0,0,0,24,252,252,160,0,0,0,0,0,0,0,0,0,0,0,0,0,0,0,0,24,252,252,160,0,0,0,0,0,0,0,0,0,0,0,0,0,0,0,0,13,158,252,160,0,0,0,0,0,4
0,0,0,0,0,0,0,0,0,0,0,0,0,0,0,0,0,0,0,0,0,0,0,0,0,0,0,0,0,0,0,0,0,0,0,0,0,0,0,0,0,0,0,0,0,0,0,0,0,0,0,0,0,0,0,0,0,0,0,0,0,0,71,249,229,143,143,143,110,34,34,34,21,0,0,0,0,0,0,0,0,0,180,252,252,252,252,252,252,252,253,252,222,176,176,90,35,0,0,0,0,0,17,149,153,153,157,252,252,252,253,252,252,252,252,252,232,82,0,0,0,0,0,0,0,0,1,10,10,10,10,88,121,121,149,252,252,99,0,0,0,0,0,0,0,0,0,0,0,0,0,0,0,0,56,252,252,99,0,0,0,0,0,0,0,0,0,0,0,0,0,0,0,8,172,252,248,64,0,0,0,0,0,0,0,0,0,0,0,0,0,0,0,124,252,252,188,0,0,0,0,0,0,0,0,0,0,0,0,0,0,0,61,206,252,252,113,0,0,0,0,0,0,0,0,0,0,0,0,0,0,0,181,252,252,153,6,0,0,0,0,0,0,0,0,0,0,0,0,0,63,187,247,243,119,7,0,0,0,0,0,0,0,0,0,0,0,0,0,78,255,253,240,57,0,0,0,0,0,0,0,0,0,0,0,0,0,0,83,243,253,252,77,0,0,0,0,0,0,0,0,0,0,0,0,0,0,81,241,252,240,77,8,0,0,0,0,0,0,0,0,0,0,0,0,0,59,248,252,252,153,0,0,0,0,0,0,0,0,0,0,0,0,0,0,0,108,252,252,156,0,0,0,0,0,0,0,0,0,0,0,0,0,0,0,70,248,252,192,7,0,0,0,0,0,0,0,0,0,0,0,0,0,0,80,215,252,226,92,0,0,0,0,0,0,0,0,0,0,0,7
0,0,0,0,0,0,0,0,0,0,0,0,0,0,0,0,0,0,0,0,0,0,0,0,0,0,0,0,19,38,124,146,146,146,146,146,146,132,38,6,0,0,0,0,0,4,97,184,218,253,253,253,253,253,253,253,253,253,253,70,0,0,0,0,2,201,253,252,248,248,248,248,248,160,139,139,139,200,253,240,0,0,0,0,82,253,253,103,0,0,0,0,0,0,0,0,0,33,253,253,0,0,0,0,56,245,253,167,7,0,0,0,0,0,0,0,0,33,253,253,0,0,0,0,0,171,249,253,169,0,0,0,0,0,0,0,5,134,253,244,0,0,0,0,0,0,128,242,247,134,11,0,0,0,0,34,178,253,240,30,0,0,0,0,0,0,0,83,246,253,207,94,87,87,99,235,253,242,75,0,0,0,0,0,0,8,84,208,252,253,253,253,253,253,253,253,209,67,0,0,0,0,0,0,18,194,253,253,197,92,130,199,199,199,199,236,253,28,0,0,0,0,0,74,217,253,236,125,5,0,0,0,0,0,0,173,253,113,0,0,0,7,120,247,253,183,54,0,0,0,0,0,0,0,14,214,253,58,0,0,0,147,253,253,174,9,0,0,0,0,0,0,0,0,125,253,229,4,0,0,31,240,253,218,13,0,0,0,0,0,0,0,0,0,244,253,110,0,0,0,153,253,193,52,0,0,0,0,0,0,0,0,7,156,253,133,2,0,0,0,254,253,139,0,0,0,0,0,0,0,0,34,155,253,207,26,0,0,0,0,254,253,94,0,0,0,0,36,104,127,211,233,253,214,24,0,0,0,0,0,180,253,251,249,214,238,249,251,253,253,242,212,88,3,0,0,0,0,0,0,12,204,253,253,253,253,253,229,183,114,48,0,0,0,0,0,0,0,0,0,8
0,0,0,0,0,0,0,0,0,0,0,0,0,0,0,0,0,0,0,0,0,0,0,0,0,0,0,0,0,0,0,0,0,0,0,0,0,0,0,0,0,0,0,0,0,0,0,0,0,0,0,0,0,0,0,0,0,0,0,0,0,0,0,0,0,21,132,253,254,253,254,253,173,31,0,0,0,0,0,0,0,0,0,0,0,183,253,252,233,151,151,192,253,232,0,0,0,0,0,0,0,0,0,0,72,253,244,81,0,0,0,0,92,253,163,0,0,0,0,0,0,0,0,0,152,252,162,0,0,0,0,0,31,232,223,20,0,0,0,0,0,0,0,0,153,253,102,0,0,0,0,0,0,102,254,50,0,0,0,0,0,0,0,0,152,252,183,0,0,0,0,0,82,223,233,30,0,0,0,0,0,0,0,0,82,243,234,51,51,51,113,193,254,253,203,0,0,0,0,0,0,0,0,0,0,162,253,232,253,252,253,252,253,252,223,20,0,0,0,0,0,0,0,0,0,41,203,203,203,162,82,0,0,142,224,20,0,0,0,0,0,0,0,0,0,0,0,0,0,0,0,0,0,183,223,20,0,0,0,0,0,0,0,0,0,0,0,0,0,0,0,0,11,213,254,50,0,0,0,0,0,0,0,0,0,0,0,0,0,0,0,0,51,252,253,50,0,0,0,0,0,0,0,0,0,0,0,0,0,0,0,0,51,253,244,40,0,0,0,0,0,0,0,0,0,0,0,0,0,0,0,0,51,252,203,0,0,0,0,0,0,0,0,0,0,0,0,0,0,0,0,0,152,253,183,0,0,0,0,0,0,0,0,0,0,0,0,0,0,0,0,0,233,252,61,0,0,0,0,0,0,0,0,0,0,0,0,0,0,0,0,62,255,253,0,0,0,0,0,0,9
0,0,0,0,0,0,0,0,0,0,0,0,184,236,0,0,0,0,0,0,0,0,0,0,0,0,0,0,0,0,0,13,235,240,11,0,0,0,0,0,0,0,0,0,0,0,0,0,0,0,0,73,244,144,59,0,0,0,0,0,0,0,0,0,0,0,0,0,0,0,0,104,186,6,32,0,0,0,0,0,0,0,0,0,0,33,21,0,0,0,0,155,155,0,0,0,0,0,0,0,0,0,0,0,0,198,84,0,0,0,6,205,103,0,0,0,0,0,0,0,0,0,0,0,21,245,73,0,0,0,30,254,103,0,0,0,0,0,0,0,0,0,0,0,49,182,7,0,0,0,30,254,103,0,0,0,0,0,0,0,0,0,0,0,98,144,0,0,0,0,30,254,94,0,0,0,0,0,0,0,0,0,0,0,90,144,0,0,0,0,30,254,63,0,0,0,0,0,0,0,0,0,0,0,114,152,0,0,0,0,53,254,103,0,0,0,0,0,0,0,0,0,0,0,58,237,42,0,0,0,78,254,97,0,2,28,0,0,0,0,0,0,0,0,20,239,228,110,30,15,106,254,107,33,157,87,0,0,0,0,0,0,0,0,0,101,243,254,254,239,249,254,254,253,154,0,0,0,0,0,0,0,0,0,0,0,58,168,232,249,254,254,200,85,0,0,0,0,0,0,0,0,0,0,0,0,0,0,0,31,125,254,51,0,0,0,0,0,0,0,0,0,0,0,0,0,0,0,0,0,75,254,39,0,0,0,0,0,0,0,0,0,0,0,0,0,0,0,0,0,30,254,90,0,0,0,0,0,0,0,0,0,0,0,0,0,0,0,0,0,30,254,137,0,0,0,0,0,0,0,0,0,0,0,0,0,0,0,0,0,15,204,238,11,0,0,0,0,0,0,4
0,0,0,0,0,0,0,0,0,0,0,0,0,0,0,0,0,0,0,0,0,0,0,0,0,0,0,0,0,0,0,0,0,128,128,191,255,255,255,191,0,0,0,0,0,0,0,0,0,0,0,128,255,255,255,255,255,255,255,255,0,0,0,0,0,0,0,0,0,64,255,255,255,255,255,255,255,255,255,255,0,0,0,0,0,0,0,0,0,128,255,255,255,255,255,191,191,255,255,255,0,0,0,0,0,0,0,0,64,255,255,255,191,128,0,0,191,255,255,191,0,0,0,0,0,0,0,0,128,255,255,255,64,0,128,255,255,255,128,0,0,0,0,0,0,0,0,0,255,191,255,255,191,255,255,255,255,128,64,0,0,0,0,0,0,0,0,0,0,64,255,255,255,255,255,191,64,0,0,0,0,0,0,0,0,0,0,0,0,191,255,255,255,255,128,0,0,0,0,0,0,0,0,0,0,0,0,64,255,255,255,255,191,64,0,0,0,0,0,0,0,0,0,0,0,0,191,255,255,255,255,255,128,0,0,0,0,0,0,0,0,0,0,0,0,255,255,255,255,128,255,255,128,0,0,0,0,0,0,0,0,0,0,64,191,255,255,128,64,128,255,255,128,0,0,0,0,0,0,0,0,0,64,191,255,255,128,0,0,191,255,255,64,0,0,0,0,0,0,0,0,0,255,255,255,128,0,0,128,255,255,191,0,0,0,0,0,0,0,0,0,0,255,255,191,0,0,64,255,255,255,64,0,0,0,0,0,0,0,0,0,128,255,255,255,255,255,255,255,255,255,0,0,0,0,0,0,0,0,0,0,128,255,255,255,255,255,255,255,191,0,0,0,0,0,0,0,0,0,0,0,64,255,255,255,255,255,255,191,64,0,0,0,0,0,0,0,0,0,0,8
0,0,0,0,0,0,0,0,0,38,254,159,0,0,0,0,0,0,0,0,0,0,0,0,0,0,0,0,0,214,179,9,0,0,0,0,0,0,0,0,0,0,0,0,0,0,0,7,154,255,51,0,0,0,0,0,0,0,0,0,0,0,0,0,0,0,0,57,253,228,0,0,0,0,0,0,0,0,0,0,0,0,0,0,0,0,10,173,253,52,0,0,0,0,0,0,0,0,0,0,0,0,0,0,0,0,129,253,177,3,0,0,0,0,0,0,0,0,0,0,0,0,0,0,0,0,154,223,25,0,0,0,0,0,0,0,0,0,0,0,0,0,0,0,0,26,254,197,0,0,0,0,0,0,0,13,57,32,0,0,0,0,0,0,0,114,254,159,0,0,0,0,0,0,148,210,253,229,38,0,0,0,0,0,0,163,254,134,0,0,0,0,38,214,191,140,140,191,114,0,0,0,0,0,0,227,240,38,0,0,0,45,230,128,0,0,0,127,114,0,0,0,0,0,0,226,226,0,0,0,45,226,171,9,0,0,19,232,114,0,0,0,0,0,0,226,248,66,0,38,179,209,13,0,0,83,216,215,25,0,0,0,0,0,0,75,254,185,0,214,242,59,0,51,177,244,165,28,0,0,0,0,0,0,0,0,192,254,204,254,230,54,230,254,227,89,0,0,0,0,0,0,0,0,0,0,60,209,253,253,254,253,171,84,38,0,0,0,0,0,0,0,0,0,0,0,0,13,94,244,254,159,13,0,0,0,0,0,0,0,0,0,0,0,0,0,0,0,0,75,204,222,25,0,0,0,0,0,0,0,0,0,0,0,0,0,0,0,0,0,0,0,0,0,0,0,0,0,0,0,0,0,0,0,0,0,0,0,0,0,0,0,0,0,0,0,0,0,0,0,6
0,0,0,0,0,0,0,0,0,0,0,13,118,118,173,255,221,35,0,0,0,0,0,0,0,0,0,0,0,0,71,188,253,253,253,253,253,201,0,0,0,0,0,0,0,0,0,0,27,114,242,253,253,253,253,253,253,212,0,0,0,0,0,0,0,0,0,54,200,253,253,253,253,253,253,253,253,137,0,0,0,0,0,0,0,0,18,248,253,253,253,249,140,148,233,253,253,240,65,0,0,0,0,0,0,16,204,253,253,253,217,91,0,0,42,233,253,253,96,0,0,0,0,0,0,151,253,253,253,146,33,0,0,0,0,149,253,253,166,0,0,0,0,24,128,251,253,253,107,2,0,0,0,0,0,2,201,253,253,114,0,0,0,104,253,253,253,107,3,0,0,0,0,0,0,0,77,253,253,116,0,0,62,242,253,253,218,5,0,0,0,0,0,0,0,0,63,253,253,116,0,0,176,253,253,217,33,0,0,0,0,0,0,0,0,0,163,253,249,94,0,63,239,253,249,91,0,0,0,0,0,0,0,0,0,143,234,253,143,0,0,175,253,253,140,0,0,0,0,0,0,0,0,0,59,239,253,252,93,0,58,243,253,226,42,0,0,0,0,0,0,0,0,61,176,253,253,144,0,0,118,253,253,198,0,0,0,0,0,0,0,12,104,176,253,253,228,45,0,0,118,253,253,198,0,0,0,0,0,0,61,176,253,253,253,181,55,0,0,0,118,253,253,241,98,4,63,63,63,174,239,253,253,223,191,25,0,0,0,0,35,217,253,253,243,183,253,253,253,253,253,249,208,39,0,0,0,0,0,0,0,37,217,253,253,253,253,253,253,236,232,132,0,0,0,0,0,0,0,0,0,0,35,145,253,253,253,119,116,22,0,0,0,0,0,0,0,0,0,0,0
0,0,0,0,0,0,0,0,0,0,0,0,0,0,0,0,0,0,0,0,0,0,0,0,0,24,85,138,147,108,95,75,39,39,39,7,0,0,0,0,0,0,0,0,8,228,254,254,254,254,254,254,254,254,254,196,171,56,0,0,0,0,0,0,11,252,250,249,249,249,249,202,249,249,249,251,254,246,35,0,0,0,0,0,0,64,24,0,0,0,0,0,0,0,0,42,168,254,211,0,0,0,0,0,0,0,0,0,0,0,0,0,0,0,0,0,68,254,220,0,0,0,0,0,0,0,0,0,0,0,0,0,0,2,86,164,243,254,141,0,0,0,0,0,0,0,0,0,0,0,0,0,19,164,254,254,248,129,15,0,0,0,0,0,0,0,0,0,0,0,45,113,218,254,254,219,100,0,0,0,0,0,0,0,0,0,0,9,87,211,244,254,254,241,56,13,0,0,0,0,0,0,0,0,3,76,163,208,254,254,254,254,254,233,18,0,0,0,0,0,0,0,0,0,136,254,254,254,254,254,254,254,254,254,121,0,0,0,0,0,0,0,0,0,228,254,247,226,125,39,16,16,58,249,251,40,0,0,0,0,0,0,0,0,78,87,57,0,0,0,0,0,24,247,254,43,0,0,0,0,0,0,0,0,0,0,0,0,0,0,0,65,205,254,229,27,0,0,0,0,0,0,0,0,0,0,0,0,0,10,93,251,254,252,77,0,0,0,0,0,0,0,0,0,0,0,0,5,89,203,254,255,254,126,0,0,0,0,0,0,59,0,0,0,0,65,187,215,254,254,254,160,43,2,0,0,0,0,0,0,251,155,206,250,250,253,254,252,222,182,58,2,0,0,0,0,0,0,0,0,254,254,254,254,254,211,146,71,0,0,0,0,0,0,0,0,0,0,0,0,3
0,0,0,0,0,0,0,0,0,163,255,245,113,0,0,0,0,0,0,0,0,0,0,0,0,0,0,0,0,162,253,253,194,0,0,0,0,0,0,0,0,0,0,0,0,0,0,0,1,164,253,253,194,0,0,0,0,0,0,0,0,0,0,0,0,0,0,0,17,253,253,253,194,0,0,0,0,0,0,0,0,0,0,0,0,0,0,0,17,253,253,253,194,0,0,0,0,0,0,0,0,0,0,0,0,0,0,0,17,253,253,253,194,0,0,0,0,0,0,0,0,0,0,0,0,0,0,0,17,253,253,253,194,0,0,0,0,0,0,0,0,0,0,0,0,0,0,0,54,253,253,253,194,0,0,0,0,0,0,0,0,0,0,0,0,0,0,0,125,253,253,253,194,0,0,0,0,0,0,0,0,0,0,0,0,0,0,0,147,253,253,253,194,0,0,0,0,0,0,0,0,0,0,0,0,0,0,0,233,253,253,253,109,0,0,0,0,0,0,0,0,0,0,0,0,0,0,0,233,253,253,242,42,0,0,0,0,0,0,0,0,0,0,0,0,0,0,0,233,253,253,232,0,0,0,0,0,0,0,0,0,0,0,0,0,0,0,0,233,253,253,232,0,0,0,0,0,0,0,0,0,0,0,0,0,0,0,10,235,253,253,232,0,0,0,0,0,0,0,0,0,0,0,0,0,0,0,87,253,253,253,232,0,0,0,0,0,0,0,0,0,0,0,0,0,0,0,87,253,253,253,232,0,0,0,0,0,0,0,0,0,0,0,0,0,0,0,133,253,253,253,232,0,0,0,0,0,0,0,0,0,0,0,0,0,0,0,87,253,253,253,155,0,0,0,0,0,0,0,0,0,0,0,0,0,0,0,13,189,253,128,18,0,0,0,0,0,0,0,0,1
0,0,0,0,0,0,0,0,0,0,0,0,0,0,0,0,0,0,0,0,0,0,0,0,0,0,64,128,191,255,255,191,128,128,64,0,0,0,64,64,0,0,0,0,0,0,191,255,255,255,255,255,255,255,255,128,0,191,255,255,0,0,0,0,0,0,191,255,255,255,255,255,255,255,255,255,255,255,255,255,0,0,0,0,0,0,128,255,255,255,0,0,0,64,255,255,255,255,255,64,0,0,0,0,0,0,64,255,255,128,0,0,0,0,255,255,255,255,64,0,0,0,0,0,0,0,0,255,255,255,0,0,0,191,255,255,255,64,0,0,0,0,0,0,0,0,0,255,255,255,0,64,128,255,255,255,128,0,0,0,0,0,0,0,0,0,0,191,255,255,128,191,255,255,255,191,0,0,0,0,0,0,0,0,0,0,0,64,255,255,255,255,255,255,191,0,0,0,0,0,0,0,0,0,0,0,0,0,191,255,255,255,255,255,64,0,0,0,0,0,0,0,0,0,0,0,0,0,191,255,255,255,255,64,0,0,0,0,0,0,0,0,0,0,0,0,0,191,255,255,255,255,191,0,0,0,0,0,0,0,0,0,0,0,0,0,191,255,255,255,255,128,0,0,0,0,0,0,0,0,0,0,0,0,0,128,255,255,255,255,255,255,0,0,0,0,0,0,0,0,0,0,0,0,64,255,255,255,255,255,255,255,128,0,0,0,0,0,0,0,0,0,0,0,191,255,255,255,255,64,255,255,255,0,0,0,0,0,0,0,0,0,0,0,255,255,255,255,128,0,255,255,128,0,0,0,0,0,0,0,0,0,0,0,255,255,255,255,255,255,255,255,128,0,0,0,0,0,0,0,0,0,0,0,128,255,255,255,255,255,255,255,64,0,0,0,0,0,0,0,8
0,0,0,0,0,0,0,0,0,0,0,0,0,0,0,0,0,0,0,0,0,0,0,0,0,0,0,0,0,0,0,0,0,0,0,0,0,0,0,0,0,0,0,0,0,0,0,0,0,0,0,0,0,0,0,0,0,0,0,0,0,0,0,0,0,0,0,16,54,141,191,141,216,165,191,126,0,0,0,0,0,82,169,170,169,169,169,216,252,252,252,253,252,252,252,244,56,0,0,0,0,159,252,253,252,252,252,253,252,252,177,168,168,234,252,244,56,0,0,0,0,10,78,140,139,139,139,140,115,28,3,0,26,222,252,225,0,0,0,0,0,0,0,0,0,0,0,0,0,0,0,16,216,253,253,101,0,0,0,0,0,0,0,0,0,0,0,0,0,0,0,54,252,252,252,0,0,0,0,0,0,0,0,0,0,0,0,0,0,0,0,141,252,252,164,0,0,0,0,0,0,0,0,0,0,0,0,0,0,0,51,241,252,252,90,0,0,0,0,0,0,0,0,0,0,0,0,0,0,0,114,255,253,206,13,0,0,0,0,0,0,0,0,0,0,0,0,0,0,0,188,253,252,118,0,0,0,0,0,0,0,0,0,0,0,0,0,0,0,67,246,253,252,80,0,0,0,0,0,0,0,0,0,0,0,0,0,0,0,85,252,253,227,31,0,0,0,0,0,0,0,0,0,0,0,0,0,0,0,147,253,255,84,0,0,0,0,0,0,0,0,0,0,0,0,0,0,0,0,197,252,253,84,0,0,0,0,0,0,0,0,0,0,0,0,0,0,0,45,240,252,231,19,0,0,0,0,0,0,0,0,0,0,0,0,0,0,0,157,252,252,125,0,0,0,0,0,0,0,0,0,0,0,0,0,0,0,0,170,253,253,0,0,0,0,0,0,0,0,0,7
0,0,0,0,0,0,0,0,0,229,82,0,0,0,0,0,0,0,0,0,0,0,0,0,0,0,0,0,0,178,165,0,0,0,0,0,0,0,0,0,0,0,0,0,0,0,0,0,0,254,206,0,0,0,0,0,0,0,0,0,0,0,0,0,0,0,0,0,0,254,206,0,0,0,0,0,0,0,0,0,0,0,0,0,0,0,0,0,0,255,207,0,0,0,0,0,0,0,0,0,0,0,0,0,0,0,0,0,0,254,206,0,0,0,0,0,0,0,0,0,0,0,0,0,0,0,0,0,0,254,206,0,0,0,0,0,0,0,0,0,0,0,0,0,0,0,0,0,0,254,223,17,0,0,0,0,0,0,0,0,0,0,0,0,0,0,0,0,0,254,254,46,0,0,0,0,0,0,0,0,0,0,0,0,0,0,0,0,0,254,210,4,0,0,0,0,0,0,0,0,0,0,0,0,0,0,0,0,0,254,228,21,0,0,0,0,0,0,0,0,0,0,0,0,0,0,0,0,0,220,253,113,0,0,0,0,0,0,0,0,0,0,0,0,0,0,0,0,0,162,254,113,0,0,0,0,0,0,0,0,0,0,0,0,0,0,0,0,0,161,253,46,0,0,0,0,0,0,0,0,0,0,0,0,0,0,0,0,0,161,253,46,0,0,0,0,0,0,0,0,0,0,0,0,0,0,0,0,0,161,253,46,0,0,0,0,0,0,0,0,0,0,0,0,0,0,0,0,0,162,254,138,0,0,0,0,0,0,0,0,0,0,0,0,0,0,0,0,0,78,253,221,0,0,0,0,0,0,0,0,0,0,0,0,0,0,0,0,0,63,251,249,132,0,0,0,0,0,0,0,0,0,0,0,0,0,0,0,0,0,129,253,128,0,0,0,0,0,0,0,1
0,0,0,0,34,77,77,164,166,166,186,18,0,0,0,0,0,0,0,0,0,0,52,165,247,254,254,254,254,254,254,201,18,0,0,0,0,0,0,0,0,0,139,254,254,254,221,118,116,116,230,254,71,0,0,0,0,0,0,0,0,0,120,206,122,40,13,0,0,0,166,254,103,0,0,0,0,0,0,0,0,0,0,0,0,0,0,0,0,0,160,254,71,0,0,0,0,0,0,0,0,0,0,0,0,0,0,0,0,2,212,254,69,0,0,0,0,0,0,0,0,0,0,0,0,0,0,0,0,107,254,207,0,0,0,0,0,0,0,0,0,0,0,0,0,0,0,0,88,210,254,91,0,0,0,0,0,0,0,0,0,0,0,0,0,0,20,146,247,254,254,165,17,0,0,0,0,0,0,0,0,0,0,0,0,0,148,254,254,254,254,254,231,134,21,0,0,0,0,0,0,0,0,0,0,0,148,246,223,113,103,133,210,254,227,72,0,0,0,0,0,0,0,0,0,0,20,73,0,0,0,0,23,207,254,242,34,0,0,0,0,0,0,0,0,0,0,0,0,0,0,0,0,0,180,254,204,18,0,0,0,0,0,0,0,0,0,0,0,0,0,0,0,0,23,180,254,49,0,0,0,0,0,0,0,0,0,43,5,0,0,0,0,0,0,143,254,49,0,0,0,0,0,0,0,0,49,230,14,0,0,0,0,0,34,198,246,39,0,0,0,0,0,0,0,8,231,183,0,0,0,0,1,69,207,254,137,0,0,0,0,0,0,0,0,9,254,216,33,27,102,117,182,254,254,220,37,0,0,0,0,0,0,0,0,3,162,254,254,254,254,254,254,246,162,28,0,0,0,0,0,0,0,0,0,0,82,196,248,254,254,254,187,27,0,0,0,0,0,0,3
0,0,0,0,0,0,0,0,0,0,0,0,0,0,0,0,0,0,0,0,0,0,0,0,0,0,0,0,0,0,0,0,0,0,0,0,0,0,0,0,0,0,0,0,0,0,0,0,0,0,0,0,0,0,0,0,0,0,0,0,0,0,0,0,0,0,17,13,24,139,138,222,211,13,0,0,0,0,0,0,0,0,0,0,36,161,228,211,252,253,252,252,252,75,0,0,0,0,0,0,0,0,26,174,222,252,252,252,252,253,252,252,252,54,0,0,0,0,0,0,0,0,187,252,253,252,252,252,252,253,252,252,252,232,208,118,0,0,0,0,0,0,155,252,253,252,252,252,252,253,252,252,157,242,253,206,0,0,0,0,0,0,0,0,0,0,0,95,116,0,0,0,0,64,255,207,0,0,0,0,0,0,0,0,0,0,0,0,0,0,0,0,0,116,253,206,0,0,0,0,0,0,0,0,0,0,0,0,0,0,0,0,0,146,253,206,0,0,0,0,0,0,0,0,0,0,0,0,0,0,0,0,0,230,253,164,0,0,0,0,0,0,0,0,0,0,0,0,0,0,0,0,43,240,243,50,0,0,0,0,0,0,0,0,0,0,0,0,0,0,0,0,208,253,168,0,0,0,0,0,0,0,0,0,0,0,0,0,0,0,0,45,236,252,116,0,0,0,0,0,0,0,0,0,0,0,0,0,0,0,0,70,252,252,84,0,0,0,0,0,0,0,0,0,0,0,0,0,0,0,0,112,252,252,0,0,0,0,0,0,0,0,0,0,0,0,0,0,0,0,0,184,252,200,0,0,0,0,0,0,0,0,0,0,0,0,0,0,0,3,66,253,253,75,0,0,0,0,0,0,0,0,0,0,0,0,0,0,0,97,252,252,252,22,0,0,0,0,0,0,7
0,0,0,0,0,95,178,254,254,195,65,0,0,0,0,0,0,0,0,0,0,0,0,0,102,254,253,248,223,254,249,76,0,0,0,0,0,0,0,0,0,0,0,19,240,247,128,42,17,71,234,249,65,0,0,0,0,0,0,0,0,0,0,57,253,184,0,0,0,0,55,236,228,34,0,0,0,0,0,0,0,0,0,116,254,185,0,0,0,0,0,149,254,93,0,0,0,0,0,0,0,0,0,116,253,101,0,0,0,0,0,116,253,93,0,0,0,0,0,0,0,0,0,149,210,17,0,0,0,0,0,124,253,84,0,0,0,0,0,0,0,0,0,65,44,0,0,0,0,0,17,224,185,0,0,0,0,0,0,0,0,0,0,0,0,0,0,0,0,19,204,254,69,0,0,0,0,0,0,0,0,0,0,0,0,13,64,138,172,237,253,253,169,81,5,0,0,0,0,0,0,0,0,0,0,70,253,253,253,254,232,240,253,254,161,40,7,0,0,0,0,0,0,0,0,19,152,160,128,69,6,32,135,254,253,253,135,0,0,0,0,0,0,0,0,0,0,0,0,0,0,0,0,60,155,254,254,151,0,0,0,0,0,0,0,0,0,0,0,0,0,0,0,0,5,73,240,248,71,0,0,0,0,0,0,0,0,0,0,0,0,0,0,0,0,0,67,254,190,0,0,0,0,0,0,0,0,0,0,0,0,0,0,0,0,0,0,254,206,0,0,0,0,0,0,0,0,0,0,0,0,0,0,0,0,0,60,255,207,0,0,0,0,0,0,0,0,0,0,0,0,0,0,0,0,22,155,254,139,0,0,0,0,0,51,141,107,24,24,17,0,0,17,24,91,228,253,214,13,0,0,0,0,0,184,254,253,253,253,235,184,184,234,254,253,253,185,25,0,0,3
0,0,0,0,0,0,0,0,0,0,0,0,0,0,0,23,37,67,156,209,0,0,0,0,0,0,0,0,0,4,20,43,118,118,170,229,239,253,239,233,0,0,0,0,0,0,19,124,175,187,253,254,253,253,253,253,175,92,24,0,0,0,0,0,0,0,59,253,253,216,213,214,130,117,26,19,0,0,0,0,0,0,0,0,0,0,14,223,253,57,0,0,0,0,0,0,0,0,0,0,0,0,0,0,0,0,37,239,205,8,0,0,0,0,0,0,0,0,0,0,0,0,0,0,0,0,186,253,92,0,0,0,0,0,0,0,0,0,0,0,0,0,0,0,13,116,254,209,24,0,0,0,0,0,0,0,0,0,0,0,0,0,0,13,110,253,207,25,0,0,0,0,0,0,0,0,0,0,0,0,0,0,0,79,253,253,23,0,68,98,98,76,0,0,0,0,0,0,0,0,0,0,35,224,254,254,217,254,254,254,254,255,246,156,141,36,0,0,0,0,0,96,232,253,250,233,174,135,135,135,135,136,143,233,244,238,132,11,0,0,0,224,253,198,66,0,0,0,0,0,0,0,0,0,42,182,254,165,0,0,0,177,168,43,0,0,0,0,0,0,0,0,0,0,0,8,201,244,42,0,0,0,0,0,0,0,0,0,0,0,0,0,0,0,0,0,194,245,48,0,0,59,84,0,0,0,0,0,0,0,0,0,0,0,0,158,255,174,0,0,0,156,135,0,0,0,0,0,0,0,0,0,0,44,170,244,241,88,0,0,0,156,209,48,79,18,0,0,0,0,31,102,175,229,253,222,68,0,0,0,0,35,217,245,253,238,175,136,204,234,241,254,250,213,124,34,0,0,0,0,0,0,27,96,58,58,155,200,253,237,155,133,54,0,0,0,0,0,0,0,5
0,0,0,0,0,0,93,254,253,253,253,254,241,180,13,0,0,0,0,0,0,0,0,0,0,0,51,197,234,244,253,239,251,253,77,0,0,0,0,0,0,0,0,0,0,0,0,0,13,44,69,25,63,220,160,0,0,0,0,0,0,0,0,0,0,0,0,0,0,0,0,0,13,221,161,0,0,0,0,0,0,0,0,0,0,0,0,0,0,0,0,13,218,253,111,0,0,0,0,0,0,0,0,0,0,0,0,0,5,24,57,221,253,234,38,0,0,0,0,0,0,0,0,0,0,0,0,26,189,253,253,254,253,137,0,0,0,0,0,0,0,0,0,0,0,0,0,95,254,254,254,254,254,245,69,0,0,0,0,0,0,0,0,0,0,0,0,112,244,198,115,115,115,228,245,51,0,0,0,0,0,0,0,0,0,0,0,13,38,0,0,0,0,88,246,199,11,0,0,0,0,0,0,0,0,0,0,0,0,0,0,0,0,0,184,254,90,0,0,0,0,0,0,0,0,0,0,0,0,0,0,0,0,0,102,254,115,0,0,0,0,0,0,0,0,0,0,0,0,0,0,0,0,0,0,254,131,0,0,0,0,0,0,0,0,0,0,0,0,0,0,0,0,0,0,178,206,0,0,0,0,9,59,60,9,0,0,0,0,0,0,0,0,0,0,229,139,0,0,0,34,241,254,254,254,254,186,162,161,120,70,45,70,70,170,255,115,0,0,0,0,61,182,254,253,253,253,254,253,253,253,245,253,253,253,254,98,0,0,0,0,0,0,46,96,179,238,254,253,253,253,254,253,253,244,146,4,0,0,0,0,0,0,0,0,0,25,69,152,160,194,254,168,85,44,0,0,0,0,0,0,0,0,0,0,0,0,0,0,0,0,0,0,0,0,0,0,0,0,0,3
0,0,0,0,0,0,0,0,106,229,119,14,0,0,0,0,0,0,0,0,0,0,0,0,0,0,0,105,249,254,254,129,0,0,0,0,0,0,0,0,0,0,0,0,0,0,2,190,254,105,210,133,0,0,0,0,0,0,0,0,0,0,0,0,0,0,85,254,254,218,236,103,0,0,0,0,0,0,0,0,0,0,0,0,0,0,169,254,183,194,244,229,127,7,0,0,0,0,0,0,0,0,0,0,0,0,188,254,94,0,51,200,254,140,0,0,0,0,0,0,0,0,0,0,0,0,188,254,32,0,0,10,215,253,88,0,0,0,0,0,0,0,0,0,0,7,207,230,3,0,0,0,84,254,225,31,0,0,0,0,0,0,0,0,0,23,254,169,0,0,0,0,2,136,254,150,0,0,0,0,0,0,0,0,0,86,254,169,0,0,0,0,0,79,254,187,0,0,0,0,0,0,0,0,0,23,254,169,0,0,0,0,0,5,254,235,16,0,0,0,0,0,0,0,0,23,254,205,2,0,0,0,0,2,189,187,0,0,0,0,0,0,0,0,0,15,230,254,4,0,0,0,0,0,170,187,0,0,0,0,0,0,0,0,0,0,188,254,33,0,0,0,0,4,227,187,0,0,0,0,0,0,0,0,0,0,188,254,94,0,0,0,0,92,254,187,0,0,0,0,0,0,0,0,0,0,88,254,216,29,0,0,4,159,254,137,0,0,0,0,0,0,0,0,0,0,5,214,254,161,5,0,96,254,242,20,0,0,0,0,0,0,0,0,0,0,0,64,243,254,133,117,206,254,125,0,0,0,0,0,0,0,0,0,0,0,0,0,122,254,254,254,254,174,0,0,0,0,0,0,0,0,0,0,0,0,0,0,0,71,186,165,122,0,0,0,0,0,0,0,0
216,243,241,254,247,207,219,236,230,200,229,246,235,209,227,235,251,233,246,224,241,253,245,200,217,200,246,233,206,213,249,234,246,242,254,234,229,203,243,207,207,224,200,230,209,214,235,234,237,226,234,230,217,202,254,243,206,205,242,211,242,207,211,254,214,234,240,214,218,205,249,240,254,201,208,235,243,232,212,203,209,230,243,233,235,237,249,205,208,227,203,240,243,221,233,202,202,228,245,222,216,209,202,225,235,220,209,200,241,218,213,206,251,222,208,203,234,226,237,209,201,219,217,232,205,246,233,220,222,211,212,212,207,237,252,247,248,206,210,213,241,212,251,254,222,233,243,229,233,224,232,219,230,241,252,210,228,249,200,230,244,232,253,232,242,242,207,225,226,215,200,241,224,205,202,203,221,221,229,214,251,245,239,225,207,213,225,249,245,250,248,248,238,209,251,234,222,228,206,251,206,207,236,244,214,213,251,210,235,245,205,201,247,203,246,230,235,210,201,209,254,234,235,231,209,229,223,225,228,214,235,221,205,240,239,242,230,228,221,217,230,206,209,248,240,206,210,225,208,248,251,202,205,204,241,211,207,213,204,226,220,220,251,212,233,231,213,201,249,227,225,209,231,201,209,239,248,224,252,252,232,247,247,215,240,217,248,218,248,208,212,228,223,222,211,203,209,216,209,232,223,213,240,221,200,249,210,209,249,235,225,241,244,251,244,222,222,200,237,219,205,221,252,233,237,250,242,246,223,251,216,220,254,227,244,243,222,236,210,214,211,204,248,210,250,209,234,207,219,210,226,251,207,251,201,231,213,204,217,239,220,242,229,252,234,220,253,210,211,227,228,222,249,246,239,208,206,231,217,248,221,206,245,228,202,232,237,229,214,211,242,216,239,246,241,232,244,204,230,246,5
0,0,0,0,0,0,0,0,0,0,0,0,0,0,0,0,0,0,0,0,0,0,0,0,0,0,0,0,0,0,0,0,0,0,0,0,0,0,0,0,0,0,0,0,0,0,0,0,0,0,0,0,0,0,0,0,0,0,0,0,0,0,0,0,0,0,0,0,0,0,0,0,0,0,0,0,0,0,0,0,0,0,0,0,0,0,0,0,0,0,0,0,3,37,37,37,7,0,0,0,0,0,0,0,0,0,0,0,14,84,182,188,193,254,254,254,124,0,0,0,0,0,0,0,0,22,91,130,193,254,254,204,125,201,254,254,246,0,0,0,0,0,0,0,0,214,254,255,254,255,173,22,0,98,254,255,152,0,0,0,0,0,0,0,0,213,245,198,75,31,2,0,117,245,254,221,25,0,0,0,0,0,0,0,0,72,36,0,0,0,0,78,246,254,222,33,0,0,0,0,0,0,0,0,0,0,0,0,0,0,117,243,254,225,37,0,0,0,0,0,0,0,0,0,0,0,0,0,0,77,249,254,220,73,0,0,0,0,0,0,0,0,0,0,0,0,0,0,75,242,254,224,37,0,0,0,0,0,0,0,0,0,0,0,0,0,0,75,251,254,219,33,0,0,0,0,0,0,0,0,0,0,0,0,0,0,77,242,254,254,40,0,0,0,0,0,0,0,0,0,0,0,0,0,0,29,209,254,232,83,1,0,0,0,0,0,0,0,0,0,0,0,0,0,20,226,254,224,63,0,0,0,0,0,0,0,0,0,0,0,0,0,0,0,63,254,250,58,0,0,0,0,0,0,0,0,0,0,0,0,0,0,0,0,47,244,174,0,0,0,0,0,0,0,0,0,0,0,0,0,0,0,0,0,0,30,14,0,0,0,0,0,0,0,0,0,0,0,0,0,7
0,0,0,0,0,0,0,0,0,6,178,254,253,213,23,0,0,0,0,0,0,0,0,0,0,0,0,0,0,64,253,254,213,30,0,0,0,0,0,0,0,0,0,0,0,0,0,0,66,237,253,152,23,0,0,0,0,0,0,0,0,0,0,0,0,0,0,0,161,253,218,28,0,0,0,0,0,0,0,0,0,0,0,0,0,0,0,59,229,243,31,0,0,0,0,0,0,0,0,0,0,0,0,0,0,0,9,187,253,240,0,0,0,0,0,0,0,0,0,0,0,0,0,0,0,0,54,253,253,155,0,0,0,0,0,0,0,0,0,0,0,0,0,0,0,0,61,253,253,191,147,148,20,2,0,0,0,0,0,0,0,0,0,0,0,0,187,253,253,253,253,254,253,97,0,0,0,0,0,0,0,0,0,0,0,32,220,254,254,184,134,192,254,254,174,0,0,0,0,0,0,0,0,0,0,4,191,253,101,6,0,6,139,242,249,50,0,0,0,0,0,0,0,0,0,0,187,253,93,0,0,0,0,228,253,197,25,0,0,0,0,0,0,0,0,0,187,253,93,0,0,0,0,115,253,232,45,0,0,0,0,0,0,0,0,0,187,253,93,0,0,0,0,94,253,186,0,0,0,0,0,0,0,0,0,0,159,253,197,23,0,0,0,123,253,186,0,0,0,0,0,0,0,0,0,0,54,253,253,200,19,0,18,232,253,165,0,0,0,0,0,0,0,0,0,0,20,184,243,253,204,161,200,253,245,47,0,0,0,0,0,0,0,0,0,0,0,0,152,248,253,255,253,248,93,0,0,0,0,0,0,0,0,0,0,0,0,0,0,77,253,191,247,89,0,0,0,0,0,0,0,0,0,0,0,0,0,0,0,0,0,0,0,0,0,0,0,0,0,0,6
0,0,0,0,0,0,0,0,0,0,0,0,0,0,0,0,0,0,0,0,0,0,0,0,0,0,0,0,0,0,0,0,0,0,0,0,0,0,0,0,0,0,0,0,0,0,0,0,0,0,0,0,0,0,0,0,0,0,0,0,0,0,0,0,0,0,0,0,0,0,21,113,152,152,233,193,51,0,0,0,0,0,0,0,0,0,0,0,41,163,223,253,252,253,252,253,151,0,0,0,0,0,0,0,0,0,0,132,253,254,253,254,253,203,243,254,233,0,0,0,0,0,0,0,0,0,123,253,252,253,171,50,50,0,203,253,151,0,0,0,0,0,0,0,0,132,253,254,131,41,0,11,92,254,253,254,151,0,0,0,0,0,0,0,82,253,252,91,10,0,41,213,252,253,252,233,50,0,0,0,0,0,0,0,102,254,253,152,152,214,253,254,253,254,253,82,0,0,0,0,0,0,0,0,102,253,252,253,252,253,252,253,252,253,90,0,0,0,0,0,0,0,0,0,41,203,203,203,203,102,122,254,253,203,20,0,0,0,0,0,0,0,0,0,0,0,0,0,0,0,102,253,252,20,0,0,0,0,0,0,0,0,0,0,0,0,0,0,0,11,213,254,172,0,0,0,0,0,0,0,0,0,0,0,0,0,0,0,0,132,252,213,10,0,0,0,0,0,0,0,0,0,0,0,0,0,0,0,21,214,253,82,0,0,0,0,0,0,0,0,0,0,0,0,0,0,0,0,183,253,171,0,0,0,0,0,0,0,0,0,0,0,0,0,0,0,0,72,253,244,40,0,0,0,0,0,0,0,0,0,0,0,0,0,0,0,0,233,252,122,0,0,0,0,0,0,0,0,0,0,0,0,0,0,0,0,123,255,172,0,0,0,0,0,0,0,0,0,0,0,9
0,0,0,0,0,0,0,0,1,48,145,176,0,0,0,0,0,0,0,0,0,0,0,0,0,0,0,129,165,254,254,240,21,0,0,0,0,0,0,0,0,0,0,0,0,0,69,253,254,254,254,254,28,0,0,0,0,0,0,0,0,0,0,0,0,43,225,254,254,254,254,254,69,0,0,0,0,0,0,0,0,0,0,0,28,240,254,254,254,254,254,254,109,0,0,0,0,0,0,0,0,0,0,0,147,254,255,254,254,254,255,239,52,0,0,0,0,0,0,0,0,0,0,0,209,254,231,45,254,254,214,58,0,0,0,0,0,0,0,0,0,0,0,0,99,254,254,230,254,236,44,0,0,0,0,0,0,0,0,0,0,0,0,0,13,222,254,254,254,254,127,23,0,0,0,0,0,0,0,0,0,0,0,0,0,78,255,254,254,254,255,244,156,34,0,0,0,0,0,0,0,0,0,0,0,61,254,252,122,187,254,254,254,242,114,0,0,0,0,0,0,0,0,0,0,61,254,60,0,4,67,190,254,254,245,65,0,0,0,0,0,0,0,0,0,137,254,8,0,0,0,4,109,201,254,173,0,0,0,0,0,0,0,0,0,219,254,67,0,0,0,0,0,26,221,254,114,0,0,0,0,0,0,0,0,110,254,253,121,12,0,0,0,0,28,219,202,4,0,0,0,0,0,0,0,15,203,254,254,229,130,46,4,0,0,66,254,121,0,0,0,0,0,0,0,0,53,237,254,254,254,254,165,76,45,88,254,210,0,0,0,0,0,0,0,0,0,25,177,254,254,254,254,254,254,254,254,210,0,0,0,0,0,0,0,0,0,0,2,59,202,254,254,254,254,254,254,136,0,0,0,0,0,0,0,0,0,0,0,0,6,191,254,254,254,254,208,22,0,0,8
0,0,0,0,0,0,0,0,0,0,0,0,0,0,11,51,172,252,254,252,0,0,0,0,0,0,0,0,0,0,0,0,0,0,132,250,250,250,232,149,0,0,0,0,0,0,0,0,0,0,0,0,92,151,252,250,250,128,80,0,0,0,0,0,0,0,0,0,0,0,0,82,231,250,252,250,128,10,0,0,0,0,0,0,0,0,0,0,0,41,254,252,252,252,244,121,0,0,0,0,0,0,0,0,0,0,0,0,62,221,252,250,250,250,121,0,0,0,0,0,0,0,0,0,0,0,0,62,211,250,252,250,159,100,0,0,0,0,0,0,0,0,0,0,0,0,0,102,250,250,252,169,20,0,0,0,0,0,0,0,0,0,0,0,0,0,51,252,252,252,203,0,0,0,0,0,0,0,0,0,0,0,0,0,0,0,132,250,250,250,222,102,40,0,0,0,0,0,0,0,0,0,0,0,0,123,252,250,250,250,252,250,100,0,0,0,0,0,0,0,0,0,0,0,0,202,252,250,250,250,252,250,100,0,0,0,0,0,0,0,0,0,0,0,31,213,254,252,100,203,254,252,100,0,0,0,0,0,0,0,0,0,0,0,151,250,252,210,60,202,252,250,100,0,0,0,0,0,0,0,0,0,0,0,60,221,252,149,92,231,252,250,100,0,0,0,0,0,0,0,0,0,0,0,0,202,252,231,231,250,252,250,100,0,0,0,0,0,0,0,0,0,0,103,252,252,255,252,252,252,203,121,0,0,0,0,0,0,0,0,0,0,0,61,149,231,252,250,250,250,0,0,0,0,0,0,0,0,0,0,0,0,0,0,0,202,252,250,250,128,0,0,0,0,0,0,0,0,0,0,0,0,0,0,0,202,252,169,49,10,0,0,0,0,0,0,0,0,0,0,6
0,0,0,0,0,0,0,0,0,0,0,35,61,154,243,254,162,155,28,0,0,0,0,0,0,0,0,0,0,0,91,237,253,253,253,253,253,253,154,3,0,0,0,0,0,0,0,0,0,124,236,253,198,123,89,89,142,237,253,119,0,0,0,0,0,0,0,0,8,210,253,147,6,0,0,0,0,76,250,193,0,0,0,0,0,0,0,0,58,252,219,0,0,0,0,0,0,150,253,125,0,0,0,0,0,0,0,0,134,253,59,0,0,0,0,0,18,222,248,48,0,0,0,0,0,0,0,0,95,253,83,0,0,0,0,0,180,253,136,0,0,0,0,0,0,0,0,0,6,210,206,38,0,0,4,142,252,224,92,0,0,0,0,0,0,0,0,0,0,249,250,36,0,27,150,253,240,41,0,0,0,0,0,0,0,0,0,0,0,210,253,114,68,218,253,253,62,0,0,0,0,0,0,0,0,0,0,0,0,70,234,242,227,253,251,108,4,0,0,0,0,0,0,0,0,0,0,0,0,74,253,253,250,193,60,0,0,0,0,0,0,0,0,0,0,14,15,31,152,238,253,250,107,0,0,0,0,0,0,0,0,0,0,34,138,246,253,253,200,225,253,154,0,0,0,0,0,0,0,0,0,1,116,238,253,219,128,35,7,159,253,135,0,0,0,0,0,0,0,0,18,165,253,247,106,7,0,0,99,252,178,0,0,0,0,0,0,0,0,0,200,253,166,71,0,0,26,223,249,213,31,0,0,0,0,0,0,0,0,0,255,250,90,0,27,141,236,253,220,28,0,0,0,0,0,0,0,0,0,0,197,253,251,245,247,253,221,115,29,0,0,0,0,0,0,0,0,0,0,0,33,140,253,246,153,103,15,0,0,0,0,0,0,0,0,0,0,0,0,0,8
0,0,0,0,0,0,0,0,0,0,0,0,0,0,0,0,0,0,0,0,0,0,0,0,0,0,0,0,0,0,0,0,0,0,0,0,0,0,0,0,0,0,0,0,0,0,0,0,0,0,0,0,0,0,0,0,0,0,0,0,0,0,0,0,0,0,0,0,0,0,0,0,0,0,0,0,0,0,0,0,0,0,0,0,0,0,0,0,0,103,108,108,108,108,108,108,102,0,0,0,0,30,20,70,94,109,228,228,229,252,253,253,253,253,253,253,252,157,0,0,214,227,222,243,253,253,253,253,254,176,173,173,173,144,39,175,253,253,0,0,253,253,253,203,186,102,53,53,53,3,0,0,0,0,0,161,253,253,0,0,150,66,66,18,0,0,0,0,0,0,0,0,0,0,59,229,253,154,0,0,0,0,0,0,0,0,0,0,0,0,0,0,0,37,228,253,244,38,0,0,0,0,0,0,0,0,0,0,0,0,0,0,8,145,253,250,214,0,0,0,0,0,0,0,0,0,0,0,0,0,0,0,145,253,253,148,0,0,0,0,0,0,0,0,0,0,0,0,0,0,0,43,229,253,253,93,0,0,0,0,0,0,0,0,0,0,0,0,0,0,45,234,254,254,150,0,0,0,0,0,0,0,0,0,0,0,0,0,0,0,94,253,253,202,4,0,0,0,0,0,0,0,0,0,0,0,0,0,0,40,224,253,228,55,0,0,0,0,0,0,0,0,0,0,0,0,0,0,0,149,253,253,73,0,0,0,0,0,0,0,0,0,0,0,0,0,0,0,32,244,253,154,11,0,0,0,0,0,0,0,0,0,0,0,0,0,0,0,149,253,233,31,0,0,0,0,0,0,0,0,0,0,0,0,0,0,0,0,255,253,159,0,0,0,0,0,0,0,0,0,7
0,0,0,0,0,0,0,0,0,2,189,255,255,115,2,0,0,0,0,0,0,0,0,0,0,0,0,0,0,63,253,253,253,253,114,8,0,0,0,0,0,0,0,0,0,0,0,4,44,221,253,253,253,253,253,213,17,0,0,0,0,0,0,0,0,0,0,117,253,253,253,201,209,253,253,253,30,0,0,0,0,0,0,0,0,0,23,220,253,253,253,77,29,224,253,253,119,3,0,0,0,0,0,0,0,5,130,253,246,216,243,185,0,186,253,253,253,24,0,0,0,0,0,0,0,32,253,253,204,0,94,93,0,28,225,253,253,106,0,0,0,0,0,0,0,56,253,253,119,0,0,0,0,0,211,253,253,148,0,0,0,0,0,0,0,155,253,195,24,0,0,0,0,0,211,253,253,148,0,0,0,0,0,0,19,227,253,86,0,0,0,0,0,0,211,253,253,57,0,0,0,0,0,0,120,253,253,86,0,0,0,0,0,0,211,253,253,24,0,0,0,0,0,0,149,253,253,86,0,0,0,0,0,24,223,253,224,17,0,0,0,0,0,0,149,253,253,86,0,0,0,0,0,121,253,253,154,0,0,0,0,0,0,0,149,253,235,44,0,0,0,0,0,205,253,253,51,0,0,0,0,0,0,0,149,253,253,86,0,0,0,0,65,246,253,219,19,0,0,0,0,0,0,0,149,253,253,134,0,0,0,27,205,253,253,51,0,0,0,0,0,0,0,0,98,253,253,249,125,0,109,236,253,253,174,4,0,0,0,0,0,0,0,0,2,162,253,253,250,236,249,253,253,163,33,0,0,0,0,0,0,0,0,0,0,37,253,253,253,253,253,221,100,3,0,0,0,0,0,0,0,0,0,0,0,1,24,150,253,253,162,95,0,0,0,0,0,0,0,0,0
0,0,0,0,0,0,0,0,0,0,151,254,121,0,0,0,0,0,0,0,0,0,0,0,0,0,0,0,0,26,181,235,22,0,0,0,0,0,0,0,0,0,0,0,0,0,0,0,4,151,254,208,0,0,0,0,0,0,0,0,0,0,0,0,0,0,0,0,97,254,228,38,0,0,0,0,0,0,0,0,0,0,0,0,0,0,0,0,180,254,130,0,0,0,0,0,0,0,0,0,0,0,0,0,0,0,0,136,252,203,7,0,0,0,0,0,0,0,0,0,0,0,0,0,0,0,9,224,251,116,0,0,0,0,0,0,0,0,0,0,0,0,0,0,0,0,145,254,164,0,0,0,0,0,0,0,0,0,0,0,0,0,0,0,0,3,192,255,82,0,0,0,0,0,0,0,0,0,0,0,0,0,0,0,0,10,254,236,30,0,0,0,0,0,0,0,12,91,174,226,0,0,0,0,0,84,254,234,28,0,0,0,0,0,2,87,214,254,249,146,0,0,0,0,0,104,254,206,0,0,0,0,0,20,172,254,254,194,47,0,0,0,0,0,0,104,254,206,0,0,0,0,36,206,254,213,50,8,0,0,0,0,0,0,0,97,254,206,0,81,23,111,242,250,150,31,0,0,0,0,0,0,0,0,0,10,254,240,71,204,254,254,254,91,0,0,0,0,0,0,0,0,0,0,0,1,172,254,250,254,254,216,68,0,0,0,0,0,0,0,0,0,0,0,0,0,116,252,254,254,170,20,0,0,0,0,0,0,0,0,0,0,0,0,0,0,0,114,159,191,197,0,0,0,0,0,0,0,0,0,0,0,0,0,0,0,0,0,0,0,0,0,0,0,0,0,0,0,0,0,0,0,0,0,0,0,0,0,0,0,0,0,0,0,0,0,0,0,0,0,6
0,0,0,0,0,0,0,0,0,0,0,0,0,0,0,0,0,0,0,0,0,0,0,0,0,0,0,0,0,0,0,0,0,0,0,0,0,0,0,0,0,0,0,0,0,0,0,0,0,0,0,0,0,0,0,0,0,0,0,0,0,0,0,0,0,0,0,0,0,0,46,80,5,5,25,93,93,113,99,116,0,0,0,0,0,0,39,97,97,97,221,254,218,218,254,254,254,254,254,251,0,0,0,0,0,0,34,223,254,254,254,254,254,254,254,240,238,238,160,57,0,0,0,0,0,0,2,172,254,252,167,150,150,108,67,9,0,0,0,0,0,0,0,0,0,6,173,254,227,55,0,0,0,0,0,0,0,0,0,0,0,0,0,0,14,175,253,191,54,0,0,0,0,0,0,0,0,0,0,0,0,0,0,0,27,254,251,91,0,0,0,0,0,0,0,0,0,0,0,0,0,0,0,0,5,137,244,227,83,0,0,0,0,0,0,0,0,0,0,0,0,0,0,0,0,5,180,254,233,38,0,0,0,0,0,0,0,0,0,0,0,0,0,0,0,0,9,206,254,240,28,0,0,0,0,0,0,0,0,0,0,0,0,0,0,0,0,27,234,254,180,17,0,0,0,0,0,0,0,0,0,0,0,0,0,0,0,3,137,254,239,45,0,0,0,0,0,0,0,0,0,0,0,0,0,0,0,0,26,254,254,133,0,0,0,0,0,0,0,0,0,0,0,0,0,0,0,0,3,202,254,133,0,0,0,0,0,0,0,0,0,0,0,0,0,0,0,0,15,231,224,11,0,0,0,0,0,0,0,0,0,0,0,0,0,0,0,0,100,254,221,0,0,0,0,0,0,0,0,0,0,0,0,0,0,0,36,193,252,246,74,0,0,0,0,0,0,0,0,0,5
0,0,0,0,0,0,0,68,170,4,0,0,0,0,0,0,0,0,0,0,0,0,0,0,0,0,0,73,253,91,0,0,0,0,0,0,0,0,0,0,0,0,0,0,0,0,0,1,197,109,0,0,0,0,0,0,0,0,0,0,0,0,0,0,0,0,0,0,159,214,0,0,0,0,0,0,0,0,0,0,0,0,0,0,0,0,0,0,120,253,23,0,0,0,0,0,0,0,0,0,0,0,0,0,0,0,0,0,90,254,75,0,0,0,0,0,0,0,0,0,0,0,0,0,0,0,0,0,22,238,75,0,0,0,0,0,0,0,0,0,0,0,0,0,0,0,0,0,0,219,145,0,0,0,0,0,0,0,0,0,0,0,0,0,0,0,0,0,0,149,206,0,0,0,0,0,0,0,0,0,0,0,0,0,0,0,0,0,0,149,241,27,0,0,0,0,0,0,0,0,0,0,0,0,0,0,0,0,0,89,255,45,0,0,0,0,0,0,0,0,0,0,0,0,0,0,0,0,0,0,254,45,0,0,0,0,0,0,0,0,0,0,0,0,0,0,0,0,0,0,254,115,0,0,0,0,0,0,0,0,0,0,0,0,0,0,0,0,0,0,241,119,0,0,0,0,0,0,0,0,0,0,0,0,0,0,0,0,0,0,157,140,0,0,0,0,0,0,0,0,0,0,0,0,0,0,0,0,0,0,106,254,15,0,0,0,0,0,0,0,0,0,0,0,0,0,0,0,0,0,105,253,76,0,0,0,0,0,0,0,0,0,0,0,0,0,0,0,0,0,79,253,89,0,0,0,0,0,0,0,0,0,0,0,0,0,0,0,0,0,88,253,76,0,0,0,0,0,0,0,0,0,0,0,0,0,0,0,0,0,83,235,11,0,0,0,0,0,0,0,1
0,0,0,0,0,0,0,0,0,51,193,254,253,92,10,0,0,0,0,0,0,0,0,0,0,0,0,21,183,233,252,253,252,253,172,0,0,0,0,0,0,0,0,0,0,11,92,254,253,244,203,203,203,234,253,102,0,0,0,0,0,0,0,0,0,51,252,253,130,40,0,0,0,71,252,183,0,0,0,0,0,0,0,0,62,173,253,123,0,0,0,0,0,0,203,234,30,0,0,0,0,0,0,0,142,253,130,0,0,0,0,0,0,0,203,213,10,0,0,0,0,0,0,52,253,203,0,0,0,0,0,0,0,92,253,183,0,0,0,0,0,0,0,31,232,243,203,41,0,0,0,21,142,253,252,61,0,0,0,0,0,0,0,0,142,254,253,254,253,254,253,254,253,254,253,82,0,0,0,0,0,0,0,0,20,131,252,253,252,253,252,253,252,253,252,243,81,0,0,0,0,0,0,0,0,0,123,254,253,254,253,254,233,142,183,254,151,0,0,0,0,0,0,0,0,21,223,253,252,131,50,50,30,0,0,172,232,41,0,0,0,0,0,0,0,113,253,244,81,0,0,0,0,0,0,92,253,203,0,0,0,0,0,0,41,233,252,81,0,0,0,0,0,0,0,92,252,203,0,0,0,0,0,0,102,254,91,0,0,0,0,0,0,0,0,152,253,142,0,0,0,0,0,0,102,253,91,0,0,0,0,0,0,0,41,233,252,102,0,0,0,0,0,0,102,255,253,52,10,0,0,0,0,52,233,254,192,0,0,0,0,0,0,0,20,213,252,253,212,142,102,163,203,233,252,233,50,0,0,0,0,0,0,0,0,21,183,254,253,254,253,254,253,254,213,41,0,0,0,0,0,0,0,0,0,0,0,71,151,253,252,253,171,50,10,0,0,0,0,0,8
0,0,0,0,0,0,0,0,0,0,0,0,61,200,253,253,253,190,214,153,0,0,0,0,0,0,0,0,0,0,10,167,250,254,208,134,39,0,0,0,0,0,0,0,0,0,0,0,0,13,219,253,253,92,5,0,0,0,0,0,0,0,0,0,0,0,0,0,37,182,254,153,30,0,0,0,0,0,0,0,0,0,0,0,0,0,0,64,225,239,141,9,0,0,0,0,0,0,0,0,0,0,0,0,0,0,64,223,235,97,0,0,0,0,0,0,0,0,0,0,0,0,0,0,0,37,225,253,79,0,0,0,0,0,0,0,0,0,0,0,0,0,0,0,31,230,233,72,0,0,0,0,0,0,0,0,0,0,0,0,0,0,0,10,177,254,125,0,0,0,0,0,0,0,0,0,0,0,0,0,0,0,0,77,253,201,27,0,0,0,0,0,0,0,0,0,0,0,0,0,0,0,25,232,229,60,0,0,0,0,0,0,0,7,91,174,186,73,0,0,0,0,147,254,139,0,0,0,0,0,0,11,117,255,254,254,254,242,29,0,0,10,222,226,11,0,0,0,0,0,43,214,253,251,202,70,154,254,125,0,0,38,253,194,0,0,0,0,0,120,244,253,235,84,10,120,220,135,9,0,0,50,253,194,0,0,0,0,168,254,241,91,13,85,195,235,49,0,0,0,0,19,249,236,80,7,10,170,254,205,46,50,170,253,186,36,0,0,0,0,0,0,99,253,253,214,222,253,253,214,240,253,205,102,0,0,0,0,0,0,0,0,6,99,230,254,253,253,253,254,196,75,15,0,0,0,0,0,0,0,0,0,0,0,36,205,241,132,73,43,5,0,0,0,0,0,0,0,0,0,0,0,0,0,0,0,0,0,0,0,0,0,0,0,0,0,0,0,0,0,6
0,0,13,223,254,148,56,56,56,11,0,0,0,0,0,0,0,0,0,0,0,0,4,181,243,247,253,253,253,218,210,209,209,160,110,97,11,1,0,0,0,0,0,0,0,30,144,188,188,190,213,218,253,254,253,254,253,74,0,0,0,0,0,0,0,0,0,0,0,1,13,16,34,86,224,254,254,109,0,0,0,0,0,0,0,0,0,0,0,0,0,0,21,131,253,254,197,38,0,0,0,0,0,0,0,0,0,0,0,0,0,71,203,254,244,118,7,0,0,0,0,0,0,0,0,0,0,0,0,36,147,243,253,202,48,0,0,0,0,0,0,0,0,0,0,0,0,31,158,245,253,253,148,8,0,0,0,0,0,0,0,0,0,0,0,32,111,240,253,253,254,253,237,195,194,103,24,0,0,0,0,0,0,0,0,105,253,253,253,213,203,164,203,208,253,254,215,65,0,0,0,0,0,0,0,103,233,149,51,10,0,0,0,5,49,195,253,208,25,0,0,0,0,0,0,0,0,0,0,0,0,0,0,0,0,13,213,254,153,0,0,0,0,0,0,0,0,0,0,0,0,0,0,0,0,0,189,253,153,0,0,0,0,0,0,0,0,0,0,0,0,0,0,0,0,10,207,253,153,0,0,0,12,8,0,0,0,0,0,0,0,0,0,0,8,135,254,249,61,0,35,106,169,24,0,0,0,0,0,0,0,0,0,8,174,253,253,107,0,0,243,219,24,0,0,0,0,0,0,0,0,16,102,225,253,249,109,1,0,0,254,212,83,0,0,0,0,0,89,91,152,218,253,254,225,63,0,0,0,0,211,253,253,245,245,245,245,245,253,253,254,253,196,100,7,0,0,0,0,0,28,153,240,253,253,253,253,253,253,212,153,109,18,0,0,0,0,0,0,0,3
0,0,0,0,0,0,13,78,161,162,195,153,45,0,0,0,0,0,0,0,0,0,0,0,0,13,185,253,253,254,253,253,245,147,5,0,0,0,0,0,0,0,0,0,0,187,253,242,162,105,154,240,253,254,161,21,0,0,0,0,0,0,0,0,102,254,119,38,0,0,0,40,228,254,253,46,0,0,0,0,0,0,0,15,229,127,0,0,0,0,0,0,34,254,254,105,0,0,0,0,0,0,0,157,253,76,0,0,0,0,0,0,0,169,253,137,0,0,0,0,0,0,0,114,137,0,0,0,0,0,0,0,0,161,253,213,0,0,0,0,0,0,0,0,0,0,0,0,0,0,0,0,0,161,253,230,0,0,0,0,0,0,0,0,0,0,0,0,0,0,0,0,0,187,254,113,0,0,0,0,0,0,0,0,0,0,0,0,0,0,0,0,0,254,253,46,0,0,0,0,0,0,0,0,0,0,0,0,0,0,0,0,9,254,248,42,0,0,0,0,0,0,0,0,0,0,0,0,0,0,0,0,159,254,106,0,0,0,0,0,0,0,0,0,0,0,38,153,254,254,254,254,254,254,23,0,0,0,0,0,0,0,0,0,0,130,243,253,253,254,253,253,253,254,56,0,0,0,0,0,0,0,0,3,157,254,223,96,46,52,236,253,253,254,244,46,0,0,0,0,0,0,0,57,253,254,81,0,0,170,253,244,194,254,253,213,25,0,0,0,0,0,0,174,254,255,254,245,229,254,241,67,0,151,248,254,186,0,0,0,0,0,0,69,223,207,232,253,236,148,27,0,0,0,197,253,253,102,0,0,0,0,0,0,17,0,25,46,29,0,0,0,0,0,9,96,246,241,27,0,0,0,0,0,0,0,0,0,0,0,0,0,0,0,0,0,118,228,73,0,2
0,0,0,0,0,0,0,0,0,0,0,0,0,0,0,0,0,54,192,9,0,0,0,0,0,0,0,0,0,0,0,0,0,0,0,0,40,234,254,17,0,0,0,0,44,110,3,0,0,0,0,0,0,0,0,0,66,254,254,17,0,0,0,0,208,254,45,0,0,0,0,0,0,0,0,0,66,254,193,13,0,0,0,26,224,254,129,0,0,0,0,0,0,0,0,0,162,225,23,0,0,0,0,122,254,254,25,0,0,0,0,0,0,0,0,43,247,210,17,0,0,0,27,222,252,201,6,0,0,0,0,0,0,0,0,161,254,251,34,0,0,0,54,254,110,53,0,0,0,0,0,0,0,0,17,216,254,208,16,0,0,0,74,254,165,0,40,42,117,160,160,160,108,103,171,254,254,224,58,59,0,9,191,254,228,178,251,254,254,255,254,255,254,254,255,254,254,254,231,13,0,128,254,254,254,254,254,254,206,149,150,177,177,217,254,254,235,177,52,0,0,154,254,254,254,254,50,41,15,0,0,0,0,31,254,254,189,0,0,0,17,246,254,254,215,92,1,0,0,0,0,0,0,121,254,202,81,0,0,0,129,254,254,218,25,0,0,0,0,0,0,0,0,136,254,150,2,0,0,0,8,178,200,77,0,0,0,0,0,0,0,0,14,250,255,137,0,0,0,0,0,0,0,0,0,0,0,0,0,0,0,0,114,254,254,197,136,10,0,0,0,0,0,0,0,0,0,0,0,0,0,0,114,254,254,254,176,15,0,0,0,0,0,0,0,0,0,0,0,0,0,0,114,254,254,239,48,0,0,0,0,0,0,0,0,0,0,0,0,0,0,0,114,254,254,105,0,0,0,0,0,0,0,0,0,0,0,0,0,0,0,0,114,254,241,47,0,0,0,0,4
0,0,0,0,0,0,0,0,0,0,0,0,0,0,0,0,0,0,0,0,0,0,0,0,0,0,0,0,0,0,0,0,0,0,0,0,0,0,0,0,0,0,0,0,0,0,9,22,22,22,16,0,0,0,0,0,0,0,0,0,0,0,0,48,73,169,204,253,252,252,231,126,0,0,0,0,0,0,0,0,0,0,80,242,252,252,252,253,252,252,252,252,0,0,0,0,0,0,0,0,0,0,210,253,232,211,167,107,106,135,253,253,107,0,0,0,0,0,0,0,0,0,81,168,84,0,0,0,0,74,217,252,115,0,0,0,0,0,0,0,0,0,0,0,0,0,0,0,0,39,252,252,89,0,0,0,0,0,0,0,0,0,0,0,0,0,0,0,0,127,252,252,0,0,0,0,0,0,0,0,0,0,0,0,0,0,0,0,0,215,252,252,0,0,0,0,0,0,0,0,0,0,0,0,0,0,0,43,227,253,243,79,0,0,0,0,0,0,0,0,0,0,0,0,0,0,36,183,252,245,126,0,0,0,0,0,0,0,0,0,0,0,0,0,0,0,115,253,252,134,0,0,0,0,0,0,0,0,0,0,0,0,0,0,0,27,228,253,217,47,0,0,0,0,0,0,0,0,0,0,0,0,0,0,0,27,228,253,252,118,106,106,124,211,211,211,211,107,106,106,0,0,0,0,0,0,177,254,253,253,253,253,255,253,253,253,253,255,253,253,0,0,0,0,0,0,0,81,168,246,252,252,168,203,168,168,168,168,168,168,0,0,0,0,0,0,0,0,0,19,21,21,0,9,0,0,0,0,0,0,0,0,0,0,0,0,0,0,0,0,0,0,0,0,0,0,0,0,0,0,0,0,0,0,0,0,0,0,0,0,0,0,0,0,0,0,0,0,0,0,2
0,0,0,0,128,255,255,255,64,0,0,0,0,0,0,0,0,0,0,0,0,0,0,128,255,255,255,64,0,0,0,0,0,0,0,0,0,0,0,0,0,0,0,255,255,255,64,0,0,0,0,0,0,0,0,0,0,0,0,0,0,0,191,255,255,191,0,0,0,0,0,0,0,0,0,0,0,0,0,0,0,64,255,255,255,0,0,0,0,0,0,0,0,0,0,0,0,0,0,0,0,128,255,255,191,0,0,0,0,0,0,0,0,0,0,0,0,0,0,0,0,128,255,255,128,0,0,0,0,0,0,64,0,0,128,0,0,0,0,0,0,191,255,255,128,0,0,0,128,191,255,255,255,255,255,255,255,191,128,128,0,255,255,255,128,0,0,191,255,255,255,255,255,255,255,255,255,255,255,255,0,128,255,255,128,0,255,255,255,255,255,255,255,191,255,255,255,255,255,255,0,128,255,255,128,128,255,255,255,255,64,0,0,0,0,0,64,191,255,255,0,191,255,255,255,255,255,255,255,0,0,0,0,0,0,0,0,128,255,255,0,0,255,255,255,255,255,255,255,255,64,128,0,0,0,0,0,0,255,255,0,0,191,255,255,255,255,191,191,255,255,255,191,128,0,64,0,128,255,255,0,0,0,191,255,255,255,255,255,255,255,191,255,191,255,255,255,255,255,191,0,0,0,0,191,255,255,255,255,255,255,255,255,255,255,255,255,255,255,0,0,0,0,0,64,128,255,255,255,255,255,255,255,255,255,255,191,255,64,0,0,0,0,0,0,0,64,128,191,128,191,191,255,128,128,64,64,64,0,0,0,0,0,0,0,0,0,0,0,0,0,0,0,0,0,0,0,0,0,0,0,0,0,0,0,0,0,0,0,0,0,0,0,0,0,0,0,0,0,0,6
0,0,0,0,0,0,0,0,41,148,176,187,252,252,252,197,0,0,0,0,0,0,0,0,0,0,0,53,236,252,252,253,252,252,252,197,0,0,0,0,0,0,0,0,0,0,0,227,252,252,252,231,153,128,248,250,52,0,0,0,0,0,0,0,0,0,0,135,252,235,149,0,0,100,252,252,55,0,0,0,0,0,0,0,0,0,0,3,55,38,0,0,0,186,252,209,12,0,0,0,0,0,0,0,0,0,0,0,0,0,0,0,37,230,252,197,0,0,0,0,0,0,0,0,0,0,0,0,0,0,0,6,189,252,248,115,0,0,0,0,0,0,0,0,0,0,0,0,0,0,0,148,252,252,148,0,0,0,0,0,0,0,0,0,0,0,0,0,0,0,97,253,252,252,73,0,0,0,0,0,0,0,0,0,0,0,12,87,77,67,239,255,253,92,0,0,0,0,0,0,0,0,0,0,6,138,203,252,252,252,252,253,206,13,0,0,0,0,0,0,0,0,0,0,157,252,252,252,252,252,252,253,95,0,0,0,0,0,0,0,0,0,0,62,248,252,252,252,252,252,252,253,245,151,15,0,0,0,0,0,0,0,15,219,252,252,252,252,252,252,228,253,252,252,207,94,56,56,75,115,0,0,67,252,252,252,252,252,252,153,31,69,226,252,252,252,252,252,252,175,0,0,167,252,252,252,252,247,113,6,0,0,44,174,247,252,252,252,252,175,0,21,223,252,252,252,237,104,0,0,0,0,0,0,52,99,185,208,189,69,0,9,196,252,252,235,66,0,0,0,0,0,0,0,0,0,0,0,0,0,0,0,52,233,194,64,0,0,0,0,0,0,0,0,0,0,0,0,0,0,0,0,0,0,0,0,0,0,0,0,0,0,0,0,0,0,0,0,0,0,2
0,0,0,0,0,0,0,0,0,0,0,0,0,0,0,0,0,0,0,0,0,0,0,0,0,0,0,0,3,169,255,175,6,0,0,0,0,0,0,0,0,0,0,0,0,0,0,0,4,180,254,253,96,0,0,0,0,0,0,0,0,0,0,0,0,0,0,0,0,88,254,253,206,7,0,0,0,0,0,0,0,0,0,0,0,0,0,0,0,88,254,253,253,44,0,0,0,0,0,0,0,0,0,0,0,0,0,0,0,88,254,253,253,173,0,0,0,0,0,0,0,0,0,0,0,0,0,0,49,214,254,253,253,114,0,0,0,0,0,0,0,0,0,0,0,0,52,78,171,237,254,253,253,114,0,0,0,0,0,0,0,0,0,0,0,0,78,209,194,253,254,253,253,114,0,0,0,0,0,0,0,0,0,0,0,0,80,149,127,253,254,253,253,114,0,0,0,0,0,0,0,0,0,0,0,0,97,79,97,253,254,253,253,114,0,0,0,0,0,0,0,0,0,0,0,0,0,0,97,254,255,254,254,143,0,0,0,0,0,0,0,0,0,0,0,0,0,0,97,253,254,253,253,114,0,0,0,0,0,0,0,0,0,0,0,0,0,37,180,253,254,253,253,32,0,0,0,0,0,0,0,0,0,0,0,0,0,0,115,253,254,253,253,26,0,0,0,0,0,0,0,0,0,0,0,0,0,7,132,253,254,253,242,22,0,0,0,0,0,0,0,0,0,0,0,0,0,0,53,242,254,253,191,0,0,0,0,0,0,0,0,0,0,0,0,0,0,0,7,237,254,253,191,0,0,0,0,0,0,0,0,0,0,0,0,0,0,0,76,253,254,253,126,0,0,0,0,0,0,0,0,0,0,0,0,0,0,0,94,253,254,250,71,0,0,0,0,0,0,0,1
0,0,0,0,0,0,0,0,0,0,0,0,0,0,0,0,0,0,0,0,0,0,0,0,0,0,0,0,0,0,0,0,0,0,0,0,0,0,0,0,0,0,0,0,0,0,0,0,0,0,0,0,0,0,0,0,0,0,0,0,0,0,0,0,0,45,254,254,254,254,192,65,7,0,0,0,0,0,0,0,0,0,0,0,0,254,253,241,207,207,233,253,186,51,0,0,0,0,0,0,0,0,0,0,0,255,135,50,0,0,38,90,235,228,48,0,0,0,0,0,0,0,0,0,0,46,17,0,0,0,0,0,65,237,137,0,0,0,0,0,0,0,0,0,0,0,0,0,0,0,0,0,0,208,190,0,0,0,0,0,0,0,0,0,0,0,0,0,0,0,0,0,0,209,254,0,0,0,0,0,0,0,0,0,0,0,0,0,0,0,0,0,0,208,253,0,0,0,0,0,0,0,0,0,0,0,0,0,0,0,0,0,51,241,169,0,0,0,0,0,0,0,0,0,0,0,0,0,0,0,0,0,112,253,137,0,0,0,0,0,0,0,0,0,0,0,0,0,0,0,0,43,247,253,137,0,0,0,0,0,0,0,0,0,0,0,0,0,0,0,0,58,254,246,21,0,0,0,0,0,0,0,0,0,0,0,0,0,0,0,36,220,253,88,0,0,0,0,0,0,0,0,0,0,0,0,0,0,0,0,170,253,234,33,0,0,0,0,0,0,0,0,0,0,0,0,0,0,0,137,254,236,65,0,0,0,0,0,0,0,0,0,0,0,0,0,0,0,0,231,244,60,0,0,0,0,0,0,0,0,0,0,0,0,0,0,0,0,94,244,53,0,0,0,0,0,0,0,0,0,0,0,0,0,0,0,0,13,175,64,0,0,0,0,0,0,0,0,0,0,7
0,0,0,0,0,230,254,254,254,254,255,254,251,226,40,0,0,0,0,0,0,0,0,0,0,62,183,116,12,50,143,143,223,254,247,144,0,0,0,0,0,0,0,0,0,0,7,3,0,0,0,0,14,128,254,222,0,0,0,0,0,0,0,0,0,0,0,0,0,0,0,0,0,23,211,239,51,0,0,0,0,0,0,0,0,0,0,0,0,0,0,0,0,47,254,222,0,0,0,0,0,0,0,0,0,0,0,0,0,0,0,0,18,183,254,222,0,0,0,0,0,0,0,0,0,0,0,0,0,0,0,0,94,254,254,114,0,0,0,0,0,0,0,0,0,0,0,0,0,0,0,55,204,254,119,19,0,0,0,0,0,0,0,0,0,0,0,0,0,0,17,207,254,185,20,0,0,0,0,0,0,0,0,0,0,0,0,0,0,55,207,254,185,20,0,0,0,0,0,0,0,0,0,0,0,0,0,0,17,177,254,185,20,0,0,0,0,0,0,0,0,0,0,0,0,0,0,16,178,254,243,53,0,0,0,0,0,0,0,0,0,0,0,0,0,0,62,199,254,206,63,0,0,0,0,0,0,0,0,0,0,0,0,0,0,30,180,254,227,92,0,0,0,0,0,0,0,0,0,0,0,0,0,0,11,232,254,188,18,0,7,27,54,157,157,157,157,157,149,0,0,0,0,67,193,254,207,36,128,151,177,254,254,254,254,254,255,254,248,61,0,0,74,192,254,254,254,254,254,254,244,241,174,174,221,111,124,163,105,0,0,0,249,254,254,254,254,252,248,143,27,0,0,0,0,0,0,0,0,0,0,0,122,248,254,204,124,83,0,0,0,0,0,0,0,0,0,0,0,0,0,0,0,0,0,0,0,0,0,0,0,0,0,0,0,0,0,0,0,0,2
0,0,0,0,0,0,0,0,0,110,150,149,47,0,0,0,0,0,0,0,0,0,0,0,0,0,0,73,217,253,252,252,232,42,0,0,0,0,0,0,0,0,0,0,0,0,73,232,252,253,220,241,252,222,139,37,16,0,0,0,0,0,0,0,0,1,217,252,252,191,15,78,108,253,252,252,108,0,0,0,0,0,0,0,0,109,252,236,143,0,0,0,0,253,252,215,0,0,0,0,0,0,0,0,0,109,252,215,0,0,0,73,217,253,231,71,0,0,0,0,0,0,0,0,0,109,252,221,16,16,78,232,252,217,71,0,0,0,0,0,0,0,0,0,0,47,232,252,190,191,252,252,252,0,0,0,0,0,0,0,0,0,0,0,0,0,156,253,253,255,253,253,108,0,0,0,0,0,0,0,0,0,0,0,0,0,10,149,252,253,252,252,232,42,0,0,0,0,0,0,0,0,0,0,0,0,0,58,252,253,252,252,252,222,129,0,0,0,0,0,0,0,0,0,0,0,0,181,252,191,108,211,252,253,221,125,0,0,0,0,0,0,0,0,0,0,73,253,253,84,0,0,84,255,253,232,47,0,0,0,0,0,0,0,0,0,197,252,252,0,0,0,0,98,242,252,108,0,0,0,0,0,0,0,0,0,217,246,132,0,0,0,0,0,217,252,108,0,0,0,0,0,0,0,0,0,217,236,62,0,0,0,0,63,237,252,108,0,0,0,0,0,0,0,0,0,218,253,253,63,0,0,63,255,253,253,108,0,0,0,0,0,0,0,0,0,72,231,252,176,115,217,237,253,231,158,15,0,0,0,0,0,0,0,0,0,0,160,252,253,252,252,252,217,71,0,0,0,0,0,0,0,0,0,0,0,0,16,108,253,252,231,108,0,0,0,0,0,0,0,8
0,0,0,0,0,0,0,0,0,0,0,0,0,0,0,0,0,0,0,0,0,0,0,0,0,0,0,0,71,194,156,0,28,127,171,254,255,201,18,0,0,0,0,0,0,0,0,144,241,253,162,103,232,253,253,253,254,253,123,0,0,0,0,0,0,0,0,214,253,157,86,254,253,253,253,147,155,253,199,6,0,0,0,0,0,0,123,250,195,105,241,254,219,146,26,12,50,247,253,19,0,0,0,0,0,0,254,253,145,219,253,171,9,0,0,0,0,177,253,57,0,0,0,0,10,134,255,254,254,254,171,0,0,0,0,0,0,178,254,57,0,0,0,0,24,230,254,243,247,182,9,0,0,0,0,0,0,169,253,64,0,0,0,0,137,253,254,68,122,73,0,0,0,0,0,0,19,196,228,43,0,0,0,31,241,253,199,3,0,0,0,0,0,0,0,0,59,253,186,3,0,0,0,61,248,253,83,0,0,0,0,0,0,0,0,0,134,253,192,5,0,0,0,117,254,254,23,0,0,0,0,0,0,0,0,0,134,254,193,5,0,0,2,129,253,207,53,0,0,0,0,0,0,0,0,0,186,253,209,10,0,0,14,229,253,185,0,0,0,0,0,0,0,0,0,38,254,253,78,0,0,0,26,217,253,200,0,0,0,0,0,0,0,0,0,143,254,227,36,0,0,0,118,253,253,155,0,0,0,0,0,0,0,0,68,239,254,135,0,0,0,0,58,254,254,133,0,0,0,0,0,0,0,19,164,254,196,53,0,0,0,0,19,247,253,111,0,0,0,0,0,0,25,226,253,245,53,0,0,0,0,0,0,175,253,253,0,0,0,0,31,79,196,253,240,108,0,0,0,0,0,0,0,148,250,253,40,40,40,92,219,254,253,253,71,0,0,0,0,0,0
0,0,0,0,0,0,0,128,128,255,128,64,0,0,0,0,0,0,0,0,0,0,0,0,0,0,64,255,255,255,255,255,255,128,0,0,0,0,0,0,0,0,0,0,0,0,255,255,255,255,255,255,255,255,191,64,0,0,0,0,0,0,0,0,0,0,191,255,255,255,255,255,255,255,255,255,0,0,0,0,0,0,0,0,0,0,64,255,255,255,255,191,191,255,255,255,255,64,0,0,0,0,0,0,0,0,128,255,255,255,255,128,0,128,191,255,255,191,0,0,0,0,0,0,0,191,255,255,255,255,255,191,0,0,64,255,255,255,64,0,0,0,0,0,128,255,255,255,255,255,128,64,0,0,0,64,255,255,255,0,0,0,0,64,255,255,255,255,191,128,0,0,0,0,0,0,255,255,255,64,0,0,0,191,255,255,255,191,0,0,0,0,0,0,0,0,255,255,255,128,0,0,128,255,255,255,191,0,0,0,0,0,0,0,0,0,255,255,255,128,0,0,191,255,255,191,0,0,0,0,0,0,0,0,0,0,255,255,255,64,0,0,255,255,255,128,0,0,0,0,0,0,0,0,0,191,255,255,255,0,0,0,255,255,255,0,0,0,0,0,0,0,0,0,191,255,255,255,128,0,0,0,255,255,191,0,0,0,0,0,0,0,64,255,255,255,255,255,0,0,0,0,255,255,255,0,0,0,0,0,0,191,255,255,255,255,255,128,0,0,0,0,191,255,255,191,64,128,128,191,255,255,255,255,255,255,128,0,0,0,0,0,64,255,255,255,255,255,255,255,255,255,255,255,191,64,0,0,0,0,0,0,0,64,255,255,255,255,255,255,255,255,255,64,0,0,0,0,0,0,0,0,0,0,64,191,255,255,255,191,128,64,0,0,0,0,0,0,0,0,0
0,0,0,0,0,0,0,0,0,0,0,0,0,0,0,0,0,0,0,0,0,0,0,0,0,0,0,0,0,0,0,0,0,0,0,0,0,0,0,0,0,0,0,0,0,0,0,0,0,0,0,0,0,0,0,0,0,0,0,0,0,0,0,0,83,251,147,147,147,147,147,202,230,147,147,147,147,36,0,0,0,0,0,0,23,235,254,254,254,254,254,254,237,208,181,230,254,222,0,0,0,0,0,0,0,122,32,32,32,32,32,32,25,13,2,128,254,219,0,0,0,0,0,0,0,0,0,0,0,0,0,0,0,0,54,222,237,48,0,0,0,0,0,0,0,0,0,0,0,0,0,0,0,32,248,255,117,0,0,0,0,0,0,0,0,0,0,0,0,0,0,0,29,218,249,141,5,0,0,0,0,0,0,0,0,0,0,0,0,0,0,5,144,254,98,0,0,0,0,0,0,0,0,0,0,0,0,0,0,0,0,106,254,184,7,0,0,0,0,0,0,0,0,0,0,0,0,0,0,0,13,231,225,25,0,0,0,0,0,0,0,0,0,0,0,0,0,0,0,59,235,250,107,0,0,0,0,0,0,0,0,0,0,0,0,0,0,32,146,235,254,147,0,0,0,0,0,0,0,0,0,0,0,0,0,0,0,80,233,233,193,14,0,0,0,0,0,0,0,0,0,0,0,0,0,0,0,0,109,87,0,0,0,0,0,0,0,0,0,0,0,0,0,0,0,0,0,71,251,223,23,0,0,0,0,0,0,0,0,0,0,0,0,0,0,0,106,248,181,8,0,0,0,0,0,0,0,0,0,0,0,0,0,0,0,64,224,232,50,0,0,0,0,0,0,0,0,0,0,0,0,0,0,0,34,239,235,54,0,0,0,0,0,0,0,0,0,0,0,0,7
0,0,0,0,0,0,0,0,0,0,0,0,0,0,0,0,0,0,0,0,0,0,0,0,0,0,0,0,0,0,0,0,0,0,0,0,0,0,0,0,0,0,0,0,0,29,85,85,85,57,0,0,0,0,0,0,0,0,0,0,0,0,0,57,168,197,251,253,251,225,168,0,0,0,0,0,0,0,0,0,0,29,197,254,253,254,253,254,253,254,253,198,28,0,0,0,0,0,0,0,0,197,251,253,251,253,251,253,251,253,251,253,83,0,0,0,0,0,0,0,0,255,253,254,253,226,168,169,225,254,253,254,84,0,0,0,0,0,0,0,0,139,251,253,138,56,0,0,168,253,251,253,83,0,0,0,0,0,0,0,0,0,0,0,0,0,0,0,169,254,253,254,84,0,0,0,0,0,0,0,0,0,0,0,0,0,0,57,224,253,251,253,83,0,0,0,0,0,0,0,0,0,0,0,0,0,0,141,253,254,253,226,56,0,0,0,0,0,0,0,0,0,0,0,0,0,114,253,251,253,251,168,0,0,0,0,0,0,0,0,0,0,0,0,0,0,169,254,253,254,253,254,253,254,253,254,253,254,253,198,0,0,0,0,0,0,168,253,251,253,251,253,251,253,251,253,251,253,251,253,0,0,0,0,0,0,0,198,253,254,253,254,253,254,253,254,253,254,253,254,0,0,0,0,0,0,0,28,196,253,251,253,251,253,251,253,251,253,251,253,0,0,0,0,0,0,0,0,0,0,0,0,114,169,168,169,168,169,168,169,0,0,0,0,0,0,0,0,0,0,0,0,0,0,0,0,0,0,0,0,0,0,0,0,0,0,0,0,0,0,0,0,0,0,0,0,0,0,0,0,0,0,0,0,0,0,0,0,0,0,0,0,0,0,0,0,0,0,0,0,2
0,0,0,0,0,0,0,0,0,0,193,253,253,144,0,0,0,0,0,0,0,0,0,0,0,0,0,0,0,32,221,253,253,78,0,0,0,0,0,0,0,0,0,0,0,0,0,0,33,214,253,253,205,6,0,0,0,0,0,0,0,0,0,0,0,0,0,0,129,253,253,253,84,0,0,0,0,0,0,0,0,0,0,0,0,0,0,75,248,253,253,253,71,0,0,0,0,0,0,0,0,0,0,0,0,0,31,208,253,253,253,203,11,0,0,0,0,0,0,0,0,0,0,0,0,0,199,253,253,253,253,194,0,0,0,0,0,0,0,0,0,0,0,0,0,79,247,253,253,253,253,194,0,0,0,0,0,0,0,0,0,0,0,0,0,23,105,222,121,240,253,194,0,0,0,0,0,0,0,0,0,0,0,0,0,0,0,34,0,202,253,194,0,0,0,0,0,0,0,0,0,0,0,0,0,0,0,0,41,228,253,194,0,0,0,0,0,0,0,0,0,0,0,0,0,0,0,0,15,211,253,194,0,0,0,0,0,0,0,0,0,0,0,0,0,0,0,0,79,253,253,194,0,28,34,0,0,0,0,0,0,0,0,0,0,0,0,0,79,253,253,232,163,226,239,146,13,0,0,0,0,0,0,0,0,0,0,23,97,253,253,253,253,253,253,253,97,0,0,0,0,0,0,0,0,8,134,238,253,253,253,253,253,253,253,253,97,0,0,0,0,0,0,0,0,99,253,253,253,253,253,220,110,200,240,240,92,0,0,0,0,0,0,0,0,99,253,253,250,253,253,191,0,0,0,0,0,0,0,0,0,0,0,0,0,48,123,123,60,227,253,65,0,0,0,0,0,0,0,0,0,0,0,0,0,0,0,0,0,0,0,0,0,0,0,0,0,0,0,0,1
0,0,0,0,17,18,39,9,0,0,0,0,0,0,0,0,0,0,0,0,0,0,70,185,215,218,254,201,131,60,0,0,0,0,0,0,0,0,0,0,36,223,251,254,254,254,254,254,254,248,183,7,0,0,0,0,0,0,0,0,193,254,254,210,103,153,211,211,251,254,254,81,0,0,0,0,0,0,0,0,113,230,78,26,0,0,0,0,118,254,254,205,0,0,0,0,0,0,0,0,4,19,0,0,0,0,0,0,22,254,254,228,0,0,0,0,0,0,0,0,0,0,0,0,0,0,0,17,196,254,254,104,0,0,0,0,0,0,0,0,0,0,0,0,0,4,88,191,254,254,254,16,0,0,0,0,0,0,0,0,0,0,0,0,41,224,254,254,254,254,254,179,54,4,0,0,0,0,0,0,0,0,0,0,82,254,254,254,254,254,254,254,254,138,49,0,0,0,0,0,0,0,0,0,18,59,95,54,54,54,139,249,254,254,237,93,16,0,0,0,0,0,0,0,0,0,0,0,0,0,0,24,149,241,254,254,151,12,0,0,0,0,0,0,0,0,0,0,0,0,0,0,0,34,150,254,254,193,18,0,0,0,0,0,0,0,0,0,0,0,0,0,0,0,6,123,238,254,190,15,0,0,0,0,0,2,23,0,0,0,0,0,0,0,0,0,99,252,254,141,0,0,0,0,0,11,239,137,165,105,14,0,0,0,0,0,27,251,254,220,0,0,0,0,0,2,111,231,254,254,221,203,104,145,200,178,229,254,254,164,0,0,0,0,0,0,0,41,166,222,234,254,254,254,254,254,254,254,201,19,0,0,0,0,0,0,0,0,0,0,28,177,184,184,184,184,139,76,23,0,0,0,0,0,0,0,0,0,0,0,0,0,0,0,0,0,0,0,0,0,3
0,0,0,0,0,0,0,0,0,0,0,0,0,0,0,0,0,0,0,0,0,0,0,0,0,0,8,129,147,131,0,0,0,0,0,0,0,0,0,0,0,0,0,0,0,0,160,233,192,137,0,0,0,0,0,0,0,0,0,0,0,0,0,0,0,55,253,155,0,0,0,0,0,0,0,0,0,0,0,0,0,0,0,0,0,67,247,5,0,0,0,0,0,63,9,0,0,0,0,0,0,0,0,0,0,105,188,0,0,0,0,0,0,248,104,0,0,0,0,0,0,0,0,0,0,63,190,17,0,0,0,0,39,243,28,0,0,0,0,0,0,0,0,0,0,4,212,95,0,0,0,0,122,239,0,0,0,0,0,0,0,0,0,0,0,0,76,216,69,13,3,83,246,239,0,0,0,0,0,0,0,0,0,0,0,0,2,135,228,203,214,254,254,175,0,0,0,0,0,0,0,0,0,0,0,0,0,0,12,70,101,63,227,138,0,0,0,0,0,0,0,0,0,0,0,0,0,0,0,0,0,19,237,109,0,0,0,0,0,0,0,0,0,0,0,0,0,0,0,0,0,61,254,24,0,0,0,0,0,0,0,0,0,0,0,0,0,0,0,0,0,145,254,7,0,0,0,0,0,0,0,0,0,0,0,0,0,0,0,0,0,201,255,7,0,0,0,0,0,0,0,0,0,0,0,0,0,0,0,0,4,209,207,7,0,0,0,0,0,0,0,0,0,0,0,0,0,0,0,0,66,254,216,4,0,0,0,0,0,0,0,0,0,0,0,0,0,0,0,0,150,255,63,0,0,0,0,0,0,0,0,0,0,0,0,0,0,0,0,0,211,239,27,0,0,0,0,0,0,0,0,0,0,0,0,0,0,0,0,0,192,194,0,0,0,0,0,0,0,0,9
0,0,0,0,0,0,0,0,0,0,0,0,0,0,0,0,0,0,0,0,0,0,0,0,0,0,0,0,0,0,0,0,0,0,0,0,0,0,0,0,0,0,0,0,0,0,0,0,0,128,255,255,255,255,255,255,64,0,0,0,0,0,0,0,0,0,64,191,255,255,255,255,255,255,255,255,255,0,0,0,0,0,0,0,0,64,255,255,255,255,255,255,255,255,255,255,255,64,0,0,0,0,0,0,64,255,255,255,255,255,191,128,0,0,0,255,255,191,0,0,0,0,0,128,255,255,255,255,191,64,0,0,0,0,64,255,255,255,0,0,0,0,0,255,255,255,255,128,0,0,0,0,0,0,191,255,255,255,0,0,0,0,191,255,255,255,64,0,0,0,0,0,0,128,255,255,255,128,0,0,0,64,255,255,255,191,0,0,0,0,0,0,0,191,255,255,255,0,0,0,0,128,255,255,255,0,0,0,0,0,0,0,191,255,255,255,128,0,0,0,0,128,255,255,191,0,0,0,0,0,0,64,255,255,255,255,64,0,0,0,0,0,255,255,255,64,0,0,0,128,191,255,255,255,255,128,0,0,0,0,0,0,64,255,255,255,255,255,255,255,255,255,255,255,255,0,0,0,0,0,0,0,0,255,255,255,255,255,255,255,255,255,255,255,255,0,0,0,0,0,0,0,0,0,128,191,255,255,255,255,255,255,255,255,128,0,0,0,0,0,0,0,0,0,0,0,0,0,0,0,128,255,255,191,0,0,0,0,0,0,0,0,0,0,0,0,0,0,0,0,255,255,255,128,0,0,0,0,0,0,0,0,0,0,0,0,0,0,0,128,255,255,255,64,0,0,0,0,0,0,0,0,0,0,0,0,0,0,0,255,255,255,191,0,0,0,0,0,0,0,9
0,0,0,0,0,0,0,0,0,0,0,0,0,0,0,0,0,0,0,0,0,0,0,0,0,0,0,0,0,0,0,0,0,0,0,0,0,0,0,0,0,0,0,29,225,255,93,0,0,0,0,0,0,0,0,0,4,104,191,83,0,0,0,29,223,253,211,7,0,0,0,0,0,0,0,0,48,253,253,152,0,0,0,54,253,253,231,9,0,0,0,0,0,0,0,7,146,253,253,128,0,0,10,164,253,253,147,0,0,0,0,0,0,0,0,119,253,253,197,25,0,0,36,253,253,222,41,0,0,0,0,0,0,0,52,234,253,253,53,0,0,0,140,253,253,164,0,0,0,0,0,0,0,0,235,253,253,146,6,0,0,18,249,253,253,208,125,125,125,125,125,125,81,59,251,253,205,3,0,0,0,18,253,253,253,253,253,253,253,253,253,253,253,253,253,253,104,24,5,0,0,18,253,253,253,253,253,253,253,253,253,253,253,253,253,253,253,243,44,0,0,14,194,194,194,194,144,76,76,96,166,213,253,253,253,253,242,90,0,0,0,0,0,0,0,0,0,0,0,0,19,213,253,253,118,59,48,0,0,0,0,0,0,0,0,0,0,0,0,0,60,253,253,211,3,0,0,0,0,0,0,0,0,0,0,0,0,0,0,19,201,253,253,89,0,0,0,0,0,0,0,0,0,0,0,0,0,0,0,42,253,253,160,1,0,0,0,0,0,0,0,0,0,0,0,0,0,0,0,56,253,253,90,0,0,0,0,0,0,0,0,0,0,0,0,0,0,0,0,160,253,239,33,0,0,0,0,0,0,0,0,0,0,0,0,0,0,0,18,227,253,146,0,0,0,0,0,0,0,0,0,0,0,0,0,0,0,0,24,253,253,59,0,0,0,0,0,0,0,0,4
0,0,0,0,0,39,228,207,241,253,253,253,227,24,0,0,0,0,0,0,0,0,0,0,0,39,115,0,79,182,253,253,253,119,0,0,0,0,0,0,0,0,0,0,0,1,3,0,0,4,54,225,253,251,232,0,0,0,0,0,0,0,0,0,0,0,0,0,0,0,0,57,233,253,240,21,0,0,0,0,0,0,0,0,0,0,0,0,0,0,0,0,56,237,253,137,0,0,0,0,0,0,0,0,0,0,0,0,0,0,0,0,0,224,253,247,36,0,0,0,0,0,0,0,0,0,0,0,0,0,0,0,0,224,253,253,38,0,0,0,0,0,0,0,0,0,0,0,0,0,0,0,0,224,253,253,38,0,0,0,0,0,0,0,0,0,0,0,0,0,0,0,0,224,253,253,38,0,0,0,0,0,0,0,0,0,0,0,0,0,0,0,0,224,253,242,34,0,0,0,0,0,0,0,0,0,0,0,0,0,0,0,61,238,245,71,0,0,0,0,0,0,0,0,0,11,70,70,70,70,70,84,238,253,237,0,0,0,0,0,0,0,0,0,72,182,253,253,253,253,253,253,253,253,238,16,16,15,0,0,0,0,0,0,247,253,253,253,253,253,253,253,253,253,253,253,253,249,67,0,0,0,0,0,247,253,219,139,38,149,253,253,253,253,253,253,253,251,110,0,0,0,0,5,247,228,42,3,121,209,253,252,170,92,194,175,185,89,0,0,0,0,0,146,253,231,109,156,253,253,253,164,0,0,0,0,0,0,0,0,0,0,0,26,248,253,253,253,253,225,59,14,0,0,0,0,0,0,0,0,0,0,0,0,97,216,253,253,140,48,0,0,0,0,0,0,0,0,0,0,0,0,0,0,0,0,0,0,0,0,0,0,0,0,0,0,0,0,0,0,2
0,0,0,0,0,0,0,0,0,110,254,254,86,0,0,0,0,0,0,0,0,0,0,0,0,0,0,0,35,232,254,254,51,0,0,0,0,0,0,0,0,0,0,0,0,0,0,6,168,254,254,147,2,0,0,0,0,0,0,0,0,0,0,0,0,0,0,123,254,254,206,4,0,0,0,0,0,0,0,0,0,0,0,0,0,0,21,233,254,253,102,0,0,0,0,0,0,0,0,0,0,0,0,0,0,13,201,254,254,151,0,7,16,4,0,0,0,0,0,0,0,0,0,0,0,52,254,254,239,31,60,201,254,188,36,0,0,0,0,0,0,0,0,0,0,132,255,254,150,138,239,254,254,254,233,106,0,0,0,0,0,0,0,0,18,239,254,254,254,254,254,254,254,254,254,224,37,0,0,0,0,0,0,0,84,254,254,254,254,254,234,116,52,52,202,254,213,0,0,0,0,0,0,0,84,254,254,254,254,234,44,0,0,0,28,243,246,48,0,0,0,0,0,0,84,254,254,254,207,36,0,0,0,0,0,182,254,119,0,0,0,0,0,0,139,254,254,253,83,0,0,0,0,0,128,250,254,131,0,0,0,0,0,0,155,254,254,164,0,0,0,0,0,60,215,254,240,24,0,0,0,0,0,0,84,254,255,41,0,0,0,0,38,223,254,254,225,0,0,0,0,0,0,0,84,254,254,175,68,68,90,172,253,254,254,234,53,0,0,0,0,0,0,0,12,186,254,254,254,254,254,254,254,254,236,97,0,0,0,0,0,0,0,0,0,10,165,248,254,254,254,254,254,211,50,0,0,0,0,0,0,0,0,0,0,0,0,132,193,195,233,150,48,12,0,0,0,0,0,0,0,0,0,0,0,0,0,0,0,0,0,0,0,0,0,0,0,0,0,0,6
0,0,0,0,0,0,1,89,155,254,254,254,218,130,22,0,0,0,0,0,0,0,0,0,0,17,154,253,253,253,253,253,253,253,110,0,0,0,0,0,0,0,0,0,2,109,253,253,250,235,143,205,249,253,215,30,0,0,0,0,0,0,0,0,99,253,253,253,191,0,0,0,126,253,253,160,0,0,0,0,0,0,2,41,213,253,253,211,31,0,0,0,75,253,253,160,0,0,0,0,0,0,31,253,253,249,198,32,0,0,0,11,161,253,253,160,0,0,0,0,0,87,214,253,253,222,0,0,0,0,0,69,253,253,253,79,0,0,0,0,0,155,253,253,248,119,0,0,0,0,13,165,253,253,236,29,0,0,0,0,0,254,253,249,118,0,0,0,0,0,150,253,253,253,139,0,0,0,0,0,0,131,191,117,0,0,0,0,0,72,235,253,253,233,32,0,0,0,0,0,0,0,0,0,0,0,0,0,38,236,253,253,253,79,0,0,0,0,0,0,0,0,0,0,0,0,0,0,87,253,253,253,158,11,0,0,0,0,0,0,0,0,0,0,0,0,0,75,238,253,253,198,11,0,0,0,0,0,0,0,0,0,0,0,0,0,13,197,253,253,232,61,0,0,0,0,0,0,0,0,0,0,0,0,0,27,222,253,253,253,85,0,0,0,0,0,37,48,94,151,0,0,0,0,0,140,253,253,253,253,140,133,223,223,223,223,235,239,253,253,0,0,0,0,75,244,253,253,253,253,253,253,253,253,253,253,253,253,253,152,0,0,0,0,149,253,253,253,253,253,253,253,253,253,253,253,154,90,18,1,0,0,0,0,19,207,253,253,230,135,135,135,100,12,12,12,2,0,0,0,0,0,0,0,0,4,24,48,5,0,0,0,0,0,0,0,0,0,0,0,2
0,0,0,0,0,0,0,0,0,0,0,0,0,0,0,104,204,255,201,61,0,0,0,0,0,0,0,0,0,0,0,0,1,34,155,239,254,253,254,238,0,0,0,0,0,0,0,0,0,0,0,0,5,254,253,253,254,253,254,254,0,0,0,0,0,0,0,0,0,0,16,177,220,254,254,254,226,103,88,134,0,0,0,0,0,0,0,0,0,126,235,253,253,254,220,113,10,0,0,0,0,0,0,0,0,0,0,4,136,252,254,253,241,200,29,0,0,0,0,0,0,0,0,0,0,0,0,175,253,253,254,237,60,0,0,0,0,0,0,0,0,0,0,0,0,12,169,252,253,253,185,53,0,0,0,0,0,0,0,0,0,0,0,0,0,97,254,254,254,185,14,0,0,0,0,0,0,0,0,0,0,0,0,0,39,238,253,253,184,8,0,0,0,0,0,0,0,0,0,0,0,0,0,0,107,254,253,253,145,50,4,0,0,0,0,0,0,0,0,0,0,0,0,0,165,254,254,254,254,254,218,90,0,0,0,0,0,0,0,0,0,0,0,15,240,254,253,253,253,253,254,246,213,49,0,0,0,0,0,0,0,0,0,111,253,254,253,190,183,183,237,253,253,234,27,0,0,0,0,0,0,0,0,101,254,254,187,3,0,0,60,192,254,254,176,0,0,0,0,0,0,0,0,3,190,254,232,18,0,0,0,31,234,253,249,60,0,0,0,0,0,0,0,0,64,249,254,146,134,80,112,197,254,254,254,137,0,0,0,0,0,0,0,0,0,145,254,254,254,254,254,254,254,254,254,148,0,0,0,0,0,0,0,0,0,20,208,249,254,254,254,254,254,225,163,37,0,0,0,0,0,0,0,0,0,0,0,139,226,253,216,193,113,20,0,0,0,0,0,0,6
0,0,0,0,0,128,197,254,169,128,174,174,174,174,174,142,23,0,0,0,0,0,0,0,16,212,253,254,254,254,254,254,254,254,254,254,86,0,0,0,0,0,0,0,0,0,235,254,172,137,163,137,157,192,190,105,14,0,0,0,0,0,0,0,0,32,245,254,77,0,0,0,0,0,0,0,0,0,0,0,0,0,0,0,0,107,254,251,10,0,0,0,0,0,0,0,0,0,0,0,0,0,0,0,0,217,254,227,0,0,0,0,0,0,0,0,0,0,0,0,0,0,0,0,59,244,254,141,0,0,0,0,0,0,0,0,0,0,0,0,0,0,0,0,186,254,254,51,98,98,98,55,7,0,0,0,0,0,0,0,0,0,0,37,243,254,254,254,254,254,254,254,218,166,55,0,0,0,0,0,0,0,0,156,254,254,254,241,214,214,214,214,250,254,253,170,42,0,0,0,0,0,0,139,254,242,128,29,0,0,0,0,57,187,254,254,226,42,0,0,0,0,0,4,95,32,0,0,0,0,0,0,0,9,113,254,254,175,0,0,0,0,0,0,0,0,0,0,0,0,0,0,0,0,1,136,254,252,59,0,0,0,0,0,0,2,181,221,0,0,0,0,0,0,0,48,254,254,117,0,0,0,0,0,0,151,254,250,0,0,0,0,0,0,0,6,211,254,117,0,0,0,0,0,74,247,254,142,0,0,0,0,0,0,0,3,202,254,117,0,0,0,0,0,129,254,254,8,0,0,0,0,0,0,0,87,254,254,103,0,0,0,0,0,76,247,254,191,54,0,0,0,0,54,88,233,254,212,17,0,0,0,0,0,0,112,249,254,253,231,166,150,222,253,254,254,246,69,0,0,0,0,0,0,0,0,34,172,254,254,255,254,254,254,254,164,55,0,0,0,5
0,0,0,0,0,0,0,0,0,0,0,0,0,0,0,0,0,0,0,0,0,0,0,0,0,0,0,0,0,0,0,0,0,0,0,0,0,0,0,0,0,0,0,0,0,0,0,0,0,0,0,0,0,0,0,0,0,0,0,0,0,0,0,0,0,13,66,20,0,0,0,0,59,66,156,236,89,0,0,0,0,0,0,0,0,130,253,233,204,142,225,226,250,253,253,253,127,0,0,0,0,0,0,0,0,49,230,253,253,253,253,248,243,247,253,233,28,0,0,0,0,0,0,0,0,0,85,253,215,84,84,32,0,131,253,206,0,0,0,0,0,0,0,0,0,0,19,253,207,7,0,0,53,249,253,119,0,0,0,0,0,0,0,0,0,0,18,247,253,37,0,0,138,253,247,34,0,0,0,0,0,0,0,0,0,0,0,178,253,37,0,23,234,253,146,0,0,0,0,0,0,0,0,0,0,0,5,195,253,37,0,156,253,251,66,0,0,0,0,0,0,0,0,0,0,0,3,169,245,33,0,205,253,198,0,0,0,0,0,0,0,0,0,0,0,0,0,0,49,0,35,254,253,115,0,0,0,0,0,0,0,0,0,0,0,0,0,0,0,0,153,255,244,42,0,0,0,0,0,0,0,0,0,0,0,0,0,0,0,15,221,254,131,0,0,0,0,0,0,0,0,0,0,0,0,0,0,0,0,106,253,254,118,0,0,0,0,0,0,0,0,0,0,0,0,0,0,0,0,216,253,234,20,0,0,0,0,0,0,0,0,0,0,0,0,0,0,0,70,250,253,101,0,0,0,0,0,0,0,0,0,0,0,0,0,0,0,0,227,253,253,53,0,0,0,0,0,0,0,0,0,0,0,0,0,0,0,29,247,253,155,0,0,0,0,0,0,0,0,0,7
0,0,0,0,0,0,0,0,0,0,0,0,0,0,0,0,0,0,0,0,148,209,253,183,104,62,112,135,0,0,0,0,0,0,0,0,0,0,0,0,148,252,252,252,252,128,237,247,163,14,0,0,0,0,0,0,0,0,0,0,236,252,242,202,252,253,252,252,252,191,62,0,0,0,0,0,0,0,0,0,111,210,231,21,172,190,153,212,252,252,239,69,0,0,0,0,0,0,0,0,0,14,38,0,0,0,0,21,113,235,253,168,0,0,0,0,0,0,0,0,0,0,0,0,0,0,0,0,0,168,254,239,39,43,130,148,99,0,0,0,0,0,0,0,0,0,29,50,155,242,253,231,221,252,252,253,231,181,64,0,0,0,0,0,62,189,239,244,252,252,253,252,252,252,235,245,208,244,212,38,0,0,0,0,211,253,252,252,252,252,253,252,252,210,14,148,169,125,252,68,0,0,0,0,211,253,252,252,252,252,253,173,147,111,0,25,11,171,252,191,0,0,0,0,89,254,236,250,185,106,0,0,0,0,0,0,50,245,253,253,0,0,0,0,0,107,37,58,0,0,0,0,0,0,0,50,185,252,252,182,0,0,0,0,0,0,0,0,0,0,0,0,0,0,107,245,252,252,252,42,0,0,0,0,0,0,0,0,0,0,0,0,41,169,239,253,252,252,183,14,0,0,0,0,0,0,0,0,0,0,62,141,232,252,252,253,252,190,14,0,0,0,0,0,0,0,50,139,43,175,255,253,253,253,253,212,106,9,0,0,0,0,0,0,0,0,164,252,252,252,253,252,252,252,182,27,0,0,0,0,0,0,0,0,0,0,190,252,252,252,253,245,222,56,4,0,0,0,0,0,0,0,0,0,0,0,120,252,252,252,243,126,0,0,0,0,0,0,0,0,3
0,0,0,0,0,0,0,0,0,0,0,0,0,0,0,0,0,0,0,0,0,0,0,0,0,0,0,0,0,0,0,0,0,0,0,0,0,0,0,0,0,0,0,0,0,0,0,0,0,0,0,0,0,0,0,0,0,0,0,0,0,0,0,0,0,0,0,0,0,0,0,0,0,0,0,0,0,0,0,0,0,0,0,0,0,0,0,0,0,0,0,0,0,0,0,0,0,0,0,0,0,0,0,0,0,0,104,32,0,0,0,0,0,0,19,19,70,70,95,161,0,0,0,0,0,134,254,165,0,68,198,230,230,230,237,236,253,253,254,253,0,0,0,0,19,240,254,198,0,67,205,154,230,196,171,137,171,137,138,121,0,0,0,0,91,253,203,31,0,0,0,0,0,0,0,0,0,0,0,0,0,0,0,0,0,185,254,186,63,0,0,0,0,0,0,0,0,0,0,0,0,0,0,0,0,151,237,253,251,163,81,5,0,0,0,0,0,0,0,0,0,0,7,11,0,0,29,96,179,238,254,194,30,0,0,0,0,0,0,0,0,0,170,81,0,0,0,0,0,59,254,253,179,25,0,0,0,0,0,0,0,0,255,203,86,70,70,70,70,70,187,254,254,94,0,0,0,0,0,0,0,0,237,253,253,253,254,253,253,253,254,253,253,143,0,0,0,0,0,0,0,0,29,113,232,253,254,253,234,238,239,230,145,13,0,0,0,0,0,0,0,0,0,0,7,69,69,69,13,25,25,0,0,0,0,0,0,0,0,0,0,0,0,0,0,0,0,0,0,0,0,0,0,0,0,0,0,0,0,0,0,0,0,0,0,0,0,0,0,0,0,0,0,0,0,0,0,0,0,0,0,0,0,0,0,0,0,0,0,0,0,0,0,0,0,0,0,0,0,0,5
0,0,0,0,0,0,0,0,0,0,0,0,0,0,0,0,0,0,0,0,0,0,0,0,0,0,0,0,0,0,0,0,0,0,0,0,0,0,0,0,0,0,0,0,0,0,0,0,0,0,0,0,0,0,0,0,0,0,0,0,0,0,0,0,0,0,0,0,0,0,0,0,0,0,0,0,0,0,0,0,214,51,0,0,0,0,0,0,0,0,0,0,51,51,21,41,21,0,0,0,253,212,203,203,123,203,82,0,62,102,123,203,253,252,223,243,203,61,0,0,254,253,254,253,254,253,234,193,254,253,254,253,254,253,254,253,203,0,0,0,91,252,253,252,253,252,253,252,253,252,253,252,253,252,253,252,223,20,0,0,21,142,163,203,203,203,234,213,203,203,203,203,102,102,132,253,254,50,0,0,0,0,0,0,0,0,30,10,0,0,0,0,0,0,51,252,253,91,0,0,31,10,0,0,0,0,0,0,0,0,0,0,0,0,52,253,254,50,0,0,193,10,0,0,0,0,0,0,0,0,0,0,0,0,132,252,213,10,0,0,41,0,0,0,0,0,0,0,0,0,0,0,0,0,254,253,142,0,0,0,0,0,0,0,0,0,0,0,0,0,0,0,0,0,253,252,102,0,0,0,0,0,0,0,0,0,0,0,0,0,0,0,0,21,254,253,102,0,0,0,0,0,0,0,0,0,0,0,0,0,0,0,0,61,253,252,142,0,0,0,0,0,0,0,0,0,0,0,0,0,0,0,0,0,254,253,102,0,0,0,0,0,0,0,0,0,0,0,0,0,0,0,0,41,253,252,61,0,0,0,0,0,0,0,0,0,0,0,0,0,0,0,0,203,254,192,0,0,0,0,0,0,0,0,0,0,0,0,0,0,0,0,0,203,253,151,0,0,0,0,7
0,0,0,0,0,0,0,0,0,0,0,76,159,253,117,3,0,0,0,0,0,0,0,0,0,0,0,0,0,17,47,212,252,252,252,22,0,0,0,0,0,0,0,0,0,0,0,0,19,188,252,253,252,252,252,107,0,0,0,0,0,0,0,0,0,0,0,17,188,252,252,253,235,227,252,137,0,0,0,0,0,0,0,0,0,0,0,151,252,252,252,253,143,246,252,137,0,0,0,0,0,0,0,0,0,0,97,253,253,253,243,158,43,247,253,137,0,0,0,0,0,0,0,0,0,0,253,252,252,172,103,0,0,184,252,137,0,0,0,0,0,0,0,0,0,32,253,252,202,13,0,0,0,184,252,221,0,0,0,0,0,0,0,0,34,218,253,252,141,0,0,0,0,90,252,252,43,0,0,0,0,0,0,0,93,252,253,231,37,0,0,0,0,38,232,252,116,0,0,0,0,0,0,0,93,253,255,92,0,0,0,0,0,0,208,253,179,0,0,0,0,0,0,0,93,252,239,33,0,0,0,0,0,0,207,252,230,0,0,0,0,0,0,0,93,252,230,0,0,0,0,0,0,0,207,252,146,0,0,0,0,0,0,0,93,252,230,0,0,0,0,0,0,26,224,252,168,0,0,0,0,0,0,0,93,252,230,0,0,0,0,0,0,122,252,252,116,0,0,0,0,0,0,0,93,253,255,159,24,5,0,24,159,253,253,253,53,0,0,0,0,0,0,0,76,248,253,252,252,177,161,212,252,252,252,178,0,0,0,0,0,0,0,0,0,115,253,252,252,252,252,253,252,252,227,48,0,0,0,0,0,0,0,0,0,0,117,252,252,252,252,253,252,185,50,0,0,0,0,0,0,0,0,0,0,0,3,96,168,252,200,137,117,6,0,0,0,0,0,0,0
0,0,0,0,0,0,0,0,0,0,0,0,0,0,0,0,0,0,0,0,0,0,0,1,7,86,151,255,166,130,98,2,0,0,0,0,0,0,0,0,0,1,13,98,253,253,253,253,253,253,253,162,33,0,0,0,0,0,0,0,4,148,253,253,253,253,253,253,253,253,253,253,172,0,0,0,0,0,0,0,19,253,253,253,253,253,237,228,140,134,247,253,220,25,0,0,0,0,0,0,130,253,253,253,234,143,34,0,0,0,117,253,253,43,0,0,0,0,0,0,148,253,253,219,36,0,0,0,0,10,156,253,253,43,0,0,0,0,0,0,233,253,220,36,0,0,0,0,0,84,253,253,253,182,123,44,5,0,0,0,45,136,35,0,0,0,0,35,138,232,253,253,253,253,253,253,129,4,0,0,0,0,0,0,0,0,59,230,253,253,253,253,253,253,253,253,253,185,36,0,0,0,0,0,0,0,167,253,253,253,253,253,203,88,68,201,253,253,135,0,0,0,0,0,0,0,134,253,253,253,235,88,12,0,0,24,202,253,225,4,0,0,0,0,0,0,10,140,179,148,40,0,0,0,0,0,106,253,253,42,0,0,0,0,0,0,0,0,0,0,0,0,0,0,0,0,145,253,253,129,0,0,0,0,0,0,0,0,0,0,0,0,0,0,0,83,249,253,253,87,0,0,0,0,0,0,0,0,0,0,0,0,0,0,81,217,253,253,210,4,0,0,0,0,0,0,0,0,0,0,0,0,32,100,231,253,253,253,87,0,0,0,0,11,93,52,0,0,0,0,29,142,237,253,253,253,253,207,7,0,0,0,0,14,208,244,236,236,236,236,241,253,253,253,253,253,152,19,0,0,0,0,0,0,7,108,253,253,253,253,253,253,253,253,253,207,13,0,0,0,3
0,0,0,0,0,0,0,0,0,0,0,0,0,0,0,0,0,0,0,0,0,0,0,0,0,0,0,0,0,0,0,0,0,11,89,109,182,223,244,78,0,0,0,0,0,0,0,0,0,63,84,145,197,228,254,253,254,211,181,99,0,0,0,0,0,0,6,120,213,254,255,233,218,155,94,73,0,0,0,0,0,0,0,0,0,0,99,253,129,109,57,16,0,0,0,0,0,0,0,0,0,0,0,0,0,63,233,128,0,0,0,0,0,0,0,0,0,0,0,0,0,0,0,0,11,197,211,26,0,0,0,0,0,0,0,0,0,0,0,0,0,0,0,0,79,254,134,0,0,0,0,0,0,0,0,0,0,0,0,0,0,0,0,0,223,253,11,0,0,0,0,0,0,0,0,0,0,0,0,0,0,0,0,0,255,181,0,0,0,0,0,0,0,0,0,0,0,0,0,0,0,0,0,0,254,222,155,217,218,217,208,145,105,0,0,0,0,0,0,0,0,0,0,0,213,254,228,217,166,166,197,238,254,171,0,0,0,0,0,0,0,0,0,0,16,36,11,0,0,0,0,21,171,253,125,0,0,0,0,0,0,0,0,0,0,0,0,0,0,0,0,0,11,197,244,26,0,0,0,0,0,0,0,0,0,0,0,0,0,0,0,0,0,145,254,36,0,0,0,0,0,0,0,0,0,0,0,0,0,0,0,0,0,145,254,36,0,0,0,0,0,0,0,0,11,11,0,0,0,0,0,0,0,186,254,36,0,0,0,0,0,0,0,0,171,109,0,0,0,0,0,0,68,254,218,11,0,0,0,0,0,0,0,0,171,191,21,0,0,0,0,21,213,253,83,0,0,0,0,0,0,0,0,0,42,228,223,120,110,109,120,244,249,134,0,0,0,0,0,0,5
0,0,0,0,0,0,0,0,0,0,32,129,253,192,78,0,0,0,0,0,0,0,0,0,0,0,0,0,0,73,207,252,252,253,242,62,0,0,0,0,0,0,0,0,0,0,0,6,120,253,252,252,252,253,252,180,37,0,0,0,0,0,0,0,0,0,42,160,252,253,252,252,252,253,252,252,252,1,1,0,0,0,0,0,0,0,134,252,252,253,252,252,252,253,252,252,252,253,35,0,0,0,0,0,1,217,247,252,252,253,189,76,119,211,252,252,252,253,159,0,0,0,0,6,120,252,252,252,252,217,30,0,0,31,113,241,252,253,179,0,0,0,0,120,252,252,252,252,168,0,0,0,0,0,0,181,252,253,179,0,0,0,0,182,253,253,253,237,62,0,0,0,0,0,0,182,253,255,253,72,0,0,63,242,252,252,231,71,0,0,0,0,0,0,0,181,252,253,189,10,0,0,73,252,252,252,179,0,0,0,0,0,0,0,11,191,252,253,179,0,0,0,73,252,252,252,179,0,0,0,0,0,0,0,73,252,252,253,179,0,0,0,73,253,253,253,180,0,0,0,0,0,0,0,135,253,253,255,119,0,0,0,73,252,252,252,179,0,0,0,0,0,0,135,247,252,252,222,25,0,0,0,21,201,252,252,231,78,16,0,0,6,120,253,252,252,252,41,0,0,0,0,0,181,252,252,252,252,190,145,144,160,252,253,252,252,252,0,0,0,0,0,0,0,145,253,253,253,253,255,253,253,253,255,253,175,62,0,0,0,0,0,0,0,20,252,252,252,252,253,252,252,252,253,189,51,0,0,0,0,0,0,0,0,1,71,195,221,252,253,252,252,252,154,10,0,0,0,0,0,0,0,0,0,0,0,0,16,108,253,252,231,108,0,0,0,0,0,0,0,0
0,0,0,0,0,0,0,0,0,0,0,0,0,0,37,252,253,180,21,0,0,0,0,0,0,0,0,0,0,0,0,0,0,0,58,252,253,252,92,0,0,0,0,0,0,0,0,0,0,0,0,0,1,125,221,252,253,252,215,0,0,0,0,0,0,0,0,0,0,0,0,63,171,252,252,252,253,252,215,0,0,0,0,0,0,0,0,0,0,21,94,237,253,252,252,252,253,252,226,31,0,0,0,0,0,0,0,21,99,201,252,252,253,252,231,108,253,252,252,108,0,0,0,0,0,0,0,144,253,252,252,252,253,252,231,190,253,252,252,108,0,0,0,0,47,109,129,253,255,253,253,253,84,0,0,63,255,253,253,108,0,0,11,155,232,252,252,252,253,252,200,97,0,0,0,144,253,252,252,108,0,11,150,252,252,252,252,252,217,91,20,0,0,0,6,160,253,252,252,108,0,155,252,252,252,252,231,108,0,0,0,0,0,0,120,252,253,252,231,46,0,218,253,253,253,159,41,0,0,0,0,0,0,218,253,253,255,253,72,0,94,247,252,252,220,25,0,0,0,0,0,42,218,247,252,252,253,231,51,0,129,252,252,252,143,0,0,0,37,78,181,221,253,252,252,252,237,71,0,0,253,252,252,252,143,0,0,84,253,252,252,252,253,252,252,252,144,0,0,0,255,253,253,253,253,253,253,253,255,253,253,253,255,253,253,191,0,0,0,0,211,252,252,252,252,252,252,252,253,252,252,252,253,231,158,15,0,0,0,0,31,195,221,252,252,252,252,252,253,241,215,132,217,71,0,0,0,0,0,0,0,0,16,108,169,128,211,252,108,77,0,0,0,0,0,0,0,0,0,0,0,0,0,0,0,0,0,0,0,0,0,0,0,0,0,0,0,0,0,0,0
0,0,0,0,0,0,0,0,0,0,0,0,0,0,0,0,0,0,0,0,0,0,0,0,0,0,0,0,0,0,0,0,0,0,0,0,0,0,0,0,0,0,0,0,0,0,0,0,0,0,69,153,208,217,161,21,0,0,0,0,0,0,0,0,0,0,0,0,42,166,254,254,254,254,254,217,102,23,0,0,0,0,0,0,0,0,0,88,239,254,218,139,26,17,192,254,254,214,23,0,0,0,0,0,0,0,159,249,254,175,21,0,0,0,13,192,254,249,30,0,0,0,0,0,0,130,253,254,136,9,0,0,0,0,0,155,254,165,0,0,0,0,0,0,110,253,254,107,3,0,0,0,0,0,71,249,254,138,0,0,0,0,0,59,239,254,107,3,0,0,0,0,0,25,170,254,228,32,0,0,0,0,16,205,254,154,3,0,0,0,0,0,35,190,254,254,155,0,0,0,0,0,148,254,204,22,0,0,0,0,0,93,236,254,254,254,81,0,0,0,0,14,235,254,59,0,0,0,0,52,172,247,254,240,254,240,11,0,0,0,0,79,254,254,17,0,9,57,171,248,254,211,90,123,254,165,0,0,0,0,0,41,251,254,159,201,218,254,254,210,91,9,0,183,254,150,0,0,0,0,0,0,129,243,254,254,248,177,93,8,0,0,14,224,254,112,0,0,0,0,0,0,0,34,56,56,44,0,0,0,0,0,99,254,245,36,0,0,0,0,0,0,0,0,0,0,0,0,0,0,0,0,125,254,166,0,0,0,0,0,0,0,0,0,0,0,0,0,0,0,0,3,207,254,146,0,0,0,0,0,0,0,0,0,0,0,0,0,0,0,0,69,254,254,84,0,0,0,0,0,0,0,0,0,0,0,0,0,0,0,0,125,254,203,18,0,0,0,0,0,9
0,0,0,0,0,0,0,0,0,0,0,0,0,0,0,0,0,0,0,0,0,0,0,0,0,0,0,0,0,0,0,0,0,0,18,106,192,144,144,144,0,0,0,0,0,0,0,0,31,75,0,38,67,111,217,253,253,253,253,253,0,0,0,0,0,0,0,53,218,240,114,236,253,253,253,253,253,253,253,253,0,0,0,0,0,0,8,181,253,253,253,254,253,253,253,253,253,253,253,237,0,0,0,0,0,0,161,253,244,239,253,254,253,253,253,253,253,198,88,23,0,0,0,0,0,20,218,250,88,41,55,55,155,180,59,55,55,5,0,0,0,0,0,0,0,157,253,189,0,0,0,0,6,4,0,0,0,0,0,0,0,0,0,0,14,219,253,131,0,0,0,0,0,0,0,0,0,0,0,0,0,0,0,0,23,253,253,165,0,0,0,0,0,0,0,0,0,0,0,0,0,0,0,0,13,215,253,252,202,29,0,0,0,0,0,0,0,0,0,0,0,0,0,0,0,49,247,254,254,254,206,63,0,0,0,0,0,0,0,0,0,0,0,0,0,0,99,219,253,253,253,139,0,0,0,0,0,0,0,0,0,0,0,0,0,0,0,26,154,228,253,234,74,0,0,0,0,0,0,0,0,0,0,0,0,0,0,0,0,90,237,255,187,0,0,0,0,0,0,0,0,0,25,0,0,0,0,0,0,0,149,254,187,0,0,0,0,0,0,0,0,12,189,108,4,0,0,0,0,66,209,254,148,0,0,0,0,0,0,0,0,87,253,253,128,122,122,127,232,248,253,224,7,0,0,0,0,0,0,0,0,125,253,253,253,253,253,253,253,253,253,202,0,0,0,0,0,0,0,0,0,9,163,253,253,253,253,253,253,253,253,77,0,0,0,0,0,0,0,0,5
0,0,0,0,0,0,0,0,0,0,0,0,0,0,0,0,0,0,0,0,0,0,0,0,0,0,0,0,0,0,0,0,0,0,0,0,0,0,128,245,0,0,0,0,0,0,0,0,0,0,0,0,0,0,0,0,5,181,254,253,0,0,0,0,0,0,0,0,0,0,0,0,0,0,0,13,178,253,254,240,0,0,0,0,0,0,0,34,0,0,0,0,0,0,26,214,253,253,228,73,0,0,0,0,0,0,104,245,105,0,0,0,0,0,221,254,254,254,68,0,0,0,0,0,0,17,212,253,137,0,0,0,5,147,254,253,248,106,0,0,0,0,0,0,11,174,254,253,137,0,0,22,161,253,254,248,108,0,0,0,0,0,0,17,199,253,254,236,54,0,0,147,253,253,254,106,0,0,0,0,0,0,0,198,254,254,254,90,0,51,153,254,254,254,210,9,0,0,0,0,0,0,114,251,253,253,254,232,230,247,254,253,253,253,248,230,230,97,0,0,0,0,237,253,253,253,254,253,253,253,254,253,253,253,254,248,145,13,0,0,0,0,220,253,253,253,254,253,253,253,254,236,128,194,228,64,0,0,0,0,0,0,0,85,93,93,34,139,254,254,236,84,0,0,0,0,0,0,0,0,0,0,0,0,0,0,30,226,253,253,151,0,0,0,0,0,0,0,0,0,0,0,0,0,0,0,170,253,253,177,0,0,0,0,0,0,0,0,0,0,0,0,0,0,0,68,254,253,244,69,0,0,0,0,0,0,0,0,0,0,0,0,0,0,0,185,255,254,113,0,0,0,0,0,0,0,0,0,0,0,0,0,0,0,22,247,254,210,21,0,0,0,0,0,0,0,0,0,0,0,0,0,0,0,24,253,247,71,0,0,0,0,0,0,0,0,0,0,0,0,4
0,0,0,0,0,0,0,0,0,0,0,0,0,0,0,0,0,0,0,0,0,0,0,0,0,0,0,0,0,0,0,0,0,0,0,0,0,0,0,0,0,0,0,0,0,0,0,0,0,0,0,0,0,0,0,0,0,0,0,0,0,0,0,0,0,0,0,2,95,161,255,255,113,0,6,4,0,0,0,0,0,0,0,0,0,0,24,159,253,253,253,253,176,56,237,154,0,0,0,0,0,0,0,0,0,92,162,253,249,143,111,222,253,253,253,154,0,0,0,0,0,0,0,0,31,215,253,248,118,0,0,119,249,253,253,82,0,0,0,0,0,0,0,16,215,253,227,80,0,0,0,10,211,253,181,12,0,0,0,0,0,0,0,25,253,248,119,0,0,0,11,161,253,253,37,0,0,0,0,0,0,0,0,25,253,195,0,0,0,11,161,253,253,238,30,0,0,0,0,0,0,0,0,25,253,117,0,0,36,160,253,253,253,166,0,0,0,0,0,0,0,0,0,25,253,242,180,180,232,253,211,180,253,166,0,0,0,0,0,0,0,0,0,19,199,253,253,253,209,161,17,199,253,136,0,0,0,0,0,0,0,0,0,0,8,61,61,61,18,0,0,199,253,136,0,0,0,0,0,0,0,0,0,0,0,0,0,0,0,0,0,199,253,166,0,0,0,0,0,0,0,0,0,0,0,0,0,0,0,0,0,199,253,166,0,0,0,0,0,0,0,0,0,0,0,0,0,0,0,0,0,199,253,166,0,0,0,0,0,0,0,0,0,0,0,0,0,0,0,0,0,199,253,166,0,0,0,0,0,0,0,0,0,0,0,0,0,0,0,0,0,199,253,166,0,0,0,0,0,0,0,0,0,0,0,0,0,0,0,0,0,147,253,202,16,0,0,0,0,0,9
0,0,0,0,0,0,0,0,0,0,0,0,0,0,0,13,202,249,58,0,0,0,0,0,0,0,0,0,0,0,0,0,0,0,0,27,255,254,117,0,0,0,0,0,0,0,0,0,0,0,0,0,0,0,15,194,254,249,66,0,0,0,0,0,0,0,0,0,0,0,0,0,0,17,192,254,254,187,0,0,0,0,0,0,0,0,0,0,0,0,0,0,18,190,254,254,186,11,0,0,0,0,0,0,0,0,0,0,0,0,0,19,122,254,254,184,13,0,0,0,0,0,0,0,0,0,0,0,0,0,0,164,254,254,183,15,0,0,0,0,0,0,0,0,0,0,0,0,0,21,177,242,254,181,16,0,0,0,0,0,0,0,0,0,0,0,0,0,0,103,254,254,218,17,0,0,0,0,0,0,0,0,0,0,0,0,0,0,90,241,254,241,88,0,0,0,0,0,0,0,0,0,0,0,0,0,0,19,215,254,241,88,0,0,0,0,0,0,0,0,0,0,0,0,0,0,18,182,254,241,88,0,0,0,0,0,0,0,0,0,0,0,0,0,0,0,176,254,241,155,0,0,0,0,0,0,0,0,0,0,0,0,0,0,0,149,242,254,95,0,0,0,0,0,0,0,0,0,0,0,0,0,0,0,13,227,254,244,45,0,0,0,0,0,0,0,0,0,0,0,0,0,0,11,182,254,246,91,0,0,0,0,0,0,0,0,0,0,0,0,0,0,77,193,254,247,156,0,0,0,0,0,0,0,0,0,0,0,0,0,0,7,243,254,254,156,0,0,0,0,0,0,0,0,0,0,0,0,0,0,0,119,254,254,249,31,0,0,0,0,0,0,0,0,0,0,0,0,0,0,0,119,254,200,13,0,0,0,0,0,0,0,0,0,0,0,0,0,0,0,1
0,0,0,0,0,0,0,0,19,181,252,253,167,0,0,0,0,0,0,0,0,0,0,0,0,0,0,19,178,252,220,222,167,0,0,0,0,0,0,0,0,0,0,0,0,0,13,181,252,217,37,38,56,0,0,0,0,0,0,0,0,0,0,0,0,0,191,252,252,84,0,0,0,32,140,140,0,0,0,0,0,0,0,0,0,63,255,253,196,0,0,0,0,135,253,253,63,0,0,0,0,0,0,0,10,178,253,176,21,0,0,0,0,6,177,252,241,24,0,0,0,0,0,0,138,252,253,136,0,0,0,0,0,0,59,252,253,136,0,0,0,0,0,0,169,252,253,27,0,0,0,0,0,0,26,239,253,167,0,0,0,0,0,32,215,252,190,12,0,0,0,0,0,0,16,203,253,167,0,0,0,0,0,57,253,253,79,0,0,0,0,0,0,0,29,253,255,168,0,0,0,0,0,57,252,252,0,0,0,0,0,0,0,0,29,252,253,167,0,0,0,0,0,57,252,252,0,0,0,0,0,0,0,0,138,252,253,136,0,0,0,0,0,57,252,252,0,0,0,0,0,0,0,7,178,252,253,27,0,0,0,0,0,57,252,252,0,0,0,0,0,0,0,57,252,252,190,12,0,0,0,0,0,32,216,253,192,12,0,0,0,0,38,222,253,253,0,0,0,0,0,0,0,0,169,252,253,152,0,0,0,38,219,252,242,89,0,0,0,0,0,0,0,0,53,227,253,233,165,57,57,222,252,239,96,0,0,0,0,0,0,0,0,0,0,47,237,252,252,252,252,253,242,96,0,0,0,0,0,0,0,0,0,0,0,0,50,158,252,252,252,253,167,0,0,0,0,0,0,0,0,0,0,0,0,0,0,0,0,0,0,0,0,0,0,0,0,0,0,0,0
0,0,0,0,0,0,0,0,0,0,0,0,0,0,0,0,0,0,0,0,0,0,0,0,0,0,0,0,0,0,0,0,20,116,57,42,238,177,0,0,0,0,0,0,0,0,0,0,0,0,6,77,232,254,237,211,254,254,80,0,0,0,0,0,0,0,0,0,0,0,154,254,254,254,254,254,254,254,126,0,0,0,0,0,0,0,0,0,5,156,254,254,254,233,254,189,182,254,187,0,0,0,0,0,0,0,0,6,115,254,254,238,69,188,254,78,135,254,187,0,0,0,0,0,0,0,0,123,254,254,238,59,0,236,142,0,204,254,154,0,0,0,0,0,0,0,108,248,254,206,49,0,0,236,53,63,245,254,91,0,0,0,0,0,0,35,243,254,202,58,0,0,0,145,49,169,254,245,50,0,0,0,0,0,0,217,254,237,58,0,0,0,0,0,7,229,254,153,0,0,0,0,0,0,128,253,254,111,0,0,0,0,0,0,120,254,254,135,0,0,0,0,0,0,251,254,250,27,0,0,0,0,0,83,245,254,232,33,0,0,0,0,0,63,253,254,103,0,0,0,0,0,24,242,254,254,91,0,0,0,0,0,5,192,254,179,6,0,0,0,0,8,211,254,254,134,2,0,0,0,0,0,29,254,254,58,0,0,0,0,21,151,254,254,247,51,0,0,0,0,0,0,29,254,238,27,0,0,0,24,143,254,254,242,70,0,0,0,0,0,0,0,29,254,197,0,0,0,77,210,254,254,254,73,0,0,0,0,0,0,0,0,29,254,198,5,75,158,245,254,254,247,88,5,0,0,0,0,0,0,0,0,29,254,254,254,254,254,254,254,172,52,0,0,0,0,0,0,0,0,0,0,29,254,254,254,254,254,232,94,2,0,0,0,0,0,0,0,0,0,0
0,0,0,0,0,0,0,19,127,254,255,246,156,57,0,0,0,0,0,0,0,0,0,0,0,0,17,196,253,253,249,242,253,247,57,0,0,0,0,0,0,0,0,0,0,0,185,253,240,137,60,36,108,247,185,0,0,0,0,0,0,0,0,0,0,55,250,253,71,0,0,0,0,234,253,53,0,0,0,0,0,0,0,0,0,59,253,192,5,0,0,0,0,234,253,98,0,0,0,0,0,0,0,0,0,156,254,223,12,0,0,0,0,235,254,99,0,0,0,0,0,0,0,0,0,74,253,253,64,0,0,2,118,250,245,15,0,0,0,0,0,0,0,0,0,18,226,253,146,0,19,92,253,253,88,0,0,0,0,0,0,0,0,0,0,0,69,241,250,234,239,253,253,201,27,0,0,0,0,0,0,0,0,0,0,0,0,71,245,253,254,253,185,12,0,0,0,0,0,0,0,0,0,0,0,0,0,41,201,254,241,142,0,0,0,0,0,0,0,0,0,0,0,0,0,0,70,241,253,200,95,118,118,9,0,0,0,0,0,0,0,0,0,0,0,41,241,253,195,18,97,253,253,166,18,0,0,0,0,0,0,0,0,0,0,201,253,240,61,0,27,202,253,253,126,0,0,0,0,0,0,0,0,0,0,254,253,100,0,0,0,5,155,253,253,0,0,0,0,0,0,0,0,0,76,255,254,78,0,0,0,0,31,242,254,99,0,0,0,0,0,0,0,0,0,254,253,158,62,0,0,0,0,234,253,98,0,0,0,0,0,0,0,0,0,155,253,253,241,175,176,175,175,247,253,98,0,0,0,0,0,0,0,0,0,5,146,241,253,253,254,253,253,247,176,8,0,0,0,0,0,0,0,0,0,0,0,41,148,155,193,155,155,56,0,0,0,0,0,0,8
0,0,0,0,0,0,0,0,0,0,0,0,0,0,0,0,0,0,0,0,0,0,0,0,0,0,0,0,0,0,0,0,0,0,0,0,0,0,0,0,0,0,0,0,0,0,0,0,0,29,130,225,255,255,255,103,1,0,0,0,0,0,0,0,0,0,0,0,9,127,253,253,253,253,253,253,97,0,0,0,0,0,0,0,0,3,37,143,219,253,249,201,111,111,220,253,154,0,0,0,0,0,0,0,0,105,253,253,248,201,79,0,0,0,36,211,79,75,149,80,0,0,0,3,105,215,253,248,119,0,0,0,0,0,0,12,140,244,253,135,0,0,0,19,253,253,248,119,0,0,0,0,0,0,74,195,253,253,237,116,0,0,0,19,253,253,195,0,0,0,0,0,13,84,239,253,253,253,121,0,0,0,0,44,253,232,29,0,0,0,0,72,197,253,253,253,253,156,6,0,0,0,0,143,253,229,48,10,56,56,147,236,253,253,253,253,231,19,0,0,0,0,0,143,253,253,243,198,253,253,253,206,113,229,253,253,154,0,0,0,0,0,0,49,253,253,253,253,240,185,94,15,109,253,253,182,38,0,0,0,0,0,0,5,55,55,116,55,44,0,0,91,241,253,191,53,0,0,0,0,0,0,0,0,0,0,0,0,0,0,90,242,253,227,29,0,0,0,0,0,0,0,0,0,0,0,0,0,0,90,242,253,228,53,0,0,0,0,0,0,0,0,0,0,0,0,0,0,89,243,253,228,114,0,0,0,0,0,0,0,0,0,0,0,0,0,0,88,244,253,229,52,0,0,0,0,0,0,0,0,0,0,0,0,0,0,86,245,253,230,51,0,0,0,0,0,0,0,0,0,0,0,0,0,0,144,247,253,231,50,0,0,0,0,0,0,0,0,0,0,9
214,201,227,242,248,249,234,226,200,241,232,249,232,226,226,206,243,216,201,203,225,210,200,204,217,254,242,217,204,208,210,254,241,211,239,251,207,202,247,230,237,216,251,235,245,242,246,246,215,201,214,229,233,239,243,233,209,229,254,213,225,239,228,229,220,229,225,228,235,207,200,239,240,244,229,203,250,253,231,229,218,231,202,206,251,201,207,201,216,248,228,244,230,234,220,221,253,220,201,206,227,253,229,200,239,206,240,233,204,221,210,250,228,221,246,217,216,201,220,242,251,230,245,244,245,231,228,210,247,211,248,204,252,233,249,210,214,254,246,210,214,240,247,217,237,205,237,240,233,201,204,240,252,244,232,207,240,252,253,221,242,239,248,232,233,217,220,202,244,201,233,207,224,246,223,223,237,205,232,242,216,201,220,201,213,229,205,253,238,202,227,248,243,208,244,237,247,241,211,230,218,244,233,210,216,226,224,200,246,203,207,228,233,221,237,216,246,218,211,202,239,200,242,202,219,245,221,236,209,227,209,203,241,240,254,245,247,241,221,249,203,219,215,229,228,204,210,225,210,247,232,221,223,216,235,233,225,239,222,245,204,248,233,250,208,245,202,200,222,207,239,242,238,220,229,238,204,210,227,253,201,227,222,222,213,254,214,223,239,221,239,208,248,238,208,236,220,238,212,218,225,236,209,238,214,209,229,209,232,202,202,203,241,206,232,206,243,249,241,251,209,219,214,210,245,235,250,236,241,222,202,227,205,230,224,250,208,209,228,246,212,213,247,228,205,228,236,233,239,250,243,231,219,244,239,224,203,253,203,217,241,254,201,254,238,225,201,238,253,238,220,242,238,254,206,242,242,246,237,214,237,236,252,201,204,207,205,243,211,226,210,204,202,222,243,220,202,251,239,222,7
0,0,0,0,0,0,0,0,0,0,0,0,0,0,0,0,0,0,0,0,0,0,0,0,0,0,0,0,0,0,0,0,0,0,0,0,0,0,0,0,0,0,0,0,0,0,0,0,0,10,79,141,216,253,153,141,141,141,141,29,0,0,0,0,0,0,0,7,82,197,252,253,252,252,252,253,252,252,252,253,0,0,0,0,0,0,0,204,252,252,252,253,252,224,168,168,168,168,168,168,0,0,0,0,0,0,0,253,252,164,90,140,65,19,0,0,0,0,0,0,0,0,0,0,0,0,13,255,197,0,0,0,0,0,0,0,0,0,0,0,0,0,0,0,0,19,194,253,196,0,0,0,0,0,0,0,0,0,0,0,0,0,0,0,19,191,252,253,158,0,0,0,0,0,0,0,0,0,0,0,0,0,0,0,107,252,252,241,47,0,0,0,0,0,0,0,0,0,0,0,0,0,0,0,57,253,253,254,253,253,153,129,29,7,0,0,0,0,0,0,0,0,0,0,19,122,196,228,252,252,252,253,252,187,19,0,0,0,0,0,0,0,0,0,0,0,0,44,168,234,252,253,252,252,153,38,0,0,0,0,0,0,0,0,0,0,0,0,0,22,28,103,252,252,252,63,0,0,0,0,0,0,0,0,0,0,0,0,0,0,26,154,253,253,128,0,0,0,0,0,0,0,0,0,0,0,0,0,0,19,181,253,252,233,72,0,0,0,0,0,0,0,0,0,0,0,0,0,19,191,252,253,208,37,0,0,0,0,0,0,0,0,0,0,0,0,0,0,107,252,252,253,96,0,0,0,0,0,0,0,0,0,0,0,0,0,13,204,253,253,253,114,0,0,0,0,0,0,0,0,0,0,0,0,63,169,206,253,252,252,202,38,0,0,0,0,0,0,0,0,5
0,0,0,0,0,0,0,0,0,0,0,0,0,0,0,0,0,0,0,0,0,0,147,253,255,253,253,253,254,253,165,91,26,0,0,0,0,0,0,0,0,0,197,252,253,252,252,252,253,252,252,252,244,144,13,0,0,0,0,0,0,0,159,252,253,252,224,168,178,252,252,252,253,252,122,10,0,0,0,0,0,0,10,28,28,28,19,0,4,28,116,190,253,252,252,28,0,0,0,0,0,0,0,0,0,0,0,0,0,0,0,0,204,253,253,140,0,0,0,0,0,0,0,0,0,0,0,0,0,0,19,107,253,252,252,115,0,0,0,0,0,0,0,0,0,0,0,0,10,110,215,252,253,252,148,6,0,0,0,0,0,0,0,0,0,0,0,51,229,252,252,252,241,115,6,0,0,0,0,0,0,0,0,0,0,7,204,253,254,253,253,178,51,0,0,0,0,0,0,0,0,0,0,0,0,57,252,252,253,252,252,128,26,0,0,0,0,0,0,0,0,0,0,0,0,38,234,252,253,252,252,252,210,66,0,0,0,0,0,0,0,0,0,0,0,0,22,128,203,252,252,252,253,246,187,13,0,0,0,0,0,0,0,0,0,0,0,0,0,0,89,213,254,253,253,203,76,0,0,0,0,0,0,0,0,0,0,0,0,0,0,0,153,252,252,252,231,19,0,0,0,0,0,0,0,0,0,0,0,0,0,0,16,215,252,252,253,84,0,0,0,0,0,0,0,0,0,0,0,0,89,163,229,252,252,252,228,9,0,0,0,0,0,0,0,0,0,13,41,166,253,253,254,253,253,178,51,0,0,0,0,0,0,0,45,169,169,206,253,252,252,252,247,196,109,9,0,0,0,0,0,0,0,0,141,252,252,252,253,252,224,168,100,0,0,0,0,0,0,0,3
0,0,0,0,0,0,0,0,0,0,20,242,136,0,0,0,0,0,0,0,0,0,0,0,0,0,0,0,0,0,69,252,253,75,0,0,0,0,0,0,0,0,0,0,0,0,0,0,0,0,0,167,254,86,0,0,0,0,0,0,0,0,0,0,0,0,0,0,0,0,0,44,254,86,0,0,0,0,0,0,0,0,0,0,51,59,0,0,0,0,0,44,254,123,0,0,0,0,0,0,0,0,0,0,183,201,0,0,0,0,0,77,254,86,0,0,0,0,0,0,0,0,0,0,183,201,0,0,0,0,0,140,254,86,0,0,0,0,0,0,0,0,0,0,183,205,4,0,0,0,0,140,254,86,0,0,0,0,0,0,0,0,0,0,183,254,43,0,0,0,0,207,254,86,0,0,0,0,0,0,0,0,0,0,183,254,116,0,0,0,0,236,254,86,0,0,0,0,0,0,0,0,0,0,183,254,128,15,106,117,207,251,254,86,0,0,0,0,0,0,0,0,0,0,154,254,254,254,254,254,254,254,254,86,0,0,0,0,0,0,0,0,0,0,7,168,231,241,193,115,50,237,254,86,0,0,0,0,0,0,0,0,0,0,0,0,24,36,0,0,0,236,251,54,0,0,0,0,0,0,0,0,0,0,0,0,0,0,0,0,0,236,254,86,0,0,0,0,0,0,0,0,0,0,0,0,0,0,0,0,0,236,254,86,0,0,0,0,0,0,0,0,0,0,0,0,0,0,0,0,0,234,254,86,0,0,0,0,0,0,0,0,0,0,0,0,0,0,0,0,0,140,254,86,0,0,0,0,0,0,0,0,0,0,0,0,0,0,0,0,0,55,254,171,0,0,0,0,0,0,0,0,0,0,0,0,0,0,0,0,0,11,215,145,0,0,0,0,0,0,4
0,0,0,0,0,0,0,0,0,0,0,0,0,0,0,0,0,0,0,0,0,0,0,0,0,0,57,104,162,195,203,254,187,73,0,0,0,0,0,0,0,0,0,0,13,181,249,253,254,253,253,253,254,249,146,13,0,0,0,0,0,0,0,0,153,253,253,244,205,137,137,137,138,226,253,186,9,0,0,0,0,0,0,34,254,253,168,44,0,0,0,0,0,13,220,253,93,0,0,0,0,0,0,0,255,254,203,45,0,0,0,0,0,47,254,195,0,0,0,0,0,0,0,0,203,253,253,211,114,5,0,0,0,114,253,143,0,0,0,0,0,0,0,0,29,180,249,253,254,194,72,0,108,249,253,69,0,0,0,0,0,0,0,0,0,0,99,194,254,253,238,127,254,253,236,19,0,0,0,0,0,0,0,0,0,0,0,0,85,222,254,254,254,241,34,0,0,0,0,0,0,0,0,0,0,0,0,0,0,105,253,253,254,56,0,0,0,0,0,0,0,0,0,0,0,0,0,0,32,224,253,253,245,160,5,0,0,0,0,0,0,0,0,0,0,0,0,0,136,253,236,69,195,253,79,0,0,0,0,0,0,0,0,0,0,0,0,85,254,254,146,0,51,248,237,19,0,0,0,0,0,0,0,0,0,0,13,222,254,194,4,0,0,230,253,69,0,0,0,0,0,0,0,0,0,0,99,253,247,71,0,0,0,222,253,69,0,0,0,0,0,0,0,0,0,0,116,253,184,0,0,0,0,206,253,69,0,0,0,0,0,0,0,0,0,0,116,254,204,7,0,0,121,254,230,0,0,0,0,0,0,0,0,0,0,0,116,253,254,232,188,172,254,244,87,0,0,0,0,0,0,0,0,0,0,0,30,213,254,253,253,253,239,87,0,0,0,0,0,0,8
0,0,0,0,0,0,0,0,0,0,5,94,241,253,253,253,143,7,0,0,0,0,0,0,0,0,0,0,0,0,57,253,254,253,253,185,9,0,0,0,0,0,0,0,0,0,0,0,11,152,231,253,254,253,193,57,0,0,0,0,0,0,0,0,0,0,0,12,86,253,253,253,254,202,21,0,0,0,0,0,0,0,0,0,0,0,0,54,253,253,253,253,150,4,0,0,0,0,0,0,0,0,0,0,0,0,22,145,253,253,252,155,0,0,0,0,0,0,0,0,0,0,0,0,0,5,204,253,253,253,233,0,0,0,0,0,0,0,0,0,0,0,0,0,0,151,253,253,253,239,50,0,0,0,0,0,0,0,0,0,0,0,0,0,45,234,254,254,235,49,0,0,0,0,0,0,0,0,0,0,0,0,0,0,221,253,253,253,156,0,0,0,108,108,108,108,108,108,91,0,0,0,0,97,251,253,253,205,23,109,228,228,254,253,253,253,253,253,249,142,0,0,0,149,253,253,253,245,220,253,253,253,254,253,253,253,253,253,253,253,0,0,0,241,253,253,253,253,253,253,253,253,254,253,253,253,253,253,253,253,0,0,0,213,253,253,253,253,253,253,253,253,254,253,253,253,253,253,245,185,0,0,0,128,253,253,253,253,253,253,253,253,255,253,253,253,253,223,109,0,0,0,0,241,253,253,253,253,253,253,253,253,255,253,229,226,191,25,0,0,0,0,0,157,252,253,250,240,242,245,240,240,177,107,11,0,0,0,0,0,0,0,0,0,157,253,116,0,19,44,0,0,0,0,0,0,0,0,0,0,0,0,0,0,0,0,0,0,0,0,0,0,0,0,0,0,0,0,0,0,0,0,0,0,0,0,0,0,0,0,0,0,0,0,0,0,0,0,0,0,6
0,0,0,0,0,0,0,0,0,0,0,0,0,0,0,0,0,0,0,0,0,0,0,0,170,255,170,29,0,0,0,0,0,0,0,0,0,0,0,0,0,0,0,0,0,114,226,255,170,57,0,0,0,0,0,0,0,0,0,0,0,0,0,0,0,0,57,86,141,226,198,170,86,57,0,0,0,0,0,0,0,0,0,0,0,0,0,0,0,0,86,170,226,255,226,57,0,0,0,0,0,0,0,0,0,0,0,0,0,0,0,0,0,170,255,86,0,0,0,0,0,0,0,0,0,0,0,0,0,0,0,0,0,198,255,86,0,0,0,0,0,0,0,0,0,0,0,0,0,0,0,0,86,255,255,57,0,0,0,0,0,0,0,0,0,0,0,0,0,0,0,0,170,255,226,0,0,0,0,0,0,0,0,0,0,0,0,0,0,0,0,0,255,255,114,0,0,0,0,0,0,0,0,0,0,0,0,0,0,0,0,141,255,255,29,0,0,0,0,0,0,0,0,0,0,0,0,0,0,0,0,198,255,114,0,0,0,0,0,0,0,0,0,0,0,0,0,0,0,0,114,255,255,57,0,0,0,0,0,0,0,0,0,0,0,0,0,0,0,0,198,255,114,0,0,0,0,0,0,0,0,0,0,0,0,0,0,0,0,141,255,226,29,0,0,0,0,0,0,0,0,0,0,0,0,0,0,0,29,226,255,114,0,0,0,0,0,0,0,0,0,0,0,0,0,0,0,0,57,255,226,57,0,0,0,0,0,0,0,0,0,0,0,0,0,0,0,29,226,255,141,0,0,0,0,0,0,0,0,0,0,0,0,0,0,0,0,114,255,198,0,0,0,0,0,0,0,0,0,0,0,0,0,0,0,0,57,255,255,57,0,0,0,0,0,0,0,0,0,0,7
0,0,0,0,0,0,0,0,0,0,0,0,114,254,138,0,0,0,0,0,0,0,0,0,0,0,0,0,0,0,0,0,229,253,215,0,0,0,0,0,0,0,0,0,0,0,0,0,0,0,0,50,244,253,99,0,0,0,0,0,0,0,0,0,0,0,0,0,0,0,0,163,253,253,54,0,0,0,0,0,0,0,0,0,0,0,0,0,0,0,0,228,253,227,16,0,0,0,0,0,0,0,0,0,0,0,0,0,0,0,0,255,254,191,0,0,0,0,0,0,0,0,0,0,0,0,0,0,0,0,53,254,253,75,0,0,0,0,0,0,0,0,0,0,0,0,0,0,0,10,204,254,245,31,0,0,0,0,0,0,0,0,0,0,0,0,0,0,0,19,253,254,159,0,0,0,0,0,0,0,0,0,0,0,0,0,0,0,0,84,253,254,43,0,0,0,0,0,0,0,0,0,0,0,0,0,0,0,0,167,254,234,13,0,0,0,0,0,0,0,0,0,0,0,0,0,0,0,34,249,253,161,0,0,0,0,0,0,0,0,0,0,0,0,0,0,0,0,82,253,253,46,0,0,0,0,0,0,0,0,0,0,0,0,0,0,0,0,133,253,253,0,0,0,0,0,0,0,0,0,0,0,0,0,0,0,0,0,217,253,220,0,0,0,0,0,0,0,0,0,0,0,0,0,0,0,0,55,254,254,72,0,0,0,0,0,0,0,0,0,0,0,0,0,0,0,0,158,253,253,72,0,0,0,0,0,0,0,0,0,0,0,0,0,0,0,0,235,253,253,72,0,0,0,0,0,0,0,0,0,0,0,0,0,0,0,0,235,253,232,16,0,0,0,0,0,0,0,0,0,0,0,0,0,0,0,0,170,240,61,0,0,0,0,0,0,0,0,0,0,1
0,0,0,0,0,0,0,0,0,0,0,0,0,0,0,0,0,0,0,0,0,0,0,0,0,0,0,0,0,0,0,0,0,0,0,0,0,0,0,0,0,0,0,0,0,0,0,0,0,0,0,0,0,0,0,0,0,0,0,0,0,0,0,0,0,0,7,70,162,245,211,161,51,0,0,0,0,0,0,0,0,0,0,0,0,9,199,253,254,253,253,253,248,88,0,0,0,0,0,0,0,0,0,0,0,164,253,202,80,46,46,146,245,206,0,0,0,0,0,0,0,0,0,0,26,239,244,44,0,0,0,0,161,223,84,0,0,0,0,0,0,0,0,0,162,254,146,0,0,0,0,26,221,254,245,44,0,0,0,0,0,0,0,0,95,253,150,114,17,0,22,122,254,253,253,152,0,0,0,0,0,0,0,0,161,253,200,179,225,207,228,253,254,253,253,152,0,0,0,0,0,0,0,0,161,253,137,59,186,253,253,253,254,253,253,69,0,0,0,0,0,0,0,0,162,254,138,0,0,13,187,254,210,214,254,69,0,0,0,0,0,0,0,0,99,249,200,138,164,235,253,185,9,230,253,69,0,0,0,0,0,0,0,0,0,142,249,253,254,215,129,13,0,230,253,69,0,0,0,0,0,0,0,0,0,0,57,69,69,6,0,0,0,230,253,69,0,0,0,0,0,0,0,0,0,0,0,0,0,0,0,0,26,239,230,0,0,0,0,0,0,0,0,0,0,0,0,0,0,0,0,0,64,251,213,0,0,0,0,0,0,0,0,0,0,0,0,0,0,0,0,0,112,253,137,0,0,0,0,0,0,0,0,0,0,0,0,0,0,0,0,0,195,253,71,0,0,0,0,0,0,0,0,0,0,0,0,0,0,0,0,0,255,254,46,0,0,0,0,0,9
0,0,0,0,0,0,0,0,32,254,254,231,0,0,0,0,0,0,0,0,0,0,0,0,0,0,0,0,14,183,254,231,0,0,0,0,0,0,0,0,0,0,0,0,0,0,0,0,0,84,247,254,128,0,0,0,0,0,0,0,0,0,0,0,0,0,0,0,0,0,233,254,225,47,0,0,0,0,0,0,0,0,0,0,0,0,0,0,0,0,147,254,254,185,0,0,0,0,0,0,0,0,0,0,0,0,0,0,0,0,52,229,254,185,0,0,0,0,0,0,0,0,0,0,0,0,0,0,0,0,0,178,254,185,0,0,0,0,0,0,0,0,0,0,0,0,0,0,0,0,0,178,254,185,0,0,0,0,0,0,0,0,0,0,0,0,0,0,0,0,0,178,254,185,0,0,0,0,0,0,0,0,0,0,0,0,0,0,0,0,0,178,254,170,0,0,0,0,0,0,0,0,0,0,0,0,0,0,0,0,38,215,254,30,0,0,0,0,0,0,0,0,0,0,0,0,0,0,0,0,121,254,145,4,0,0,0,0,0,0,0,0,0,0,0,0,0,0,0,9,234,254,130,0,0,0,0,0,0,0,0,0,0,0,0,0,0,0,0,132,254,244,71,0,0,0,0,0,0,0,0,0,0,0,0,0,0,0,159,237,254,193,0,0,0,0,0,0,0,0,0,0,0,0,0,0,5,60,230,255,200,28,0,0,0,0,0,0,0,0,0,0,0,0,0,0,139,254,254,254,22,67,0,67,7,60,0,0,0,0,0,0,0,0,0,0,139,254,254,254,213,237,209,237,176,109,0,0,0,0,0,0,0,0,0,0,139,254,254,255,254,254,179,100,33,0,0,0,0,0,0,0,0,0,0,0,0,0,0,0,0,0,0,0,0,0,0,0,0,0,2
0,0,0,0,0,0,0,0,0,0,0,0,0,0,0,0,0,0,0,0,0,0,0,0,0,0,0,0,0,0,0,0,0,0,0,0,0,0,0,0,0,0,0,0,0,0,0,45,157,183,255,243,158,46,0,0,0,0,0,0,0,0,0,0,0,0,18,203,254,254,254,254,254,252,115,0,0,0,0,0,0,0,0,0,0,0,164,254,254,147,95,135,214,254,250,87,0,0,0,0,0,0,0,0,0,111,252,254,127,2,0,0,6,148,254,150,0,0,0,0,0,0,0,0,0,198,254,201,20,0,0,0,0,113,254,231,0,0,0,0,0,0,0,0,60,252,254,96,0,0,0,0,0,132,254,236,0,0,0,0,0,0,0,0,161,254,184,3,0,0,0,0,106,248,254,188,0,0,0,0,0,0,0,0,237,254,94,0,0,0,0,37,220,254,254,150,0,0,0,0,0,0,0,60,251,254,71,0,0,0,24,175,254,254,250,64,0,0,0,0,0,0,0,34,245,254,232,169,129,129,220,254,254,254,159,0,0,0,0,0,0,0,0,0,92,217,254,254,254,254,254,254,254,254,75,0,0,0,0,0,0,0,0,0,0,12,47,47,122,236,254,254,254,191,11,0,0,0,0,0,0,0,0,0,0,0,0,0,0,88,234,254,250,67,0,0,0,0,0,0,0,0,0,0,0,0,0,0,5,115,244,254,156,0,0,0,0,0,0,0,0,0,0,0,0,0,0,0,114,254,254,254,72,0,0,0,0,0,0,0,0,0,0,0,0,0,0,0,163,254,251,183,13,0,0,0,0,0,0,0,0,0,0,0,0,0,0,25,210,254,147,0,0,0,0,0,0,0,0,0,0,0,0,0,0,0,0,170,254,252,41,0,0,0,0,0,0,0,0,0,9
0,0,0,0,0,0,0,0,0,0,0,0,46,232,253,253,199,0,0,0,0,0,0,0,0,0,0,0,0,0,0,45,232,253,253,228,126,0,0,0,0,0,0,0,0,0,0,0,0,0,114,234,253,253,253,143,0,0,0,0,0,0,0,0,0,0,0,0,0,47,229,254,253,228,186,39,0,0,0,0,0,0,0,0,0,0,0,0,20,226,253,254,202,55,0,0,0,0,0,0,0,0,0,0,0,0,0,7,133,253,253,235,11,0,0,0,0,0,0,0,0,0,0,0,0,0,6,133,253,253,239,49,0,0,0,0,0,0,0,0,0,0,0,0,0,4,135,253,253,238,50,0,0,0,0,0,0,0,0,0,0,0,0,0,0,68,253,253,239,50,0,0,0,0,0,0,0,0,0,0,0,0,0,0,103,227,254,254,164,0,0,0,0,45,121,121,121,121,109,0,0,0,0,40,231,253,253,158,5,0,0,0,103,232,253,253,196,253,252,101,0,0,0,143,253,253,233,50,0,0,50,229,252,218,159,54,13,132,253,107,0,0,91,249,253,232,66,0,9,88,235,254,176,38,0,0,18,179,253,107,0,0,142,253,253,186,0,0,133,253,218,124,3,0,0,54,107,253,196,22,0,0,241,253,236,77,12,145,229,243,31,0,0,20,97,240,242,178,25,0,0,0,241,253,185,30,75,253,253,171,41,105,174,203,253,221,98,0,0,0,0,0,156,253,253,229,229,253,253,253,253,255,253,243,184,20,0,0,0,0,0,0,102,245,253,253,253,253,253,252,240,241,113,67,0,0,0,0,0,0,0,0,0,45,120,225,253,253,168,114,0,0,0,0,0,0,0,0,0,0,0,0,0,0,0,0,0,0,0,0,0,0,0,0,0,0,0,0,0,0,6
0,0,0,0,0,0,0,0,0,0,0,0,0,0,0,103,242,40,0,0,0,0,0,0,0,0,0,0,0,0,0,0,0,0,0,180,254,147,0,0,0,0,0,0,0,0,0,0,0,0,0,0,0,0,0,180,254,164,0,0,0,1,21,3,0,0,0,0,0,0,0,0,0,0,0,94,254,235,8,0,0,80,254,132,0,0,0,0,0,0,0,0,0,0,0,81,254,164,0,0,0,161,254,234,0,0,0,0,0,0,0,0,0,0,3,179,254,74,0,0,19,225,254,234,0,0,0,0,0,0,0,0,0,0,26,254,254,65,0,0,56,254,254,219,0,0,0,0,0,0,0,0,0,0,41,254,254,65,0,0,56,254,254,97,0,0,0,0,0,0,0,0,0,0,126,254,228,15,0,0,75,254,254,78,51,51,51,51,51,51,51,19,0,0,145,254,219,0,0,0,155,254,254,254,254,254,254,254,254,254,254,224,205,205,249,254,220,6,1,0,131,254,254,254,254,254,254,254,254,231,231,217,194,211,254,254,254,254,163,58,31,143,239,192,139,89,40,40,40,24,24,15,0,71,254,254,173,115,139,85,0,0,0,0,0,0,0,0,0,0,0,0,0,71,254,254,20,0,0,0,0,0,0,0,0,0,0,0,0,0,0,0,0,81,254,254,20,0,0,0,0,0,0,0,0,0,0,0,0,0,0,0,0,170,254,254,20,0,0,0,0,0,0,0,0,0,0,0,0,0,0,0,0,170,254,243,17,0,0,0,0,0,0,0,0,0,0,0,0,0,0,0,6,203,254,174,0,0,0,0,0,0,0,0,0,0,0,0,0,0,0,0,0,170,254,174,0,0,0,0,0,0,0,0,0,0,0,0,0,0,0,0,0,64,204,135,0,0,0,0,4
0,0,0,0,0,0,0,0,0,0,0,0,0,0,0,0,0,0,0,0,0,0,0,0,0,0,0,0,0,0,0,0,0,0,0,0,0,0,0,0,0,0,0,0,0,0,0,0,0,0,0,0,0,0,0,0,0,0,0,0,0,0,0,0,0,0,0,0,0,0,0,0,57,86,57,0,0,0,0,0,0,0,0,0,0,0,0,0,29,86,170,255,255,255,255,114,0,0,0,0,0,0,0,0,0,86,86,226,255,255,198,114,57,29,255,170,0,0,0,0,0,0,141,170,255,255,226,170,86,29,0,0,0,198,255,57,0,0,0,0,0,198,198,170,141,57,0,0,0,0,0,86,226,226,86,0,0,0,0,0,0,0,29,0,0,0,0,0,0,86,226,226,114,29,0,0,0,0,0,0,0,0,0,0,0,0,0,114,226,255,255,141,86,86,86,86,114,86,0,0,0,0,0,0,57,141,226,255,255,255,255,255,255,255,255,198,226,255,255,198,0,0,0,29,226,255,255,198,114,86,86,0,0,0,0,0,0,0,57,226,0,0,114,255,255,141,29,0,0,0,0,0,0,0,0,0,0,0,0,170,0,0,141,170,29,0,0,0,0,0,0,0,0,0,0,0,0,29,170,226,0,0,0,0,0,29,0,0,0,0,0,0,0,0,0,0,86,226,198,29,0,0,0,0,86,141,0,0,0,0,0,0,0,29,141,226,198,29,0,0,0,0,0,0,57,255,114,57,57,86,86,141,170,255,255,114,0,0,0,0,0,0,0,0,0,86,226,255,255,255,255,255,170,114,0,0,0,0,0,0,0,0,0,0,0,0,0,29,86,86,0,0,0,0,0,0,0,0,0,0,0,0,0,0,0,0,0,0,0,0,0,0,0,0,0,0,0,0,0,0,3
0,0,0,0,0,0,0,0,0,0,0,78,80,117,164,14,0,0,0,0,0,0,0,0,0,0,0,0,0,56,159,252,254,254,254,153,0,0,0,0,0,0,0,0,0,0,50,135,239,244,254,254,254,254,254,219,0,0,0,0,0,0,0,0,0,69,232,254,254,205,114,114,114,142,254,219,0,0,0,0,0,0,0,0,39,237,254,236,210,137,0,0,0,54,254,219,0,0,0,0,0,0,0,0,45,254,254,148,0,0,0,0,0,139,254,219,0,0,0,0,0,0,0,0,9,150,254,148,0,0,0,8,131,250,254,219,0,0,0,0,0,0,0,0,0,73,148,87,0,0,0,71,254,254,254,145,0,0,0,0,0,0,0,0,0,0,0,0,0,4,9,200,254,253,153,12,0,0,0,0,0,0,0,0,0,0,0,0,0,89,254,254,254,201,0,0,0,0,0,0,0,0,0,0,0,0,0,0,6,198,254,254,254,86,0,0,0,0,0,0,0,0,0,0,0,0,0,104,248,254,254,235,80,1,0,0,0,0,0,0,0,0,0,0,0,0,16,194,254,254,254,184,0,0,0,0,0,0,0,0,0,0,0,0,0,26,197,254,254,236,86,18,0,0,0,0,0,0,0,0,0,0,0,0,24,192,254,254,254,166,0,0,0,0,0,0,0,0,0,0,0,0,0,119,219,254,254,254,254,240,212,163,36,29,0,0,0,0,0,0,0,0,0,78,239,254,254,254,254,254,254,254,254,225,116,100,0,0,0,0,0,0,0,0,84,237,237,244,254,254,254,254,254,254,254,219,0,0,0,0,0,0,0,0,0,0,0,66,157,157,157,252,254,254,254,219,0,0,0,0,0,0,0,0,0,0,0,0,0,0,0,76,78,237,254,219,0,0,0,0,2
0,0,0,0,0,0,0,0,0,0,0,0,0,0,0,0,0,0,0,0,0,0,1,11,11,11,11,11,5,0,0,0,0,0,0,0,0,0,0,0,0,15,151,254,254,254,254,254,205,65,0,0,0,0,0,0,0,0,0,0,0,189,254,254,254,254,254,254,254,242,161,79,0,0,0,0,0,0,0,0,0,226,254,254,219,179,179,204,254,254,254,253,95,0,0,0,0,0,0,0,0,37,160,25,13,0,0,9,40,201,242,254,194,0,0,0,0,0,0,0,0,0,0,0,0,0,0,0,0,0,61,238,238,29,0,0,0,0,0,0,0,0,0,0,0,0,0,0,0,0,64,252,254,40,0,0,0,0,0,0,0,0,0,0,0,0,0,0,0,0,188,254,232,25,0,0,0,0,0,0,0,0,0,0,0,0,0,0,0,77,253,254,175,0,0,0,0,0,0,0,0,0,0,0,0,0,0,0,17,220,254,250,56,0,0,0,0,0,0,0,0,0,0,0,0,0,0,0,166,254,254,126,0,0,0,0,0,0,0,0,0,0,0,0,0,0,2,122,252,254,226,27,0,0,0,0,0,0,0,0,0,0,0,0,0,0,58,254,254,228,37,0,0,0,0,0,0,0,0,0,0,0,0,0,0,0,209,254,254,167,126,126,126,126,126,126,126,126,126,108,0,0,0,0,0,0,99,254,254,254,254,254,254,254,254,254,254,254,254,254,0,0,0,0,0,0,15,153,253,254,254,254,254,254,254,254,254,255,254,254,0,0,0,0,0,0,0,0,61,141,164,164,164,158,65,65,65,65,139,164,0,0,0,0,0,0,0,0,0,0,0,0,0,0,0,0,0,0,0,0,0,0,0,0,0,0,0,0,0,0,0,0,0,0,0,0,0,0,0,0,2
0,0,0,0,0,0,0,0,0,0,0,0,0,0,0,0,0,0,0,0,0,0,0,0,0,27,87,144,144,144,193,58,0,0,0,0,0,0,0,0,0,0,0,64,139,237,253,253,253,253,254,233,60,0,0,0,0,0,0,0,0,27,191,252,253,253,253,253,179,197,254,253,63,0,0,0,0,0,0,0,0,67,253,253,249,231,126,10,53,185,254,180,2,0,0,0,0,0,0,0,0,23,131,140,69,0,3,75,231,253,233,27,0,0,0,0,0,0,0,0,0,0,0,0,0,0,50,253,253,253,247,170,89,4,0,0,0,0,0,0,0,0,0,0,0,0,69,242,242,242,245,253,253,223,98,3,0,0,0,0,0,0,0,0,0,0,0,0,0,0,13,99,99,209,253,176,101,0,0,0,0,0,0,0,0,0,0,0,0,0,0,0,0,6,107,253,251,121,20,0,0,0,0,0,0,0,0,0,0,0,0,0,0,0,8,110,253,253,66,0,0,0,0,0,0,0,0,0,0,0,0,0,0,0,8,159,254,254,66,0,0,0,0,0,0,0,0,0,0,0,0,0,0,0,56,253,253,253,66,0,0,0,0,0,0,0,0,0,0,0,0,0,0,53,181,253,253,236,40,0,0,0,0,0,0,0,0,0,0,0,0,0,19,192,253,253,252,95,0,0,0,0,0,0,0,0,0,0,0,0,8,85,238,253,253,253,145,0,0,0,0,0,0,0,0,0,0,0,0,0,121,253,253,253,210,55,5,0,0,0,0,0,0,0,80,80,11,12,94,122,245,253,253,79,17,0,0,0,0,0,0,0,0,0,166,219,245,253,253,253,255,193,99,4,0,0,0,0,0,0,0,0,0,0,132,253,253,253,253,253,196,20,0,0,0,0,0,0,0,0,3
0,0,0,0,0,0,0,0,0,0,0,0,0,0,0,0,0,0,0,0,0,0,0,0,0,0,0,0,0,0,0,0,0,0,0,0,0,0,0,0,0,0,0,64,0,0,0,191,255,191,128,0,0,0,0,0,0,0,0,0,0,0,0,0,0,0,128,255,255,255,255,191,64,128,128,128,64,0,0,0,0,0,0,0,0,0,255,255,255,255,255,255,255,255,255,255,191,0,0,0,0,0,0,0,0,0,255,255,255,255,255,128,128,191,255,255,64,0,0,0,0,0,0,0,0,64,255,255,191,0,128,0,0,191,255,255,0,0,0,0,0,0,0,0,0,0,0,0,0,0,0,0,0,255,255,191,0,0,0,0,0,0,0,0,0,0,0,0,0,0,0,0,191,255,255,0,0,0,0,0,0,0,0,0,0,0,0,0,0,0,0,0,255,255,191,0,0,0,0,0,0,0,0,0,0,0,0,0,0,0,0,191,255,128,0,0,0,0,0,0,0,0,0,0,0,0,0,0,0,0,128,255,255,64,0,0,0,0,0,0,0,0,0,0,0,0,0,0,0,0,255,255,64,0,0,0,0,0,0,0,0,0,0,0,0,0,0,0,0,191,255,255,0,0,0,0,0,0,0,0,0,0,0,0,0,0,0,0,0,255,255,128,0,0,0,0,0,0,0,0,0,0,0,0,0,0,0,0,64,255,191,0,0,0,0,0,0,0,0,0,0,0,0,0,0,0,0,64,255,255,128,0,0,0,0,0,0,0,0,0,0,0,0,0,0,0,0,128,255,255,64,0,0,0,0,0,0,0,0,0,0,0,0,0,0,0,0,255,255,255,64,191,0,0,0,0,0,0,0,0,0,0,0,0,0,0,128,255,255,255,255,191,0,0,0,0,0,0,0,0,7
0,0,0,0,0,0,0,0,0,0,0,0,0,0,0,0,0,0,0,0,0,0,0,0,0,0,0,0,0,0,0,0,0,32,229,203,0,0,0,0,0,0,0,0,0,0,0,0,0,0,0,0,0,82,252,252,0,0,0,0,0,0,0,38,185,28,0,0,0,0,0,0,0,169,252,252,0,0,0,0,0,0,0,163,253,84,0,0,0,0,0,0,0,169,252,252,0,0,0,0,0,0,86,253,255,134,0,0,0,0,0,0,0,170,253,140,0,0,0,0,0,0,110,252,253,84,0,0,0,0,0,0,19,225,252,139,0,0,0,0,0,19,215,252,253,84,0,0,0,0,0,0,29,252,252,103,0,0,0,0,0,107,252,252,253,159,76,0,114,113,113,113,179,252,252,128,0,0,0,0,0,169,253,253,254,253,253,253,254,253,253,253,254,253,253,253,192,47,0,0,0,94,252,252,253,252,252,252,253,252,252,252,253,252,252,252,253,196,113,0,0,13,143,243,253,252,252,252,253,252,252,252,253,252,252,252,119,93,37,0,0,0,0,25,28,28,28,28,28,28,103,252,253,227,103,28,0,0,0,0,0,0,0,0,0,0,0,0,0,7,204,253,254,84,0,0,0,0,0,0,0,0,0,0,0,0,0,0,0,19,215,252,253,84,0,0,0,0,0,0,0,0,0,0,0,0,0,0,0,19,215,252,231,19,0,0,0,0,0,0,0,0,0,0,0,0,0,0,0,157,252,252,125,0,0,0,0,0,0,0,0,0,0,0,0,0,0,0,0,120,253,253,0,0,0,0,0,0,0,0,0,0,0,0,0,0,0,0,0,169,252,252,51,0,0,0,0,0,0,0,0,0,0,0,0,0,0,0,0,169,252,252,137,0,0,0,0,0,0,0,4
0,0,0,0,0,0,0,0,0,0,0,0,86,255,170,0,0,0,0,0,0,0,0,0,0,0,0,0,0,0,0,57,255,198,0,0,0,0,0,0,0,0,0,0,0,0,0,0,0,0,29,226,198,0,0,0,0,0,0,0,0,0,0,0,0,0,0,0,0,0,226,255,57,0,0,0,0,0,0,0,0,0,0,0,0,0,0,0,0,114,255,141,0,0,0,0,0,0,0,0,0,0,0,0,0,0,0,0,57,255,198,0,0,0,0,0,0,0,0,0,0,0,0,0,0,0,0,0,198,226,29,0,0,0,0,0,0,0,0,0,0,0,0,0,0,0,0,86,255,114,0,0,0,0,0,0,0,0,0,0,0,0,0,0,0,0,29,226,198,0,0,0,0,0,0,0,0,0,0,0,0,0,0,0,0,0,86,255,114,0,0,0,57,86,0,0,0,0,0,0,0,0,0,0,0,0,198,198,0,29,141,226,255,255,255,141,0,0,0,0,0,0,0,0,0,57,255,198,198,255,198,86,0,0,86,255,29,0,0,0,0,0,0,0,0,141,255,255,141,29,0,0,0,0,86,255,0,0,0,0,0,0,0,0,0,255,255,114,0,0,0,0,0,29,170,141,0,0,0,0,0,0,0,0,0,255,198,0,0,0,0,0,0,170,226,29,0,0,0,0,0,0,0,0,0,198,255,198,0,0,0,29,170,226,57,0,0,0,0,0,0,0,0,0,0,57,255,198,86,86,114,255,198,57,0,0,0,0,0,0,0,0,0,0,0,0,86,226,255,255,141,29,0,0,0,0,0,0,0,0,0,0,0,0,0,0,0,0,0,0,0,0,0,0,0,0,0,0,0,0,0,0,0,0,0,0,0,0,0,0,0,0,0,0,0,0,0,0,0,0,6
0,0,0,0,0,0,0,0,0,0,0,0,0,0,0,0,0,0,0,0,0,0,0,0,0,0,0,0,0,0,0,0,0,0,0,0,0,0,0,0,0,0,0,0,0,0,0,0,0,8,11,11,1,0,0,0,0,0,0,0,0,0,0,0,0,0,0,0,111,230,254,254,167,125,50,0,0,0,0,0,0,0,0,0,0,0,2,158,249,234,140,134,154,243,223,120,34,0,0,0,0,0,0,0,0,0,50,254,207,28,0,0,0,33,189,250,128,0,0,0,0,0,0,0,0,0,171,254,113,0,0,0,0,0,47,239,248,181,162,230,0,0,0,0,0,0,109,254,136,0,0,0,0,2,102,239,254,254,254,209,0,0,0,0,0,0,66,254,184,11,0,0,99,182,254,254,228,126,83,7,0,0,0,0,0,0,60,254,243,80,0,150,254,254,171,60,20,0,0,0,0,0,0,0,0,0,9,208,254,253,250,235,145,24,2,0,0,0,0,0,0,0,0,0,0,0,9,208,254,254,254,79,0,0,0,0,0,0,0,0,0,0,0,0,0,42,168,254,254,254,254,123,0,0,0,0,0,0,0,0,0,0,0,0,54,225,254,214,49,196,254,165,1,0,0,0,0,0,0,0,0,0,0,16,189,254,213,27,0,146,254,228,3,0,0,0,0,0,0,0,0,0,0,66,254,238,43,0,15,219,254,149,0,0,0,0,0,0,0,0,0,0,0,187,254,128,7,81,140,254,242,81,0,0,0,0,0,0,0,0,0,0,0,188,254,242,237,254,254,254,163,24,0,0,0,0,0,0,0,0,0,0,0,36,203,254,255,228,114,65,4,0,0,0,0,0,0,0,0,0,0,0,0,0,4,10,10,7,0,0,0,0,0,0,0,0,0,0,0,0,8
0,0,0,0,0,0,0,0,0,0,0,0,0,0,0,0,0,0,0,0,0,0,0,0,0,0,0,0,0,0,0,0,0,0,0,0,0,0,0,0,0,0,0,0,0,0,0,93,255,254,146,52,0,0,0,0,0,0,0,0,0,0,0,0,0,0,96,239,253,253,253,227,52,0,0,0,0,0,0,0,0,0,0,0,0,0,239,253,253,208,209,253,224,49,0,0,0,0,0,0,0,0,0,0,0,135,253,253,253,120,27,253,253,139,0,0,0,0,0,0,0,0,0,0,30,226,253,253,233,19,24,253,253,249,105,0,0,0,0,0,0,0,0,0,39,253,253,236,56,0,24,253,253,253,137,0,0,0,0,0,0,0,0,0,184,253,253,222,0,0,24,253,253,248,92,0,0,0,0,0,0,0,0,0,81,253,253,222,0,0,24,253,253,125,0,0,0,0,0,0,0,0,0,0,19,194,253,222,0,41,142,253,253,84,0,0,0,0,0,0,0,0,0,0,0,97,249,250,231,238,253,253,253,84,0,0,0,0,0,0,0,0,0,0,0,0,124,233,253,253,253,253,253,84,0,0,0,0,0,0,0,0,0,0,0,0,0,16,129,167,253,253,253,84,0,0,0,0,0,0,0,0,0,0,0,0,0,0,0,9,50,253,253,84,0,0,0,0,0,0,0,0,0,0,0,0,0,0,0,0,8,166,253,187,0,0,0,0,0,0,0,0,0,0,0,0,0,0,0,0,0,124,253,238,0,0,0,0,0,0,0,0,0,0,0,0,0,0,0,0,0,124,253,237,0,0,0,0,0,0,0,0,0,0,0,0,0,0,0,0,0,120,252,247,89,0,0,0,0,0,0,0,0,0,0,0,0,0,0,0,0,0,158,253,137,0,0,0,0,0,9
0,0,0,0,0,46,232,252,253,253,253,192,0,0,0,0,0,0,0,0,0,0,0,0,0,99,253,253,219,231,253,250,125,0,0,0,0,0,0,0,0,0,0,0,98,229,253,121,13,52,229,253,249,72,0,0,0,0,0,0,0,0,0,0,235,253,121,4,0,0,145,253,253,128,0,0,0,0,0,0,0,0,0,0,235,167,4,0,0,0,42,230,253,224,31,0,0,0,0,0,0,0,0,0,235,155,0,0,0,0,0,79,253,253,84,0,0,0,0,0,0,0,0,0,42,28,0,0,0,0,0,59,253,253,191,0,0,0,0,0,0,0,0,0,0,0,0,0,0,0,0,43,233,253,214,0,0,0,0,0,0,0,0,0,0,0,0,0,0,0,0,0,183,253,214,0,0,0,0,0,0,0,0,0,0,0,0,0,0,0,0,0,152,253,243,68,0,0,0,0,0,0,0,0,0,0,0,0,0,0,0,0,53,253,253,91,0,0,0,0,0,0,0,0,0,0,0,0,0,0,0,0,143,253,253,91,0,0,0,0,0,0,0,0,37,90,169,127,80,66,40,70,230,253,247,77,0,0,0,0,0,0,0,72,247,253,253,253,253,253,253,253,253,253,197,0,0,0,0,0,0,0,13,193,253,243,227,160,249,253,253,253,253,253,168,27,10,0,0,0,0,0,118,253,253,79,0,61,235,253,253,253,253,253,253,253,189,140,20,9,0,0,118,253,253,105,128,237,253,253,243,142,110,200,249,253,253,253,253,117,0,0,54,243,253,253,253,253,248,142,27,0,0,0,78,200,247,247,240,54,0,0,0,54,244,253,253,142,22,0,0,0,0,0,0,0,0,0,0,0,0,0,0,0,0,0,0,0,0,0,0,0,0,0,0,0,0,0,0,0,2
0,0,0,0,0,0,0,0,0,0,0,0,0,0,0,0,0,0,0,0,0,0,0,0,0,0,0,0,0,0,0,0,0,0,0,0,0,0,0,0,0,0,0,0,0,17,191,240,240,241,240,190,17,0,80,34,0,0,0,0,0,0,0,0,0,90,252,252,252,253,252,252,230,226,245,234,226,226,156,0,0,0,0,64,178,240,252,252,252,253,252,252,252,252,252,252,252,252,139,0,0,25,179,241,252,252,252,252,252,253,188,136,53,211,252,252,252,241,25,0,57,205,252,252,252,252,252,249,128,66,4,0,0,200,252,252,252,241,26,0,0,226,252,252,252,252,226,130,0,0,0,0,77,236,252,252,252,250,100,0,0,83,205,246,232,204,34,0,0,0,0,10,217,252,252,252,249,143,0,0,0,0,0,84,28,0,0,0,0,7,140,185,252,252,252,250,143,0,0,0,0,0,0,0,0,0,0,0,71,190,252,252,252,252,252,141,0,0,0,0,0,0,0,0,0,0,0,0,64,255,253,253,253,253,228,42,0,0,0,0,0,0,0,0,0,0,12,184,246,253,252,252,252,188,10,0,0,0,0,0,0,0,80,94,94,115,229,252,252,253,252,252,222,47,0,0,0,0,0,0,136,213,246,252,252,252,252,252,252,253,252,252,240,108,64,0,0,0,0,0,252,252,252,252,252,252,252,213,185,186,185,245,252,252,241,109,25,0,0,0,249,252,252,252,212,177,66,28,0,0,0,59,223,252,252,252,121,0,0,0,76,79,79,79,21,0,0,0,0,0,0,15,149,252,252,252,204,0,0,0,0,0,0,0,0,0,0,0,0,0,0,35,227,252,252,252,93,0,0,0,0,0,0,0,0,0,0,0,0,0,0,0,202,238,238,238,157,0,0,0,2
0,0,0,0,0,0,0,0,0,0,0,26,255,173,0,0,0,0,0,0,0,0,0,0,0,0,0,0,0,0,0,176,254,206,17,0,0,0,0,0,0,0,0,0,0,0,0,0,0,0,0,184,254,156,0,0,0,0,0,0,0,0,0,0,0,0,0,0,0,0,17,234,254,206,0,0,0,0,0,0,0,0,0,0,0,0,0,0,0,0,108,254,254,115,0,0,0,0,0,0,0,0,0,0,0,0,0,0,0,0,207,253,254,64,0,0,0,0,0,0,0,0,0,0,0,0,0,0,0,22,228,253,222,13,0,0,0,0,0,0,0,0,0,0,0,0,0,0,0,47,253,253,184,0,0,0,0,0,0,0,0,0,0,0,0,0,0,0,0,130,254,254,93,0,0,0,0,0,0,0,0,0,0,0,0,0,0,0,0,230,253,253,76,0,0,0,0,0,0,0,0,0,0,0,0,0,0,0,66,249,253,210,0,0,0,0,0,0,0,0,0,0,0,0,0,0,0,0,229,253,253,94,0,0,0,0,0,0,0,0,0,0,0,0,0,0,0,0,254,254,239,25,0,0,0,0,0,0,0,0,0,0,0,0,0,0,0,134,254,253,128,0,0,0,0,0,0,0,0,0,0,0,0,0,0,0,19,240,254,253,46,0,0,0,0,0,0,0,0,0,0,0,0,0,0,0,57,253,254,219,13,0,0,0,0,0,0,0,0,0,0,0,0,0,0,0,141,254,255,56,0,0,0,0,0,0,0,0,0,0,0,0,0,0,0,26,232,253,241,19,0,0,0,0,0,0,0,0,0,0,0,0,0,0,0,89,253,253,67,0,0,0,0,0,0,0,0,0,0,0,0,0,0,0,0,105,253,185,0,0,0,0,0,0,0,0,0,0,0,0,1
0,0,0,0,0,0,0,0,0,0,0,0,0,0,0,0,0,0,0,0,0,0,0,0,0,0,0,0,0,0,0,0,0,0,0,0,0,0,0,0,0,0,0,0,0,0,0,0,0,0,0,0,0,0,0,0,0,0,0,0,0,0,0,0,0,0,0,1,76,208,255,215,89,1,135,144,0,0,0,0,0,0,0,0,0,0,0,82,254,210,97,79,216,112,230,117,0,0,0,0,0,0,0,0,0,0,44,234,177,17,0,0,0,78,254,113,0,45,179,71,0,0,0,0,0,0,101,254,91,0,0,0,23,206,228,20,0,59,237,93,0,0,0,0,0,0,101,254,152,0,0,10,163,250,83,0,0,0,0,0,0,0,0,0,0,0,30,217,248,119,9,161,254,136,0,0,0,0,0,0,0,0,0,0,0,0,0,31,217,254,216,254,212,10,0,0,0,0,0,0,0,0,0,0,0,0,0,0,32,189,254,254,63,0,0,0,0,0,0,0,0,0,0,0,0,0,0,0,0,126,254,254,58,0,0,0,0,0,0,0,0,0,0,0,0,0,0,0,54,224,234,246,142,0,0,0,0,11,4,0,0,0,0,0,0,0,0,26,210,224,40,162,233,21,0,0,0,43,14,0,0,0,0,0,0,0,0,122,224,67,0,122,254,58,0,0,0,10,3,0,0,0,0,0,0,0,60,245,145,0,0,122,254,80,0,0,0,0,0,0,0,0,0,0,0,0,101,249,57,0,0,140,244,32,0,0,0,0,0,0,0,0,0,0,0,0,148,247,41,0,100,249,117,0,0,0,0,0,0,0,0,0,0,0,0,0,107,245,88,168,249,148,4,0,0,0,0,0,0,0,0,0,0,0,0,0,40,213,254,222,79,4,0,0,0,0,0,0,0,0,8
0,0,0,0,0,0,0,0,121,254,254,207,79,0,0,0,0,0,0,0,0,0,0,0,0,0,0,38,222,254,236,56,0,0,0,0,0,0,0,0,0,0,0,0,0,0,23,221,254,220,27,0,0,0,0,0,0,0,0,0,0,0,0,0,0,5,130,254,247,109,0,0,0,0,0,0,0,0,0,0,0,0,0,0,0,53,254,254,123,0,0,0,0,0,0,0,0,0,0,0,0,0,0,0,5,175,254,246,65,0,0,0,0,0,0,0,0,0,0,0,0,0,0,0,53,254,246,104,0,0,0,0,0,0,0,0,0,0,0,0,0,0,0,14,227,254,217,0,0,0,0,0,0,0,0,0,25,6,0,0,0,0,0,19,254,254,217,0,0,0,0,0,0,22,112,193,217,199,47,0,0,0,0,117,254,245,93,0,0,0,0,0,23,193,254,254,254,254,175,4,0,0,0,143,254,183,0,0,0,0,0,62,193,254,254,254,254,254,254,12,0,0,0,143,254,99,0,0,0,0,22,214,254,254,182,61,229,254,216,8,0,0,11,239,254,99,0,0,0,21,194,254,254,139,39,139,250,254,97,0,0,0,13,254,254,99,0,0,0,106,254,254,188,87,214,254,254,51,3,0,0,0,2,154,254,212,0,0,21,211,254,254,248,250,254,254,113,3,0,0,0,0,0,20,208,252,219,113,140,254,254,254,254,254,161,36,3,0,0,0,0,0,0,0,149,254,254,254,254,254,254,254,254,254,43,0,0,0,0,0,0,0,0,0,3,97,255,255,255,254,254,254,121,6,1,0,0,0,0,0,0,0,0,0,0,0,0,0,0,0,0,0,0,0,0,0,0,0,0,0,0,0,0,0,0,0,0,0,0,0,0,0,0,0,0,0,0,0,0,0,6
0,0,0,0,0,0,0,6,68,144,207,254,254,254,254,254,245,34,9,0,0,0,0,0,0,0,3,100,253,253,254,253,253,253,253,253,253,253,163,9,0,0,0,0,0,0,146,253,253,253,154,154,154,48,92,130,245,253,253,33,0,0,0,0,0,0,223,250,149,25,0,0,0,0,0,0,127,253,253,138,0,0,0,0,0,0,98,209,0,0,0,0,0,0,0,0,122,253,253,143,0,0,0,0,0,0,3,45,0,0,0,0,0,0,0,0,122,253,253,56,0,0,0,0,0,0,0,0,0,0,0,0,0,0,0,0,127,253,253,33,0,0,0,0,0,0,0,0,0,0,0,0,0,0,0,55,245,253,240,27,0,0,0,0,0,0,0,0,0,0,0,0,0,0,0,171,253,253,94,0,0,0,0,0,0,0,0,0,0,0,0,0,0,59,183,247,253,215,9,0,0,0,0,0,0,0,0,6,34,130,144,221,254,254,254,254,254,255,66,0,0,0,0,0,15,153,177,190,253,253,254,253,253,253,253,230,187,120,20,0,0,0,40,157,220,253,253,253,253,210,211,253,253,253,188,52,0,0,0,0,28,162,247,253,249,231,126,10,17,77,202,253,253,164,4,0,0,0,0,0,216,253,253,239,69,0,0,54,193,253,254,239,154,4,0,0,0,0,0,0,254,253,219,54,0,0,134,232,253,253,254,148,0,0,0,0,0,0,0,0,254,253,62,21,146,232,252,253,253,249,118,7,0,0,0,0,0,0,0,0,254,253,253,253,253,253,253,246,209,70,0,0,0,0,0,0,0,0,0,0,254,253,253,253,253,253,216,98,0,0,0,0,0,0,0,0,0,0,0,0,206,253,253,244,143,56,17,0,0,0,0,0,0,0,0,0,0,0,0,0,2
0,0,0,0,0,0,0,0,0,0,0,0,0,0,0,0,0,0,0,0,0,0,0,0,0,0,0,0,0,0,0,0,0,0,0,0,0,0,0,0,0,0,0,0,0,0,19,193,194,106,193,176,166,166,255,201,87,0,0,0,0,0,0,0,0,125,81,253,254,253,253,253,253,253,253,253,245,86,0,0,0,0,0,0,88,217,233,244,239,238,238,238,238,240,253,253,253,104,0,0,0,0,0,0,72,247,161,55,0,0,0,0,0,31,253,253,253,104,0,0,0,0,0,0,0,27,7,0,0,0,0,0,0,75,253,253,253,104,0,0,0,0,0,0,0,0,0,0,0,0,0,0,72,232,253,253,203,31,0,0,0,0,0,0,0,0,0,0,0,0,0,0,224,253,253,253,59,0,0,0,0,0,0,0,0,0,0,0,0,0,0,43,235,253,253,168,4,0,0,0,0,0,0,0,0,0,0,0,0,0,39,222,253,253,229,46,0,0,0,0,0,0,0,0,0,0,0,0,0,0,164,253,253,235,49,0,0,0,0,0,0,0,0,0,0,0,0,0,0,123,254,255,254,162,0,0,0,0,0,0,0,0,0,0,0,0,0,0,87,246,253,253,68,13,0,0,0,0,0,0,0,0,0,0,0,0,0,0,114,253,253,246,27,0,0,0,0,0,0,0,0,0,0,0,0,0,0,0,255,253,246,71,0,0,0,0,0,0,0,0,0,0,0,0,0,0,40,224,254,235,80,0,0,0,0,0,0,0,0,0,0,0,0,0,0,0,63,253,242,82,0,0,0,0,0,0,0,0,0,0,0,0,0,0,0,128,226,253,205,24,0,0,0,0,0,0,0,0,0,0,0,0,0,0,48,244,253,253,217,29,0,0,0,0,0,0,0,0,0,0,7
0,0,0,0,0,0,45,168,255,150,157,157,191,125,106,0,0,0,0,0,0,0,0,0,0,97,250,253,253,253,253,253,253,253,252,231,45,0,0,0,0,0,0,0,0,99,253,253,253,253,253,253,253,253,253,253,246,99,0,0,0,0,0,0,0,8,170,253,253,253,253,253,253,253,253,253,253,232,46,0,0,0,0,0,0,0,9,25,25,25,25,25,52,173,253,253,253,253,110,0,0,0,0,0,0,0,0,0,0,0,0,0,0,93,253,253,253,246,71,0,0,0,0,0,0,0,0,0,0,0,0,0,45,242,253,253,253,190,0,0,0,0,0,0,0,0,0,0,0,0,0,59,181,253,253,253,245,72,0,0,0,0,0,0,0,0,0,0,0,0,56,207,253,253,253,244,96,0,0,0,0,0,0,0,0,0,0,0,0,90,240,253,253,253,209,97,0,0,0,0,0,0,0,0,0,0,0,20,166,240,253,253,253,189,22,0,0,0,0,0,0,0,0,0,0,0,19,187,253,253,253,253,188,22,0,0,0,0,0,0,0,0,0,0,0,42,188,253,253,253,253,189,22,0,0,0,24,0,0,0,0,0,0,18,160,245,253,253,253,242,114,22,0,28,60,169,213,169,161,0,0,0,33,129,253,253,253,253,236,124,33,64,163,226,253,253,253,253,247,60,0,0,248,253,253,253,253,253,203,253,253,253,253,253,253,253,253,251,215,0,0,0,248,253,253,253,253,253,253,253,253,253,253,253,240,234,234,148,0,0,0,0,248,253,253,253,253,253,253,253,250,240,213,110,37,0,0,0,0,0,0,0,174,253,253,253,253,248,247,210,87,0,0,0,0,0,0,0,0,0,0,0,0,118,176,203,123,19,0,0,0,0,0,0,0,0,0,0,0,0,2
0,0,0,6,106,164,216,254,183,99,0,0,0,0,0,0,0,0,0,0,0,0,8,166,254,141,109,109,147,219,211,82,0,0,0,0,0,0,0,0,0,0,37,251,88,0,0,0,0,13,196,226,31,0,0,0,0,0,0,0,0,0,34,232,0,0,0,0,0,0,16,194,214,30,0,0,0,0,0,0,0,0,0,195,52,0,0,0,0,0,0,16,195,216,26,0,0,0,0,0,0,0,0,0,0,0,0,0,0,0,0,0,27,239,157,0,0,0,0,0,0,0,0,0,0,0,0,0,0,0,0,0,0,116,254,20,0,0,0,0,0,0,0,0,0,0,0,0,0,0,0,0,0,31,254,136,0,0,0,0,0,0,0,0,0,0,0,0,0,0,0,0,0,19,254,182,0,0,0,0,0,0,0,0,0,0,0,0,0,0,0,0,0,19,254,182,0,0,0,0,0,0,0,0,0,0,0,0,0,0,0,0,0,19,255,182,0,0,0,0,0,0,0,0,40,114,197,236,204,171,88,4,0,19,254,162,0,0,0,0,0,0,0,3,192,218,114,82,94,159,228,201,44,32,254,13,0,0,0,0,0,0,0,129,208,0,0,0,0,0,16,158,230,223,254,0,0,0,0,0,0,0,0,200,72,0,0,0,0,0,0,0,37,254,254,0,0,0,0,0,0,0,0,117,163,0,0,0,0,0,0,0,63,249,208,171,5,0,0,0,0,0,0,19,247,20,0,0,0,0,0,32,232,183,7,235,90,0,0,0,0,0,0,3,192,147,3,0,0,0,63,220,209,21,0,23,113,13,0,0,0,0,0,0,72,248,204,77,25,141,254,197,27,0,0,0,0,0,0,0,0,0,0,0,0,47,125,163,234,221,137,5,0,0,0,0,0,0,0,0,2
0,0,0,0,0,0,0,0,0,0,0,0,0,0,0,0,0,0,0,0,0,0,0,0,0,5,7,7,37,130,130,130,173,254,254,254,21,0,0,0,0,0,2,13,92,214,253,253,253,253,253,253,253,253,253,253,202,7,0,0,0,0,25,253,253,253,253,253,253,253,253,247,235,251,253,253,253,12,0,0,0,0,23,231,253,253,253,253,235,195,105,72,0,217,253,253,242,11,0,0,0,0,0,13,99,159,99,99,27,0,0,0,0,217,253,253,66,0,0,0,0,0,0,0,0,0,0,0,0,0,0,0,74,240,253,238,15,0,0,0,0,0,0,0,0,0,0,0,0,0,0,75,239,253,253,127,0,0,0,0,0,0,0,0,0,0,0,36,50,50,147,238,253,253,185,8,0,0,0,0,0,0,0,0,0,0,63,232,253,253,253,253,253,253,176,33,0,0,0,0,0,0,0,0,0,22,213,253,253,253,253,253,253,253,253,225,44,0,0,0,0,0,0,0,0,0,42,89,185,203,253,253,253,253,253,253,226,9,0,0,0,0,0,0,0,0,0,0,0,15,55,55,98,179,244,253,253,109,0,0,0,0,0,0,0,0,0,0,0,0,0,0,0,0,124,253,253,135,0,0,0,0,0,0,0,0,0,0,0,0,0,0,0,0,100,253,253,135,0,0,0,0,0,0,0,0,0,0,0,0,0,0,0,0,145,253,253,135,0,0,54,100,41,0,0,0,0,0,0,0,0,0,0,86,235,253,209,22,0,0,242,253,227,106,39,0,0,0,0,0,0,0,37,232,253,253,30,0,0,0,253,253,253,253,93,0,0,0,0,0,0,130,242,253,253,207,10,0,0,0,199,253,253,253,228,98,0,0,29,119,215,251,253,253,101,7,0,0,0,0,3
0,0,0,0,0,0,0,0,0,0,0,0,0,0,0,0,0,0,0,0,0,0,0,0,0,0,0,0,0,0,0,0,0,0,0,0,0,0,0,0,0,0,0,0,0,0,0,57,170,226,170,57,0,0,0,0,0,0,0,0,0,0,0,0,0,0,57,255,255,255,255,255,198,29,0,0,0,0,0,0,0,0,0,0,0,29,255,255,255,255,255,255,255,226,0,57,141,0,0,0,0,0,0,0,0,170,255,255,114,29,0,198,255,255,29,255,255,141,0,0,0,0,0,0,0,255,255,141,0,0,0,29,255,255,255,255,255,141,0,0,0,0,0,0,29,255,255,29,0,0,0,198,255,255,255,255,226,0,0,0,0,0,0,0,114,255,226,0,0,0,57,255,255,255,255,255,114,0,0,0,0,0,0,0,198,255,141,0,0,0,198,255,255,255,255,170,0,0,0,0,0,0,0,0,255,255,86,0,0,0,226,255,255,255,226,0,0,0,0,0,0,0,0,0,198,255,114,0,0,29,226,255,255,255,29,0,0,0,0,0,0,0,0,0,141,255,198,0,57,226,255,255,255,170,0,0,0,0,0,0,0,0,0,0,57,255,255,255,255,255,255,255,255,0,0,0,0,0,0,0,0,0,0,0,0,170,255,255,255,226,255,255,86,0,0,0,0,0,0,0,0,0,0,0,0,0,0,57,29,86,255,255,29,0,0,0,0,0,0,0,0,0,0,0,0,0,0,0,0,170,255,198,0,0,0,0,0,0,0,0,0,0,0,0,0,0,0,0,57,255,255,86,0,0,0,0,0,0,0,0,0,0,0,0,0,0,0,0,170,255,255,29,0,0,0,0,0,0,0,0,0,0,0,0,0,0,0,0,170,255,255,0,0,0,0,0,0,0,0,0,9
0,0,0,0,0,0,0,0,0,0,0,0,0,0,0,0,0,0,0,0,0,0,0,0,0,0,0,0,0,0,0,0,0,0,0,0,0,0,0,0,101,34,34,34,82,102,144,192,144,116,6,0,0,0,0,0,0,0,0,0,253,253,253,253,253,253,253,224,254,253,73,0,0,0,0,0,0,0,0,0,87,154,154,154,149,44,44,25,163,253,111,0,0,0,0,0,0,0,0,0,0,0,0,0,0,0,0,0,153,253,44,0,0,0,0,0,0,0,0,0,0,0,0,0,0,0,0,73,254,210,15,0,0,0,0,0,0,0,0,0,0,0,0,0,0,0,0,149,254,101,0,0,0,0,0,0,0,0,0,0,0,0,0,0,0,0,72,251,254,210,122,64,12,3,0,0,0,0,0,0,0,0,0,0,0,0,31,195,210,209,246,253,253,176,33,0,0,0,0,0,0,0,0,0,0,0,0,0,0,0,55,124,193,253,217,31,0,0,0,0,0,0,0,0,0,0,0,0,0,0,0,0,8,71,244,195,0,0,0,0,0,0,0,0,0,0,0,0,0,0,0,0,0,0,233,255,66,0,0,0,0,0,0,0,0,0,0,0,0,0,0,0,0,0,232,253,66,0,0,0,0,0,0,0,0,0,0,0,0,0,0,0,0,0,232,253,66,0,0,0,0,0,0,0,0,0,0,0,0,0,0,0,0,8,234,250,60,0,0,0,0,0,0,0,0,0,0,0,0,0,0,0,0,113,253,185,0,0,0,0,0,0,0,0,0,0,0,0,0,0,0,0,44,242,253,99,0,0,0,0,0,0,0,0,0,0,0,0,0,0,0,1,113,253,185,9,0,0,0,0,0,0,0,0,0,0,0,0,0,0,0,90,253,238,18,0,0,0,0,0,3
0,0,0,0,0,0,0,0,0,0,0,0,0,0,0,0,0,0,0,0,0,0,0,0,0,0,0,0,0,0,19,7,0,0,0,0,70,169,169,44,0,0,0,0,0,0,0,0,0,19,191,203,86,85,85,185,253,252,252,228,0,0,0,0,0,0,0,0,0,157,252,252,253,252,252,252,253,252,252,252,0,0,0,0,0,0,0,0,104,253,253,253,255,253,253,253,255,247,225,75,0,0,0,0,0,0,0,26,253,252,252,252,247,196,196,145,84,65,0,0,0,0,0,0,0,0,29,210,253,252,148,56,50,0,0,0,0,0,0,0,0,0,0,0,0,0,134,252,253,177,31,0,0,0,0,0,0,0,0,0,0,0,0,0,0,26,223,253,254,103,7,0,0,0,0,0,0,0,0,0,0,0,0,0,0,0,197,252,253,252,149,57,0,0,0,0,0,0,0,0,0,0,0,0,0,0,110,252,253,252,252,252,0,0,0,0,0,0,0,0,0,0,0,0,0,0,10,78,153,252,252,252,151,0,0,0,0,0,0,0,0,0,0,0,0,0,0,0,0,0,135,253,242,47,0,0,0,0,0,0,0,0,0,0,0,0,0,0,0,38,172,252,253,84,0,0,0,0,0,0,10,160,159,85,76,57,85,85,198,234,252,252,253,84,0,0,0,0,0,0,229,252,252,252,250,243,252,252,253,252,252,252,178,9,0,0,0,0,0,0,76,244,253,253,254,253,253,253,254,253,253,228,0,0,0,0,0,0,0,0,0,82,215,252,253,252,252,252,253,214,158,9,0,0,0,0,0,0,0,0,0,0,19,56,119,142,94,168,56,19,0,0,0,0,0,0,0,0,0,0,0,0,0,0,0,0,0,0,0,0,0,0,0,0,0,0,0,0,0,0,5
0,0,0,0,0,0,0,0,0,0,0,0,48,234,253,159,0,0,0,0,0,0,0,0,0,0,0,0,0,0,0,24,221,251,251,158,0,0,0,0,0,0,0,0,0,0,0,0,0,0,0,32,251,251,251,158,0,0,0,0,0,0,0,0,0,0,0,0,0,0,0,32,251,251,251,158,0,0,0,0,0,0,0,0,0,0,0,0,0,0,0,32,251,251,251,158,0,0,0,0,0,0,0,0,0,0,0,0,0,0,0,191,253,253,253,159,0,0,0,0,0,0,0,0,0,0,0,0,0,0,72,236,251,251,251,138,0,0,0,0,0,0,0,0,0,0,0,0,0,0,174,251,251,251,172,0,0,0,0,0,0,0,0,0,0,0,0,0,0,0,253,251,251,235,70,0,0,0,0,0,0,0,0,0,0,0,0,0,0,100,253,251,251,188,0,0,0,0,0,0,0,0,0,0,0,0,0,0,24,194,255,253,253,189,0,0,0,0,0,0,0,0,0,0,0,0,0,0,182,251,253,251,251,69,0,0,0,0,0,0,0,0,0,0,0,0,0,64,236,251,253,251,188,15,0,0,0,0,0,0,0,0,0,0,0,0,68,236,251,251,253,223,15,0,0,0,0,0,0,0,0,0,0,0,0,0,190,251,251,251,253,121,0,0,0,0,0,0,0,0,0,0,0,0,0,155,253,253,253,253,100,0,0,0,0,0,0,0,0,0,0,0,0,0,20,253,251,251,251,231,0,0,0,0,0,0,0,0,0,0,0,0,0,0,158,253,251,251,251,94,0,0,0,0,0,0,0,0,0,0,0,0,0,0,158,253,251,251,156,12,0,0,0,0,0,0,0,0,0,0,0,0,0,0,158,253,251,251,31,0,0,0,0,0,0,0,0,0,0,0,1
0,0,0,0,0,0,0,0,0,0,0,0,0,0,0,0,0,0,0,0,0,0,0,0,0,0,0,0,0,0,27,99,163,176,254,254,0,0,0,0,0,0,0,0,0,0,0,0,41,151,242,254,253,253,253,253,210,10,0,0,0,0,0,0,0,0,0,125,235,253,253,254,253,247,219,253,254,31,0,0,0,0,0,0,0,0,71,224,253,251,202,144,60,46,64,253,254,69,0,0,0,0,0,0,0,0,163,253,253,137,0,0,0,27,238,253,254,18,0,0,0,0,0,0,0,0,99,254,191,0,0,0,16,163,254,254,208,13,0,0,0,0,0,0,0,0,143,253,145,0,0,27,229,253,253,253,7,0,0,0,0,0,0,0,0,0,119,253,222,8,59,186,250,253,218,94,0,0,0,0,0,0,0,0,0,0,61,239,253,178,238,254,253,231,31,0,0,0,0,0,0,0,0,0,0,0,0,177,253,253,253,254,181,36,0,0,0,0,0,0,0,0,0,0,0,0,0,120,254,254,254,255,70,0,0,0,0,0,0,0,0,0,0,0,0,0,16,162,253,253,253,254,229,40,0,0,0,0,0,0,0,0,0,0,0,0,163,253,253,250,151,195,253,222,40,0,0,0,0,0,0,0,0,0,0,143,254,253,250,121,0,68,251,253,112,0,0,0,0,0,0,0,0,0,0,181,254,253,184,0,0,0,235,253,209,0,0,0,0,0,0,0,0,0,110,254,255,109,0,0,27,222,254,254,119,0,0,0,0,0,0,0,0,0,109,253,254,76,0,50,216,254,253,253,54,0,0,0,0,0,0,0,0,0,141,253,254,200,217,245,253,254,212,49,8,0,0,0,0,0,0,0,0,0,24,196,254,253,253,253,253,242,68,0,0,0,0,0,0,0,8
0,0,0,0,0,0,0,0,0,0,0,0,0,0,0,0,0,0,0,0,0,0,0,0,0,0,0,0,100,237,121,0,0,0,0,0,0,13,48,18,0,0,0,0,0,0,0,132,235,254,202,0,0,0,0,0,8,179,254,94,0,0,0,0,0,0,0,224,254,237,48,0,0,0,0,0,10,209,254,94,0,0,0,0,0,0,0,224,254,112,0,0,0,0,0,0,16,233,251,63,0,0,0,0,0,0,49,240,222,20,0,0,0,0,0,0,118,254,191,0,0,0,0,0,0,19,231,255,120,0,0,0,0,0,0,23,205,254,111,0,0,0,0,0,6,168,255,241,47,0,0,0,0,0,0,85,254,254,36,0,0,0,0,0,84,254,254,67,0,0,0,0,0,0,8,200,254,184,13,0,0,0,0,3,172,254,221,18,0,0,0,0,0,0,120,254,246,48,0,0,0,0,0,162,254,238,30,0,0,0,0,0,0,0,157,254,212,0,0,0,0,0,116,253,254,105,0,0,0,0,0,0,0,112,252,254,129,0,0,0,0,0,198,254,172,1,0,0,0,36,107,146,249,253,254,210,13,0,0,0,0,0,198,254,134,10,89,96,193,245,254,254,254,254,254,140,0,0,0,0,0,0,198,254,244,241,254,254,254,254,223,140,252,254,169,5,0,0,0,0,0,0,137,252,254,254,254,218,176,88,0,0,250,254,120,0,0,0,0,0,0,0,0,25,60,119,26,14,0,0,0,9,251,254,25,0,0,0,0,0,0,0,0,0,0,0,0,0,0,0,0,100,254,194,5,0,0,0,0,0,0,0,0,0,0,0,0,0,0,0,0,189,254,166,0,0,0,0,0,0,0,0,0,0,0,0,0,0,0,0,0,203,254,166,0,0,0,0,0,0,4
0,0,0,0,0,0,2,82,211,255,142,15,0,0,0,0,0,0,0,0,0,0,0,0,0,1,172,250,166,93,236,121,0,0,0,0,0,0,0,0,0,0,0,0,0,85,254,132,0,0,81,109,6,0,0,0,0,0,0,0,0,0,0,0,0,115,227,15,0,0,0,133,117,0,0,0,0,0,0,0,0,0,0,0,0,192,141,0,0,0,0,52,73,21,9,0,0,0,0,0,0,0,0,0,0,192,141,0,0,0,0,58,167,231,70,0,0,0,0,0,0,0,0,0,0,128,205,0,0,0,31,208,161,7,0,0,0,0,0,0,0,0,0,0,0,71,248,81,0,6,167,95,0,0,0,0,0,0,0,0,0,0,0,0,0,5,155,220,64,110,140,0,0,0,0,0,0,0,0,0,0,0,0,0,0,0,6,155,232,231,111,0,0,0,0,0,0,0,0,0,0,0,0,0,0,0,0,6,142,254,99,0,0,0,0,0,0,0,0,0,0,0,0,0,0,0,0,0,122,245,239,76,0,0,0,0,0,0,0,0,0,0,0,0,0,0,0,0,122,139,95,220,36,0,0,0,0,0,0,0,0,0,0,0,0,0,0,0,148,148,6,174,175,7,0,0,0,0,0,0,0,0,0,0,0,0,0,0,122,157,0,46,246,125,0,0,0,0,0,0,0,0,0,0,0,0,0,0,122,212,0,0,172,230,37,0,0,0,0,0,0,0,0,0,0,0,0,0,43,237,49,0,115,254,108,0,0,0,0,0,0,0,0,0,0,0,0,0,15,225,190,36,55,254,108,0,0,0,0,0,0,0,0,0,0,0,0,0,0,155,254,250,248,254,108,0,0,0,0,0,0,0,0,0,0,0,0,0,0,2,89,170,243,207,45,0,0,0,0,0,8
220,207,209,238,227,225,236,245,212,234,212,243,215,215,251,243,206,216,225,251,223,213,216,240,213,206,218,252,222,226,231,235,232,216,231,208,248,209,234,215,249,235,232,220,212,239,224,227,229,226,220,246,243,242,241,229,233,212,240,231,228,213,244,234,202,210,237,200,201,217,234,216,238,253,240,223,214,211,207,232,232,221,207,247,227,216,254,208,254,218,251,213,243,246,237,208,216,204,241,239,231,233,248,245,201,204,222,247,213,214,217,234,246,214,223,225,220,217,232,223,202,205,231,217,212,217,252,231,254,230,223,219,209,224,238,240,248,239,254,252,232,212,244,200,207,239,232,239,222,243,228,205,254,251,250,222,251,243,227,239,241,212,215,245,203,234,253,243,205,221,222,205,235,238,207,216,218,214,229,217,249,254,208,223,200,253,245,203,232,221,236,216,234,212,225,239,254,248,246,216,200,220,200,224,218,218,208,228,252,234,243,247,210,223,221,233,249,246,200,245,229,211,225,235,243,254,225,227,203,220,233,213,215,218,254,226,227,212,226,209,252,230,252,207,213,220,212,219,254,212,241,239,232,243,245,254,229,234,205,242,232,221,249,249,233,243,200,215,233,242,226,237,207,233,238,251,224,207,250,236,231,246,235,225,207,235,218,242,221,223,234,208,207,232,245,217,229,252,230,205,208,229,205,244,209,230,221,226,243,229,245,232,225,201,205,235,250,240,221,226,242,220,212,208,252,202,228,241,214,219,215,242,220,224,213,246,210,225,245,252,251,230,229,220,225,218,232,240,218,238,229,238,200,202,244,238,210,249,217,246,220,246,208,220,206,211,253,224,207,213,227,239,244,202,251,244,235,234,231,201,235,244,245,200,201,203,244,241,236,239,225,237,200,205,204,242,243,252,226,253,4
0,0,0,0,0,0,0,0,0,0,83,227,254,254,254,244,57,0,0,0,0,0,0,0,0,0,0,0,0,3,227,254,254,254,254,254,103,0,0,0,0,0,0,0,0,0,0,0,0,67,254,254,254,211,212,254,166,0,0,0,0,0,0,0,0,0,0,0,0,17,233,254,159,15,114,254,197,0,0,0,0,0,0,0,0,0,0,0,0,37,140,103,16,0,114,254,197,0,0,0,0,0,0,0,0,0,0,0,0,0,0,0,0,0,114,254,197,0,0,0,0,0,0,0,0,0,0,0,0,0,0,0,0,0,114,254,197,0,0,0,0,0,0,0,0,0,0,0,0,0,0,0,0,0,124,254,141,0,0,0,0,0,0,0,0,0,0,0,0,0,0,0,0,18,224,254,9,0,0,0,0,0,0,0,0,0,0,0,0,0,0,0,0,142,254,255,9,0,0,0,0,0,0,0,0,0,0,0,0,0,0,0,0,225,254,164,1,0,0,0,0,0,98,198,198,198,108,104,69,0,0,1,101,250,235,17,0,0,0,0,0,35,226,254,254,254,254,254,254,170,86,118,254,254,140,0,0,0,0,0,0,191,254,254,254,254,254,254,254,254,254,254,254,227,63,0,0,0,0,0,0,198,254,243,157,140,201,254,254,254,254,254,254,245,242,166,7,0,0,0,0,198,254,113,0,61,123,254,254,254,254,254,254,254,247,113,0,0,0,0,0,142,254,249,245,251,254,254,254,254,224,197,214,254,123,0,0,0,0,0,0,58,244,254,254,254,254,254,243,166,28,0,11,37,7,0,0,0,0,0,0,0,44,170,254,187,159,149,41,0,0,0,0,0,0,0,0,0,0,0,0,0,0,0,0,0,0,0,0,0,0,0,0,0,0,0,0,0,0,0,2
0,0,0,0,0,0,0,92,253,253,138,43,0,0,0,0,0,0,0,0,0,0,0,0,0,0,98,239,252,252,252,226,209,173,21,0,0,0,0,0,0,0,0,0,0,8,225,252,252,252,252,252,253,252,185,0,0,0,0,0,0,0,0,0,8,182,252,252,252,252,252,252,253,252,237,0,0,0,0,0,0,0,0,18,173,252,252,252,252,252,252,252,253,252,241,40,0,0,0,0,0,0,75,196,252,252,252,252,252,241,108,178,253,252,252,132,0,0,0,0,0,0,105,252,252,252,252,252,180,76,0,149,253,252,252,132,0,0,0,0,0,0,105,252,252,252,252,170,7,0,0,149,253,252,246,86,0,0,0,0,0,0,25,181,207,228,168,17,0,0,0,149,253,252,237,0,0,0,0,0,0,0,0,0,0,49,12,0,0,0,27,209,253,252,237,0,0,0,0,0,0,0,0,0,0,0,0,0,0,38,219,253,255,253,176,0,0,0,0,0,0,0,0,0,0,0,0,0,32,216,252,252,253,167,16,0,0,0,0,0,0,0,0,0,0,0,0,29,210,252,252,252,253,44,0,0,0,0,0,0,0,0,0,0,0,0,106,213,252,252,252,252,204,23,8,120,120,120,120,120,0,0,0,0,49,145,248,252,252,252,252,252,241,223,225,252,252,252,252,252,0,0,0,61,226,252,252,252,252,252,252,252,253,252,252,252,252,252,252,252,0,0,56,231,252,252,252,252,252,252,252,252,253,252,252,252,252,252,252,252,0,0,105,252,252,252,252,252,252,252,252,252,253,177,162,162,162,162,162,110,0,0,105,252,252,252,252,246,207,207,207,207,59,10,0,0,0,0,0,0,0,0,43,226,252,252,120,91,0,0,0,0,0,0,0,0,0,0,0,0,2
0,0,0,0,0,0,0,0,0,0,0,0,0,0,0,0,0,0,0,0,0,0,0,0,0,0,0,0,0,0,0,27,254,122,22,0,0,0,0,0,0,0,0,0,0,0,0,0,0,0,0,105,253,238,103,2,0,0,0,0,0,0,0,0,0,0,0,0,0,0,0,169,253,213,169,30,0,0,0,0,0,0,0,0,0,0,0,0,0,0,24,228,253,53,169,30,0,0,0,0,0,0,0,0,0,0,0,0,0,0,148,253,253,39,149,21,0,0,0,0,0,0,0,0,0,0,0,0,0,87,253,253,253,102,49,0,0,0,0,0,0,0,0,0,0,0,0,0,0,64,252,253,253,94,0,0,0,0,0,0,0,0,0,0,0,0,0,0,0,0,210,253,197,3,0,0,0,0,0,0,0,0,0,0,0,0,0,0,0,73,253,253,156,0,0,0,0,0,0,0,0,0,0,0,0,0,0,0,0,134,253,253,76,0,0,0,0,0,0,0,0,0,0,0,0,0,0,0,1,176,253,248,0,0,0,0,0,0,0,0,0,0,0,0,0,0,0,0,103,253,253,225,0,0,0,0,0,0,0,0,0,0,0,0,0,0,0,0,139,253,253,143,0,0,0,0,0,0,0,0,0,0,0,0,0,0,0,0,139,253,240,36,0,0,0,0,0,0,0,0,0,0,0,0,0,0,0,0,189,253,203,0,0,0,0,0,0,0,0,0,0,0,0,0,0,0,0,27,244,253,172,0,0,0,0,0,0,0,0,0,0,0,0,0,0,0,0,177,253,253,91,0,0,0,0,0,0,0,0,0,0,0,0,0,0,0,0,184,253,220,3,0,0,0,0,0,0,0,0,0,0,0,0,0,0,0,24,239,253,159,0,0,0,0,0,0,0,0,0,0,1
0,0,0,0,0,0,0,0,0,0,0,0,0,0,0,0,0,0,0,0,0,0,0,0,0,0,0,0,0,0,0,0,0,0,0,0,0,0,0,0,0,0,0,0,0,0,0,0,0,0,0,0,0,0,0,0,0,0,0,56,0,0,0,0,0,0,0,0,0,0,0,0,0,0,0,0,32,138,223,252,0,0,0,0,0,0,0,0,0,0,0,0,0,57,178,242,248,254,254,255,0,0,0,0,0,0,0,0,0,0,0,56,108,236,254,254,254,206,156,71,0,0,0,0,0,0,0,0,0,54,135,238,254,254,247,155,71,6,0,0,0,0,0,0,0,0,0,0,100,242,254,254,208,157,40,0,0,0,0,0,0,0,0,0,0,0,0,0,229,254,152,102,5,0,0,0,0,0,0,0,0,0,0,0,0,0,0,144,251,254,75,0,0,0,0,0,0,0,0,0,0,0,0,0,0,0,100,251,254,195,6,0,0,0,0,0,0,0,0,0,0,0,0,0,0,172,237,254,128,51,0,0,0,0,0,0,0,0,0,0,0,0,0,0,130,252,254,254,254,245,88,6,0,0,0,0,0,0,0,0,0,0,0,54,235,254,254,254,254,254,238,26,0,0,0,0,0,0,0,0,0,0,0,0,137,142,142,142,196,254,254,39,0,0,0,0,0,0,0,0,0,0,0,0,0,0,0,0,72,254,254,39,0,0,0,0,0,0,0,0,0,0,0,0,0,0,0,67,240,254,183,10,0,0,0,0,0,0,0,0,0,0,0,0,0,13,117,249,254,252,56,0,0,0,0,0,0,0,0,0,0,0,96,180,182,251,254,232,159,69,0,0,0,0,0,0,0,0,0,0,0,0,164,163,163,163,163,66,0,0,0,0,0,0,0,0,0,0,0,0,5
0,0,0,0,0,0,0,0,0,0,0,0,0,0,0,0,0,0,0,0,0,0,0,0,0,19,153,237,254,254,254,254,254,254,220,38,0,0,0,0,0,0,0,0,0,204,253,253,253,165,64,23,90,237,253,188,0,0,0,0,0,0,0,0,43,254,253,234,162,191,11,0,0,29,226,230,0,0,0,0,0,0,0,0,127,254,185,13,0,103,15,0,0,0,172,230,0,0,0,0,0,0,0,0,151,254,82,0,0,0,0,0,0,26,239,245,44,0,0,0,0,0,0,0,184,254,115,0,0,0,0,0,0,72,243,198,6,0,0,0,0,0,0,0,142,254,128,5,0,0,0,3,57,254,164,9,0,0,0,0,0,0,0,0,25,220,253,154,93,185,167,140,253,228,15,0,0,0,0,0,0,0,0,0,0,85,248,254,254,254,254,254,203,34,0,0,0,0,0,0,0,0,0,0,0,13,201,253,236,237,236,119,53,47,38,0,0,0,0,0,0,0,0,0,0,153,253,192,71,203,253,253,253,254,244,199,40,0,0,0,0,0,0,0,34,254,253,71,93,254,202,169,253,254,253,253,228,34,0,0,0,0,0,0,151,254,182,0,34,68,0,0,0,34,0,149,254,93,0,0,0,0,0,0,184,254,98,0,0,0,0,0,0,0,0,116,253,93,0,0,0,0,0,0,184,254,99,0,0,0,0,0,0,0,5,195,244,17,0,0,0,0,0,0,184,254,115,0,0,0,0,0,0,0,147,253,94,0,0,0,0,0,0,0,127,255,173,0,0,0,0,0,0,19,237,214,25,0,0,0,0,0,0,0,9,237,249,113,30,0,9,55,138,237,194,29,0,0,0,0,0,0,0,0,0,88,234,253,236,208,216,253,244,205,13,0,0,0,0,0,8
0,0,0,0,0,0,0,0,0,0,0,0,0,43,176,254,254,235,44,0,0,0,0,0,0,0,0,0,0,0,0,0,36,239,254,241,179,14,0,0,0,0,0,0,0,0,0,0,0,0,0,91,233,241,155,30,0,0,0,0,0,0,0,0,0,0,0,0,0,0,45,247,143,24,0,0,0,0,0,0,0,0,0,0,0,0,0,0,0,39,243,216,4,0,0,0,0,0,0,0,0,0,0,0,0,0,0,0,4,225,180,23,0,0,0,0,0,0,0,0,0,0,0,0,0,0,0,0,146,232,0,0,0,0,0,0,0,0,0,0,0,0,0,0,0,0,0,32,249,114,0,0,0,0,0,0,0,0,0,0,0,0,0,0,0,0,0,150,250,0,0,0,0,0,0,0,0,0,0,0,0,0,0,0,0,0,0,234,123,0,0,0,0,0,0,0,0,0,0,0,0,0,0,0,0,0,75,252,8,0,0,0,0,0,0,0,0,0,0,0,0,0,0,0,0,0,141,135,1,0,0,0,0,0,0,0,0,0,0,0,0,0,0,0,0,0,221,106,89,169,169,169,169,101,0,0,0,0,0,0,0,0,0,0,0,20,235,254,254,254,236,220,254,189,0,0,0,0,0,0,0,0,0,0,0,49,246,147,165,60,35,10,161,189,0,0,0,0,0,0,0,0,0,0,0,49,193,0,0,0,0,8,180,149,0,0,0,0,0,0,0,0,0,0,0,49,245,17,0,0,34,181,225,24,0,0,0,0,0,0,0,0,0,0,0,36,245,209,149,154,233,172,58,0,0,0,0,0,0,0,0,0,0,0,0,0,145,254,252,168,57,0,0,0,0,0,0,0,0,0,0,0,0,0,0,0,0,0,0,0,0,0,0,0,0,0,0,0,0,0,6
0,0,0,0,0,0,0,0,0,0,0,0,0,0,0,0,0,0,0,0,0,0,0,0,0,0,0,0,0,0,0,0,88,193,191,255,94,0,0,0,0,0,0,0,0,0,21,45,0,0,30,169,250,254,254,232,133,0,0,0,0,0,0,0,0,0,39,196,176,185,240,254,253,204,64,17,4,0,0,0,0,0,0,0,0,0,0,61,248,254,254,188,127,0,0,0,0,0,0,0,0,0,0,0,0,0,16,150,254,254,193,33,0,0,0,0,0,0,0,0,0,0,0,0,0,0,168,250,254,158,12,0,0,0,0,0,0,0,0,0,0,0,0,0,0,0,0,192,254,240,61,0,0,0,0,0,0,0,0,0,0,0,0,0,0,0,0,91,145,245,167,17,0,0,0,0,0,0,0,0,0,0,0,0,0,0,0,0,0,78,244,161,0,0,0,0,0,0,0,0,0,0,0,0,0,0,0,0,0,0,147,251,63,0,0,0,0,0,0,0,0,0,0,0,0,0,0,0,0,0,48,204,155,0,0,0,0,0,0,0,0,0,0,0,0,0,0,0,0,0,0,88,218,6,0,0,0,0,0,0,0,0,0,0,0,0,0,0,0,0,0,76,254,145,3,0,0,0,0,0,0,0,0,0,0,0,0,0,0,0,0,80,254,173,0,0,0,0,0,0,0,0,0,0,0,0,0,0,0,0,0,74,254,119,0,0,0,0,0,0,0,0,0,0,140,24,0,0,0,0,7,138,234,67,0,0,0,0,0,0,0,0,0,31,228,11,0,0,0,8,129,254,160,0,0,0,0,0,0,0,0,0,0,65,235,118,9,18,79,140,254,204,56,0,0,0,0,0,0,0,0,0,0,152,254,254,211,231,254,254,189,36,0,0,0,0,0,0,0,0,5
0,0,0,0,0,0,0,0,0,0,0,0,0,0,0,0,0,0,0,0,0,0,0,0,0,0,0,0,0,0,0,0,0,0,0,0,0,0,0,0,0,0,0,0,0,0,0,0,0,0,0,0,0,0,0,0,0,0,0,0,0,0,0,0,0,0,0,0,0,0,0,0,0,0,0,0,0,0,0,0,0,0,0,0,0,0,0,2,90,129,19,0,0,0,0,0,0,0,13,0,0,0,0,0,0,0,58,177,254,254,124,55,96,127,149,198,198,198,246,198,0,0,0,0,0,93,251,254,254,254,254,254,254,254,254,254,254,250,241,249,0,0,0,0,0,210,254,254,254,254,254,194,131,122,102,67,50,39,19,38,0,0,0,0,27,244,254,202,38,11,11,1,0,0,0,0,0,0,0,0,0,0,62,57,0,191,254,254,232,95,31,0,0,0,0,0,0,0,0,0,0,0,216,20,0,50,162,242,254,254,234,120,5,0,0,0,0,0,0,0,0,0,166,132,1,0,0,23,94,176,241,254,203,82,0,0,0,0,0,0,0,0,184,232,59,0,0,0,0,0,77,208,254,231,46,0,0,0,0,0,0,0,95,247,228,45,3,0,0,0,0,23,204,254,128,3,0,0,0,0,0,0,0,120,254,254,136,32,0,0,0,46,144,254,171,15,0,0,0,0,0,0,0,9,200,253,254,220,162,162,222,248,255,234,51,0,0,0,0,0,0,0,0,0,0,49,89,246,254,254,254,246,174,30,0,0,0,0,0,0,0,0,0,0,0,0,0,13,72,86,86,13,0,0,0,0,0,0,0,0,0,0,0,0,0,0,0,0,0,0,0,0,0,0,0,0,0,0,0,0,0,0,0,0,0,0,0,0,0,0,0,0,0,0,0,0,0,0,0,0,5
0,0,0,0,0,0,0,61,253,197,0,0,0,0,0,0,0,0,0,0,0,0,0,0,0,0,0,144,254,87,0,0,0,0,0,0,0,0,0,0,0,0,0,0,0,0,0,177,252,31,0,0,0,0,0,0,0,0,0,0,0,0,0,0,0,0,0,235,223,0,0,0,0,0,0,0,0,0,0,0,0,0,0,0,0,0,43,249,164,0,0,0,0,0,0,0,0,0,0,0,0,0,0,0,0,0,122,254,89,0,0,0,0,0,0,0,0,0,0,0,0,0,0,0,0,0,142,254,76,0,0,0,0,0,0,0,0,0,0,0,0,0,0,0,0,0,184,239,6,0,0,0,28,53,104,36,0,0,0,0,0,0,0,0,0,49,241,135,0,0,0,44,229,254,254,242,109,0,0,0,0,0,0,0,0,129,254,101,0,0,43,230,254,139,97,228,247,62,0,0,0,0,0,0,0,129,254,47,0,1,191,253,68,1,0,34,227,221,0,0,0,0,0,0,0,129,254,52,0,17,254,182,0,0,0,0,70,245,35,0,0,0,0,0,0,129,254,136,0,17,254,143,0,0,0,0,57,254,48,0,0,0,0,0,0,64,254,241,6,9,223,234,34,12,45,48,203,238,25,0,0,0,0,0,0,7,209,254,114,0,128,254,236,228,254,254,244,77,0,0,0,0,0,0,0,0,95,254,254,200,152,238,254,254,254,228,71,0,0,0,0,0,0,0,0,0,3,87,224,254,254,255,254,182,149,35,0,0,0,0,0,0,0,0,0,0,0,0,0,0,0,0,0,0,0,0,0,0,0,0,0,0,0,0,0,0,0,0,0,0,0,0,0,0,0,0,0,0,0,0,0,0,0,0,0,0,0,0,0,0,0,0,0,0,0,0,0,0,0,0,6
0,0,0,0,0,0,0,0,0,0,0,0,0,0,0,0,0,0,0,0,0,0,0,0,0,0,0,0,0,0,0,0,0,0,0,0,0,0,0,0,0,0,0,0,0,0,0,0,0,0,0,0,0,0,0,0,0,0,0,0,0,20,214,225,99,3,0,0,0,7,13,13,94,133,133,31,0,0,0,0,0,37,253,253,253,165,145,145,145,203,253,253,253,253,253,217,21,0,0,0,0,14,177,243,253,253,253,253,253,254,253,253,253,253,253,253,36,0,0,0,0,0,0,61,132,253,253,253,253,254,253,253,253,253,253,253,36,0,0,0,0,0,0,0,21,199,193,193,193,188,72,72,193,253,253,253,36,0,0,0,0,0,0,0,0,29,0,0,0,0,0,28,234,253,253,188,9,0,0,0,0,0,0,0,0,0,0,0,0,0,0,78,253,253,253,71,0,0,0,0,0,0,0,0,0,0,0,0,0,0,10,194,253,253,253,48,0,0,0,0,0,0,0,0,0,0,0,0,0,0,25,253,253,253,222,27,0,0,0,0,0,0,0,0,0,0,0,0,0,0,83,253,253,253,123,0,0,0,0,0,0,0,0,0,0,0,0,0,0,13,203,254,254,193,0,0,0,0,0,0,0,0,0,0,0,0,0,0,0,133,253,253,253,181,0,0,0,0,0,0,0,0,0,0,0,0,0,0,18,209,253,253,206,28,0,0,0,0,0,0,0,0,0,0,0,0,0,0,144,254,253,253,84,0,0,0,0,0,0,0,0,0,0,0,0,0,0,0,242,254,253,227,24,0,0,0,0,0,0,0,0,0,0,0,0,0,0,84,251,254,253,245,65,0,0,0,0,0,0,0,0,0,0,0,0,0,0,110,253,254,253,241,56,0,0,0,0,0,0,0,7
0,0,0,0,0,0,0,0,0,6,175,254,231,2,0,0,0,0,0,0,0,0,0,0,0,0,0,0,40,225,254,254,254,63,0,0,0,0,0,0,0,0,0,0,0,0,0,92,250,254,227,128,254,139,0,0,0,0,0,0,0,0,0,0,0,44,187,248,254,142,0,17,254,128,0,0,0,0,0,0,0,0,0,0,114,246,254,230,112,2,0,17,254,57,0,0,0,0,0,0,0,0,0,0,205,254,192,25,0,0,0,60,241,28,0,0,0,0,0,0,0,0,0,0,26,33,5,0,0,0,0,170,229,0,0,0,0,0,0,0,0,0,0,0,0,0,0,0,0,0,8,247,229,0,0,0,0,0,0,0,0,0,0,0,0,0,0,0,0,0,9,254,152,0,0,0,0,0,0,0,0,0,0,0,0,0,0,0,0,0,35,254,173,0,0,0,0,0,0,0,0,0,0,0,0,0,0,0,0,0,91,254,64,0,0,0,0,0,0,0,0,0,0,0,0,0,0,0,0,0,154,237,0,0,0,0,0,0,0,0,0,0,0,0,0,0,0,0,0,0,254,237,0,0,0,0,0,0,0,0,0,0,0,0,0,0,0,0,0,0,254,227,0,0,0,0,0,0,0,0,0,0,0,0,0,0,0,0,0,0,254,155,0,0,0,0,0,0,0,0,0,0,0,0,0,0,0,0,0,43,254,139,0,0,0,0,0,0,0,0,0,0,0,0,0,0,0,0,0,64,255,74,0,0,0,0,0,0,0,0,0,0,0,0,54,66,66,66,93,145,254,237,230,230,203,32,0,0,0,0,0,0,0,0,181,254,254,254,254,254,254,254,254,254,242,87,0,0,0,0,0,0,0,0,17,174,182,171,171,171,169,90,64,26,7,0,0,0,0,0,1
0,0,0,0,0,0,0,0,0,0,0,0,0,0,0,0,0,0,0,0,0,0,0,0,0,0,0,0,0,0,0,96,220,253,88,0,0,0,0,0,0,0,0,0,0,0,0,0,0,0,58,253,252,252,230,0,0,0,0,0,0,0,0,0,0,0,0,0,0,65,247,197,106,192,239,35,0,0,0,0,0,0,0,0,0,0,0,0,81,169,252,5,29,224,252,193,0,0,0,0,0,0,0,0,0,0,0,0,154,252,228,0,0,209,252,209,12,0,0,0,0,0,0,0,0,0,0,9,231,192,31,0,0,161,252,252,55,0,0,0,0,0,0,0,0,0,0,165,250,120,0,21,198,249,252,250,52,0,0,0,0,0,0,0,0,0,16,235,189,0,0,71,239,252,248,115,0,0,0,0,0,0,0,0,0,17,186,252,99,0,0,11,199,252,196,0,0,0,0,0,0,0,0,0,0,56,252,243,13,0,0,177,252,252,73,0,0,0,0,0,0,0,0,0,0,56,253,118,21,67,191,255,253,139,0,0,0,0,0,0,0,0,0,0,0,132,252,182,223,252,252,253,206,32,0,0,0,0,0,0,0,0,0,0,0,74,252,252,252,252,252,253,77,0,0,0,0,0,0,0,0,0,0,0,0,3,97,121,125,224,252,164,3,0,0,0,0,0,0,0,0,0,0,0,0,0,0,0,117,252,252,39,0,0,0,0,0,0,0,0,0,0,0,0,0,0,0,4,188,252,166,0,0,0,0,0,0,0,0,0,0,0,0,0,0,0,0,165,252,215,26,0,0,0,0,0,0,0,0,0,0,0,0,0,0,0,0,231,252,109,0,0,0,0,0,0,0,0,0,0,0,0,0,0,0,0,66,247,252,66,0,0,0,0,0,0,0,0,0,0,9
0,0,0,0,0,0,0,0,0,0,0,0,0,0,0,0,0,0,0,0,0,0,0,0,0,0,0,0,0,0,0,0,0,0,0,0,0,0,0,0,0,0,0,0,0,0,0,0,0,41,72,193,254,253,234,112,0,0,0,0,0,0,0,0,0,0,0,41,163,243,253,252,253,252,253,252,123,0,0,0,0,0,0,0,0,0,132,253,254,253,244,203,102,142,254,253,214,10,0,0,0,0,0,0,0,163,253,252,253,171,40,0,0,41,253,252,253,50,0,0,0,0,0,0,132,253,254,233,82,0,0,0,0,123,254,253,255,50,0,0,0,0,0,41,253,252,253,111,0,0,0,0,21,223,253,252,233,30,0,0,0,0,11,213,254,253,142,0,0,0,0,21,214,253,254,253,183,0,0,0,0,0,51,252,253,252,20,0,0,0,21,203,253,252,253,252,20,0,0,0,0,0,52,253,254,253,21,0,11,92,254,253,254,253,244,81,0,0,0,0,0,0,10,212,253,252,162,142,213,252,253,252,253,252,122,0,0,0,0,0,0,0,0,41,254,253,254,253,254,253,254,253,254,151,0,0,0,0,0,0,0,0,0,0,71,151,213,171,151,111,253,252,253,111,0,0,0,0,0,0,0,0,0,0,0,0,0,0,31,233,254,253,163,20,0,0,0,0,0,0,0,0,0,0,0,0,0,0,92,252,253,252,61,0,0,0,0,0,0,0,0,0,0,0,0,0,0,21,214,253,254,172,0,0,0,0,0,0,0,0,0,0,0,0,0,0,0,142,253,252,233,30,0,0,0,0,0,0,0,0,0,0,0,0,0,0,113,253,254,253,123,0,0,0,0,0,0,0,0,0,0,0,0,0,0,0,152,252,253,252,0,0,0,0,0,0,0,0,0,0,9
0,0,0,0,0,0,0,0,0,0,0,0,0,0,0,0,0,0,0,0,0,0,0,0,0,0,0,0,0,0,0,0,0,0,0,0,0,0,0,0,0,0,0,0,0,0,0,0,0,0,0,0,0,0,0,0,0,0,0,0,0,0,0,0,0,31,122,254,254,255,212,128,43,1,0,0,0,0,0,0,0,0,0,0,33,221,237,143,68,68,136,227,254,130,7,55,62,0,0,0,0,0,0,50,229,185,20,0,0,0,0,15,81,241,175,202,209,0,0,0,0,0,19,218,223,24,0,0,0,0,0,0,0,61,240,254,209,0,0,0,0,0,82,254,104,0,0,0,0,0,0,0,0,0,118,254,190,0,0,0,0,0,118,209,3,0,0,0,0,0,0,0,0,0,21,254,128,0,0,0,0,0,196,205,0,0,0,0,0,0,0,0,0,0,101,254,102,0,0,0,0,0,198,205,0,0,0,0,0,0,0,0,0,42,232,254,48,0,0,0,0,0,137,205,0,0,0,0,0,0,0,0,43,231,182,247,48,0,0,0,0,0,79,244,77,0,0,0,0,0,0,83,217,131,18,203,48,0,0,0,0,0,18,214,225,59,2,0,23,66,165,176,59,0,21,254,48,0,0,0,0,0,0,30,194,254,227,226,238,254,109,0,0,0,21,254,69,0,0,0,0,0,0,0,4,91,97,97,88,16,3,0,0,0,21,254,103,0,0,0,0,0,0,0,0,0,0,0,0,0,0,0,0,0,20,252,75,0,0,0,0,0,0,0,0,0,0,0,0,0,0,0,0,0,0,194,55,0,0,0,0,0,0,0,0,0,0,0,0,0,0,0,0,0,0,194,119,0,0,0,0,0,0,0,0,0,0,0,0,0,0,0,0,0,4,204,48,0,0,0,9
0,0,0,0,0,0,0,0,0,0,0,0,0,0,39,227,254,80,0,0,0,0,0,0,0,0,0,0,0,0,0,0,0,0,81,253,145,4,0,0,0,0,0,0,0,0,0,0,0,0,0,0,0,0,201,253,66,0,0,0,0,0,0,0,0,0,0,0,0,0,0,0,0,123,247,232,45,0,0,0,0,0,0,0,0,0,0,0,0,0,0,0,0,228,253,151,0,0,0,0,0,0,0,0,0,0,0,0,0,0,0,0,108,247,194,14,0,0,0,0,0,0,0,0,0,0,0,0,0,0,0,20,243,253,151,0,0,0,0,0,0,0,0,0,0,0,0,0,0,0,0,134,253,179,15,0,0,0,0,0,0,0,0,0,0,0,0,0,0,1,85,255,253,26,0,0,0,0,0,0,0,0,0,0,0,0,0,0,0,14,253,255,196,13,0,0,0,0,0,0,0,0,0,0,0,0,0,0,0,78,255,198,78,0,0,0,0,0,0,0,0,0,0,0,0,0,0,0,12,192,253,134,0,0,0,0,0,0,0,0,0,0,0,0,0,0,0,0,147,253,253,14,0,0,0,0,0,0,0,0,0,0,0,0,0,0,0,35,239,249,103,0,0,0,0,0,0,0,0,0,0,0,0,0,0,0,15,167,253,240,0,0,0,0,0,0,0,0,0,0,0,0,0,0,0,0,54,253,253,169,0,0,0,0,0,0,0,0,0,0,0,0,0,0,0,11,156,253,253,218,0,0,0,0,0,0,0,0,0,0,0,0,0,0,0,152,253,253,151,39,0,0,0,0,0,0,0,0,0,0,0,0,0,0,47,231,253,223,39,0,0,0,0,0,0,0,0,0,0,0,0,0,0,0,81,253,225,38,0,0,0,0,0,0,0,0,0,0,0,0,1
0,0,0,0,0,0,0,0,0,0,0,0,0,0,0,0,0,0,0,0,0,0,0,0,0,0,0,0,31,132,152,152,254,253,234,112,21,0,0,0,0,0,0,0,0,0,21,142,233,252,253,252,253,252,253,252,203,61,0,0,0,0,0,0,0,21,214,253,254,213,254,253,0,82,123,243,254,253,21,0,0,0,0,0,0,183,253,212,91,10,172,252,0,0,0,81,253,252,102,0,0,0,0,0,52,233,254,71,31,10,102,61,0,0,0,82,254,253,193,51,0,0,0,0,152,252,253,232,131,30,0,0,0,0,0,203,253,252,253,151,0,0,0,0,21,162,254,172,0,0,0,0,0,0,72,233,254,253,203,20,0,0,0,0,0,20,253,252,82,0,0,0,0,0,173,252,253,212,20,0,0,0,0,0,0,0,173,253,254,112,0,0,11,173,254,233,183,20,0,0,0,0,0,0,0,0,10,172,253,232,142,102,213,252,192,50,0,0,0,0,0,0,0,0,0,0,0,0,173,253,254,253,254,131,0,0,0,0,0,0,0,0,0,0,0,0,0,0,132,252,253,252,131,10,0,0,0,0,0,0,0,0,0,0,0,0,11,173,254,253,254,253,214,10,0,0,0,0,0,0,0,0,0,0,0,0,213,252,253,130,71,232,253,50,0,0,0,0,0,0,0,0,0,0,11,132,254,233,123,0,0,142,254,172,0,0,0,0,0,82,0,0,0,0,132,252,233,50,0,0,0,20,253,252,0,0,0,0,0,0,0,0,0,0,193,253,163,0,0,0,0,123,254,233,0,0,0,0,0,0,0,0,0,0,112,252,243,203,163,122,123,243,253,70,0,0,0,0,0,0,0,0,0,0,21,183,255,253,254,253,254,253,123,0,0,0,0,0,0,0,8
0,0,0,0,0,0,0,56,152,254,255,254,146,52,0,0,0,0,0,0,0,0,0,0,0,46,164,229,253,253,253,253,253,227,24,0,0,0,0,0,0,0,0,0,86,250,253,253,253,253,253,253,253,253,30,0,0,0,0,0,0,0,0,139,250,162,137,7,7,7,7,82,253,253,30,0,0,0,0,0,0,0,0,12,61,2,0,0,0,0,0,78,253,253,30,0,0,0,0,0,0,0,0,0,0,0,0,0,0,0,0,162,253,253,30,0,0,0,0,0,0,0,0,0,0,0,0,0,0,0,125,252,253,211,20,0,0,0,0,0,0,0,0,0,0,0,0,0,0,0,131,253,250,114,0,0,0,0,0,14,0,0,0,0,0,0,0,0,0,17,194,253,230,0,0,0,0,0,5,183,0,0,0,0,0,0,0,0,0,79,253,253,89,0,0,0,0,19,176,154,0,0,0,0,0,0,0,0,60,233,253,246,69,0,0,0,11,173,252,131,0,0,0,0,0,0,0,0,160,253,253,101,0,0,0,8,183,223,126,0,0,0,0,0,0,0,0,39,243,253,217,16,0,0,62,174,253,55,0,0,0,0,0,0,0,0,26,215,253,253,123,0,11,91,243,243,84,13,0,0,0,0,0,0,0,0,110,253,253,239,67,36,212,253,253,167,0,0,0,0,0,0,0,0,0,23,207,253,253,230,141,227,253,223,55,13,0,0,0,0,0,0,0,0,0,98,253,253,253,253,253,253,139,47,0,0,0,0,0,0,0,0,0,0,0,247,253,253,253,253,253,154,44,0,0,0,0,0,0,0,0,0,0,0,0,247,253,253,253,213,120,4,0,0,0,0,0,0,0,0,0,0,0,0,0,153,253,253,108,27,0,0,0,0,0,0,0,0,0,0,2
0,0,0,32,0,0,0,0,0,0,0,0,19,188,252,253,174,0,0,0,0,0,0,74,0,0,0,0,0,0,0,17,136,252,252,140,17,0,0,0,0,0,0,0,0,0,0,0,0,0,0,151,252,252,252,11,0,0,0,0,0,0,0,0,0,0,0,0,0,0,149,253,253,245,21,0,0,0,0,0,0,0,0,0,0,0,0,0,0,22,253,252,240,79,0,0,0,0,0,0,0,0,0,0,0,0,0,0,26,205,253,252,151,0,0,0,0,0,0,0,0,0,0,0,0,0,0,0,134,252,253,120,13,0,0,0,0,0,0,0,0,0,0,0,0,0,0,116,248,252,243,50,0,0,0,0,0,0,0,0,0,0,0,0,0,0,57,253,253,253,53,0,0,0,0,0,0,0,0,0,0,0,0,0,0,15,219,252,252,157,0,0,0,38,47,100,17,0,0,0,0,0,0,0,0,108,252,252,185,6,0,45,153,240,252,253,175,0,0,0,0,0,0,0,0,233,252,252,66,43,208,236,252,252,252,253,206,0,0,0,0,0,0,0,106,253,252,252,181,240,253,252,252,252,252,253,206,0,0,0,0,0,0,0,116,255,253,253,253,253,231,157,38,66,243,242,84,0,0,0,0,0,0,0,42,253,252,252,252,252,57,161,186,252,252,95,0,0,0,0,0,0,0,0,0,169,252,252,252,252,253,252,252,252,136,0,0,0,0,0,0,0,0,0,0,44,252,252,252,252,253,252,153,45,4,0,0,0,0,0,0,0,0,0,0,3,43,221,252,252,243,64,6,0,0,0,0,0,0,0,0,0,0,0,0,0,0,0,0,0,0,0,0,0,0,0,0,0,0,0,0,0,0,0,0,0,0,0,0,0,0,0,0,0,0,0,0,0,0,0,6
0,0,0,0,0,0,0,0,0,0,0,0,0,0,0,0,0,0,0,0,0,0,0,0,0,0,0,0,0,0,0,0,0,0,0,0,0,0,0,0,0,0,0,0,0,4,151,254,254,254,250,122,5,0,0,0,0,0,0,0,0,0,0,0,0,142,253,244,251,253,254,253,169,20,0,0,0,0,0,0,0,0,0,0,0,194,200,60,88,96,103,238,253,205,0,0,0,0,0,0,0,0,0,0,0,65,56,0,0,0,0,65,253,214,14,0,0,0,0,0,0,0,0,0,0,0,0,0,0,0,0,7,184,253,72,0,0,0,0,0,0,0,0,0,0,0,0,0,0,0,0,7,185,216,17,0,0,0,0,0,0,0,0,0,0,0,0,0,0,0,0,65,253,205,0,0,0,0,0,0,0,0,0,0,0,0,0,0,0,0,5,187,253,158,0,0,0,0,0,0,0,0,0,0,0,0,0,42,10,53,174,253,168,8,0,0,0,0,0,0,0,0,0,0,0,0,0,213,243,248,254,242,51,0,0,0,0,0,0,0,0,0,0,0,0,0,0,47,237,254,244,6,0,0,0,0,0,0,0,0,0,0,0,0,0,0,0,0,47,177,255,177,0,0,0,0,0,0,0,0,0,0,0,0,0,0,0,0,0,104,254,244,60,0,0,0,0,0,0,0,0,0,0,0,0,0,0,0,0,0,93,253,177,0,0,0,0,0,0,0,0,0,0,0,0,0,0,0,0,0,10,227,243,61,0,0,0,0,0,0,0,0,0,0,0,0,0,0,0,0,0,145,225,20,0,0,0,0,0,0,0,0,0,0,0,0,0,0,0,0,51,233,217,0,0,0,0,0,0,0,0,0,0,0,0,0,0,0,0,0,238,244,77,0,0,0,0,0,0,0,3
0,0,0,0,0,0,0,0,0,0,0,0,0,0,0,0,0,0,0,0,0,0,0,0,0,0,0,0,0,0,0,0,0,31,218,147,0,0,0,0,0,0,0,0,0,0,0,0,0,0,0,0,29,213,252,147,0,0,0,0,0,0,0,0,0,0,0,0,0,0,0,22,213,252,212,29,0,0,0,0,0,0,0,0,0,0,0,0,0,0,0,69,252,247,63,0,0,0,0,0,0,0,0,0,0,0,0,0,0,0,45,236,252,187,0,0,0,0,0,0,0,0,0,0,0,0,0,0,0,0,124,255,253,21,0,0,0,0,0,0,0,0,0,0,0,0,0,0,0,22,225,253,189,5,0,0,0,0,0,0,0,0,0,0,0,0,0,0,0,160,252,232,40,0,0,0,0,0,0,0,0,0,0,0,0,0,0,0,0,169,252,211,0,0,0,0,0,0,0,0,0,0,0,0,0,0,0,0,18,239,252,124,0,0,0,0,0,0,0,0,0,0,0,0,0,0,0,0,145,253,191,0,0,0,0,0,0,0,0,0,0,0,0,0,0,0,0,0,232,252,147,0,0,0,0,0,0,0,0,0,0,0,0,0,0,0,0,8,234,252,94,0,0,0,0,0,0,0,0,0,0,0,0,0,0,0,0,112,252,210,14,0,0,0,0,0,0,0,0,0,0,0,0,0,0,0,36,242,252,101,0,0,0,0,0,0,0,0,0,0,0,0,0,0,0,0,43,253,250,70,0,0,0,0,0,0,0,0,0,0,0,0,0,0,0,0,123,252,196,0,0,0,0,0,0,0,0,0,0,0,0,0,0,0,0,0,201,252,73,0,0,0,0,0,0,0,0,0,0,0,0,0,0,0,0,0,227,252,21,0,0,0,0,0,0,0,0,0,0,0,1
0,0,0,0,0,0,0,0,0,0,0,0,0,0,0,0,0,0,0,0,0,0,0,0,0,0,0,0,0,0,0,0,0,0,0,0,0,0,0,0,0,0,0,0,0,0,0,0,0,0,0,0,0,0,0,0,0,0,0,0,0,0,0,0,0,43,113,139,148,192,254,253,253,102,0,0,0,0,0,0,0,0,0,0,0,148,252,252,252,252,253,252,252,237,32,0,0,0,0,0,0,0,0,0,0,148,252,251,231,143,127,126,242,252,42,0,0,0,0,0,0,0,0,0,0,148,252,231,0,0,0,57,246,252,42,0,0,0,0,0,0,0,0,0,0,148,252,187,0,0,0,85,252,252,42,0,0,0,0,0,0,0,0,0,0,61,253,188,0,0,0,85,253,190,0,0,0,0,0,0,0,0,0,0,0,69,252,152,0,0,0,121,252,153,0,0,0,0,0,0,0,0,0,0,0,22,205,72,0,0,4,195,252,84,0,0,0,0,0,0,0,0,0,0,0,0,0,0,0,0,43,252,252,84,0,0,0,0,0,0,0,0,0,0,0,0,0,0,0,0,43,252,252,84,0,0,0,0,0,0,0,0,0,0,0,0,0,0,0,0,61,253,232,0,0,0,0,0,0,0,0,0,0,0,0,0,0,0,0,0,148,252,196,0,0,0,0,0,0,0,0,0,0,0,0,0,0,0,0,0,156,252,126,0,0,0,0,0,0,0,0,0,0,0,0,0,0,0,0,27,253,252,56,0,0,0,0,0,0,0,0,0,0,0,0,0,0,0,0,106,253,252,21,0,0,0,0,0,0,0,0,0,0,0,0,0,0,0,0,107,255,239,17,0,0,0,0,0,0,0,0,0,0,0,0,0,0,0,0,141,253,168,0,0,0,0,0,0,0,0,7
253,237,247,253,215,245,234,231,247,241,251,222,253,243,245,239,237,234,211,222,201,201,229,246,217,214,201,254,225,254,221,247,230,207,250,213,231,251,200,254,205,225,212,207,242,232,236,201,200,221,215,240,217,235,232,239,230,201,254,249,222,247,222,213,232,228,210,238,252,239,213,235,209,221,216,246,235,210,234,244,234,200,228,219,232,242,212,221,217,241,212,254,201,216,230,220,219,200,237,230,201,210,219,209,219,238,245,203,212,232,237,229,242,252,231,210,202,232,224,229,219,251,221,222,233,203,222,227,214,252,213,203,241,234,242,217,251,238,250,211,211,247,242,218,236,203,218,223,237,219,240,244,204,214,217,247,241,239,217,253,241,241,218,209,217,243,238,213,200,233,230,251,230,231,247,229,211,205,226,204,217,238,216,254,219,230,228,208,214,235,223,232,210,224,247,228,212,245,248,237,237,219,222,246,200,232,243,204,238,203,202,247,213,208,227,227,217,214,227,219,208,250,238,207,223,231,202,237,231,239,216,234,200,231,228,210,201,247,250,206,238,251,233,205,250,206,254,229,243,223,211,237,232,213,212,234,244,205,239,252,208,247,204,245,254,224,231,239,239,247,202,230,220,206,245,242,207,253,214,201,237,242,240,202,215,211,239,249,247,248,253,240,254,220,252,244,217,245,222,244,217,246,249,237,228,222,217,238,230,209,204,241,238,217,216,226,235,247,214,231,206,253,240,217,213,246,240,200,206,226,224,200,224,200,235,227,210,236,248,211,246,215,224,200,242,204,223,254,231,227,228,237,218,239,224,247,204,247,231,230,249,236,224,254,215,204,211,214,213,222,215,246,235,248,219,223,251,211,243,227,232,219,234,238,200,238,252,241,250,213,200,215,221,233,248,211,227,253,226,225,7
0,0,0,0,0,0,0,0,0,0,0,0,0,0,0,0,0,0,0,0,0,0,226,253,253,253,255,253,253,237,113,176,253,143,128,174,63,101,25,0,0,0,72,233,252,252,253,252,252,252,252,253,252,252,252,252,241,249,180,0,0,0,0,165,252,252,253,252,252,252,252,253,252,252,252,252,253,252,239,197,0,0,0,19,99,239,253,252,252,252,252,253,252,252,252,252,253,252,245,223,0,0,0,0,16,203,253,252,252,252,252,253,127,112,112,112,112,112,87,0,0,0,0,0,16,203,255,253,253,240,63,0,0,0,0,0,0,0,0,0,0,0,0,0,10,178,253,252,252,176,0,0,0,0,0,0,0,0,0,0,0,0,0,0,7,165,253,252,208,19,0,0,0,0,0,0,0,0,0,0,0,0,0,0,0,126,253,252,233,153,13,0,0,0,0,0,0,0,0,0,0,0,0,0,0,0,174,252,252,252,189,141,140,31,0,0,0,0,0,0,0,0,0,0,0,0,0,126,166,253,253,255,253,222,101,0,0,0,0,0,0,38,131,175,0,0,0,0,6,43,167,206,252,252,249,100,0,0,0,0,0,144,252,195,0,0,0,0,0,0,0,25,55,87,233,221,135,6,0,0,0,253,252,195,0,0,0,0,0,0,0,0,0,0,91,252,253,130,7,0,0,253,252,227,47,0,0,0,0,0,0,0,0,111,215,252,253,252,55,0,0,63,241,253,253,174,192,113,113,113,191,255,253,253,253,253,255,253,196,0,0,0,178,252,252,252,253,252,252,252,252,253,252,252,252,252,253,252,195,0,0,0,19,100,252,252,253,252,252,252,252,253,252,252,252,252,253,201,74,0,0,0,0,19,84,161,225,239,246,252,252,253,252,252,233,223,84,9,0,0,5
0,0,0,0,0,0,0,0,0,0,0,0,0,0,0,0,0,0,0,0,0,0,0,0,0,0,0,0,185,255,87,0,0,0,0,0,0,0,0,0,0,0,0,0,0,0,0,0,184,253,190,5,0,0,0,0,0,0,0,0,0,0,0,0,0,0,0,74,232,253,253,50,0,0,0,0,0,0,0,0,0,0,0,0,0,0,0,0,184,253,253,182,0,0,0,0,0,0,0,0,0,0,0,0,0,0,0,0,184,253,253,152,0,0,0,0,0,0,0,0,0,0,0,0,0,0,0,0,184,253,253,8,0,0,0,0,0,0,0,0,0,0,0,0,0,0,0,0,184,253,253,26,0,0,0,0,0,0,0,0,0,0,0,0,0,0,0,0,184,253,253,182,0,0,0,0,0,0,0,0,0,0,0,0,0,0,0,0,184,253,253,182,0,0,0,0,0,0,0,0,0,0,0,0,0,0,0,0,184,253,253,182,0,0,0,0,0,0,0,0,0,0,0,0,0,0,0,0,184,253,253,182,0,0,0,0,0,0,0,0,0,0,0,0,0,0,0,0,184,253,253,182,0,0,0,0,0,0,0,0,0,0,0,0,0,0,0,0,184,253,253,224,62,0,0,0,0,0,0,0,0,0,0,0,0,0,0,0,148,253,253,253,104,0,0,0,0,0,0,0,0,0,0,0,0,0,0,0,9,253,253,216,50,0,0,0,0,0,0,0,0,0,0,0,0,0,0,0,155,253,253,182,0,0,0,0,0,0,0,0,0,0,0,0,0,0,0,0,184,253,253,214,47,0,0,0,0,0,0,0,0,0,0,0,0,0,0,0,50,241,253,248,97,0,0,0,0,0,0,0,0,0,0,0,0,0,0,0,0,88,253,182,0,0,0,0,0,0,0,0,1
0,0,0,0,0,0,0,0,0,96,255,70,0,0,0,0,0,0,0,0,0,0,0,0,0,0,0,0,0,233,253,228,12,0,0,0,0,0,0,0,0,0,0,0,0,0,0,0,0,184,253,253,18,0,0,0,0,0,0,0,0,0,0,0,0,0,0,0,0,125,253,253,124,0,0,0,0,0,0,0,0,0,0,0,0,0,0,0,0,125,253,253,124,0,0,0,0,0,0,0,0,0,0,0,0,0,0,0,0,74,253,253,124,0,0,0,0,0,0,0,0,0,0,0,0,0,0,0,0,17,253,253,190,0,0,0,0,0,0,0,0,0,0,0,0,0,0,0,0,17,253,253,232,0,0,0,0,0,0,0,0,0,0,0,0,0,0,0,0,17,253,253,232,0,0,0,0,0,0,0,0,0,0,0,0,0,0,0,0,17,253,253,236,19,0,0,0,0,0,0,0,0,0,0,0,0,0,0,0,17,253,253,236,18,0,0,0,0,0,0,0,0,0,0,0,0,0,0,0,17,253,253,232,0,0,0,0,0,0,0,0,0,0,0,0,0,0,0,0,42,253,253,206,0,0,0,0,0,0,0,0,0,0,0,0,0,0,0,0,125,253,253,124,0,0,0,0,0,0,0,0,0,0,0,0,0,0,0,0,136,253,253,124,0,0,0,0,0,0,0,0,0,0,0,0,0,0,0,23,238,253,253,124,0,0,0,0,0,0,0,0,0,0,0,0,0,0,0,87,253,253,253,80,0,0,0,0,0,0,0,0,0,0,0,0,0,0,0,147,253,253,242,14,0,0,0,0,0,0,0,0,0,0,0,0,0,0,0,195,253,253,86,0,0,0,0,0,0,0,0,0,0,0,0,0,0,0,0,148,253,230,31,0,0,0,0,0,0,0,0,1
0,0,0,0,0,0,0,0,0,0,0,0,0,0,0,0,0,0,0,0,0,0,0,0,0,7,57,64,0,0,0,0,0,0,242,255,192,0,0,0,0,0,0,0,0,141,243,244,25,0,0,0,0,0,241,222,44,0,0,0,0,0,0,0,11,182,253,220,19,0,0,0,3,143,251,170,0,0,0,0,0,0,0,0,139,253,253,143,0,0,0,0,112,253,253,170,0,0,0,0,0,0,0,0,172,253,253,143,0,0,0,0,144,253,253,152,0,0,0,0,0,0,0,3,176,253,253,143,0,0,0,0,144,253,253,34,0,0,0,0,0,0,0,56,253,253,253,143,0,0,0,0,144,253,253,34,0,0,0,0,0,0,0,189,253,253,253,143,0,0,0,87,251,253,253,34,0,0,0,0,0,0,0,192,253,253,253,242,227,189,190,244,253,253,253,34,0,0,0,0,0,0,0,155,253,253,253,253,253,253,253,253,253,253,169,7,0,0,0,0,0,0,0,15,161,208,253,253,253,253,253,253,253,253,125,0,0,0,0,0,0,0,0,0,0,5,89,89,89,89,120,253,253,253,13,0,0,0,0,0,0,0,0,0,0,0,0,0,0,0,49,253,253,253,13,0,0,0,0,0,0,0,0,0,0,0,0,0,0,0,49,253,253,253,13,0,0,0,0,0,0,0,0,0,0,0,0,0,0,0,49,253,253,253,13,0,0,0,0,0,0,0,0,0,0,0,0,0,0,0,49,253,253,145,2,0,0,0,0,0,0,0,0,0,0,0,0,0,0,0,49,253,253,227,10,0,0,0,0,0,0,0,0,0,0,0,0,0,0,0,49,253,253,253,127,6,0,0,0,0,0,0,0,0,0,0,0,0,0,0,45,246,253,253,189,13,0,0,0,0,4
0,0,0,0,0,0,0,0,0,242,255,171,0,0,0,0,0,0,0,0,0,0,0,0,0,0,0,0,0,241,253,230,10,0,0,0,0,0,0,0,0,0,0,0,0,0,0,0,0,241,253,252,96,0,0,0,0,0,0,0,0,0,0,0,0,0,0,0,0,241,253,247,78,0,0,0,0,0,0,0,0,0,0,0,0,0,0,0,0,241,253,228,0,0,0,0,0,0,0,0,0,0,0,0,0,0,0,0,0,241,253,246,74,0,0,0,0,0,0,0,0,0,0,0,0,0,0,0,0,241,253,232,18,0,0,0,0,0,0,0,0,0,0,0,0,0,0,0,0,241,253,182,0,0,0,0,0,0,0,0,0,0,0,0,0,0,0,0,47,246,253,159,0,0,0,0,0,0,0,0,0,0,0,0,0,0,0,0,166,252,253,170,0,0,0,0,0,0,0,0,0,0,0,0,0,0,0,0,224,253,255,165,0,0,0,0,0,0,0,0,0,0,0,0,0,0,0,0,121,252,253,108,0,0,0,0,0,0,0,0,0,0,0,0,0,0,0,0,229,252,252,93,0,0,0,0,0,0,0,0,0,0,0,0,0,0,0,0,229,252,241,0,0,0,0,0,0,0,0,0,0,0,0,0,0,0,0,70,246,252,241,0,0,0,0,0,0,0,0,0,0,0,0,0,0,0,0,97,252,252,241,0,0,0,0,0,0,0,0,0,0,0,0,0,0,0,0,97,252,252,251,128,0,0,0,0,0,0,0,0,0,0,0,0,0,0,0,97,252,252,253,228,0,0,0,0,0,0,0,0,0,0,0,0,0,0,0,97,252,252,253,176,0,0,0,0,0,0,0,0,0,0,0,0,0,0,0,51,183,252,127,5,0,0,0,0,0,0,0,0,1
0,0,0,0,0,0,0,0,0,0,0,0,0,0,0,0,0,0,0,0,0,0,0,0,0,0,0,0,0,0,0,0,0,0,0,0,0,0,0,0,0,0,0,0,0,0,0,0,13,70,105,105,83,0,0,0,0,0,0,0,0,0,0,0,0,0,0,58,206,253,253,253,253,163,0,0,0,0,0,0,0,0,0,0,0,6,138,247,254,245,234,221,251,252,47,0,0,0,0,0,0,0,0,0,0,121,253,253,240,41,0,0,166,254,132,0,0,0,0,0,0,0,0,0,18,243,253,253,158,0,0,0,171,254,149,0,0,0,0,0,0,0,0,0,53,252,235,128,23,0,0,6,228,255,67,0,0,0,0,0,0,0,0,0,0,42,37,0,0,0,4,160,253,229,8,0,0,0,0,0,0,0,0,0,0,0,0,0,0,26,165,253,253,79,0,0,0,0,0,0,0,0,0,0,0,0,22,112,128,225,253,245,99,0,0,0,0,0,0,0,0,0,0,0,18,128,238,253,254,253,253,221,9,0,0,0,0,0,0,0,0,0,0,22,228,254,254,254,255,254,254,254,232,71,0,0,0,0,0,0,0,0,0,144,253,253,253,253,163,58,120,239,253,249,94,0,0,0,0,0,0,0,0,201,253,252,225,76,0,0,0,82,243,254,232,89,0,0,0,0,0,0,0,104,208,87,0,0,0,0,0,0,75,170,253,250,94,0,0,0,0,0,0,0,0,0,0,0,0,0,0,0,0,13,143,227,248,92,0,0,0,0,0,0,0,0,0,0,0,0,0,0,0,0,0,75,221,254,97,6,0,0,0,0,0,0,0,0,0,0,0,0,0,0,0,0,57,220,254,102,0,0,0,0,0,0,0,0,0,0,0,0,0,0,0,0,0,31,195,247,2
0,0,0,0,0,0,0,0,0,0,0,0,0,0,0,0,0,0,0,0,0,0,0,0,0,0,0,0,0,0,0,0,21,0,0,0,0,0,0,0,0,21,102,82,0,0,82,102,142,203,203,203,223,203,203,82,0,0,0,0,0,214,253,255,253,255,253,254,253,254,253,254,253,254,253,254,131,0,0,0,0,213,252,253,252,253,252,192,151,91,50,50,50,50,131,253,212,0,0,0,0,0,82,102,20,0,0,0,0,0,0,0,0,0,163,254,151,0,0,0,0,0,0,0,0,0,0,0,0,0,0,0,0,123,243,253,70,0,0,0,0,0,0,0,0,0,0,0,0,0,0,0,123,254,253,123,0,0,0,0,0,0,0,0,0,0,0,0,0,0,0,82,243,253,171,0,0,0,0,0,0,0,0,0,0,0,0,0,0,11,132,254,253,203,20,0,0,0,0,0,0,0,0,0,0,0,0,0,82,213,252,253,130,20,0,0,0,0,0,0,0,0,0,0,0,0,0,92,233,254,233,82,0,0,0,0,0,0,0,0,0,0,0,0,0,0,41,233,252,172,30,0,0,0,0,0,0,0,0,0,0,0,0,0,0,11,213,254,192,0,0,0,0,0,0,0,0,0,0,0,0,0,0,0,0,92,252,253,70,0,0,0,0,0,0,0,0,0,0,0,0,0,0,0,0,254,253,142,0,0,0,0,0,0,0,0,0,0,0,0,0,0,0,0,0,253,252,162,61,0,0,0,0,0,0,0,0,0,0,0,0,0,0,0,0,214,253,255,253,193,152,153,233,255,213,153,152,153,152,92,0,0,0,0,0,10,91,213,252,253,252,253,252,253,252,253,252,253,252,253,0,0,0,0,0,0,0,0,41,102,183,203,162,102,102,102,102,82,41,82,2
0,0,0,0,0,0,0,28,218,254,254,99,0,0,0,0,0,0,0,0,0,0,0,0,0,0,13,215,254,254,205,14,0,0,0,0,0,0,0,0,0,0,0,0,0,0,99,254,254,254,76,0,0,0,0,0,0,0,0,0,0,0,0,0,0,0,113,254,254,223,29,0,0,0,0,0,0,0,0,0,0,0,0,0,0,0,116,254,254,114,0,0,0,0,0,0,0,0,0,0,0,0,0,0,0,0,202,254,196,2,0,0,0,0,0,0,0,0,0,0,0,0,0,0,0,61,254,254,113,0,0,0,0,0,0,0,0,0,0,0,0,0,0,0,0,177,254,194,6,0,0,0,0,0,2,87,203,237,223,70,0,0,0,0,91,250,254,109,0,0,0,0,0,32,225,254,254,254,254,251,0,0,0,0,181,254,225,12,0,0,0,6,86,229,254,233,136,52,105,249,0,0,0,27,239,254,136,0,0,0,5,92,254,253,202,20,0,0,0,206,0,0,0,128,254,241,34,0,0,0,94,254,254,201,0,0,0,0,15,224,0,0,0,152,254,159,0,0,0,49,249,254,166,0,0,0,0,0,69,254,0,0,0,152,254,129,0,0,0,128,254,211,2,0,0,0,0,57,238,214,0,0,0,152,254,148,0,0,0,65,232,251,179,13,0,0,76,238,227,46,0,0,0,152,254,224,9,0,0,0,21,83,114,11,42,158,253,232,42,0,0,0,0,74,252,254,177,117,56,27,27,43,128,209,254,228,141,29,0,0,0,0,0,0,153,252,254,254,254,254,254,254,248,235,149,0,0,0,0,0,0,0,0,0,0,108,165,196,165,165,165,118,40,0,0,0,0,0,0,0,0,0,0,0,0,0,0,0,0,0,0,0,0,0,0,0,0,0,0,0,6
0,0,0,0,0,0,0,0,0,0,28,177,230,253,253,253,253,191,0,0,0,0,0,0,0,0,0,0,0,25,164,253,253,253,253,253,253,249,66,0,0,0,0,0,0,0,0,0,22,134,253,253,253,253,253,253,253,229,63,0,0,0,0,0,0,0,0,100,221,253,253,253,253,253,253,253,253,113,0,0,0,0,0,0,0,1,79,222,253,253,253,253,253,249,243,243,109,12,0,0,0,0,0,0,0,32,253,253,253,253,253,253,242,80,0,0,0,0,0,0,0,0,0,0,28,211,253,253,253,253,253,253,111,0,0,0,0,0,0,0,0,0,0,29,212,253,253,253,253,253,248,80,7,0,0,0,0,0,0,0,0,0,0,151,253,253,253,253,253,195,59,0,0,0,0,0,0,0,0,0,0,0,44,232,253,253,253,253,208,59,0,0,22,93,43,0,0,0,0,0,0,0,215,253,253,253,253,253,246,238,238,238,242,253,245,210,87,10,0,0,0,33,235,253,253,253,253,253,253,253,253,253,253,253,253,253,253,146,18,0,0,0,222,253,253,253,253,253,253,253,253,253,253,253,253,253,253,253,75,0,0,0,222,253,253,253,253,253,253,253,253,253,253,253,253,253,253,253,75,0,0,0,222,253,253,253,253,253,253,253,253,253,253,253,253,253,253,253,75,0,0,0,222,253,253,253,253,253,253,253,253,253,253,253,253,253,253,182,13,0,0,0,55,240,253,253,253,253,253,253,253,253,253,253,253,245,221,53,0,0,0,0,0,110,236,253,253,253,253,253,228,219,207,183,126,56,0,0,0,0,0,0,0,0,63,242,253,170,145,123,24,19,13,0,0,0,0,0,0,0,0,0,0,0,0,0,0,0,0,0,0,0,0,0,0,0,0,0,0,0,6
0,0,0,0,0,0,0,38,150,150,234,254,255,102,14,0,0,0,0,0,0,0,0,0,0,0,6,175,253,253,253,253,253,253,111,0,0,0,0,0,0,0,0,0,0,0,16,253,253,210,31,10,46,245,251,39,0,0,0,0,0,0,0,0,0,0,50,253,252,66,0,0,0,239,253,129,0,0,0,0,0,0,0,0,0,0,130,253,184,0,0,0,0,143,253,129,0,0,0,0,0,0,0,0,0,21,232,253,41,0,0,0,0,135,253,129,0,0,0,0,0,0,0,0,0,73,240,144,5,0,0,0,0,135,253,129,0,0,0,0,0,0,0,0,0,26,11,0,0,0,0,0,0,160,253,129,0,0,0,0,0,0,0,0,0,0,0,0,0,0,0,0,0,239,253,127,0,0,0,0,0,0,0,0,0,0,25,53,139,156,73,44,0,239,253,25,0,0,0,0,0,0,0,0,0,29,214,253,253,253,253,245,202,251,223,16,0,0,0,0,0,0,0,14,190,250,253,253,236,212,212,253,253,253,74,0,0,0,0,0,0,0,0,162,253,253,176,165,95,0,0,92,253,253,109,0,0,0,0,0,0,0,15,214,250,150,83,0,0,0,0,42,253,253,249,92,0,0,0,0,0,0,0,187,235,108,234,27,0,0,0,148,253,253,253,233,0,0,0,0,0,0,0,136,253,253,253,211,38,21,104,251,238,50,218,234,7,0,0,0,0,0,0,27,142,253,253,253,253,253,253,242,46,0,154,253,83,0,0,0,0,0,0,0,4,108,182,182,226,243,243,76,0,0,79,253,129,0,0,0,0,0,0,0,0,0,0,0,0,0,0,0,0,0,61,248,186,0,0,0,0,0,0,0,0,0,0,0,0,0,0,0,0,0,0,177,68,0,0,0,2
0,0,0,0,0,0,0,0,0,0,0,0,0,0,0,0,0,0,0,0,0,0,0,0,0,0,0,0,0,0,0,0,0,35,67,186,241,120,0,0,0,0,0,0,0,0,0,58,214,126,126,167,222,240,254,254,254,239,0,0,0,0,0,0,0,0,0,149,254,254,254,254,254,254,254,228,197,62,0,0,0,0,0,0,0,0,0,244,250,197,197,191,72,94,24,3,2,0,0,0,0,0,0,0,0,0,9,247,235,0,0,0,0,0,0,0,0,0,0,0,0,0,0,0,0,0,58,252,242,27,0,0,0,0,0,0,0,0,0,0,0,0,0,0,0,0,0,246,243,32,0,0,0,0,0,0,0,0,0,0,0,0,0,0,0,0,7,246,251,175,212,164,14,0,0,0,0,0,0,0,0,0,0,0,0,0,87,254,254,254,254,254,231,44,0,0,0,0,0,0,0,0,0,0,0,0,106,254,254,254,209,227,254,206,0,0,0,0,0,0,0,0,0,0,0,0,183,254,241,77,3,27,219,246,85,0,0,0,0,0,0,0,0,0,0,0,92,236,61,0,0,0,109,254,214,0,0,0,0,0,0,0,0,0,0,0,0,14,0,0,0,0,78,254,245,0,0,0,0,0,0,0,0,0,0,0,0,0,0,0,0,0,78,254,245,0,0,0,0,0,0,0,0,0,0,0,0,0,0,0,0,0,78,254,245,0,0,0,0,0,0,0,0,0,0,0,0,0,0,0,0,23,208,254,142,0,0,0,0,0,0,0,0,0,64,54,0,0,0,0,22,204,254,219,12,0,0,0,0,0,0,0,0,60,253,202,105,68,68,68,210,254,254,53,0,0,0,0,0,0,0,0,0,80,254,254,254,254,254,254,254,240,127,3,0,0,0,0,0,0,5
0,0,0,0,0,0,0,0,0,0,0,0,0,11,173,123,0,0,0,0,0,0,0,0,0,0,0,0,0,0,0,0,0,173,252,203,0,0,0,0,0,0,0,0,0,0,0,0,0,0,0,0,21,254,253,183,0,0,0,0,0,0,0,0,0,0,0,0,0,0,0,0,102,253,252,61,0,0,0,0,0,0,0,0,0,0,0,0,0,0,0,0,102,254,253,0,0,0,0,0,0,0,0,0,0,0,0,0,0,0,0,0,183,253,171,0,0,0,0,0,0,0,0,0,0,0,0,0,0,0,0,113,253,254,131,0,0,0,0,0,0,0,0,0,0,0,0,0,0,0,0,193,252,233,30,0,0,0,0,0,0,0,0,0,0,0,0,0,0,0,21,254,253,183,0,0,0,0,0,0,0,0,0,0,0,0,0,0,0,0,142,253,212,20,0,0,0,0,0,0,0,0,0,0,0,0,0,0,0,11,213,254,131,0,0,0,0,0,0,0,0,0,0,0,0,0,0,0,0,132,252,213,10,0,0,0,0,0,0,0,0,0,0,0,0,0,0,11,92,254,253,82,0,0,0,0,0,0,0,0,0,0,0,0,0,0,0,92,252,253,171,0,0,0,0,0,0,0,0,0,0,0,0,0,0,0,0,214,253,254,112,0,0,0,0,0,0,0,0,0,0,0,0,0,0,0,0,253,252,253,70,0,0,0,0,0,0,0,0,0,0,0,0,0,0,0,123,255,253,142,0,0,0,0,0,0,0,0,0,0,0,0,0,0,0,41,243,253,252,61,0,0,0,0,0,0,0,0,0,0,0,0,0,0,0,52,253,255,91,0,0,0,0,0,0,0,0,0,0,0,0,0,0,0,0,31,192,131,10,0,0,0,0,0,0,0,0,0,0,0,1
0,0,0,0,0,0,0,0,0,0,0,0,0,0,0,0,0,0,0,0,0,0,19,42,0,0,0,0,0,0,0,0,0,0,34,255,216,0,0,0,0,0,4,9,0,0,0,0,0,0,0,0,0,22,215,254,157,0,0,0,0,0,0,0,0,0,0,0,0,0,0,0,0,44,254,228,15,0,0,0,0,0,0,0,0,0,0,0,0,0,0,0,47,243,248,36,0,0,22,0,0,0,0,0,0,0,0,0,0,0,0,2,166,254,153,0,0,3,139,0,0,0,0,0,0,0,0,0,0,0,0,48,254,222,15,0,0,5,186,0,0,0,0,0,0,0,0,0,0,0,31,213,254,62,0,0,0,2,41,0,0,0,0,0,0,0,0,0,0,0,188,254,182,4,0,0,0,0,0,0,0,0,0,0,0,0,0,0,0,89,250,243,25,0,0,0,0,0,0,0,0,0,0,0,0,0,0,0,4,192,254,148,0,0,0,0,0,1,36,0,0,0,0,0,0,0,0,0,67,254,191,45,0,0,0,0,0,5,186,0,0,0,0,0,0,0,0,0,211,229,77,0,0,0,0,0,0,2,60,0,0,0,0,0,0,0,0,50,250,120,0,0,0,0,0,0,0,0,0,0,0,0,0,0,0,0,0,206,249,74,0,0,0,0,0,0,0,0,0,0,0,0,0,0,0,0,85,251,138,0,0,0,0,0,0,0,0,0,0,0,0,0,0,0,0,37,247,246,45,0,0,0,0,0,0,0,0,0,0,0,0,0,0,0,2,159,254,89,0,0,0,0,0,0,0,0,0,0,0,0,0,0,0,0,58,254,198,4,0,0,0,0,0,0,0,0,0,0,0,0,0,0,0,0,58,254,82,0,0,0,0,0,0,0,0,0,0,0,0,0,1
0,0,0,0,0,0,0,0,0,0,0,0,0,0,0,0,0,0,0,0,0,0,0,0,0,0,0,0,0,0,0,0,132,255,154,27,1,0,0,0,0,0,0,0,0,0,0,0,0,0,0,4,195,253,204,177,17,0,0,0,0,0,0,0,20,143,56,0,0,0,0,63,253,253,58,0,0,0,0,0,0,0,0,0,143,253,99,0,0,0,0,63,253,253,172,0,0,0,0,0,0,0,0,2,156,253,99,0,0,0,0,78,253,253,172,0,0,0,0,0,0,0,0,13,253,253,99,0,0,0,0,186,253,253,172,0,0,0,0,0,0,0,0,95,253,253,159,0,0,0,0,165,253,253,172,0,0,0,0,0,0,0,0,136,253,253,99,0,0,0,0,63,253,253,172,0,0,0,0,0,0,0,0,136,253,253,126,0,0,0,0,150,253,253,172,0,0,0,51,56,0,0,0,136,253,253,230,23,0,0,0,186,253,253,192,63,168,186,247,253,0,0,0,136,253,253,253,214,171,69,96,237,253,253,253,253,253,253,225,70,0,0,0,36,221,253,253,253,253,253,253,253,253,253,253,253,189,130,32,0,0,0,0,0,37,172,222,253,253,253,253,253,253,253,188,70,7,0,0,0,0,0,0,0,0,0,26,43,64,166,185,253,253,191,9,0,0,0,0,0,0,0,0,0,0,0,0,0,0,0,102,253,253,179,0,0,0,0,0,0,0,0,0,0,0,0,0,0,0,0,180,253,253,179,0,0,0,0,0,0,0,0,0,0,0,0,0,0,0,46,246,253,253,67,0,0,0,0,0,0,0,0,0,0,0,0,0,0,0,165,253,253,135,4,0,0,0,0,0,0,0,0,0,0,0,0,0,0,21,211,253,253,61,0,0,0,0,0,0,0,4
0,0,0,0,0,0,0,0,0,0,0,167,227,39,0,0,0,0,0,0,0,0,0,0,0,0,0,0,0,0,0,254,254,228,41,0,0,0,0,0,0,0,0,0,0,0,0,0,0,0,0,255,215,250,177,9,0,0,0,0,0,0,0,0,0,0,0,0,0,0,0,157,96,219,254,71,0,0,0,0,0,0,0,0,0,0,0,5,51,128,0,11,13,42,240,232,23,0,0,0,0,0,0,0,0,0,0,82,254,245,0,0,0,0,143,254,117,0,0,0,0,0,0,0,0,0,38,240,125,141,0,0,0,0,11,226,216,24,0,0,0,0,0,0,0,19,207,191,0,0,0,0,0,0,0,213,254,58,0,0,0,0,0,0,0,81,240,57,0,0,0,0,0,0,0,99,254,142,0,0,0,0,0,0,37,243,218,0,0,0,0,0,0,0,0,29,239,227,0,0,0,0,0,0,53,254,131,0,0,0,0,0,0,0,0,0,211,228,0,0,0,0,0,0,137,254,46,0,0,0,0,0,0,0,0,0,211,172,0,0,0,0,0,0,140,254,44,0,0,0,0,0,0,0,0,0,211,139,0,0,0,0,0,0,158,229,20,0,0,0,0,0,0,0,0,25,234,61,0,0,0,0,0,0,228,210,0,0,0,0,0,0,0,0,0,105,208,8,0,0,0,0,0,0,228,216,6,0,0,0,0,0,0,0,99,248,58,0,0,0,0,0,0,0,228,254,92,0,0,0,0,0,0,77,240,140,9,0,0,0,0,0,0,0,155,254,233,97,18,18,18,106,160,245,109,9,0,0,0,0,0,0,0,0,33,204,254,254,254,254,254,252,190,59,0,0,0,0,0,0,0,0,0,0,0,14,133,214,166,166,135,55,0,0,0,0,0,0,0,0,0
0,0,0,0,0,0,0,0,0,0,0,40,243,254,253,202,95,0,0,0,0,0,0,0,0,0,0,0,0,0,28,212,253,243,117,18,0,0,0,0,0,0,0,0,0,0,0,0,0,91,243,253,253,66,0,0,0,0,0,0,0,0,0,0,0,0,0,0,85,230,254,249,138,0,0,0,0,0,0,0,0,0,0,0,0,0,0,22,219,254,253,75,0,0,0,0,0,0,0,0,0,0,0,0,0,0,0,154,253,165,146,6,0,0,0,0,0,0,0,0,0,0,0,0,0,0,109,250,253,79,0,0,0,0,0,0,0,0,0,0,0,0,0,0,0,14,194,254,254,200,116,80,2,0,0,0,0,0,0,0,0,0,0,0,0,98,253,253,217,254,253,253,175,25,0,0,0,0,0,0,0,0,0,0,0,140,253,203,3,39,99,214,253,233,92,0,0,0,0,0,0,0,0,0,0,248,253,194,0,0,0,11,116,230,250,150,6,0,0,0,0,0,0,0,0,255,254,195,0,0,0,0,0,140,254,254,50,0,0,0,0,0,0,0,0,254,253,194,0,0,0,0,0,5,208,253,157,0,0,0,0,0,0,0,0,254,253,194,0,0,0,0,0,11,226,253,175,0,0,0,0,0,0,0,0,133,253,230,12,0,0,0,0,117,253,253,55,0,0,0,0,0,0,0,0,99,254,254,80,0,0,0,67,230,254,201,6,0,0,0,0,0,0,0,0,29,226,253,235,64,76,159,249,254,253,39,0,0,0,0,0,0,0,0,0,0,66,172,253,254,253,253,253,254,214,18,0,0,0,0,0,0,0,0,0,0,0,5,68,151,211,253,229,74,28,0,0,0,0,0,0,0,0,0,0,0,0,0,0,0,0,0,0,0,0,0,0,0,0,0,6
0,0,0,0,0,0,0,0,3,97,138,233,201,76,19,0,0,0,0,0,0,0,0,0,0,0,17,99,170,252,252,252,252,253,236,65,0,0,0,0,0,0,0,0,0,19,188,252,253,252,202,141,173,253,252,183,0,0,0,0,0,0,0,0,17,188,252,252,245,87,13,0,0,253,252,183,0,0,0,0,0,0,0,0,47,252,252,200,73,0,0,0,0,253,252,183,0,0,0,0,0,0,0,0,22,116,116,63,0,0,0,0,74,255,253,173,0,0,0,0,0,0,0,0,0,0,0,0,0,0,0,38,234,253,223,25,0,0,0,0,0,0,0,0,0,0,0,0,7,91,184,240,252,247,98,0,0,0,0,0,0,0,0,0,0,0,0,0,24,252,252,252,252,239,34,0,0,0,0,0,0,0,0,0,0,0,0,0,13,211,252,252,252,253,238,63,0,0,0,0,0,0,0,0,0,0,0,0,0,0,0,0,0,255,253,184,0,0,0,0,0,0,0,0,0,0,0,0,0,0,0,0,0,232,252,183,0,0,0,0,0,0,0,0,0,0,0,0,0,0,0,0,0,222,252,183,0,0,0,0,0,0,0,0,0,0,0,0,0,0,0,0,0,253,252,183,0,0,0,0,0,0,0,0,0,0,0,0,0,0,0,0,158,253,252,130,0,0,0,0,132,253,23,0,0,0,0,0,0,0,17,160,253,255,165,32,0,0,0,0,197,252,65,0,0,0,0,0,5,68,228,252,252,218,33,0,0,0,0,0,171,252,252,123,70,70,70,122,191,252,252,252,221,32,0,0,0,0,0,0,44,194,252,253,252,252,252,252,253,252,185,119,25,0,0,0,0,0,0,0,0,9,128,201,252,252,252,252,128,22,6,0,0,0,0,0,0,0,0,0,3
0,0,0,0,0,0,0,0,0,0,0,0,0,0,0,0,0,0,0,0,0,0,0,0,0,0,0,0,0,0,0,0,0,0,0,0,0,0,0,0,0,0,0,101,26,0,0,0,0,0,0,0,0,0,0,0,0,0,0,0,0,0,0,118,125,0,0,0,0,0,0,0,0,0,0,12,0,0,0,0,0,0,0,132,207,11,0,0,0,0,0,0,0,0,0,158,46,0,0,0,0,0,0,198,205,0,0,0,0,0,0,0,0,0,0,162,185,0,0,0,0,0,72,249,182,0,0,0,0,0,0,0,0,0,0,102,241,29,0,0,0,1,159,254,125,0,3,5,10,85,85,85,39,2,0,23,254,50,0,0,0,44,254,254,215,178,224,254,254,254,254,254,254,206,70,21,254,128,0,0,0,103,254,254,254,254,254,254,254,254,254,254,254,254,252,163,235,189,0,0,0,186,254,254,254,254,254,254,225,213,187,213,236,254,254,254,254,209,0,0,0,255,254,254,254,224,129,40,12,0,0,0,23,65,176,254,254,233,19,0,0,213,254,254,143,13,0,0,0,0,0,0,0,0,1,34,119,242,142,6,0,43,254,145,3,0,0,0,0,0,0,0,0,0,0,0,0,156,254,24,0,1,4,1,0,0,0,0,0,0,0,0,0,0,0,0,0,72,254,24,0,0,0,0,0,0,0,0,0,0,0,0,0,0,0,0,0,27,240,56,0,0,0,0,0,0,0,0,0,0,0,0,0,0,0,0,0,0,218,171,0,0,0,0,0,0,0,0,0,0,0,0,0,0,0,0,0,0,204,254,0,0,0,0,0,0,0,0,0,0,0,0,0,0,0,0,0,0,94,254,0,0,0,0,0,0,0,0,0,0,0,0,0,0,0,0,0,0,24,177,4
0,0,0,0,0,0,0,0,0,0,0,0,0,0,0,0,0,0,0,0,0,0,0,0,0,0,0,0,0,0,0,0,0,0,0,0,0,0,0,0,0,0,0,0,0,0,0,0,0,0,0,0,0,0,0,121,255,114,0,0,0,0,0,0,0,0,0,0,0,0,0,0,0,0,79,244,226,21,0,0,0,0,0,0,126,175,31,0,0,0,0,0,0,0,166,253,195,0,0,0,0,0,0,0,234,253,98,0,0,0,0,0,0,13,237,253,90,0,0,0,0,0,0,0,234,253,98,0,0,0,0,0,0,153,253,215,0,0,0,0,0,0,0,0,212,254,99,0,0,0,0,0,5,194,254,133,0,0,0,0,0,0,0,0,92,253,185,3,0,0,0,0,65,253,234,31,0,0,0,0,0,0,0,0,12,182,254,173,0,0,0,0,118,253,213,0,0,0,0,0,0,0,0,0,0,45,254,244,69,34,0,40,175,253,161,0,0,0,0,0,0,0,0,0,0,0,140,253,253,244,195,254,253,253,41,0,0,0,0,0,0,0,0,0,0,0,0,91,195,249,254,255,254,175,0,0,0,0,0,0,0,0,0,0,0,0,0,0,0,36,39,254,251,124,0,0,0,0,0,0,0,0,0,0,0,0,0,0,0,0,68,254,203,0,0,0,0,0,0,0,0,0,0,0,0,0,0,0,0,0,188,254,135,0,0,0,0,0,0,0,0,0,0,0,0,0,0,0,0,0,195,254,99,0,0,0,0,0,0,0,0,0,0,0,0,0,0,0,0,25,231,218,15,0,0,0,0,0,0,0,0,0,0,0,0,0,0,0,0,85,253,150,0,0,0,0,0,0,0,0,0,0,0,0,0,0,0,0,0,166,253,98,0,0,0,0,0,0,0,0,4
0,0,0,0,0,0,0,0,0,0,0,0,0,0,0,0,0,0,0,0,0,0,0,0,0,0,0,0,0,0,0,0,0,0,0,0,0,0,0,0,0,0,0,0,0,0,0,0,0,0,0,0,0,0,0,0,0,0,0,0,0,0,0,0,0,0,0,0,6,82,166,255,254,254,235,151,14,0,0,0,0,0,0,0,0,0,0,41,224,253,253,183,183,102,114,243,192,15,0,0,0,0,0,0,0,0,76,244,227,126,17,0,0,0,0,219,244,40,0,0,0,0,0,0,0,107,248,220,67,0,0,0,0,0,0,22,22,0,0,0,0,0,0,0,61,248,219,37,0,0,0,0,0,0,0,0,22,40,0,0,0,0,0,30,225,216,23,0,0,0,0,0,0,0,8,81,216,226,0,0,0,0,0,62,253,139,0,0,0,0,0,0,50,114,203,253,249,113,0,0,0,0,0,62,253,128,15,18,18,82,106,163,251,253,253,253,116,0,0,0,0,0,0,17,135,240,241,253,253,252,244,157,103,150,253,185,12,0,0,0,0,0,0,0,0,83,165,156,109,76,0,0,25,242,235,23,0,0,0,0,0,0,0,0,0,0,0,0,0,0,0,0,215,254,117,0,0,0,0,0,0,0,0,0,0,0,0,0,0,0,0,74,250,190,10,0,0,0,0,0,0,0,0,0,0,0,0,0,0,0,0,218,253,23,0,0,0,0,0,0,0,0,0,0,0,0,0,0,0,0,98,254,171,2,0,0,0,0,0,0,0,0,0,0,0,0,0,0,0,8,242,240,19,0,0,0,0,0,0,0,0,0,0,0,0,0,0,0,0,94,253,121,0,0,0,0,0,0,0,0,0,0,0,0,0,0,0,0,2,191,253,0,0,0,0,0,0,0,0,0,9
0,0,0,0,0,0,0,0,0,0,0,0,0,0,0,0,0,0,0,0,0,0,0,0,0,0,0,0,0,0,0,0,0,0,0,0,0,0,0,0,0,0,0,0,0,0,0,30,168,250,254,184,76,0,0,0,0,0,0,0,0,0,0,0,0,0,93,235,253,232,149,226,248,35,0,0,0,0,0,0,0,0,0,0,0,56,238,253,154,7,0,57,204,56,0,0,0,0,0,0,0,0,0,0,4,169,254,204,3,0,0,0,13,96,69,0,0,0,0,0,0,0,0,0,29,253,254,79,0,0,0,0,71,244,225,0,111,8,0,0,0,0,0,0,29,254,255,28,0,0,0,19,191,254,73,0,184,28,0,0,0,0,0,0,29,253,254,80,7,15,93,219,253,218,6,0,183,28,0,0,0,0,0,0,7,169,254,253,222,253,253,254,253,161,0,0,183,28,0,0,0,0,0,0,0,24,147,225,225,178,135,207,253,80,0,0,183,28,0,0,0,0,0,0,0,0,0,0,0,0,0,203,249,41,0,0,183,28,0,0,0,0,0,0,0,0,0,0,0,0,83,255,208,0,0,0,177,24,0,0,0,0,0,0,0,0,0,0,0,2,186,254,106,0,0,0,55,0,0,0,0,0,0,0,0,0,0,0,0,29,253,254,44,0,0,0,0,0,0,0,0,0,0,0,0,0,0,0,0,84,253,186,2,0,0,0,21,4,0,0,0,0,0,0,0,0,0,0,0,208,253,102,0,0,0,0,183,28,0,0,0,0,0,0,0,0,0,0,26,246,222,20,0,0,0,0,71,8,0,0,0,0,0,0,0,0,0,0,162,253,159,0,0,0,0,0,0,0,0,0,0,0,0,0,0,0,0,12,241,253,77,0,0,0,0,0,0,0,0,0,9
0,0,0,0,0,0,0,0,0,55,164,254,157,17,0,0,0,0,0,0,0,0,0,0,0,0,0,0,9,181,253,216,29,0,0,0,0,0,0,0,0,0,0,0,0,0,0,11,157,253,253,28,0,0,0,0,0,0,0,0,0,0,0,0,0,0,0,41,253,222,128,0,0,0,0,0,0,0,0,0,0,0,0,0,0,0,9,145,253,107,0,0,0,0,0,0,0,0,0,0,0,0,0,0,0,0,138,253,222,39,0,0,0,0,0,0,0,0,0,0,0,0,0,0,0,0,187,230,39,0,0,0,0,0,0,0,0,0,0,0,0,0,0,0,0,36,222,213,0,0,0,0,0,0,0,0,0,0,0,0,0,0,0,0,0,131,254,214,0,0,0,0,0,0,0,0,0,0,0,0,0,0,0,0,77,251,230,53,0,0,0,0,0,0,0,0,0,0,0,0,0,0,0,0,81,253,199,0,0,0,0,0,0,0,0,0,0,0,0,0,0,0,0,0,81,253,87,0,0,0,0,0,35,81,81,60,0,0,0,0,0,0,0,0,81,253,172,0,0,0,0,68,217,253,253,239,88,0,0,0,0,0,0,0,81,253,239,59,0,32,125,254,253,253,208,242,239,59,0,0,0,0,0,0,26,196,253,177,19,164,253,150,80,80,25,209,253,80,0,0,0,0,0,0,0,25,197,253,204,253,253,27,154,91,190,246,198,29,0,0,0,0,0,0,0,0,23,200,253,253,253,255,253,253,253,179,0,0,0,0,0,0,0,0,0,0,0,19,133,253,253,121,120,120,120,25,0,0,0,0,0,0,0,0,0,0,0,0,0,0,0,0,0,0,0,0,0,0,0,0,0,0,0,0,0,0,0,0,0,0,0,0,0,0,0,0,0,0,0,0,6
0,0,0,0,0,0,0,0,0,0,0,0,0,0,0,0,0,0,0,0,0,0,0,0,0,0,0,0,0,0,124,161,38,0,0,0,0,0,0,0,0,0,0,0,0,0,84,249,249,249,253,254,206,0,0,0,0,0,0,0,0,0,0,0,0,0,153,254,254,254,254,254,208,0,0,0,0,0,0,0,0,0,0,0,0,0,51,149,149,231,254,254,208,0,0,0,0,0,0,0,0,0,0,0,0,0,0,0,0,79,254,254,208,0,0,0,0,0,0,0,0,0,0,0,0,0,0,0,0,66,254,254,225,31,0,0,0,0,0,0,0,0,0,0,0,0,0,0,0,66,254,254,255,85,0,0,0,0,0,0,0,0,0,0,0,0,0,0,0,66,254,254,254,85,0,0,0,0,0,0,0,0,0,0,0,0,0,0,0,66,254,254,218,17,0,0,0,0,0,0,0,0,0,0,0,0,0,0,0,66,254,254,208,0,0,0,0,0,0,0,0,0,0,0,0,0,0,0,0,66,254,254,208,0,0,0,0,0,0,0,0,0,0,0,0,0,0,0,0,66,254,254,208,0,0,0,0,0,0,0,0,0,0,0,0,0,0,0,0,66,254,254,217,16,0,0,0,0,0,0,0,0,0,0,0,0,0,0,0,153,254,254,254,172,0,0,0,0,0,0,0,0,0,0,0,0,0,0,0,197,254,254,254,130,0,0,0,0,0,0,0,0,0,0,0,0,0,0,0,197,254,254,226,33,0,0,0,0,0,0,0,0,0,0,0,0,0,0,43,231,254,254,208,0,0,0,0,0,0,0,0,0,0,0,0,0,0,0,73,254,254,254,202,0,0,0,0,0,0,0,0,0,0,0,0,0,0,0,71,253,253,153,36,0,0,0,0,0,0,0,1
0,0,0,0,0,0,0,0,0,0,0,0,0,0,0,0,0,0,0,0,0,0,0,0,0,0,0,0,0,0,0,0,0,0,0,0,0,0,0,0,0,0,0,0,0,0,0,0,0,0,0,0,0,0,0,0,0,0,0,0,0,0,0,0,0,0,0,0,0,0,0,0,0,0,0,0,0,0,0,0,0,0,0,0,0,0,0,0,0,128,128,191,255,255,255,255,64,0,0,0,0,128,255,255,255,255,255,255,255,255,255,255,255,255,255,255,128,0,0,0,0,255,255,255,255,255,255,255,255,255,255,255,255,255,255,255,128,0,0,0,0,128,255,255,191,255,255,255,191,128,128,128,255,255,255,255,128,0,0,0,0,0,0,0,0,0,0,0,0,0,0,64,255,255,255,255,0,0,0,0,0,0,0,0,0,0,0,0,0,0,0,191,255,255,255,255,191,191,255,255,0,0,0,0,0,0,64,128,128,128,255,255,255,255,255,255,255,255,255,191,0,0,0,0,0,0,255,255,255,255,255,255,255,255,255,255,191,128,64,0,0,0,0,0,0,0,64,191,255,255,255,255,255,255,128,0,0,0,0,0,0,0,0,0,0,0,0,0,0,255,255,255,255,128,0,0,0,0,0,0,0,0,0,0,0,0,0,0,0,255,255,255,255,64,0,0,0,0,0,0,0,0,0,0,0,0,0,0,128,255,255,255,255,0,0,0,0,0,0,0,0,0,0,0,0,0,0,0,191,255,255,255,128,0,0,0,0,0,0,0,0,0,0,0,0,0,0,64,255,255,255,255,0,0,0,0,0,0,0,0,0,0,0,0,0,0,0,128,255,255,255,255,0,0,0,0,0,0,0,0,0,0,0,0,0,0,0,128,255,255,255,255,0,0,0,0,0,0,0,0,7
0,0,0,0,0,0,0,0,0,0,68,254,254,66,0,0,0,0,0,0,0,0,0,0,0,0,0,0,0,39,229,254,189,17,0,0,0,0,0,0,0,0,0,0,0,0,0,0,0,110,254,254,56,0,0,0,0,0,0,0,0,0,0,0,0,0,0,0,0,182,254,255,5,0,0,0,0,0,0,0,0,0,0,0,0,0,0,0,105,250,254,161,1,0,0,0,0,0,0,0,0,0,0,0,0,0,0,4,188,254,220,18,0,0,0,0,0,0,0,0,0,0,0,0,0,0,0,63,254,254,113,0,0,0,0,0,0,0,0,0,0,0,0,0,0,0,0,224,254,185,0,0,0,0,0,0,0,0,0,0,0,0,0,0,0,0,29,236,254,145,0,0,0,0,0,0,0,0,0,0,0,0,0,0,0,0,91,254,254,43,0,0,0,32,37,0,0,0,0,0,0,0,0,0,0,0,177,254,207,10,0,0,147,240,247,92,0,0,0,0,0,0,0,0,0,0,177,254,192,0,7,155,254,254,254,176,0,0,0,0,0,0,0,0,0,0,145,254,237,30,85,254,254,152,250,176,0,0,0,0,0,0,0,0,0,0,38,240,254,191,245,254,115,50,247,176,0,0,0,0,0,0,0,0,0,0,0,196,254,254,254,228,4,159,254,176,0,0,0,0,0,0,0,0,0,0,0,73,251,254,254,117,130,246,236,55,0,0,0,0,0,0,0,0,0,0,0,0,167,254,254,254,254,254,96,0,0,0,0,0,0,0,0,0,0,0,0,0,167,252,171,254,152,72,3,0,0,0,0,0,0,0,0,0,0,0,0,0,0,0,0,0,0,0,0,0,0,0,0,0,0,0,0,0,0,0,0,0,0,0,0,0,0,0,0,0,0,0,0,0,6
0,0,0,0,0,0,0,0,0,0,0,0,0,0,0,0,0,0,0,0,0,0,0,0,0,0,0,0,0,0,0,0,0,0,0,0,0,0,0,0,0,0,0,0,0,0,0,0,0,0,0,0,0,0,0,0,0,0,0,0,0,0,0,0,0,0,0,0,45,131,154,112,61,184,46,0,0,0,0,0,0,0,0,0,0,0,44,187,249,254,231,236,252,254,194,5,0,0,0,0,0,0,0,0,0,3,204,254,254,147,16,61,251,254,192,0,0,0,0,0,0,0,0,0,47,219,254,229,92,0,0,101,254,254,168,0,0,0,0,0,0,0,0,30,226,254,193,44,0,0,22,237,254,254,192,0,0,0,0,0,0,0,9,180,254,205,11,0,0,0,154,254,254,254,192,0,0,0,0,0,0,0,16,254,254,48,0,0,0,123,251,254,254,254,192,0,0,0,0,0,0,0,16,254,209,4,0,0,99,254,254,215,227,254,136,0,0,0,0,0,0,0,13,224,243,69,7,55,236,254,213,29,247,254,52,0,0,0,0,0,0,0,0,22,207,220,213,254,254,217,28,43,251,242,27,0,0,0,0,0,0,0,0,0,19,104,187,175,78,24,0,70,255,243,27,0,0,0,0,0,0,0,0,0,0,0,0,0,0,0,0,70,254,223,8,0,0,0,0,0,0,0,0,0,0,0,0,0,0,0,0,137,254,215,0,0,0,0,0,0,0,0,0,0,0,0,0,0,0,0,0,146,254,215,0,0,0,0,0,0,0,0,0,0,0,0,0,0,0,0,0,146,254,203,0,0,0,0,0,0,0,0,0,0,0,0,0,0,0,0,0,128,254,204,0,0,0,0,0,0,0,0,0,0,0,0,0,0,0,0,0,70,254,215,0,0,0,0,0,0,9
0,0,0,0,0,0,0,0,0,0,0,0,0,0,0,0,0,0,0,0,0,0,0,0,0,0,0,0,0,0,0,0,0,0,0,0,0,0,0,0,0,0,0,0,0,133,194,151,151,111,40,0,0,0,0,0,0,0,0,0,0,0,0,0,96,248,254,254,254,254,245,162,44,0,0,0,0,0,0,0,0,0,0,98,252,254,254,224,197,114,216,246,194,109,19,0,0,0,0,0,0,0,62,249,254,249,103,11,0,0,0,117,254,254,206,0,0,0,0,0,0,0,179,254,254,175,0,0,0,0,0,89,254,254,234,0,0,0,0,0,0,0,188,254,255,31,0,0,0,0,0,119,254,254,248,58,0,0,0,0,0,0,97,254,254,31,0,0,0,0,0,193,254,254,254,89,0,0,0,0,0,0,84,254,254,31,0,0,0,0,0,193,254,254,254,161,0,0,0,0,0,0,48,244,254,33,0,0,0,0,0,193,254,254,254,81,0,0,0,0,0,0,0,110,254,208,54,0,0,0,9,205,254,254,212,0,0,0,0,0,0,0,0,6,125,243,195,57,21,100,167,254,254,254,47,0,0,0,0,0,0,0,0,0,0,190,254,253,251,254,254,254,254,254,86,0,0,0,0,0,0,0,0,0,0,4,62,107,184,254,254,254,254,254,94,0,0,0,0,0,0,0,0,0,0,0,0,0,3,58,15,141,254,254,81,0,0,0,0,0,0,0,0,0,0,0,0,0,0,0,0,89,254,254,204,0,0,0,0,0,0,0,0,0,0,0,0,0,0,0,0,9,147,254,252,75,0,0,0,0,0,0,0,0,0,0,0,0,0,0,0,0,135,254,254,83,0,0,0,0,0,0,0,0,0,0,0,0,0,0,0,0,46,254,254,83,0,0,0,0,9
0,0,0,0,0,0,0,0,0,0,0,0,0,0,0,0,0,0,0,0,0,0,0,0,0,0,0,0,0,59,191,240,115,6,0,0,0,0,0,0,0,0,0,0,0,0,0,3,133,233,252,253,252,92,0,0,0,0,0,0,0,0,0,0,0,0,0,146,252,252,252,253,223,107,91,0,0,0,0,0,0,0,0,0,0,5,147,251,252,252,252,253,252,252,251,242,62,0,0,0,0,0,0,0,0,56,252,252,252,252,252,198,236,252,252,252,140,0,0,0,0,0,0,0,0,141,252,252,252,192,55,0,90,252,252,233,36,0,0,0,0,0,0,0,0,111,250,252,252,175,0,26,204,252,242,55,0,0,0,0,0,0,0,0,0,0,131,252,252,222,107,253,252,252,143,0,0,0,0,0,0,0,0,0,0,0,23,237,252,252,252,253,252,145,3,0,0,0,0,0,0,0,0,0,0,0,0,35,209,252,252,253,99,6,0,0,0,0,0,0,0,0,0,0,0,0,0,7,210,253,253,255,147,6,0,0,0,0,0,0,0,0,0,0,0,0,0,118,252,252,252,253,252,146,3,0,0,0,0,0,0,0,0,0,0,0,0,231,252,222,58,253,252,252,144,0,0,0,0,0,0,0,0,0,0,0,8,233,252,165,0,90,252,252,232,8,0,0,0,0,0,0,0,0,0,0,89,252,252,66,0,106,252,252,252,112,0,0,0,0,0,0,0,0,0,0,89,252,252,151,0,133,252,252,252,159,0,0,0,0,0,0,0,0,0,0,89,252,252,212,122,253,252,252,227,8,0,0,0,0,0,0,0,0,0,0,73,249,252,252,252,253,252,235,52,0,0,0,0,0,0,0,0,0,0,0,0,231,252,252,252,253,198,59,0,0,0,0,0,0,8
0,0,0,0,0,0,0,0,0,0,0,0,0,0,0,0,0,0,0,0,0,0,0,0,0,0,0,0,0,0,0,0,0,0,0,0,0,0,0,45,0,0,0,0,0,0,0,0,0,0,0,0,0,0,0,0,0,26,120,225,0,0,0,0,0,38,135,28,0,0,0,0,0,0,0,0,0,101,253,252,0,0,0,0,76,237,241,47,0,0,0,0,0,0,0,0,76,249,253,252,0,0,0,32,178,253,255,134,0,0,0,0,0,0,16,166,253,253,254,159,0,0,7,101,252,252,209,28,0,0,0,0,0,26,128,252,252,252,184,28,0,0,117,252,252,252,160,85,57,0,0,0,0,200,253,252,252,164,0,0,0,0,191,252,252,252,253,252,243,25,0,26,150,249,253,252,164,28,0,0,0,0,13,207,253,253,254,253,253,253,4,79,253,253,254,209,25,0,0,0,0,0,0,82,196,196,197,196,240,252,128,252,252,252,234,28,0,0,0,0,0,0,0,0,0,0,0,0,81,205,253,252,252,252,88,0,0,0,0,0,0,0,0,0,0,0,0,0,0,213,253,252,252,151,13,0,0,0,0,0,0,0,0,0,0,0,0,19,154,253,254,253,194,13,0,0,0,0,0,0,0,0,0,0,0,0,0,94,252,252,253,240,43,0,0,0,0,0,0,0,0,0,0,0,0,0,0,144,252,252,253,158,0,0,0,0,0,0,0,0,0,0,0,0,0,0,26,243,252,252,241,47,0,0,0,0,0,0,0,0,0,0,0,0,0,0,141,253,253,253,101,0,0,0,0,0,0,0,0,0,0,0,0,0,0,0,216,252,252,177,0,0,0,0,0,0,0,0,0,0,0,0,0,0,0,0,216,252,252,52,0,0,0,0,0,0,0,0,0,0,4
0,0,0,0,0,0,217,252,252,238,30,0,0,0,0,0,0,0,0,0,0,0,0,0,0,16,222,252,252,175,10,0,0,0,0,0,0,0,0,0,0,0,0,0,1,191,252,252,252,144,0,0,0,0,0,0,0,0,0,0,0,0,0,0,63,252,252,252,252,144,0,0,0,0,0,0,0,0,0,0,0,0,0,0,144,252,252,252,252,144,0,0,42,73,73,73,31,0,0,0,0,0,0,0,144,252,252,252,252,41,0,6,160,253,252,252,211,120,5,0,0,0,0,0,144,252,252,252,168,0,0,120,252,253,252,252,252,253,35,0,0,0,0,37,253,253,253,253,108,0,135,253,253,255,253,253,253,255,35,0,0,0,0,37,252,252,252,220,15,32,227,252,252,253,252,252,252,253,35,0,0,0,0,140,252,252,252,195,0,129,252,252,252,253,252,252,252,253,35,0,0,0,0,181,252,252,252,71,0,253,252,252,252,253,252,252,252,253,35,0,0,0,32,212,253,253,180,0,145,255,253,253,253,0,218,253,253,255,98,0,0,0,73,252,252,252,179,32,237,253,252,252,252,135,247,252,252,222,45,0,0,0,73,252,252,252,190,47,252,253,252,252,252,253,252,252,252,144,0,0,0,0,73,252,252,252,252,108,252,253,252,252,252,253,252,252,252,62,0,0,0,0,0,120,253,253,253,133,84,255,253,253,253,255,253,237,62,0,0,0,0,0,0,5,159,252,252,247,217,253,252,252,252,253,231,71,0,0,0,0,0,0,0,0,41,133,247,252,252,253,252,252,252,217,153,0,0,0,0,0,0,0,0,0,0,0,93,211,168,253,252,168,168,0,0,0,0,0,0,0,0,0,0,0,0,0,0,0,0,0,0,0,0,0,0,0,0,0,0,0,6
0,0,0,0,0,0,0,0,0,0,0,0,0,0,0,0,0,0,0,0,0,0,0,0,0,0,0,0,0,0,40,191,247,132,21,0,0,0,0,0,0,0,0,0,0,0,0,0,14,121,237,254,254,254,176,0,0,0,0,0,0,0,0,0,0,0,0,39,193,254,254,254,254,254,254,67,0,0,0,0,0,0,0,0,0,0,56,237,254,207,58,23,99,218,254,212,98,0,0,0,0,0,0,0,0,56,237,254,243,38,0,0,0,195,254,254,159,0,0,0,0,0,0,0,0,163,254,243,73,0,0,0,45,250,254,254,138,0,0,0,0,0,0,0,104,252,254,81,0,0,0,0,113,254,254,199,32,0,0,0,0,0,0,0,165,254,161,4,0,0,0,64,219,254,210,42,0,0,0,0,0,0,0,0,234,254,236,175,134,63,130,236,254,190,9,0,0,0,0,0,0,0,0,0,106,235,254,254,254,254,254,254,188,22,0,0,0,0,0,0,0,0,0,0,0,24,90,238,254,254,254,254,227,73,0,0,0,0,0,0,0,0,0,0,0,0,0,150,254,254,250,248,254,235,65,0,0,0,0,0,0,0,0,0,0,0,35,219,254,254,112,81,219,254,150,0,0,0,0,0,0,0,0,0,0,34,219,254,241,114,11,0,113,254,189,0,0,0,0,0,0,0,0,0,0,150,254,243,85,0,0,0,113,254,237,0,0,0,0,0,0,0,0,0,0,229,254,121,0,0,0,0,113,254,202,0,0,0,0,0,0,30,0,0,0,225,254,117,0,0,0,0,176,254,150,0,0,0,0,0,0,0,0,0,0,143,255,129,9,9,9,89,239,254,119,0,0,0,0,0,0,0,0,0,0,44,201,254,254,254,255,254,254,214,42,0,0,0,0,0,8
0,0,0,0,0,0,0,0,0,0,0,0,0,0,0,0,0,0,0,0,0,0,0,0,0,0,0,0,0,0,0,0,0,0,0,0,0,0,0,0,0,0,0,0,0,0,0,0,0,0,0,0,0,0,0,0,0,0,0,0,0,0,0,0,0,0,30,173,228,228,228,228,228,158,75,34,0,0,0,0,0,0,0,0,0,62,232,254,254,254,254,254,254,254,254,241,159,36,0,0,0,0,0,0,0,36,254,199,53,53,53,131,142,180,240,254,254,242,28,0,0,0,0,0,0,22,222,78,0,0,0,0,5,85,212,254,254,233,22,0,0,0,0,0,0,0,104,133,85,85,85,132,212,254,254,254,201,71,0,0,0,0,0,0,0,67,252,254,254,254,254,254,254,254,200,34,2,0,0,0,0,0,0,0,0,99,254,254,254,233,254,254,254,254,175,20,0,0,0,0,0,0,0,0,0,17,81,31,31,20,31,110,167,254,254,205,36,0,0,0,0,0,0,0,0,0,0,0,0,0,0,0,6,114,220,254,156,11,0,0,0,0,0,0,0,0,0,0,0,0,0,0,0,8,213,254,225,13,0,0,0,0,5,5,1,0,0,0,0,0,0,0,1,23,254,254,183,0,0,0,0,0,223,254,58,0,0,0,0,0,0,0,77,233,254,254,40,0,0,0,0,0,255,232,41,0,0,0,0,0,39,161,252,254,229,99,1,0,0,0,0,0,154,254,242,157,143,143,143,199,245,254,254,250,95,0,0,0,0,0,0,0,11,173,249,254,254,254,254,254,254,217,114,33,0,0,0,0,0,0,0,0,0,0,61,181,219,169,137,137,86,23,0,0,0,0,0,0,0,0,0,0,0,0,0,0,0,0,0,0,0,0,0,0,0,0,0,0,0,0,3
0,0,0,0,0,0,14,254,121,76,0,0,0,0,0,0,0,0,0,0,0,0,0,0,0,0,14,253,253,246,96,0,0,0,0,0,0,0,0,0,0,0,0,0,0,0,10,216,253,253,242,57,0,0,0,0,0,0,0,0,0,0,0,0,0,0,0,32,195,217,253,209,171,0,0,0,0,0,0,0,0,0,0,0,0,0,0,0,0,109,253,253,226,0,0,0,0,0,0,0,0,0,0,0,0,0,0,8,148,243,253,253,218,0,0,0,0,0,0,0,0,0,0,0,0,0,8,194,253,253,253,157,43,0,0,0,0,0,0,0,0,0,0,0,0,0,148,253,253,214,31,2,0,0,0,0,0,0,0,0,0,0,0,0,0,31,243,253,253,164,0,0,0,0,0,0,0,0,0,0,0,0,0,0,0,26,225,253,253,237,76,126,62,0,0,0,0,0,0,0,0,0,0,0,0,0,48,205,231,248,235,235,231,21,0,0,0,0,0,0,0,0,0,0,0,0,0,0,48,128,248,253,253,199,28,2,0,0,0,0,0,0,0,0,0,0,0,0,0,0,89,135,251,253,253,19,1,0,0,0,0,0,0,0,0,0,0,0,0,0,0,0,165,253,253,253,34,0,0,0,0,0,0,0,0,0,0,0,0,0,0,0,35,253,253,253,34,0,0,0,0,0,0,0,0,0,0,0,0,0,0,16,102,253,213,115,5,0,0,0,0,0,0,0,0,0,0,0,61,111,199,210,253,253,129,0,0,0,0,0,0,0,0,0,0,47,179,179,252,253,253,253,249,230,39,0,0,0,0,0,0,0,0,0,0,161,253,253,253,253,253,212,85,52,0,0,0,0,0,0,0,0,0,0,0,16,116,116,116,190,116,31,0,0,0,0,0,0,0,0,3
0,0,0,0,0,0,0,0,0,0,147,253,253,184,0,0,0,0,0,0,0,0,0,0,0,0,0,0,0,100,249,253,253,101,0,0,0,0,0,0,0,0,0,0,0,0,0,0,34,229,253,253,185,0,0,0,0,0,0,0,0,0,0,7,19,0,0,0,151,254,254,214,25,0,0,0,0,0,0,0,0,0,0,11,31,0,0,13,222,254,253,121,0,0,0,0,0,0,0,0,0,0,0,0,0,0,0,141,253,254,223,25,0,0,0,0,0,0,0,0,0,0,0,0,0,0,34,240,253,254,115,0,0,0,0,0,0,0,0,0,0,0,0,0,0,0,164,254,254,236,17,0,0,0,0,0,0,0,0,0,0,0,0,0,0,0,230,253,253,101,0,0,0,30,130,172,105,0,0,0,0,0,0,0,0,66,249,253,253,51,0,11,125,237,253,253,253,119,0,0,0,0,0,0,0,161,253,253,185,0,0,149,253,254,253,253,253,184,0,0,0,0,0,0,0,254,254,254,69,0,164,254,254,254,254,254,254,185,0,0,0,0,0,0,0,254,253,253,69,114,251,253,253,173,232,253,253,167,0,0,0,0,0,0,0,254,253,253,152,237,253,253,185,91,249,253,253,51,0,0,0,0,0,0,0,254,253,253,253,254,253,253,253,254,253,253,219,0,0,0,0,0,0,0,0,195,254,254,254,255,254,254,254,255,254,214,25,0,0,0,0,0,0,0,0,15,199,253,253,254,253,253,253,254,194,29,0,0,0,0,0,0,0,0,0,0,9,215,253,239,145,137,104,46,4,0,0,0,0,0,0,0,0,0,0,0,0,107,253,25,0,0,0,0,0,0,0,0,0,0,0,0,0,0,0,0,0,0,0,0,0,0,0,0,0,0,0,0,0,0,6
0,0,0,0,0,0,0,0,0,0,0,0,0,0,0,0,0,0,0,0,0,0,0,0,0,0,0,0,0,32,135,255,216,0,0,0,0,0,0,0,0,0,0,0,0,0,0,0,148,239,253,254,249,187,131,38,0,0,0,0,0,0,0,0,0,0,0,105,251,248,243,244,243,240,221,225,19,0,0,0,0,0,0,0,0,0,0,178,253,103,0,0,0,4,134,253,110,0,0,0,0,0,0,0,0,0,18,247,200,3,0,0,0,0,76,253,140,0,0,0,0,0,0,0,0,0,19,253,200,3,0,0,0,0,118,253,140,0,0,0,0,0,0,0,0,0,6,169,253,69,0,0,0,39,228,237,94,0,0,0,0,0,0,0,0,0,0,35,227,238,60,0,44,227,253,95,0,0,0,0,0,0,0,0,0,0,0,0,64,249,239,29,215,252,133,3,0,0,0,0,0,0,0,0,0,0,0,0,0,112,253,254,253,138,0,0,0,0,0,0,0,0,0,0,0,0,0,0,0,53,254,255,240,36,0,0,0,0,0,0,0,0,0,0,0,0,0,0,114,239,239,146,249,119,0,0,0,0,0,0,0,0,0,0,0,0,1,142,251,238,60,0,183,251,66,0,0,0,0,0,0,0,0,0,0,0,110,253,187,44,0,0,38,253,84,0,0,0,0,0,0,0,0,0,0,97,249,122,8,0,0,0,17,222,136,0,0,0,0,0,0,0,0,0,0,218,195,14,0,0,0,0,0,197,135,0,0,0,0,0,0,0,0,0,0,235,140,0,0,0,0,0,27,236,84,0,0,0,0,0,0,0,0,0,0,214,200,38,0,0,0,82,235,226,34,0,0,0,0,0,0,0,0,0,0,130,253,240,181,216,216,254,238,63,0,0,0,0,0,0,8
0,0,0,0,0,0,0,0,0,92,252,252,252,51,51,20,0,0,0,0,0,0,0,0,0,0,0,0,82,252,250,250,250,252,250,160,102,0,0,0,0,0,0,0,0,0,0,92,231,252,250,250,250,252,250,250,250,0,0,0,0,0,0,0,0,0,82,231,250,252,250,250,250,252,250,250,250,163,0,0,0,0,0,0,0,52,252,252,252,254,252,252,252,254,252,252,252,214,31,0,0,0,0,0,0,132,250,250,250,252,250,250,250,252,250,250,250,252,149,0,0,0,0,92,151,252,250,250,250,252,250,250,250,252,250,250,250,252,149,0,0,0,0,151,250,252,250,250,250,252,250,250,250,252,250,250,250,252,231,80,0,0,0,152,252,254,252,252,212,0,102,252,252,254,252,252,252,254,252,100,0,0,0,151,250,252,250,250,49,0,102,250,250,252,250,250,250,252,250,100,0,0,62,211,250,252,250,159,20,0,102,250,250,100,100,190,250,252,250,100,0,0,102,250,250,252,250,100,0,0,20,49,49,0,82,231,250,252,250,100,0,0,103,252,252,254,252,100,0,0,0,0,0,51,132,252,252,254,252,100,0,0,102,250,250,252,250,100,0,0,0,62,102,252,250,250,250,252,210,60,0,0,102,250,250,252,250,190,151,31,151,211,250,252,250,250,250,222,60,0,0,0,102,250,250,252,250,250,250,213,250,250,250,252,250,250,250,202,0,0,0,0,82,232,252,255,252,252,252,254,252,252,252,254,252,222,40,0,0,0,0,0,0,151,250,252,250,250,250,252,250,250,250,252,210,60,0,0,0,0,0,0,0,151,250,252,250,250,250,252,250,250,250,100,60,0,0,0,0,0,0,0,0,30,49,90,250,250,250,212,49,49,49,0,0,0,0,0,0,0,0
0,0,0,0,0,0,0,0,0,0,0,0,0,0,0,0,0,0,0,0,0,0,0,0,0,45,83,39,125,157,187,255,231,106,0,0,0,0,0,0,0,0,0,49,235,250,251,250,253,253,253,253,253,252,164,45,0,0,0,0,0,0,49,237,253,253,159,142,142,109,80,107,162,253,239,55,0,0,0,0,0,0,112,253,213,35,3,0,0,0,0,0,4,176,251,90,0,0,0,0,0,0,11,25,16,0,0,0,0,0,0,0,24,213,253,147,0,0,0,0,0,0,0,0,0,0,0,0,0,0,0,19,182,243,194,79,0,0,0,0,0,0,0,36,86,86,86,86,86,86,116,223,253,176,14,0,0,0,0,0,0,0,35,218,253,253,253,253,253,253,253,237,85,15,0,0,0,0,0,0,0,0,80,248,253,253,253,253,253,198,198,243,112,24,0,0,0,0,0,0,0,0,0,54,175,188,144,58,58,14,14,85,233,194,24,0,0,0,0,0,0,0,0,0,0,0,0,0,0,0,0,0,146,253,187,0,0,0,0,0,0,0,0,0,0,0,0,0,0,0,0,0,37,236,227,20,0,0,0,0,0,0,0,0,0,0,0,0,0,0,0,0,0,146,253,192,43,0,0,0,0,0,0,0,0,0,14,107,8,0,0,0,0,34,239,253,234,0,0,0,0,0,0,0,0,12,174,226,45,0,0,0,0,0,97,253,217,0,0,0,0,0,0,0,0,106,253,58,0,0,0,0,0,0,163,253,104,0,0,0,0,0,0,0,0,212,253,221,114,20,5,0,0,24,216,253,114,0,0,0,0,0,0,0,0,40,232,253,253,253,171,143,143,160,253,253,234,0,0,0,0,0,0,0,0,0,99,229,253,253,253,253,253,253,252,247,160,0,0,0,3
0,0,0,0,0,0,0,115,118,118,218,255,254,254,254,135,89,0,0,0,0,0,0,0,0,6,167,253,253,253,253,253,253,253,253,253,215,29,0,0,0,0,0,0,0,129,253,253,253,233,233,245,177,214,253,253,253,116,0,0,0,0,0,0,0,37,131,198,149,45,45,55,0,30,61,228,253,212,0,0,0,0,0,0,0,0,0,0,0,0,0,0,0,0,0,220,253,119,0,0,0,0,0,0,0,0,0,0,0,0,0,0,0,0,6,222,253,75,0,0,0,0,0,0,0,0,0,0,0,0,0,0,0,0,104,253,221,37,0,0,0,0,0,0,0,6,111,111,111,111,90,0,0,0,238,253,191,0,0,0,0,0,0,99,227,228,253,253,253,253,248,227,223,157,252,253,142,0,0,0,0,0,100,242,253,253,253,253,253,253,253,253,253,253,253,253,54,0,0,0,0,19,221,253,220,123,68,68,68,179,214,253,253,253,253,208,25,0,0,0,0,97,253,217,29,0,0,0,0,0,17,107,253,253,253,253,54,0,0,0,0,175,253,198,0,0,0,0,0,0,0,32,253,253,253,253,132,0,0,0,58,243,253,198,0,0,0,0,0,0,24,208,253,253,253,253,221,37,0,0,118,253,253,198,0,0,0,0,0,0,179,253,250,150,248,253,253,222,39,0,79,247,253,246,116,0,0,0,30,195,244,244,92,0,88,242,253,253,140,0,0,126,253,253,246,118,63,63,129,253,253,118,0,0,0,47,162,191,102,0,0,81,247,253,253,253,253,253,253,253,123,26,0,0,0,0,0,0,0,0,0,0,196,248,253,253,253,253,235,121,26,0,0,0,0,0,0,0,0,0,0,0,0,119,253,253,253,119,12,0,0,0,0,0,0,0,0,0,0,0,2
0,0,0,0,0,0,0,0,0,0,0,0,0,0,0,0,0,0,0,0,0,0,0,0,0,0,0,0,0,0,0,0,0,0,0,0,0,0,0,0,0,0,0,0,0,0,0,0,0,0,0,0,0,0,0,0,0,0,0,0,0,0,0,0,0,0,0,0,0,0,0,0,0,0,0,0,0,0,0,0,0,0,0,0,0,0,0,0,0,0,0,0,0,0,0,0,20,7,0,0,0,0,0,0,0,0,0,0,0,0,0,0,0,27,126,169,246,196,55,0,0,0,0,0,0,0,0,0,0,0,0,98,106,211,253,252,252,252,235,0,0,0,0,0,0,0,0,55,148,166,253,253,253,253,254,253,253,253,86,0,0,0,0,36,85,164,190,232,252,253,252,252,231,168,138,252,252,205,11,0,16,119,153,241,253,252,252,252,252,241,187,126,16,0,43,252,251,129,0,0,232,252,252,252,253,252,194,162,84,35,0,0,0,0,183,252,160,0,0,0,252,252,252,252,191,68,4,0,0,0,0,0,0,45,253,252,126,0,0,0,253,250,211,124,0,0,0,0,0,0,0,0,38,236,255,204,9,0,0,0,168,110,0,0,0,0,0,0,0,0,0,0,143,252,253,89,0,0,0,0,0,0,0,0,0,0,0,0,0,0,0,29,246,252,253,107,0,0,0,0,0,0,0,0,0,0,0,0,0,0,22,158,252,252,128,21,0,0,0,0,0,0,0,0,0,0,0,0,0,18,155,252,252,208,0,0,0,0,0,0,0,0,0,0,0,0,0,0,0,25,227,253,227,69,0,0,0,0,0,0,0,0,0,0,0,0,0,0,0,123,252,252,160,11,0,0,0,0,0,0,0,0,0,0,0,0,0,0,0,12,21,21,16,0,0,0,0,0,0,0,7
0,0,0,0,0,0,0,0,0,0,73,163,195,156,21,0,0,0,0,0,0,0,0,0,0,0,0,0,0,0,163,253,253,253,175,0,0,0,0,0,0,0,0,0,0,0,0,0,0,0,143,253,221,226,253,46,0,0,0,0,0,0,0,0,0,0,0,0,2,116,254,229,75,241,253,52,0,0,0,0,0,0,0,0,0,0,0,0,84,253,254,153,204,253,155,0,0,0,0,0,0,0,0,0,0,0,0,0,110,254,255,189,254,242,26,0,0,0,0,0,0,0,0,0,0,0,0,0,53,237,254,253,232,68,0,0,0,0,0,0,0,0,0,0,0,0,0,0,16,191,254,225,44,0,0,0,0,0,0,0,0,0,0,0,0,0,0,3,151,253,254,241,35,0,0,0,0,0,0,0,0,0,0,0,0,0,0,102,253,253,189,253,158,0,0,0,0,0,0,0,0,0,0,0,0,0,94,241,248,84,73,254,228,16,0,0,0,0,0,0,0,0,0,0,0,16,200,253,130,0,5,217,253,106,0,0,0,0,0,0,0,0,0,0,0,163,253,176,8,0,0,100,253,189,0,0,0,0,0,0,0,0,0,0,40,254,229,40,0,0,0,55,253,235,0,0,0,0,0,0,0,0,0,0,155,254,133,0,0,0,0,55,253,235,0,0,0,0,0,0,0,0,0,0,182,255,109,0,0,0,0,55,254,235,0,0,0,0,0,0,0,0,0,0,181,254,128,0,0,0,16,162,253,182,0,0,0,0,0,0,0,0,0,0,91,254,245,95,21,14,131,253,234,40,0,0,0,0,0,0,0,0,0,0,0,203,251,253,230,218,254,249,104,0,0,0,0,0,0,0,0,0,0,0,0,0,119,207,253,253,228,95,0,0,0,0,0,0,0,0,8
0,0,0,0,0,141,254,254,254,254,254,254,215,45,0,0,0,0,0,0,0,0,0,0,0,51,136,136,106,82,121,224,254,195,39,0,0,0,0,0,0,0,0,0,0,0,0,0,0,0,0,23,174,254,85,0,0,0,0,0,0,0,0,0,0,0,0,0,0,0,0,0,9,240,155,0,0,0,0,0,0,0,0,0,0,0,0,0,0,0,0,0,0,238,165,0,0,0,0,0,0,0,0,0,0,0,0,0,0,0,0,0,23,243,138,0,0,0,0,0,0,0,0,0,0,0,0,0,0,0,0,9,178,254,85,0,0,0,0,0,0,0,0,0,0,0,0,0,0,0,0,168,254,212,23,0,0,0,0,0,0,0,0,0,0,0,0,0,0,0,110,246,243,56,0,0,0,0,0,0,0,0,0,0,0,0,0,0,0,84,246,254,105,0,0,0,0,0,0,0,0,0,0,0,0,0,0,0,56,226,254,203,12,0,0,0,0,0,0,0,0,0,0,0,0,0,0,3,220,254,178,20,0,0,0,0,0,0,0,0,0,0,0,0,0,0,0,115,254,206,19,0,0,0,0,0,0,0,0,0,0,0,0,0,0,0,53,252,241,62,0,0,12,71,181,91,0,0,0,0,0,0,0,0,0,0,170,254,157,0,16,101,219,254,254,242,27,0,0,0,0,0,0,0,0,50,250,252,71,139,229,254,254,254,254,254,60,0,0,0,0,0,0,0,0,79,254,253,232,254,254,254,203,123,171,254,60,0,0,0,0,0,0,0,0,141,254,254,254,254,221,75,3,0,1,82,25,0,0,0,0,0,0,0,0,45,222,254,223,104,6,0,0,0,0,0,0,0,0,0,0,0,0,0,0,0,0,0,0,0,0,0,0,0,0,0,0,0,0,0,2
0,0,0,0,0,0,0,0,0,0,0,0,0,0,0,0,0,0,0,0,0,0,0,0,0,0,0,0,0,94,254,175,0,0,0,0,0,0,0,0,0,0,0,0,0,0,0,0,0,129,253,175,0,0,0,0,0,0,0,0,0,0,0,0,0,0,0,0,11,226,253,175,0,0,0,0,0,0,0,0,0,0,0,0,0,0,0,0,92,253,253,199,0,0,0,0,0,0,0,0,0,0,0,0,0,0,0,0,230,254,254,254,0,0,0,0,0,0,0,0,0,0,0,0,0,0,0,37,254,235,235,253,13,0,0,0,0,0,0,0,0,0,0,0,0,0,0,138,254,196,215,253,79,0,0,0,0,0,0,0,0,0,0,0,0,0,19,240,248,70,215,253,79,0,0,0,0,0,0,0,0,0,0,0,0,0,143,254,248,236,254,254,156,0,0,0,0,0,0,0,0,0,0,0,0,31,244,253,251,214,235,253,156,0,0,0,0,0,0,0,0,0,0,0,0,6,146,123,36,0,136,253,156,0,0,0,0,0,0,0,0,0,0,0,0,0,0,0,0,0,89,253,156,0,0,0,0,0,0,0,0,0,0,0,0,0,0,0,0,0,59,254,162,0,0,0,0,0,0,0,0,0,0,0,0,0,0,0,0,0,50,250,234,0,0,0,0,0,0,0,0,0,0,0,0,0,0,0,0,0,0,234,251,50,0,0,0,0,0,0,0,0,0,0,0,0,0,0,0,0,0,234,254,58,0,0,0,0,0,0,0,0,0,0,0,0,0,0,0,0,0,156,255,89,0,0,0,0,0,0,0,0,0,0,0,0,0,0,0,0,0,97,254,172,0,0,0,0,0,0,0,0,0,0,0,0,0,0,0,0,0,79,254,172,0,0,0,0,0,0,4
0,0,0,0,0,0,0,0,0,0,0,0,128,0,64,128,255,191,64,0,0,0,0,0,0,0,0,0,0,0,0,0,255,255,255,255,255,128,64,0,0,0,0,0,0,0,0,0,0,0,0,128,255,255,255,191,0,0,0,0,0,0,0,0,0,0,0,0,0,0,128,255,255,255,255,255,0,0,0,0,0,0,0,0,0,0,0,0,0,128,255,255,128,0,128,255,191,0,0,0,0,0,0,0,0,0,0,0,128,255,255,128,0,0,64,255,255,64,0,0,0,0,0,0,0,0,0,64,255,255,128,0,0,0,0,255,255,128,0,0,0,0,0,0,0,0,64,255,255,255,0,0,0,0,0,255,255,128,0,0,0,0,0,0,0,64,255,255,191,64,0,0,0,0,0,255,255,128,0,0,0,0,0,0,0,128,255,255,64,0,0,0,0,0,64,255,255,128,0,0,0,0,0,0,0,255,255,128,0,0,0,0,0,0,128,255,255,64,0,0,0,0,0,0,191,255,255,0,0,0,0,0,0,0,128,255,191,0,0,0,0,0,0,128,255,255,64,0,0,0,0,0,0,64,255,255,0,0,0,0,0,0,64,255,255,128,0,0,0,0,0,0,64,255,255,191,0,0,0,0,0,0,191,255,191,0,0,0,0,0,0,128,255,255,191,64,0,0,0,0,0,0,255,255,64,0,0,0,0,64,255,255,255,191,64,0,0,0,0,0,0,64,255,255,0,0,0,0,191,255,255,255,128,0,0,0,0,0,0,0,0,128,255,255,128,191,255,255,255,255,191,64,0,0,0,0,0,0,0,0,0,64,255,255,255,255,255,255,191,64,0,0,0,0,0,0,0,0,0,0,0,0,64,128,255,191,128,0,0,0,0,0,0,0,0,0,0,0,0,0,0
0,0,0,0,0,0,0,121,254,215,99,27,0,0,0,0,0,0,0,0,0,0,0,0,0,0,0,107,254,254,254,243,88,0,0,0,0,0,0,0,0,0,0,0,0,0,11,226,248,233,254,254,246,90,0,0,0,0,0,0,0,0,0,0,0,0,138,254,145,24,158,254,254,233,63,0,0,0,0,0,0,0,0,0,0,0,138,214,36,0,26,157,254,254,210,0,0,0,0,0,0,0,0,0,0,0,53,230,23,0,0,27,158,254,236,0,0,0,0,0,0,0,0,0,0,0,0,121,113,0,0,0,55,254,252,68,0,0,0,0,0,0,0,0,0,0,0,0,141,41,0,11,181,254,225,11,0,0,0,0,0,0,0,0,0,0,0,0,73,136,77,183,254,231,83,0,0,0,0,0,0,0,0,0,0,0,0,0,92,238,254,255,234,49,0,0,0,0,0,0,0,0,0,0,0,0,0,0,154,254,255,182,33,0,0,0,0,0,0,0,0,0,0,0,0,0,0,123,251,254,254,149,0,0,0,0,0,0,0,0,0,0,0,0,0,0,37,245,235,145,159,244,74,0,0,0,0,0,0,0,0,0,0,0,0,0,144,254,55,0,0,176,190,22,0,0,0,0,0,0,0,0,0,0,0,0,163,254,36,0,0,47,247,191,0,0,0,0,0,0,0,0,0,0,0,0,164,254,62,0,0,0,121,254,138,0,0,0,0,0,0,0,0,0,0,0,144,254,232,51,0,0,16,163,235,0,0,0,0,0,0,0,0,0,0,0,11,226,254,238,185,128,123,221,235,0,0,0,0,0,0,0,0,0,0,0,0,84,225,254,254,254,254,254,229,0,0,0,0,0,0,0,0,0,0,0,0,0,11,112,195,254,254,241,61,0,0,0,0,0,8
0,0,0,0,0,0,0,0,0,0,46,254,245,31,0,0,0,0,0,0,0,0,0,0,0,0,0,0,0,0,0,254,253,36,0,0,0,0,0,0,0,0,0,0,0,0,0,0,0,0,66,254,253,36,0,0,0,0,0,0,0,0,0,0,0,0,0,0,0,12,228,255,238,26,0,0,0,0,0,0,0,0,0,0,0,0,0,0,0,19,253,254,128,0,0,0,0,0,0,0,0,0,0,0,0,0,0,0,77,168,220,217,15,0,0,0,0,0,0,0,0,0,0,0,0,0,0,4,123,188,188,0,0,0,0,0,0,0,0,0,0,0,0,0,0,0,27,190,253,253,155,0,0,0,0,0,0,0,0,0,0,0,0,0,0,27,255,254,254,209,0,0,0,0,58,137,53,0,0,0,0,0,0,0,4,158,254,253,212,30,0,0,71,190,249,253,249,183,40,0,0,0,0,0,64,253,243,81,18,0,27,121,250,253,253,253,254,253,127,0,0,0,0,0,109,253,181,0,3,64,238,254,249,189,73,54,215,249,59,0,0,0,0,14,193,253,84,0,37,253,253,105,57,0,0,66,228,133,59,0,0,0,0,128,254,254,0,0,186,248,117,0,0,0,128,228,149,39,0,0,0,0,0,76,253,253,114,164,250,235,0,16,158,235,249,149,39,0,0,0,0,0,0,6,194,253,254,253,253,250,204,196,253,234,152,11,0,0,0,0,0,0,0,0,63,215,254,253,244,236,233,254,236,104,0,0,0,0,0,0,0,0,0,0,0,26,98,142,36,19,253,105,5,0,0,0,0,0,0,0,0,0,0,0,0,0,0,0,0,0,0,0,0,0,0,0,0,0,0,0,0,0,0,0,0,0,0,0,0,0,0,0,0,0,0,0,0,0,0,0,6
0,0,0,0,0,0,0,0,0,0,0,0,0,0,0,0,0,0,0,0,0,0,0,31,92,152,152,254,253,254,172,41,0,0,0,0,0,0,0,0,0,0,0,193,252,253,252,253,252,253,252,243,122,0,0,0,0,0,0,0,0,0,203,255,253,224,203,102,102,203,203,234,253,82,0,0,0,0,0,0,0,0,203,253,130,20,0,0,0,0,0,71,252,243,40,0,0,0,0,0,0,0,123,123,0,0,0,0,0,0,0,51,253,254,50,0,0,0,0,0,0,0,0,0,0,0,0,0,0,0,0,51,252,253,50,0,0,0,0,0,0,0,0,0,0,0,0,0,0,11,132,173,253,254,50,0,0,0,0,0,0,0,0,0,0,0,0,0,0,10,212,253,252,172,10,0,0,0,0,0,0,0,0,0,0,0,0,0,0,0,82,254,253,21,0,0,0,0,0,0,0,0,0,0,0,0,0,0,0,0,0,131,252,203,20,0,0,0,0,0,0,0,0,0,0,0,0,0,0,0,0,0,142,254,50,0,0,0,0,0,0,0,0,0,0,0,0,0,0,0,0,0,20,253,172,0,0,0,0,0,0,0,0,0,0,0,0,0,0,0,0,0,0,254,253,0,0,0,0,0,0,0,0,0,0,0,0,0,0,0,0,0,0,253,252,41,0,0,0,0,0,0,0,0,0,0,0,0,0,0,0,0,21,254,253,102,0,0,0,0,0,0,0,0,0,0,0,0,0,0,0,21,203,253,252,20,0,0,0,0,0,0,0,0,0,0,0,0,0,31,92,214,253,255,233,0,0,0,0,0,0,0,0,0,0,0,0,62,142,233,252,253,252,253,70,0,0,0,0,0,0,0,0,0,21,92,253,255,253,255,253,244,162,0,0,0,0,0,0,0,3
0,0,0,0,0,0,0,0,0,0,0,0,0,0,0,0,0,0,0,0,0,0,0,0,0,0,0,0,0,0,29,166,253,253,179,22,0,0,0,0,0,0,0,0,0,0,0,0,82,169,216,252,252,252,253,196,0,0,0,0,0,0,0,0,0,0,0,82,240,252,253,252,252,252,253,158,0,0,48,160,0,0,0,0,0,0,13,206,252,252,253,252,252,252,241,47,0,51,241,252,0,0,0,0,0,0,29,253,253,253,151,26,223,253,229,54,229,253,255,253,0,0,0,0,0,0,29,252,252,252,0,0,85,240,253,252,252,252,253,214,0,0,0,0,0,0,29,252,252,164,0,57,191,252,253,252,252,214,56,19,0,0,0,0,0,0,29,252,252,240,126,243,252,252,253,252,164,28,0,0,0,0,0,0,0,0,29,253,253,253,254,253,253,253,214,88,0,0,0,0,0,0,0,0,0,0,10,171,252,252,253,252,208,96,0,0,0,0,0,0,0,0,0,0,0,0,10,172,252,252,253,170,13,0,0,0,0,0,0,0,0,0,0,0,0,0,79,252,252,252,253,84,0,0,0,0,0,0,0,0,0,0,0,0,0,76,254,253,253,253,254,146,0,0,0,0,0,0,0,0,0,0,0,0,45,231,253,252,252,252,253,196,0,0,0,0,0,0,0,0,0,0,0,0,197,252,253,252,252,252,253,109,0,0,0,0,0,0,0,0,0,0,0,51,246,252,253,252,252,252,228,9,0,0,0,0,0,0,0,0,0,0,0,170,253,253,254,253,253,241,101,0,0,0,0,0,0,0,0,0,0,0,7,187,252,252,253,252,233,109,0,0,0,0,0,0,0,0,0,0,0,0,7,187,252,252,253,196,62,0,0,0,0,0,0,0,0,0,0,0,8
0,0,0,35,196,255,254,254,210,150,111,20,0,0,0,0,0,0,0,0,0,0,14,211,253,253,253,253,253,253,253,204,94,6,0,0,0,0,0,0,0,0,37,253,253,243,211,114,116,217,246,253,253,134,11,0,0,0,0,0,0,0,25,232,253,105,0,0,0,0,54,182,253,253,206,53,0,0,0,0,0,0,0,49,71,6,0,0,0,0,0,4,134,252,253,139,0,0,0,0,0,0,0,0,0,0,0,0,0,0,0,0,0,209,253,247,88,0,0,0,0,0,0,0,0,0,0,0,0,0,0,0,0,44,253,253,218,17,0,0,0,0,0,0,0,0,0,0,0,0,0,0,0,11,206,253,253,36,0,0,0,0,0,0,0,0,0,0,0,0,0,0,0,0,182,253,253,36,0,0,0,0,0,0,0,0,0,0,0,0,0,0,0,0,182,253,253,36,0,0,0,0,0,0,0,0,0,0,0,0,0,0,0,0,182,253,253,36,0,0,0,0,0,31,95,145,139,42,42,17,0,0,0,48,252,253,253,36,0,0,0,0,142,237,253,253,253,253,253,216,152,74,0,214,253,253,202,9,0,0,0,0,244,253,253,253,252,222,222,229,253,251,239,253,253,253,130,0,0,0,0,0,244,253,253,201,68,0,0,15,113,252,253,253,253,164,24,0,0,0,0,0,236,253,253,181,0,0,0,13,144,253,253,253,253,129,0,0,0,0,0,0,61,236,253,230,81,40,70,222,253,253,253,253,253,204,22,0,0,0,0,0,0,61,240,253,253,239,253,253,253,253,209,42,187,253,131,2,0,0,0,0,0,0,59,213,253,253,253,242,156,135,23,0,29,214,253,125,0,0,0,0,0,0,0,14,53,82,46,37,0,0,0,0,0,32,134,158,0,0,2
0,0,0,0,0,0,0,0,0,0,0,0,0,0,0,0,0,0,0,0,0,0,0,0,0,0,0,0,0,0,0,0,0,0,0,0,0,0,0,0,0,0,0,0,0,0,0,0,0,0,0,0,0,0,0,0,0,0,0,0,0,0,0,0,0,0,0,0,0,0,0,0,0,0,0,0,0,0,0,0,0,0,0,0,0,0,6,34,5,34,111,236,254,230,153,3,0,0,0,0,0,0,170,177,177,177,190,253,187,254,253,253,253,253,253,128,0,0,0,0,0,40,247,253,253,253,253,253,253,254,253,253,253,253,253,242,0,0,0,0,0,100,253,253,253,253,253,247,231,232,231,139,15,169,253,242,0,0,0,0,0,78,222,234,210,145,88,61,0,0,0,0,0,166,253,242,0,0,0,0,0,0,24,36,12,0,0,0,0,0,0,0,0,166,253,242,0,0,0,0,0,0,0,0,0,0,0,0,0,0,0,0,11,208,253,189,0,0,0,0,0,0,0,0,0,0,0,0,0,0,0,0,42,253,253,113,0,0,0,0,0,0,0,0,0,0,0,0,0,0,0,0,166,253,226,15,0,0,0,0,0,0,0,0,0,0,0,0,0,0,0,0,243,253,165,0,0,0,0,0,0,0,0,0,0,0,0,0,0,0,0,0,244,255,55,0,0,0,0,0,0,0,0,0,0,0,0,0,0,0,0,27,246,215,17,0,0,0,0,0,0,0,0,0,0,0,0,0,0,0,0,143,253,198,0,0,0,0,0,0,0,0,0,0,0,0,0,0,0,0,64,252,253,140,0,0,0,0,0,0,0,0,0,0,0,0,0,0,0,0,91,253,253,88,0,0,0,0,0,0,0,0,0,0,0,0,0,0,0,12,204,253,197,19,0,0,0,0,0,0,7
0,0,0,0,0,0,0,0,0,0,0,0,0,0,0,0,0,0,0,0,0,0,0,0,0,0,0,0,0,0,0,0,0,0,0,0,0,0,0,0,0,0,0,0,0,0,0,0,0,0,0,14,94,218,254,254,255,166,17,0,0,0,0,0,0,0,0,0,0,5,145,209,253,253,253,253,253,253,67,0,0,0,0,0,0,0,0,2,126,224,253,253,253,253,251,253,253,209,16,0,0,0,0,0,0,0,26,171,253,253,253,253,157,137,210,253,253,209,3,0,0,0,0,0,0,0,200,253,253,253,178,65,21,204,253,253,253,209,3,0,0,0,0,0,39,227,251,253,213,35,10,95,223,253,253,253,253,111,1,0,0,0,0,4,173,253,253,233,92,56,157,233,253,253,253,253,213,17,0,0,0,0,0,89,253,253,253,253,228,253,253,253,253,253,253,244,78,0,0,0,0,0,0,114,253,253,253,253,253,253,253,253,253,253,253,128,0,0,0,0,0,0,0,91,253,253,253,243,199,249,195,196,253,253,253,49,0,0,0,0,0,0,0,2,72,161,65,43,0,49,62,220,253,253,91,3,0,0,0,0,0,0,0,0,0,0,0,0,0,2,164,253,253,214,24,0,0,0,0,0,0,0,0,0,0,0,0,0,0,68,253,253,223,66,0,0,0,0,0,0,0,0,0,0,0,0,0,0,34,241,253,253,128,0,0,0,0,0,0,0,0,0,0,0,0,0,0,17,197,253,253,153,1,0,0,0,0,0,0,0,0,0,0,0,0,0,3,135,253,253,240,86,0,0,0,0,0,0,0,0,0,0,0,0,0,0,11,253,253,253,199,0,0,0,0,0,0,0,0,0,0,0,0,0,0,11,181,253,253,230,43,0,0,0,0,0,0,0,0,0,9
0,0,0,0,0,0,0,0,0,15,159,254,87,0,0,0,0,0,0,0,0,0,0,0,0,0,0,0,0,166,254,147,4,0,0,0,0,0,0,0,0,0,0,0,0,0,0,0,85,217,234,18,0,0,0,0,0,0,0,0,0,0,0,0,0,0,0,0,19,189,120,0,0,0,0,0,0,0,0,0,0,0,0,0,0,0,0,0,30,244,59,0,0,0,0,0,0,0,0,0,0,0,0,0,0,0,0,0,127,251,0,0,0,0,0,0,0,0,0,0,0,0,0,0,0,0,0,0,164,121,0,0,0,0,0,0,0,0,0,0,0,0,0,0,0,0,0,16,232,100,0,0,0,0,0,0,0,0,0,0,0,0,0,0,0,0,0,78,254,30,0,0,0,0,0,0,0,0,0,0,0,0,0,0,0,0,0,109,200,0,0,0,0,0,0,0,0,0,0,0,0,0,0,0,0,0,0,109,200,0,0,0,0,0,0,0,0,0,0,0,0,0,0,0,0,0,0,129,231,193,224,224,134,2,0,0,0,0,0,0,0,0,0,0,0,4,163,252,250,168,161,161,243,138,0,0,0,0,0,0,0,0,0,0,0,34,235,254,141,0,0,0,120,244,28,0,0,0,0,0,0,0,0,0,0,0,25,195,123,0,0,0,0,247,62,0,0,0,0,0,0,0,0,0,0,0,0,136,148,0,0,0,0,246,60,0,0,0,0,0,0,0,0,0,0,0,0,109,239,26,0,0,39,234,0,0,0,0,0,0,0,0,0,0,0,0,0,53,214,203,78,92,225,182,0,0,0,0,0,0,0,0,0,0,0,0,0,0,52,217,255,254,121,8,0,0,0,0,0,0,0,0,0,0,0,0,0,0,0,0,0,0,0,0,0,0,0,0,0,0,6
0,0,0,0,0,0,0,0,0,0,0,0,0,0,0,0,0,0,0,0,0,0,0,0,0,0,0,0,0,0,0,0,0,0,0,0,0,0,0,0,0,0,0,0,0,0,0,0,0,0,0,0,0,0,0,0,0,0,0,0,0,0,0,0,130,255,156,47,46,20,0,0,0,0,0,0,0,0,0,0,0,0,0,0,130,253,253,253,252,220,197,96,94,83,0,0,0,0,0,0,0,0,0,0,130,253,253,253,253,253,253,253,253,252,70,0,0,0,0,0,0,0,0,0,130,253,253,253,253,253,253,253,253,253,72,0,0,0,0,0,0,0,0,0,130,253,239,20,110,206,174,239,247,253,126,0,0,0,0,0,0,0,0,0,40,200,238,0,0,0,30,45,167,253,175,0,0,0,0,0,0,0,0,0,0,128,238,0,0,0,0,5,150,253,201,11,0,0,0,0,0,0,0,0,0,26,150,0,0,0,0,0,156,253,72,0,0,0,0,0,0,0,0,0,0,0,17,0,0,0,0,18,217,253,72,0,0,0,0,0,0,0,0,0,0,0,0,0,0,0,0,26,230,253,72,0,0,0,0,0,0,0,0,0,0,0,0,0,0,0,0,42,253,253,72,0,0,0,0,0,0,0,0,0,0,0,0,0,0,0,0,42,253,253,72,0,0,0,0,0,0,0,0,0,0,0,0,0,0,0,0,42,253,253,72,0,0,0,0,0,0,0,0,0,0,0,0,0,0,0,0,139,253,253,72,0,0,0,0,0,0,0,0,0,0,0,0,0,0,0,0,145,253,253,72,0,0,0,0,0,0,0,0,0,0,0,0,0,0,0,0,145,253,253,72,0,0,0,0,0,0,0,0,0,0,0,0,0,0,0,0,216,253,253,72,0,0,0,0,0,7
0,0,0,0,0,0,0,0,0,0,0,82,173,44,0,0,0,0,0,0,0,0,0,0,0,0,0,0,0,0,0,173,253,121,0,0,0,0,0,0,0,0,0,0,0,0,0,0,0,0,0,206,253,154,0,0,0,0,0,0,0,0,0,0,0,0,0,0,0,0,0,254,253,144,0,0,0,0,0,0,0,0,0,0,0,0,0,0,0,0,73,254,253,44,0,0,0,0,0,0,0,0,0,0,0,0,0,0,0,0,111,254,253,44,0,0,0,0,0,0,0,0,0,0,0,0,0,0,0,0,111,254,253,44,0,0,0,0,0,0,0,0,0,0,0,0,0,0,0,0,111,254,213,17,0,0,0,0,0,0,0,0,0,0,0,0,0,0,0,0,111,255,187,0,0,0,0,0,0,0,0,0,0,0,0,0,0,0,0,0,207,254,187,0,0,0,0,0,0,0,0,0,0,0,0,0,0,0,0,93,254,237,34,0,0,0,0,0,0,0,0,0,0,0,0,0,0,0,0,188,253,221,0,0,0,0,0,0,0,0,0,0,0,0,0,0,0,0,18,214,253,87,0,0,0,0,0,0,0,0,0,0,0,0,0,0,0,0,55,253,195,0,0,0,0,0,0,0,0,0,0,0,0,0,0,0,0,3,176,253,143,0,0,0,0,0,0,0,0,0,0,0,0,0,0,0,0,12,253,253,143,0,0,0,0,0,0,0,0,0,0,0,0,0,0,0,0,12,253,253,138,0,0,0,0,0,0,0,0,0,0,0,0,0,0,0,0,12,253,253,33,0,0,0,0,0,0,0,0,0,0,0,0,0,0,0,0,8,223,253,148,34,0,0,0,0,0,0,0,0,0,0,0,0,0,0,0,0,40,225,205,63,0,0,0,0,0,0,0,0,1
0,0,0,0,0,0,0,0,0,0,0,145,252,252,252,128,0,0,0,0,0,0,0,0,0,0,0,0,0,0,25,211,247,223,252,225,47,0,0,0,0,0,0,0,0,0,0,0,0,0,213,252,135,16,204,252,184,7,0,0,0,0,0,0,0,0,0,0,0,0,253,252,96,0,81,238,252,36,0,0,0,0,0,0,0,0,0,0,0,0,161,252,96,0,0,101,252,36,0,0,0,0,0,0,0,0,0,0,0,0,35,252,205,28,0,14,48,7,0,0,0,0,0,0,0,0,0,0,0,0,2,114,252,205,28,0,0,0,0,0,0,0,0,0,0,0,0,0,0,0,0,3,165,252,72,0,0,0,0,0,0,0,0,0,0,0,0,0,0,0,122,132,248,252,244,57,0,0,0,0,0,0,0,0,0,4,13,117,184,253,255,253,253,253,253,60,0,0,0,0,0,0,0,17,111,175,252,252,242,228,229,159,128,252,252,60,0,0,0,0,0,0,23,221,252,252,240,216,124,0,0,0,37,252,252,60,0,0,0,0,0,0,37,252,241,169,56,0,0,0,0,0,37,252,252,60,0,0,0,0,0,0,37,252,206,15,0,0,0,0,0,0,37,252,252,60,0,0,0,0,0,0,26,228,252,172,14,0,0,0,0,0,71,252,206,14,0,0,0,0,0,0,0,55,228,252,214,102,8,0,0,9,189,252,151,0,0,0,0,0,0,0,0,0,112,229,252,252,168,97,0,71,252,252,72,0,0,0,0,0,0,0,0,0,0,53,180,252,252,252,230,242,252,231,41,0,0,0,0,0,0,0,0,0,0,0,4,11,121,131,138,252,235,49,0,0,0,0,0,0,0,0,0,0,0,0,0,0,0,0,0,0,0,0,0,0,0,0,0,0,5
0,0,0,0,0,0,0,0,0,0,0,43,217,253,253,162,0,0,0,0,0,0,0,0,0,0,0,0,0,0,99,254,253,253,253,253,0,0,0,0,0,0,0,0,0,0,0,0,13,107,248,254,253,253,253,185,0,0,0,0,0,0,0,0,0,0,0,0,116,253,253,254,253,253,110,14,0,0,0,0,0,0,0,0,0,0,0,140,254,254,254,255,226,60,0,0,0,0,0,0,0,0,0,0,0,0,96,247,253,253,253,241,50,0,0,0,0,0,0,0,0,0,0,0,0,31,224,253,253,253,222,30,0,0,0,0,0,0,0,0,0,0,0,0,7,197,254,253,253,216,34,0,0,0,0,0,0,0,0,0,0,0,0,0,115,253,254,253,222,34,0,0,0,0,0,0,0,0,0,0,0,0,0,0,235,254,255,249,98,0,0,0,0,41,149,156,46,0,0,0,0,0,0,67,250,253,254,142,0,0,0,43,200,241,253,253,245,123,0,0,0,0,0,79,253,253,235,27,0,13,116,254,253,253,253,253,254,233,0,0,0,0,0,79,253,253,204,6,0,107,253,254,253,253,231,229,254,251,72,0,0,0,0,79,253,253,254,76,61,248,253,254,253,154,27,98,254,253,78,0,0,0,0,0,235,254,255,254,254,254,254,255,76,41,127,254,255,254,78,0,0,0,0,0,181,253,254,253,253,253,253,254,220,241,253,253,254,243,42,0,0,0,0,0,12,212,254,253,253,253,253,254,253,253,253,253,254,165,0,0,0,0,0,0,0,15,186,253,253,253,253,254,253,253,253,237,131,10,0,0,0,0,0,0,0,0,14,103,155,170,253,254,253,222,103,36,0,0,0,0,0,0,0,0,0,0,0,0,0,0,0,0,0,0,0,0,0,0,0,0,6
0,0,0,0,0,0,0,0,0,0,0,0,0,0,0,0,104,253,216,16,0,0,0,0,0,0,0,0,0,0,0,0,0,0,0,0,253,252,252,28,0,0,0,0,0,0,0,0,0,0,0,0,0,0,0,89,253,252,224,19,0,0,0,0,0,0,0,0,0,0,0,0,0,0,38,225,253,227,43,0,0,0,0,0,0,0,0,0,0,0,0,0,0,32,229,253,163,0,0,0,0,0,0,0,0,0,0,0,0,0,0,0,7,150,252,252,88,0,0,0,0,0,0,0,0,0,0,0,0,0,0,0,66,252,252,164,0,0,0,0,0,0,0,0,0,0,0,0,0,0,0,101,241,252,164,28,0,0,0,0,0,0,0,0,0,0,0,0,0,26,172,253,254,146,0,0,0,0,0,0,0,0,0,0,0,0,0,0,0,13,209,252,234,65,0,0,0,0,0,0,0,0,0,0,0,0,0,0,23,209,252,252,100,0,0,0,0,0,0,0,0,0,0,0,0,0,0,101,229,252,214,40,0,0,0,0,0,0,0,0,0,0,0,0,0,7,117,241,254,222,25,0,0,0,0,0,0,0,0,0,0,0,0,0,7,76,228,252,247,152,0,0,0,0,0,0,0,0,0,0,0,0,0,0,104,252,252,214,150,0,0,0,0,0,0,0,0,0,0,0,0,0,38,213,253,252,214,28,0,0,0,0,0,0,0,0,0,0,0,0,0,32,229,253,255,209,25,0,0,0,0,0,0,0,0,0,0,0,0,0,19,187,252,252,184,28,0,0,0,0,0,0,0,0,0,0,0,0,0,0,117,252,252,214,50,0,0,0,0,0,0,0,0,0,0,0,0,0,0,0,79,215,214,28,0,0,0,0,0,0,0,0,0,0,0,0,0,0,0,0,1
0,0,0,0,0,0,0,0,0,0,226,255,86,0,0,0,0,0,0,0,0,0,0,0,0,0,0,0,0,29,255,255,57,0,0,0,0,0,0,0,0,0,0,0,0,0,0,0,0,198,255,170,0,0,0,0,0,0,0,0,0,0,0,0,0,0,0,0,114,255,255,29,0,0,0,0,0,0,0,0,0,0,0,0,0,0,0,29,226,255,141,0,0,0,0,0,0,0,0,0,0,0,0,0,0,0,0,170,255,198,0,0,0,0,0,57,114,141,0,0,0,0,0,0,0,0,114,255,255,86,0,0,0,57,226,255,255,255,170,0,0,0,0,0,0,57,255,255,86,0,0,0,29,226,255,198,57,114,255,0,0,0,0,0,0,170,255,170,0,0,0,29,226,255,141,0,0,86,198,0,0,0,0,0,86,255,255,57,0,0,0,141,255,198,0,0,0,170,170,0,0,0,0,0,198,255,141,0,0,0,57,255,255,57,0,0,57,255,114,0,0,0,0,57,255,226,29,0,0,0,86,255,170,0,0,0,114,198,0,0,0,0,0,114,255,170,0,0,0,0,86,255,170,0,0,57,255,114,0,0,0,0,0,226,255,86,0,0,0,0,86,255,170,0,57,226,226,29,0,0,0,0,0,255,255,57,0,0,0,0,57,255,198,86,255,226,57,0,0,0,0,0,0,198,255,57,0,0,0,0,0,170,255,255,226,57,0,0,0,0,0,0,0,114,255,226,57,0,29,86,114,226,255,255,170,0,0,0,0,0,0,0,0,0,170,255,255,255,255,255,255,226,114,226,255,141,0,0,0,0,0,0,0,0,0,57,141,198,170,141,86,0,0,29,86,170,170,0,0,0,0,0,0,0,0,0,0,0,0,0,0,0,0,0,0,0,0,0,0,0,6
0,0,0,0,0,0,0,0,0,0,0,0,0,0,0,0,0,0,0,0,0,0,0,0,0,0,0,0,0,0,0,0,0,0,0,0,0,0,0,0,0,0,0,0,0,0,0,0,0,0,0,0,0,0,0,0,0,0,0,0,0,0,0,0,0,0,0,0,86,197,255,253,86,28,0,0,0,0,0,0,0,0,0,0,0,0,169,168,253,251,253,251,253,196,0,0,0,0,0,0,0,0,0,0,0,0,255,253,254,253,254,253,254,253,198,28,0,0,0,0,0,0,0,0,0,0,253,251,253,251,139,251,253,251,253,83,0,0,0,0,0,0,0,0,0,169,255,253,0,0,0,114,254,253,254,84,0,0,0,0,0,0,0,0,57,224,253,138,0,0,0,0,253,251,253,83,0,0,0,0,0,0,0,0,255,253,114,0,0,0,85,197,254,253,169,0,0,0,0,0,0,0,0,0,253,251,169,168,169,168,253,251,253,251,56,0,0,0,0,0,0,0,0,0,254,253,254,253,254,253,254,253,254,253,0,0,0,0,0,0,0,0,0,0,253,251,253,251,253,251,253,251,253,251,0,0,0,0,0,0,0,0,0,0,169,225,254,253,226,168,0,0,254,253,0,0,0,0,0,0,0,0,0,0,0,56,84,83,56,0,0,0,253,251,0,0,0,0,0,0,0,0,0,0,0,0,0,0,0,0,0,0,254,253,0,0,0,0,0,0,0,0,0,0,0,0,0,0,0,0,0,0,253,251,114,0,0,0,0,0,0,0,0,0,0,0,0,0,0,0,0,0,85,253,254,84,0,0,0,0,0,0,0,0,0,0,0,0,0,0,0,0,28,196,253,83,0,0,0,0,0,0,0,0,0,0,0,0,0,0,0,0,0,169,254,253,0,0,0,0,9
0,0,0,0,0,0,0,0,0,0,0,0,0,0,0,0,0,0,0,0,0,0,0,0,0,136,165,253,253,227,105,106,80,0,0,0,0,0,0,0,0,0,0,0,0,223,252,252,252,252,252,253,206,21,0,0,0,0,0,0,0,0,0,0,0,127,250,245,252,252,252,253,117,31,0,0,0,0,0,0,0,0,0,0,0,40,118,71,132,153,252,253,114,0,0,0,0,0,0,0,0,0,0,0,0,0,0,0,0,6,29,209,210,27,0,0,0,0,0,0,0,0,0,0,0,0,0,0,0,0,0,31,221,106,0,0,0,0,0,0,0,0,0,0,0,0,0,0,0,0,0,0,208,237,0,0,0,0,0,0,0,0,0,0,0,0,0,0,0,0,0,0,208,237,0,0,0,0,0,0,0,0,0,0,0,0,0,0,0,0,27,194,242,210,0,0,0,0,0,0,0,0,0,0,0,0,0,0,53,149,209,253,252,88,0,0,0,0,0,0,0,0,0,0,0,0,0,134,253,253,253,255,253,89,0,0,0,0,0,0,0,0,0,0,0,0,0,103,213,206,192,193,192,203,208,77,18,0,0,0,0,0,0,0,0,0,0,0,32,21,0,0,0,58,158,250,82,0,0,0,0,0,0,0,0,0,0,0,0,0,0,0,0,0,0,153,222,0,0,0,0,0,0,0,0,0,0,0,0,0,0,0,0,0,0,119,248,105,0,0,0,0,0,0,0,0,0,0,0,0,0,0,0,2,101,243,230,35,0,0,0,0,0,0,0,0,0,0,0,0,0,0,32,141,252,252,142,0,0,0,0,0,0,0,0,0,0,0,32,90,90,91,216,246,162,31,4,0,0,0,0,0,0,0,92,149,150,193,214,252,252,234,84,55,0,0,0,0,0,0,3
0,0,0,0,0,54,150,150,219,255,254,254,178,47,3,0,0,0,0,0,0,0,0,0,104,249,253,253,253,253,253,253,253,253,15,0,0,0,0,0,0,0,0,0,187,253,253,253,245,172,114,153,253,253,115,0,0,0,0,0,0,0,0,0,187,253,253,174,51,0,0,0,138,253,205,24,0,0,0,0,0,0,0,0,15,20,20,3,0,0,0,0,42,253,253,72,0,0,0,0,0,0,0,0,0,0,0,0,0,0,0,0,42,253,253,72,0,0,0,0,0,0,0,0,0,0,0,0,0,0,0,47,184,253,252,68,0,0,0,0,0,0,0,0,0,0,0,0,0,53,63,179,253,253,222,0,0,0,0,0,0,0,0,0,0,0,107,213,213,247,253,253,253,253,223,2,0,0,0,0,0,0,0,0,0,38,224,253,253,253,253,253,253,253,253,94,0,0,0,0,0,0,0,0,0,130,253,253,253,253,233,155,53,129,248,238,61,0,0,0,0,0,0,0,0,13,180,205,109,107,4,0,0,0,162,253,146,0,0,0,0,0,0,0,0,0,0,0,0,0,0,0,0,0,21,228,248,63,0,0,0,0,0,0,0,0,0,0,0,0,0,0,0,0,0,182,253,83,0,0,0,0,0,0,0,0,0,0,0,0,0,0,0,0,55,233,253,83,0,0,0,0,0,0,0,168,156,24,0,0,0,0,0,53,236,253,243,42,0,0,0,0,0,0,57,247,253,204,0,0,42,68,170,234,253,253,162,0,0,0,0,0,0,0,12,232,253,251,218,218,240,253,253,253,253,246,82,0,0,0,0,0,0,0,0,130,253,253,253,253,253,253,253,210,141,27,0,0,0,0,0,0,0,0,0,24,148,253,253,253,253,172,46,12,0,0,0,0,0,0,3
0,0,0,0,0,0,0,0,0,0,0,0,89,253,253,0,0,0,0,0,0,0,0,0,0,0,0,0,0,0,0,84,236,251,251,0,0,0,0,0,0,0,0,0,0,0,0,0,0,0,0,144,251,251,251,0,0,0,0,0,0,0,0,0,0,0,0,0,0,0,0,144,251,251,251,0,0,0,0,0,0,0,0,0,0,0,0,0,0,0,53,221,251,251,122,0,0,0,0,0,0,0,0,0,0,0,0,0,0,0,125,253,253,221,51,0,0,0,0,0,0,0,0,0,0,0,0,0,0,105,253,251,251,142,0,0,0,0,0,0,0,0,0,0,0,0,0,0,0,180,253,251,246,123,0,0,0,0,0,0,0,0,0,0,0,0,0,0,0,180,253,251,215,0,0,0,0,0,0,0,0,0,0,0,0,0,0,0,79,231,253,251,86,0,0,0,0,0,0,0,0,0,0,0,0,0,0,11,150,253,255,211,25,0,0,0,0,0,0,0,0,0,0,0,0,0,0,37,251,251,253,107,0,0,0,0,0,0,0,0,0,0,0,0,0,0,0,192,251,251,242,92,0,0,0,0,0,0,0,0,0,0,0,0,0,0,0,217,251,251,180,0,0,0,0,0,0,0,0,0,0,0,0,0,0,0,105,241,251,251,180,0,0,0,0,0,0,0,0,0,0,0,0,0,0,21,176,253,253,253,0,0,0,0,0,0,0,0,0,0,0,0,0,0,0,73,251,251,251,251,105,0,0,0,0,0,0,0,0,0,0,0,0,0,0,228,251,251,251,251,180,0,0,0,0,0,0,0,0,0,0,0,0,0,0,253,251,251,251,251,103,0,0,0,0,0,0,0,0,0,0,0,0,0,0,124,251,251,251,122,0,0,0,0,0,0,0,0,0,0,1
0,0,0,0,0,0,0,0,0,0,0,0,0,0,0,0,0,0,0,0,0,0,0,0,0,0,0,0,0,0,0,0,0,0,0,0,0,0,0,0,0,0,0,0,0,0,0,0,6,83,167,195,254,254,255,254,200,17,0,0,0,0,0,0,0,0,0,96,225,254,254,233,203,254,254,254,254,137,0,0,0,0,0,0,0,0,85,250,228,159,75,12,5,17,66,254,254,119,0,0,0,0,0,0,0,0,202,239,36,0,0,0,0,0,72,229,212,71,0,0,0,0,0,0,0,0,211,250,99,0,0,0,0,11,190,119,132,55,0,0,0,0,0,0,0,0,126,254,193,10,0,0,0,117,228,46,136,0,0,0,0,0,0,0,0,0,8,164,254,148,0,0,105,244,120,18,0,0,0,0,0,0,0,0,0,0,0,7,201,252,66,103,247,88,0,0,0,0,0,0,0,0,0,0,0,0,0,0,103,254,230,252,146,0,0,0,0,0,0,0,0,0,0,0,0,0,0,0,6,206,254,145,0,0,0,0,0,0,0,0,0,0,0,0,0,0,0,0,103,255,254,89,0,0,0,0,0,0,0,0,0,0,0,0,0,0,0,72,231,229,254,142,0,0,0,0,0,0,0,0,0,0,0,0,0,0,73,226,134,80,254,175,0,0,0,0,0,0,0,0,0,0,0,0,0,10,180,181,7,9,254,175,0,0,0,0,0,0,0,0,0,0,0,0,0,121,248,55,0,9,254,175,0,0,0,0,0,0,0,0,0,0,0,0,26,221,145,0,0,52,254,175,0,0,0,0,0,0,0,0,0,0,0,0,93,254,62,0,0,106,254,106,0,0,0,0,0,0,0,0,0,0,0,0,140,254,80,2,61,237,248,21,0,0,0,0,0,0,0,0,8
0,0,0,0,0,0,0,0,0,0,0,0,0,0,0,0,0,0,0,0,0,0,0,0,0,0,0,0,0,0,0,0,0,0,60,163,236,176,43,0,0,0,0,0,0,0,0,0,0,0,0,0,26,185,250,219,190,251,203,2,0,0,0,0,0,0,0,0,0,0,0,0,164,219,77,0,0,120,254,58,0,0,0,0,0,0,0,0,64,182,172,27,17,6,0,0,0,74,254,91,0,0,0,0,0,0,0,126,250,221,227,100,0,0,0,0,0,122,251,65,0,0,0,0,0,0,87,253,131,0,203,7,0,0,0,0,7,223,188,0,0,0,0,0,0,8,223,238,18,50,167,0,0,0,0,0,107,253,59,0,0,0,0,0,0,18,255,197,0,0,0,0,0,0,0,32,239,162,0,0,0,0,0,0,0,9,212,236,16,0,0,0,0,0,2,138,240,21,0,0,0,0,0,0,0,0,124,254,70,0,0,0,0,23,166,223,38,0,0,0,0,0,0,0,0,0,9,227,232,3,0,0,43,207,224,72,0,0,0,0,0,0,0,0,0,0,0,91,254,125,8,120,241,180,9,0,0,0,0,0,0,0,0,0,0,0,0,3,225,235,202,253,134,9,0,0,0,0,0,0,0,0,0,0,0,0,0,16,233,254,211,65,0,0,0,0,0,0,0,0,0,0,0,0,0,19,126,236,254,254,66,0,0,0,0,0,0,0,0,0,0,0,0,0,32,207,190,108,196,248,9,0,0,0,0,0,0,0,0,0,0,0,0,78,230,112,0,43,241,195,0,0,0,0,0,0,0,0,0,0,0,0,30,242,96,0,26,212,252,101,0,0,0,0,0,0,0,0,0,0,0,0,66,254,128,169,245,251,122,0,0,0,0,0,0,0,0,0,0,0,8
0,0,0,0,0,0,0,0,0,0,116,253,176,0,0,0,0,0,0,0,0,0,0,0,0,0,0,0,0,68,215,253,25,0,0,0,0,0,0,0,0,0,0,0,0,0,0,0,0,198,254,136,0,0,0,0,0,0,0,0,0,0,0,0,0,0,0,0,114,251,223,31,0,0,0,0,0,0,0,0,0,0,0,0,0,0,0,0,203,253,137,0,0,0,0,0,0,0,0,0,0,0,0,0,0,0,0,0,254,253,71,0,0,0,0,0,0,0,0,0,0,0,0,0,0,0,0,151,255,182,0,0,0,0,0,0,0,0,0,0,0,0,0,0,0,0,5,197,254,115,0,0,0,0,0,0,0,0,0,0,0,0,0,0,0,0,74,253,254,194,207,207,208,191,72,0,0,0,0,0,0,0,0,0,0,0,207,253,254,253,253,253,228,245,238,25,0,0,0,0,0,0,0,0,0,81,237,254,210,50,34,0,0,147,254,161,0,0,0,0,0,0,0,0,81,251,253,253,9,0,0,0,0,47,253,211,0,0,0,0,0,0,0,0,180,234,253,211,0,0,0,0,0,47,253,253,0,0,0,0,0,0,0,0,0,47,253,160,0,0,0,0,0,47,253,253,0,0,0,0,0,0,0,0,0,47,254,220,0,0,0,0,19,136,254,228,0,0,0,0,0,0,0,0,0,21,228,253,172,55,47,80,170,253,240,40,0,0,0,0,0,0,0,0,0,0,122,246,254,253,253,253,254,240,108,0,0,0,0,0,0,0,0,0,0,0,0,50,161,245,253,219,136,31,0,0,0,0,0,0,0,0,0,0,0,0,0,0,0,0,0,0,0,0,0,0,0,0,0,0,0,0,0,0,0,0,0,0,0,0,0,0,0,0,0,0,0,0,0,0,6
0,0,0,0,0,0,0,0,0,0,0,0,0,0,0,0,0,0,0,0,0,0,0,0,26,128,245,254,254,254,254,178,95,0,0,0,0,0,0,0,0,0,0,30,180,254,253,253,253,254,253,253,253,231,180,25,0,0,0,0,0,0,0,149,253,254,164,46,46,71,104,213,238,254,253,122,0,0,0,0,0,0,17,199,253,169,6,0,0,0,0,0,25,120,253,104,0,0,0,0,0,0,47,254,254,34,0,0,0,0,0,0,0,0,0,0,0,0,0,0,0,0,47,253,253,0,0,0,0,0,0,0,0,0,0,0,0,0,0,0,0,0,47,253,253,0,0,0,0,24,108,149,182,149,116,72,0,0,0,0,0,0,47,253,253,34,0,85,184,254,253,253,253,254,253,246,184,0,0,0,0,0,47,254,254,195,178,254,254,254,254,254,203,185,248,254,254,170,7,0,0,0,38,244,253,254,253,253,253,148,64,23,6,0,38,160,253,254,73,0,0,0,0,199,253,254,253,225,71,0,0,0,0,0,0,21,246,254,194,5,0,0,0,40,194,136,69,13,0,0,0,0,0,0,0,0,151,254,253,46,0,0,0,0,0,0,0,0,0,0,0,0,0,0,0,0,34,254,254,46,0,0,0,0,0,0,0,81,55,0,0,0,0,0,0,0,0,254,253,46,0,0,0,0,0,0,0,207,236,0,0,0,0,0,0,0,43,254,253,46,0,0,0,0,0,0,0,140,253,34,0,0,0,0,0,0,159,254,219,13,0,0,0,0,0,0,0,24,254,195,40,0,0,0,13,120,254,255,148,0,0,0,0,0,0,0,0,3,190,254,224,138,138,164,235,253,253,254,31,0,0,0,0,0,0,0,0,0,34,211,253,253,253,254,253,253,244,113,4,0,5
0,0,0,0,0,0,0,0,0,0,0,0,0,0,0,226,114,5,0,0,0,0,0,0,0,0,0,0,0,0,0,0,0,1,38,238,145,4,0,0,0,0,0,0,0,0,0,0,0,0,0,0,0,67,254,248,56,0,0,0,0,0,0,0,0,0,0,0,0,0,0,0,53,249,254,96,0,0,0,0,0,0,0,0,0,0,0,0,0,0,0,0,129,254,176,10,0,0,0,0,0,0,0,0,0,0,0,0,0,0,0,56,246,241,8,0,0,0,0,0,0,0,0,0,0,0,0,0,0,0,0,139,254,166,0,0,0,0,0,0,0,0,0,0,0,0,0,0,0,0,103,252,221,24,0,0,0,0,0,0,0,0,0,0,0,0,0,0,0,0,150,254,157,0,0,0,0,0,0,0,0,0,0,0,0,0,0,0,0,77,251,232,39,0,0,0,0,0,0,0,0,0,0,0,0,0,0,0,19,220,254,146,0,0,0,0,0,0,0,0,0,0,0,0,0,0,0,0,203,255,181,0,0,0,0,0,0,0,0,0,0,0,0,0,0,0,0,39,247,254,99,0,0,0,0,0,0,0,0,0,0,0,0,0,0,0,9,132,254,201,3,0,0,0,0,0,0,0,0,0,0,0,0,0,0,0,80,254,251,54,0,0,0,0,0,0,0,0,0,0,0,0,0,0,0,24,209,254,113,0,0,0,0,0,0,0,0,0,0,0,0,0,0,0,0,90,254,243,13,0,0,0,0,0,0,0,0,0,0,0,0,0,0,0,8,203,244,71,0,0,0,0,0,0,0,0,0,0,0,0,0,0,0,0,78,254,224,0,0,0,0,0,0,0,0,0,0,0,0,0,0,0,0,0,81,254,107,0,0,0,0,0,0,0,0,0,0,0,0,0,1
0,0,0,0,0,0,0,0,0,0,0,0,0,0,0,0,0,0,0,0,0,0,0,0,0,0,0,23,151,255,254,254,254,254,254,254,254,254,142,73,0,0,0,0,0,2,5,155,253,253,253,253,253,253,253,253,253,253,253,141,0,0,0,0,20,153,168,17,132,235,146,111,111,111,111,111,111,111,223,131,0,0,0,8,208,253,240,67,0,0,0,0,0,0,0,0,0,0,0,0,0,0,0,5,185,253,253,140,0,0,0,0,0,0,0,0,0,0,0,0,0,0,0,0,143,253,253,93,0,0,0,0,0,0,0,0,0,0,0,0,0,0,0,0,143,253,253,93,0,0,0,0,0,0,0,0,0,0,0,0,0,0,0,0,143,253,253,93,0,0,0,0,0,0,0,0,0,0,0,0,0,0,0,0,143,253,253,93,0,39,56,43,0,0,0,0,0,0,0,0,0,0,0,0,143,253,230,34,84,232,253,237,186,149,43,0,0,0,0,0,0,0,0,0,143,253,246,201,253,253,205,202,253,253,234,33,0,0,0,0,0,0,0,0,143,253,253,253,204,94,16,14,149,237,253,165,11,0,0,0,0,0,0,0,143,253,253,183,17,0,0,0,0,99,253,253,37,0,0,0,0,0,0,0,24,43,43,16,0,0,0,0,0,75,253,253,37,0,0,0,0,0,0,0,0,0,0,0,0,0,0,0,0,75,253,253,37,0,0,0,0,0,0,0,8,41,0,0,0,0,0,0,0,75,253,253,37,0,0,0,0,0,0,6,177,239,140,0,0,0,0,0,81,210,253,217,22,0,0,0,0,0,0,1,150,253,251,218,112,112,112,142,249,253,253,51,0,0,0,0,0,0,0,0,16,205,253,253,253,253,253,253,253,218,35,2,0,0,0,0,5
0,0,0,0,0,0,0,0,0,0,0,0,0,0,0,0,0,0,0,0,0,0,0,0,0,0,0,0,0,0,97,194,48,0,0,0,0,0,0,0,0,0,0,0,0,0,0,0,0,0,156,253,78,0,0,0,0,0,0,0,0,0,0,0,0,0,0,0,0,0,127,253,78,0,0,0,0,0,0,0,0,0,0,0,0,0,0,0,0,0,59,253,78,0,0,0,0,0,0,0,0,0,0,0,0,0,0,0,0,0,134,245,48,0,0,0,0,0,0,0,0,0,0,0,0,0,0,0,0,0,255,234,0,0,0,0,0,0,0,0,0,0,0,0,0,0,0,0,0,0,254,188,0,0,0,0,0,0,0,0,0,0,0,0,0,0,0,0,0,0,254,135,0,0,0,0,0,0,0,0,0,0,0,0,0,0,0,0,0,91,254,46,0,0,0,0,0,0,0,0,0,0,0,0,0,0,0,0,0,98,254,39,0,0,0,0,0,0,0,0,0,0,0,0,0,0,0,0,0,196,255,39,0,0,0,0,0,0,0,0,0,0,0,0,0,0,0,0,19,222,204,6,0,0,0,0,0,0,0,0,0,0,0,0,0,0,0,0,40,253,128,0,0,0,0,0,0,0,0,0,0,0,0,0,0,0,0,0,40,253,98,0,0,0,0,0,0,0,0,0,0,0,0,0,0,0,0,0,115,253,23,0,0,0,0,0,0,0,0,0,0,0,0,0,0,0,0,0,137,254,0,0,0,0,0,0,0,0,0,0,0,0,0,0,0,0,0,0,182,245,0,0,0,0,0,0,0,0,0,0,0,0,0,0,0,0,0,0,234,155,0,0,0,0,0,0,0,0,0,0,0,0,0,0,0,0,0,73,251,208,0,0,0,0,0,0,0,0,0,0,1
0,0,0,0,0,0,0,0,0,0,0,0,0,0,0,0,0,0,0,0,0,0,0,0,0,0,0,0,0,0,0,0,0,0,0,0,0,0,0,0,0,0,0,0,11,84,168,254,254,255,254,129,0,0,0,0,0,0,0,0,0,0,0,13,122,254,254,254,192,191,246,252,130,0,0,0,0,0,0,0,0,0,0,67,254,241,84,54,1,0,39,212,245,39,0,0,0,0,0,0,0,0,0,64,254,187,0,0,0,0,0,30,225,103,0,0,21,190,41,0,0,0,0,50,254,222,30,0,0,0,0,0,141,40,0,69,191,228,28,0,0,0,0,13,154,252,201,37,1,0,0,0,0,1,69,225,235,46,0,0,0,0,0,0,0,79,254,254,34,0,0,0,0,128,254,254,236,24,0,0,0,0,0,0,0,1,44,228,226,36,0,46,167,253,254,154,42,0,0,0,0,0,0,0,0,0,1,12,130,219,147,229,254,253,108,7,0,0,0,0,0,0,0,0,0,0,0,0,0,205,254,254,213,55,0,0,0,0,0,0,0,0,0,0,0,0,0,0,57,245,254,228,31,0,0,0,0,0,0,0,0,0,0,0,0,0,0,6,250,250,157,92,5,0,0,0,0,0,0,0,0,0,0,0,0,0,0,87,254,194,0,143,185,0,0,0,0,0,0,0,0,0,0,0,0,0,6,227,254,47,0,0,178,0,0,0,0,0,0,0,0,0,0,0,0,0,33,254,209,7,0,23,236,69,0,0,0,0,0,0,0,0,0,0,0,0,99,254,101,0,0,0,196,71,0,0,0,0,0,0,0,0,0,0,0,0,53,254,108,0,0,42,239,46,0,0,0,0,0,0,0,0,0,0,0,0,9,254,240,39,43,213,242,64,0,0,0,0,0,0,8
0,0,0,0,0,0,0,0,0,0,0,0,0,0,0,219,158,1,0,0,0,0,0,0,0,0,0,0,0,0,0,0,0,0,48,238,254,92,0,0,0,0,0,0,0,0,0,0,0,0,0,0,0,6,161,254,247,77,0,0,0,0,0,0,0,0,0,0,0,0,0,0,8,159,254,254,142,0,0,0,0,0,0,0,0,0,0,0,0,0,0,0,151,254,254,243,27,0,0,0,0,0,0,0,0,0,0,0,0,0,10,72,235,254,254,82,0,0,0,0,0,0,0,0,0,0,0,0,0,0,84,254,254,254,218,31,0,0,0,0,0,0,0,0,0,0,0,0,0,39,233,254,254,199,14,0,0,0,0,0,0,0,0,0,0,0,0,0,12,161,254,254,254,146,0,0,0,0,0,0,0,0,0,0,0,0,0,0,81,254,254,254,169,13,0,0,0,0,0,0,0,0,0,0,0,0,0,34,235,254,254,236,41,0,0,0,0,0,0,0,0,0,0,0,0,0,0,44,254,254,236,131,0,0,0,0,0,0,0,0,0,0,0,0,0,0,0,144,254,254,192,0,0,0,0,0,0,0,0,0,0,0,0,0,0,0,135,240,254,235,66,0,0,0,0,0,0,0,0,0,0,0,0,0,0,73,241,254,254,92,0,0,0,0,0,0,0,0,0,0,0,0,0,0,23,243,254,254,210,9,0,0,0,0,0,0,0,0,0,0,0,0,0,0,25,254,254,254,152,0,0,0,0,0,0,0,0,0,0,0,0,0,0,0,81,254,254,214,6,0,0,0,0,0,0,0,0,0,0,0,0,0,0,0,149,254,219,10,0,0,0,0,0,0,0,0,0,0,0,0,0,0,0,0,89,255,95,0,0,0,0,0,0,0,0,0,0,0,0,0,1
0,0,0,0,0,0,0,0,0,6,90,216,255,178,62,0,0,0,0,0,0,0,0,0,0,0,0,0,15,169,254,254,238,254,172,0,0,0,0,0,0,0,0,0,0,0,0,1,171,254,198,69,21,204,246,0,0,0,0,0,0,0,0,0,0,0,0,72,254,198,40,0,0,157,250,37,0,0,0,0,0,0,0,0,0,0,0,85,254,126,0,0,0,157,249,32,0,0,0,0,0,0,0,0,0,0,0,85,254,64,0,0,19,211,222,0,0,0,0,0,0,0,0,0,0,0,0,85,254,64,0,1,120,252,111,0,0,0,0,0,0,0,0,0,0,0,0,85,254,64,21,155,250,115,0,0,0,0,0,0,0,0,0,0,0,0,0,51,254,171,204,248,91,0,0,0,0,0,0,0,0,0,0,0,0,0,0,1,193,254,234,118,0,0,15,64,0,0,0,0,0,0,0,0,0,0,0,0,178,254,132,70,133,133,227,174,0,0,0,0,0,0,0,0,0,0,0,0,106,254,254,254,237,163,56,8,0,0,0,0,0,0,0,0,0,0,0,102,220,254,254,146,72,0,0,0,0,0,0,0,0,0,0,0,0,0,52,251,240,128,254,94,0,0,0,0,0,0,0,0,0,0,0,0,0,0,211,252,69,29,254,178,0,0,0,0,0,0,0,0,0,0,0,0,0,47,249,250,0,29,254,201,0,0,0,0,0,0,0,0,0,0,0,0,0,61,254,250,0,6,197,227,28,0,0,0,0,0,0,0,0,0,0,0,0,9,237,253,128,7,151,254,109,0,0,0,0,0,0,0,0,0,0,0,0,0,94,252,252,233,254,239,54,0,0,0,0,0,0,0,0,0,0,0,0,0,0,64,179,254,202,22,0,0,0,0,0,0,0,0,8
0,0,0,0,0,0,0,0,0,0,0,76,255,253,253,53,0,0,0,0,0,0,0,0,0,0,0,0,0,0,19,231,247,208,252,252,26,0,0,0,0,0,0,0,0,0,0,0,76,0,85,252,100,13,209,252,113,0,0,0,0,0,0,0,0,0,0,101,250,75,185,202,0,0,97,252,113,0,0,0,0,0,0,0,0,0,0,0,254,146,85,78,0,32,229,253,51,0,0,0,0,0,0,0,0,0,0,0,253,208,97,28,7,150,252,227,0,0,0,0,0,0,0,0,0,0,0,0,216,252,112,44,154,252,224,43,0,0,0,0,0,0,0,0,0,0,0,0,141,252,205,225,253,202,19,0,0,0,0,0,0,0,0,0,0,0,0,0,141,253,253,253,176,38,0,0,0,0,0,0,0,0,0,0,0,0,0,151,216,252,252,252,38,0,0,0,0,0,0,0,0,0,0,0,0,19,172,246,253,252,252,252,38,0,0,0,0,0,0,0,0,0,0,0,76,231,252,202,128,53,228,252,113,0,0,0,0,0,0,0,0,0,0,0,204,247,137,13,0,0,126,250,176,0,0,0,0,0,0,0,0,0,0,76,253,196,0,0,0,0,0,225,244,56,0,0,0,0,0,0,0,0,0,113,253,196,0,0,0,0,0,225,253,84,0,0,0,0,0,0,0,0,0,63,253,196,0,0,0,0,0,225,253,184,0,0,0,0,0,0,0,0,0,0,129,253,216,28,0,0,0,226,254,197,0,0,0,0,0,0,0,0,0,0,10,171,252,215,108,57,57,231,253,121,0,0,0,0,0,0,0,0,0,0,0,38,168,243,253,252,252,252,194,19,0,0,0,0,0,0,0,0,0,0,0,0,0,25,140,215,252,151,13,0,0,0,0,0,0,0,8
0,0,0,0,0,0,0,0,3,141,202,254,193,44,0,0,0,0,0,0,0,0,0,0,0,0,0,5,165,254,179,163,249,244,72,0,0,0,0,0,0,0,0,0,0,0,0,135,254,150,0,0,189,254,243,31,0,0,0,0,0,0,0,0,0,0,82,248,209,5,0,0,164,236,254,115,0,0,0,0,0,0,0,0,0,8,211,254,58,0,0,0,0,33,230,212,6,0,0,0,0,0,0,0,0,119,254,156,3,0,0,0,0,18,230,254,33,0,0,0,0,0,0,0,10,212,254,35,0,0,0,0,0,33,254,254,33,0,0,0,0,0,0,0,116,254,154,3,0,0,0,0,0,33,254,254,33,0,0,0,0,0,0,0,124,254,115,0,0,0,0,0,0,160,254,239,23,0,0,0,0,0,0,0,203,254,35,0,0,0,0,0,0,197,254,178,0,0,0,0,0,0,0,23,239,221,11,0,0,0,0,0,0,198,255,123,0,0,0,0,0,0,0,23,238,178,0,0,0,0,0,0,10,219,254,96,0,0,0,0,0,0,0,30,249,204,0,0,0,0,0,0,25,235,254,62,0,0,0,0,0,0,0,26,243,204,0,0,0,0,0,0,91,254,248,36,0,0,0,0,0,0,0,33,254,204,0,0,0,0,0,67,241,254,133,0,0,0,0,0,0,0,0,33,254,214,7,0,0,0,50,242,254,194,24,0,0,0,0,0,0,0,0,5,193,254,78,0,0,19,128,254,195,36,0,0,0,0,0,0,0,0,0,0,103,254,222,74,143,235,254,228,83,0,0,0,0,0,0,0,0,0,0,0,30,242,254,254,254,254,252,84,0,0,0,0,0,0,0,0,0,0,0,0,0,23,64,158,200,174,61,0,0,0,0,0,0,0,0,0,0
0,0,0,0,0,0,0,0,0,0,0,50,238,240,47,233,251,58,0,0,0,0,0,0,0,0,0,6,47,95,202,227,254,251,226,254,254,146,0,0,0,0,0,0,0,0,0,32,254,254,254,254,254,155,108,233,254,209,27,0,0,0,0,0,0,0,84,249,254,254,254,209,25,3,0,6,109,254,46,0,0,0,0,0,0,0,110,254,254,243,108,32,0,0,0,0,8,254,163,0,0,0,0,0,22,139,248,254,182,80,0,0,0,0,0,0,8,254,200,0,0,0,0,0,185,254,254,192,82,0,0,0,0,0,0,0,8,254,200,0,0,0,0,182,238,254,173,19,0,0,0,0,0,0,0,0,8,254,240,73,0,0,77,252,254,182,7,0,0,0,0,0,0,0,0,0,8,254,254,100,0,15,180,254,172,10,0,0,0,0,0,0,0,0,0,0,56,254,205,9,0,61,254,246,56,0,0,0,0,0,0,0,0,0,0,6,171,254,200,0,0,202,254,86,0,0,0,0,0,0,0,0,0,0,0,63,254,254,125,0,28,216,254,7,0,0,0,0,0,0,0,0,0,0,32,209,254,225,33,0,40,222,254,7,0,0,0,0,0,0,0,0,0,20,209,254,254,137,0,0,102,254,187,4,0,0,0,0,0,0,0,0,104,209,254,254,247,0,0,0,102,254,233,44,0,0,59,63,63,63,171,217,250,254,254,239,93,0,0,0,98,253,254,221,163,163,249,254,255,254,254,254,254,254,247,93,0,0,0,0,0,202,254,254,254,254,254,254,254,254,254,254,254,173,0,0,0,0,0,0,0,65,200,253,254,254,254,254,254,254,216,200,64,15,0,0,0,0,0,0,0,0,0,98,100,184,202,119,174,100,30,0,0,0,0,0,0,0,0,0,0
0,0,0,0,0,0,0,0,0,0,0,0,0,0,0,0,0,0,0,0,0,0,0,0,0,0,0,0,0,0,0,0,0,0,0,0,0,0,0,0,0,0,0,0,0,0,0,0,0,0,0,0,0,0,0,0,0,0,0,0,0,0,0,0,8,72,245,254,172,33,0,0,0,0,0,0,0,0,0,0,0,0,0,16,194,253,253,253,253,220,163,50,0,0,0,0,0,0,0,0,0,0,0,115,253,175,101,44,78,154,254,242,210,9,0,0,0,0,0,0,0,0,53,244,190,3,0,0,0,0,11,123,253,69,0,0,0,0,0,0,0,0,100,239,31,0,0,0,0,0,0,23,201,121,0,0,0,0,0,0,0,0,100,231,0,0,0,0,0,0,0,0,22,114,0,0,39,0,0,0,0,0,96,246,232,194,16,10,0,0,0,0,0,10,0,48,222,0,0,0,0,0,0,114,253,253,210,236,155,155,141,45,45,103,155,232,242,0,0,0,0,0,0,6,66,179,220,253,253,124,255,253,253,253,253,253,160,0,0,0,0,0,0,0,0,12,19,52,143,128,143,143,100,42,71,206,36,0,0,0,0,0,0,0,0,0,0,0,0,0,0,0,0,0,0,200,70,0,0,0,0,0,0,0,0,0,0,0,0,0,0,0,0,0,0,199,99,0,0,0,0,0,0,0,0,0,0,0,0,0,0,0,0,0,0,199,131,0,0,0,0,0,0,0,0,0,0,0,0,0,0,0,0,0,54,251,190,0,0,0,0,0,0,0,0,0,0,0,0,0,0,0,0,0,56,253,170,0,0,0,0,0,0,0,0,0,0,0,0,0,0,0,0,0,142,253,131,0,0,0,0,0,0,0,0,0,0,0,0,0,0,0,0,0,166,253,79,0,0,0,9
0,0,0,0,0,0,0,0,0,0,0,0,0,0,0,0,0,0,0,0,0,0,0,0,0,0,0,0,0,74,235,254,209,113,0,0,0,0,0,0,0,0,0,0,0,0,0,22,147,251,163,143,233,214,17,0,0,0,0,0,0,0,0,0,0,0,81,214,253,152,0,104,205,253,200,45,0,0,0,0,0,0,0,0,0,121,244,211,35,1,99,241,246,248,235,243,72,0,0,0,0,0,0,0,52,246,228,81,0,0,204,183,48,58,8,173,243,45,0,0,0,0,0,3,174,226,44,0,0,0,193,94,0,0,0,8,185,165,2,0,0,0,0,127,253,91,0,0,0,0,29,65,0,0,0,0,168,188,3,0,0,0,11,225,242,21,0,0,0,0,0,0,0,0,0,0,179,249,9,0,0,0,103,253,103,0,0,0,0,0,0,0,0,0,0,0,134,253,9,0,0,0,164,250,64,0,0,0,0,0,0,0,0,0,0,0,233,200,4,0,0,9,236,233,0,0,0,0,0,0,0,0,0,0,0,0,234,163,0,0,0,11,253,210,0,0,0,0,0,0,0,0,0,0,0,0,234,163,0,0,0,2,178,139,0,0,0,0,0,0,0,0,0,0,0,43,243,119,0,0,0,0,164,239,22,0,0,0,0,0,0,0,0,0,17,229,244,47,0,0,0,0,116,254,79,0,0,0,0,0,0,0,0,45,216,253,82,0,0,0,0,0,45,243,111,0,0,0,0,0,0,0,82,229,246,104,6,0,0,0,0,0,0,206,218,27,0,0,0,0,29,122,243,244,158,0,0,0,0,0,0,0,0,46,253,221,118,5,0,73,241,253,213,80,0,0,0,0,0,0,0,0,0,1,146,232,253,245,245,250,235,146,21,0,0,0,0,0,0,0,0
0,0,0,0,0,0,0,0,0,0,0,0,0,0,0,0,0,0,0,0,0,0,0,0,0,0,13,97,170,253,253,128,19,0,0,0,0,0,0,0,0,0,0,0,0,22,212,252,252,214,227,253,236,65,0,0,0,0,0,0,0,0,0,0,0,199,253,252,252,45,63,201,252,234,33,0,0,0,0,0,0,0,0,0,0,135,253,235,128,9,168,169,252,252,139,0,0,0,0,0,0,0,0,0,0,168,253,153,0,0,11,13,211,252,202,11,0,0,0,0,0,0,0,0,0,231,255,92,0,0,0,0,22,216,253,33,0,0,0,0,0,0,0,0,0,230,253,92,0,0,0,5,47,197,252,137,0,0,0,0,0,0,0,0,0,230,253,123,0,26,122,191,252,252,252,137,0,0,0,0,0,0,0,0,0,230,253,206,0,187,252,253,252,252,252,232,0,0,0,0,0,0,0,0,0,73,253,227,146,248,252,253,252,252,252,252,0,0,0,0,0,0,0,0,0,0,191,253,253,253,253,255,253,205,116,241,127,0,0,0,0,0,0,0,0,0,61,214,252,252,252,249,185,25,0,157,178,0,0,0,0,0,0,0,0,0,0,34,234,252,221,63,0,0,0,199,230,0,0,0,0,0,0,0,0,0,0,0,184,252,137,0,0,0,0,230,230,0,0,0,0,0,0,0,0,0,0,43,246,252,32,0,0,0,43,188,178,0,0,0,0,0,0,0,0,0,0,47,253,161,0,0,0,49,233,253,53,0,0,0,0,0,0,0,0,0,0,47,252,219,15,5,47,197,252,157,0,0,0,0,0,0,0,0,0,0,0,47,252,252,137,138,252,252,153,6,0,0,0,0,0,0,0,0,0,0,0,9,196,252,252,253,252,101,9,0,0,0,0,0,8
0,0,0,0,0,0,0,0,0,0,0,0,0,0,0,0,0,0,0,0,0,0,0,0,0,0,0,0,0,0,0,0,0,0,0,0,0,0,0,0,0,0,0,0,0,0,0,0,0,0,0,0,0,0,0,0,0,0,0,0,0,0,0,0,0,4,110,255,227,129,30,0,0,0,6,55,130,70,0,0,0,0,0,0,84,211,253,253,253,194,13,50,136,136,237,253,253,90,1,0,0,0,11,92,210,253,253,253,253,253,253,253,253,253,253,253,253,181,5,0,0,2,153,253,253,253,253,253,253,253,253,253,253,253,253,253,179,8,0,0,0,7,199,253,253,253,253,253,253,253,253,253,253,253,253,226,21,0,0,0,0,11,237,253,253,229,134,93,93,93,135,253,253,253,176,11,0,0,0,0,0,0,49,86,86,32,0,0,0,0,69,253,253,253,58,0,0,0,0,0,0,0,0,0,0,0,0,0,0,43,195,253,253,236,69,0,0,0,0,0,0,0,0,0,0,0,0,0,0,32,223,253,253,209,18,0,0,0,0,0,0,0,0,0,0,0,0,0,0,93,253,253,253,178,18,0,0,0,0,0,0,0,0,0,0,0,0,0,0,186,253,253,214,22,0,0,0,0,0,0,0,0,0,0,0,0,0,0,54,206,253,253,229,30,0,0,0,0,0,0,0,0,0,0,0,0,0,0,120,253,253,253,172,21,0,0,0,0,0,0,0,0,0,0,0,0,0,0,77,253,253,253,152,0,0,0,0,0,0,0,0,0,0,0,0,0,0,0,162,253,253,253,67,0,0,0,0,0,0,0,0,0,0,0,0,0,0,20,148,253,253,253,110,0,0,0,0,0,0,0,0,0,0,0,0,0,0,26,217,253,253,222,90,0,0,0,0,0,0,0,7
0,0,0,0,0,0,0,0,0,0,59,239,255,91,0,0,0,0,0,0,0,0,0,0,0,0,0,0,2,54,237,253,253,183,79,5,0,0,0,0,0,0,0,0,0,0,0,25,141,253,254,253,253,254,253,183,0,0,0,0,0,0,0,0,0,0,168,232,254,254,254,254,254,254,254,219,0,0,0,0,0,0,0,0,0,59,249,254,253,253,206,95,100,242,253,219,0,0,0,0,0,0,0,0,0,42,235,254,236,141,9,20,203,254,253,117,0,0,0,0,0,0,0,0,0,0,39,69,29,0,21,200,253,254,195,6,0,0,0,0,0,0,0,0,0,0,0,31,138,181,243,253,253,240,39,0,0,0,0,0,0,0,0,0,0,32,150,240,254,254,254,254,253,248,95,0,0,0,0,0,0,0,0,0,0,125,253,254,253,253,254,253,253,254,252,98,0,0,0,0,0,0,0,0,0,50,243,249,189,108,50,55,215,253,253,233,27,0,0,0,0,0,0,0,0,0,0,0,0,0,0,0,0,162,253,254,127,0,0,0,0,4,16,11,0,0,0,0,0,0,0,0,0,126,253,254,164,0,0,0,0,131,254,229,44,0,0,0,0,0,0,0,0,126,253,254,163,0,0,0,0,165,254,254,239,62,0,0,0,0,0,0,7,177,254,250,109,0,0,0,0,164,254,253,253,166,5,0,0,0,0,5,167,254,253,219,0,0,0,0,0,73,254,254,254,254,107,0,35,37,135,220,254,254,242,71,0,0,0,0,0,17,193,254,254,254,218,190,252,254,254,254,253,254,138,0,0,0,0,0,0,0,13,177,249,254,254,254,254,254,254,254,223,159,32,0,0,0,0,0,0,0,0,0,61,226,253,253,253,212,153,70,18,0,0,0,0,0,0,0,3
0,0,0,0,0,0,0,0,0,0,0,0,0,0,0,0,0,0,0,0,0,0,0,0,0,29,166,253,91,0,0,0,0,0,0,0,0,0,0,0,0,0,0,0,0,166,252,252,215,26,0,0,0,0,0,0,0,0,0,0,0,0,0,0,0,253,252,252,252,200,0,0,0,0,0,0,0,0,0,0,0,0,0,0,51,253,252,252,252,250,200,113,13,0,0,0,0,0,0,0,0,0,0,0,114,255,253,241,253,254,253,253,253,254,228,229,253,254,228,31,0,0,0,0,188,253,252,84,84,153,252,252,252,253,252,252,252,253,252,56,0,0,0,104,246,253,208,13,0,7,56,56,56,69,224,252,252,244,93,13,0,0,0,197,252,253,196,0,0,0,0,0,0,26,243,252,252,125,0,0,0,0,57,253,253,239,38,0,0,0,0,0,0,92,253,253,140,0,0,0,0,0,131,252,252,225,0,0,0,0,0,0,76,216,252,233,59,0,0,0,0,0,169,252,252,187,0,0,0,0,0,29,210,253,252,130,0,0,0,0,0,0,19,116,90,13,0,0,0,0,26,210,252,253,252,143,163,226,125,0,0,0,0,0,0,0,0,0,176,254,253,253,253,254,253,253,253,251,200,25,0,0,0,0,0,0,0,0,200,253,252,252,252,247,196,158,84,125,0,0,0,0,0,0,0,0,0,0,25,78,252,252,252,137,0,0,0,0,0,0,0,0,0,0,0,0,0,0,0,79,252,252,252,13,0,0,0,0,0,0,0,0,0,0,0,0,0,0,0,204,253,253,140,0,0,0,0,0,0,0,0,0,0,0,0,0,0,0,26,253,252,252,139,0,0,0,0,0,0,0,0,0,0,0,0,0,0,0,113,253,252,252,52,0,0,0,0,0,0,0,7
0,0,0,0,0,0,0,0,0,0,45,70,203,254,229,144,13,0,0,0,0,0,0,0,0,0,0,26,97,230,233,90,164,115,107,56,4,0,0,0,0,0,0,0,0,0,15,216,253,244,167,17,17,0,0,17,9,0,0,0,0,0,0,0,0,0,229,253,210,69,0,0,0,0,0,0,168,59,0,0,0,0,0,0,0,0,229,199,51,0,0,0,0,26,187,254,254,103,0,0,0,0,0,0,0,0,161,165,0,0,0,0,47,214,254,219,173,31,0,0,0,0,0,0,0,0,63,133,74,7,0,81,245,253,254,31,9,0,0,0,0,0,0,0,0,0,0,72,186,135,51,222,253,253,69,6,0,0,0,0,0,0,0,0,0,0,0,0,149,220,254,241,167,0,0,0,0,0,0,0,0,0,0,0,0,0,0,0,82,253,254,206,0,0,0,0,0,0,0,0,0,0,0,0,0,0,0,13,161,253,254,206,0,0,0,0,0,0,0,0,0,0,0,0,0,0,0,138,253,253,195,182,84,0,0,0,0,0,0,0,0,0,0,0,0,0,0,198,254,228,0,47,163,0,0,0,0,0,0,0,0,0,0,0,0,0,81,251,253,77,0,47,230,0,0,0,0,0,0,0,0,0,0,0,0,0,170,253,200,38,0,26,219,32,0,0,0,0,0,0,0,0,0,0,0,0,186,253,137,0,0,34,224,19,0,0,0,0,0,0,0,0,0,0,0,0,255,254,138,0,70,212,197,0,0,0,0,0,0,0,0,0,0,0,0,0,169,253,243,197,245,253,196,0,0,0,0,0,0,0,0,0,0,0,0,0,114,242,253,253,254,253,179,0,0,0,0,0,0,0,0,0,0,0,0,0,0,38,186,253,254,151,13,0,0,0,0,0,0,0,8
0,0,0,0,0,0,0,0,0,0,0,75,198,253,253,253,228,49,0,0,0,0,0,0,0,0,0,0,9,82,171,240,253,253,247,235,253,170,0,0,0,0,0,0,0,0,0,51,200,253,253,253,222,122,57,166,253,232,26,0,0,0,0,0,0,0,5,233,253,253,253,220,92,0,11,196,253,253,35,0,0,0,0,0,0,0,6,253,253,253,171,37,0,0,30,253,253,180,4,0,0,0,0,0,0,0,4,129,129,102,3,0,0,1,145,253,253,113,0,0,0,0,0,0,0,0,0,0,0,0,0,0,0,23,253,253,217,23,0,0,0,0,0,0,0,0,0,0,0,0,0,0,19,150,253,253,169,0,0,0,0,0,0,0,0,0,0,0,0,0,0,0,140,253,253,220,21,0,0,0,0,0,0,0,0,0,0,0,0,0,0,110,248,253,253,115,0,0,0,0,0,0,0,0,0,0,0,0,0,0,29,228,253,253,184,14,0,0,0,0,0,0,77,113,113,113,58,0,0,55,238,253,253,190,10,0,0,0,0,0,1,155,252,253,253,253,251,249,174,214,253,253,195,5,0,0,0,0,0,0,156,253,253,198,106,155,238,253,253,253,253,253,206,88,30,11,8,7,26,86,255,253,218,23,0,20,204,253,253,253,253,253,253,253,253,196,188,184,241,231,254,253,200,0,95,213,253,253,243,160,70,169,188,222,253,253,223,201,141,38,254,253,242,201,244,253,253,207,88,0,0,0,0,27,53,53,28,11,0,0,106,253,253,253,253,253,100,16,0,0,0,0,0,0,0,0,0,0,0,0,2,89,135,135,135,86,1,0,0,0,0,0,0,0,0,0,0,0,0,0,0,0,0,0,0,0,0,0,0,0,0,0,0,0,0,0,0,0,0,0,2
0,0,0,0,0,0,0,0,0,0,0,0,0,0,0,0,0,0,0,0,0,0,0,0,0,0,0,0,0,0,0,0,0,0,0,0,0,0,0,0,0,0,0,0,0,0,0,0,0,45,179,170,19,0,0,0,0,0,0,0,0,0,0,0,0,0,0,0,0,154,254,254,69,0,0,0,0,0,0,0,0,0,0,0,0,0,0,0,0,120,254,254,144,0,0,0,0,0,0,0,0,0,0,0,0,0,0,0,0,70,254,254,128,0,0,0,0,0,0,0,0,0,0,0,0,0,0,0,0,70,255,255,103,0,0,0,0,0,0,0,0,0,0,0,0,0,0,0,0,32,241,254,69,0,0,0,0,0,0,0,0,0,0,0,0,0,0,0,0,58,250,254,69,0,0,0,0,0,0,0,0,0,0,0,0,0,0,0,0,70,254,254,69,0,0,0,0,0,0,0,0,0,0,0,0,0,0,0,0,70,254,246,44,0,0,0,0,0,0,0,0,0,0,0,0,0,0,0,0,154,254,254,69,0,0,0,0,0,0,0,0,0,0,0,0,0,0,0,0,162,254,243,38,0,0,0,0,0,0,0,0,0,0,0,0,0,0,0,0,162,254,230,0,0,0,0,0,0,0,0,0,0,0,0,0,0,0,0,0,162,254,147,0,0,0,0,0,0,0,0,0,0,0,0,0,0,0,0,0,213,254,46,0,0,0,0,0,0,0,0,0,0,0,0,0,0,0,0,0,254,249,42,0,0,0,0,0,0,0,0,0,0,0,0,0,0,0,0,0,254,207,0,0,0,0,0,0,0,0,0,0,0,0,0,0,0,0,0,0,137,208,0,0,0,0,0,0,0,0,0,0,0,0,0,0,0,0,0,0,70,216,9,0,0,0,0,0,0,0,0,1
0,0,0,0,0,0,0,0,0,0,0,73,237,253,231,51,0,0,0,0,0,0,0,0,0,0,0,0,0,0,73,232,252,253,158,0,0,0,0,0,0,0,0,0,0,0,0,0,0,1,217,252,252,253,35,0,0,0,0,0,0,0,0,0,0,0,0,0,63,171,252,252,252,83,0,0,0,0,0,0,0,0,0,0,0,0,0,11,175,253,252,241,97,0,0,0,0,0,0,0,0,0,0,0,0,0,73,191,252,253,241,102,0,0,0,0,0,0,0,0,0,0,0,0,0,63,237,252,252,253,97,0,0,0,125,125,0,0,0,0,0,0,0,0,1,253,253,253,253,84,0,99,253,255,253,253,253,0,0,0,0,0,0,11,155,252,252,252,128,32,197,242,252,253,252,252,252,156,10,0,0,0,0,140,252,252,252,122,134,212,252,252,252,253,252,252,252,253,56,0,0,0,0,181,252,252,210,52,206,253,252,252,168,108,108,211,252,253,179,0,0,0,0,182,253,253,253,253,253,255,222,125,0,0,0,182,253,255,180,0,0,0,0,181,252,252,252,252,252,253,55,0,0,0,0,181,252,253,179,0,0,0,53,232,252,252,252,252,252,154,10,0,0,0,0,181,252,253,76,0,0,0,31,211,252,252,252,252,252,0,0,0,0,0,0,181,252,253,35,0,0,0,0,182,253,253,253,253,253,63,0,0,63,110,150,253,253,84,0,0,0,0,0,129,221,252,252,252,252,238,217,217,237,253,252,241,179,0,0,0,0,0,0,0,41,231,252,252,252,253,252,252,252,237,174,61,0,0,0,0,0,0,0,0,0,47,148,252,252,253,252,231,108,62,0,0,0,0,0,0,0,0,0,0,0,0,0,0,0,0,0,0,0,0,0,0,0,0,0,0,6
218,239,245,219,203,217,250,241,254,238,207,206,200,226,203,244,242,200,215,233,227,222,242,228,211,201,212,213,217,222,240,234,207,247,248,250,248,216,221,237,219,246,228,213,247,210,216,244,213,245,245,224,226,214,253,231,203,247,201,209,202,208,216,233,211,219,254,254,254,214,224,222,227,201,244,209,205,206,219,225,244,201,208,205,227,242,224,244,251,233,215,204,213,202,201,220,219,241,202,219,242,231,208,249,246,251,200,227,210,221,229,202,235,230,227,238,204,244,215,205,201,236,212,234,240,223,224,252,246,251,200,239,221,221,206,218,216,253,222,221,203,221,241,247,237,235,249,220,243,206,215,250,206,224,208,209,254,239,223,254,236,211,248,211,240,230,238,217,216,229,243,250,218,254,204,242,229,202,215,209,205,206,250,216,249,232,209,201,209,208,238,243,251,221,241,206,201,243,252,253,245,231,216,254,201,227,240,213,218,209,206,245,235,254,205,239,249,215,245,203,200,254,238,228,219,206,224,200,231,241,235,237,205,202,248,203,215,236,232,232,235,214,227,254,230,233,238,224,241,201,208,251,245,254,201,216,236,240,205,252,211,221,251,202,208,221,246,232,220,231,211,219,206,202,201,248,223,246,202,212,254,241,245,233,210,228,234,227,234,247,206,248,246,245,246,202,250,224,214,232,201,243,206,215,240,218,226,223,223,242,229,219,217,254,243,237,253,237,253,253,219,219,231,206,209,249,230,230,236,217,233,224,236,251,206,200,241,217,243,233,238,218,242,228,206,235,244,210,220,237,225,228,229,244,202,209,238,222,221,217,237,241,251,210,222,247,212,223,221,245,242,250,204,221,236,234,232,224,204,218,221,234,231,221,241,217,251,216,237,223,254,223,248,224,200,230,238,214,241,249,3
0,0,0,0,0,0,0,0,0,0,0,0,0,0,0,0,0,0,0,0,0,0,0,0,0,0,0,0,0,0,0,0,0,0,0,0,0,0,0,0,0,0,0,0,0,0,0,0,0,0,0,0,0,0,0,0,0,0,0,0,0,0,0,0,0,0,0,0,0,0,0,0,0,0,0,0,0,0,0,0,0,0,0,0,0,0,0,0,0,0,0,0,0,0,0,0,86,29,0,0,0,0,0,0,0,0,0,0,0,0,0,86,86,141,255,255,255,255,86,0,0,0,0,0,0,0,0,0,114,198,255,255,255,255,255,170,170,255,226,0,29,29,198,141,29,86,170,255,255,255,226,170,141,86,0,0,0,255,255,0,255,255,255,255,255,255,255,255,198,86,0,0,0,0,0,0,198,255,86,0,255,255,255,255,255,170,141,29,0,0,0,0,0,0,0,170,255,255,0,0,86,86,86,0,0,0,0,0,0,0,0,0,0,0,170,255,255,86,0,0,0,0,0,0,0,0,0,0,0,0,0,0,0,141,255,255,57,0,0,0,0,0,0,0,0,0,0,0,0,0,0,0,114,255,255,141,0,0,0,0,0,0,0,0,0,0,0,0,0,0,0,86,255,255,141,0,0,0,0,0,0,0,0,0,0,0,0,0,0,0,86,255,255,141,0,0,0,0,0,0,0,0,0,0,0,0,0,0,0,57,255,255,170,0,0,0,0,0,0,0,0,0,0,0,0,0,0,0,0,255,255,141,0,0,0,0,0,0,0,0,0,0,0,0,0,0,0,0,86,255,198,0,0,0,0,0,0,0,0,0,0,0,0,0,0,0,0,0,226,226,0,0,0,0,0,0,0,0,0,0,0,0,0,0,0,0,0,0,255,226,29,0,0,0,0,0,0,0,0,0,7
0,0,0,0,0,0,0,0,0,0,0,0,0,0,0,0,0,0,0,0,0,0,0,0,0,27,99,161,202,255,254,202,160,73,0,0,0,0,0,0,0,0,0,32,135,243,253,243,180,181,180,181,201,249,155,0,0,0,0,0,0,0,11,192,254,228,114,21,0,0,0,0,0,120,254,145,0,0,0,0,0,0,94,254,170,11,0,0,0,0,0,0,0,16,191,186,0,0,0,0,0,0,145,254,57,0,0,0,0,0,0,0,0,0,73,197,0,0,0,0,0,0,104,254,160,0,0,0,0,0,0,0,0,0,94,155,186,42,0,0,0,0,21,213,254,202,160,171,109,110,150,182,181,254,254,254,181,21,0,0,0,0,0,16,139,232,253,254,253,254,253,254,253,243,201,254,181,42,0,0,0,0,0,0,0,0,0,99,223,255,212,156,217,234,16,84,207,254,129,0,0,0,0,0,0,0,42,233,253,171,26,0,0,78,47,0,42,212,253,21,0,0,0,0,0,6,223,249,114,0,0,0,0,0,0,0,0,58,254,105,0,0,0,0,0,140,253,155,0,0,0,0,0,0,0,0,0,37,253,145,0,0,0,0,1,233,254,21,0,0,0,0,0,0,0,0,0,89,254,135,0,0,0,0,63,253,170,0,0,0,0,0,0,0,0,0,0,109,253,52,0,0,0,0,73,254,119,0,0,0,0,0,0,0,0,0,0,192,243,0,0,0,0,0,11,253,180,0,0,0,0,0,0,0,0,0,105,254,160,0,0,0,0,0,1,202,254,11,0,0,0,0,0,0,11,79,244,228,21,0,0,0,0,0,0,120,253,187,52,0,0,0,0,32,186,254,253,63,0,0,0,0,0,0,0,0,125,234,254,223,181,213,254,254,243,187,42,0,0,0,8
0,0,0,0,0,0,0,0,0,0,0,0,0,0,0,0,0,0,0,0,0,0,0,0,0,0,0,0,0,0,0,0,0,0,0,0,0,0,0,0,0,0,0,0,0,0,0,0,0,2,115,212,255,254,155,8,0,0,0,0,0,24,57,0,0,0,0,0,3,145,254,245,173,220,254,129,0,0,0,0,0,67,246,23,0,0,0,0,147,254,206,33,0,53,254,180,0,0,0,0,0,67,247,23,0,0,0,109,254,216,18,0,0,53,254,131,0,0,0,0,0,67,169,0,0,0,10,210,254,69,0,0,0,120,254,112,0,0,0,0,0,67,107,0,0,0,84,254,190,7,0,0,2,207,254,147,0,0,0,0,0,20,3,0,0,0,151,254,82,0,0,0,86,254,254,200,0,0,0,0,0,0,0,0,0,0,153,254,107,0,0,42,220,254,254,157,0,0,0,0,0,0,0,0,0,0,99,254,246,157,182,251,254,254,240,36,0,0,0,0,0,0,0,0,0,0,8,116,240,254,246,195,243,254,139,0,0,0,0,0,0,0,0,0,0,0,0,0,24,35,27,95,254,237,12,0,0,0,0,0,0,52,3,0,0,0,0,0,0,0,28,231,254,114,0,0,0,0,0,0,0,40,2,0,0,0,0,0,0,2,137,254,211,4,0,0,0,0,0,0,0,0,0,0,0,0,0,0,0,74,254,242,56,0,0,0,0,0,0,0,0,0,0,0,0,0,0,0,32,236,254,106,0,0,0,0,0,0,0,0,0,0,0,0,0,0,0,7,197,254,167,1,0,0,0,0,0,0,0,0,0,0,0,0,0,0,2,138,254,244,10,0,0,0,0,0,0,0,0,0,0,0,0,0,0,0,98,254,254,71,0,0,0,0,0,0,0,0,0,0,9
0,0,0,0,0,0,0,0,0,0,0,0,0,0,0,0,0,0,0,0,0,0,0,0,0,0,0,0,0,0,0,0,0,0,0,0,0,0,0,0,0,0,0,0,0,0,0,0,0,0,51,193,254,253,254,131,0,0,0,0,0,0,0,0,0,0,0,0,102,183,233,252,253,252,253,252,82,0,0,0,0,0,0,0,0,0,113,233,254,253,244,203,82,0,21,82,41,0,0,0,0,0,0,0,0,41,253,252,253,171,40,0,0,82,223,122,0,0,0,0,0,0,0,0,11,173,254,253,102,0,0,0,0,203,254,253,0,0,0,0,0,0,0,0,173,252,253,252,61,0,0,0,41,243,253,252,0,0,0,0,0,0,0,62,254,253,163,20,0,0,0,0,254,253,254,151,0,0,0,0,0,0,0,102,253,252,20,0,0,0,62,183,253,252,253,70,0,0,0,0,0,0,0,82,254,253,234,152,214,253,254,253,254,253,244,40,0,0,0,0,0,0,0,0,131,252,253,252,253,252,233,151,253,252,162,0,0,0,0,0,0,0,0,0,0,82,102,102,142,102,41,0,254,253,102,0,0,0,0,0,0,0,0,0,0,0,0,0,0,0,0,41,253,252,102,0,0,0,0,0,0,0,0,0,0,0,0,0,0,0,0,102,254,253,0,0,0,0,0,0,0,0,0,0,0,0,0,0,0,0,0,183,253,252,0,0,0,0,0,0,0,0,0,0,0,0,0,0,0,0,51,253,254,253,0,0,0,0,0,0,0,0,0,0,0,0,0,0,0,0,51,252,253,130,0,0,0,0,0,0,0,0,0,0,0,0,0,0,0,0,51,253,255,50,0,0,0,0,0,0,0,0,0,0,0,0,0,0,0,0,51,252,253,50,0,0,0,0,0,0,9
0,0,0,0,0,0,0,0,0,0,0,0,0,0,0,0,0,0,0,0,0,0,0,0,0,0,0,0,0,0,0,0,0,0,0,0,0,0,0,0,0,0,0,0,0,0,0,0,0,0,0,0,0,0,0,0,0,0,0,0,0,0,0,0,0,0,0,0,0,0,0,0,0,0,0,0,0,0,0,0,0,0,0,0,0,0,0,0,0,0,0,0,0,0,0,0,0,0,0,0,0,0,0,0,0,0,0,0,0,0,0,0,0,0,0,0,0,0,0,0,0,0,0,0,0,0,0,0,0,0,57,86,86,57,0,0,0,0,0,0,0,0,86,170,170,170,198,170,198,255,255,255,170,170,198,170,255,198,141,29,141,255,255,255,170,170,86,86,0,0,0,0,0,0,0,0,0,29,141,226,255,255,57,0,0,0,0,0,0,0,0,0,0,0,0,0,0,0,29,255,57,255,226,0,0,0,0,0,0,0,0,0,0,0,0,0,0,0,226,198,0,57,255,170,0,0,0,0,0,0,0,0,0,0,0,0,0,198,226,0,0,0,114,255,29,0,0,0,0,0,0,0,0,0,0,29,170,198,0,0,0,0,0,0,29,0,0,0,0,0,0,0,0,0,114,255,170,0,0,0,0,0,0,0,0,0,0,0,0,0,0,0,0,226,255,57,0,0,0,0,0,0,0,0,0,0,0,0,0,0,0,29,226,226,29,0,0,0,0,0,0,0,0,0,0,0,0,0,0,0,86,255,141,0,0,0,0,0,0,0,0,0,0,0,0,0,0,0,0,0,29,29,0,0,0,0,0,0,0,0,0,0,0,0,0,0,0,0,0,0,0,0,0,0,0,0,0,0,0,0,0,0,0,0,0,0,0,0,0,0,0,0,0,0,0,0,0,0,0,0,7
0,0,0,0,0,0,0,0,0,0,0,0,50,89,209,254,232,47,0,0,0,0,0,0,0,0,0,0,0,0,53,140,247,247,218,135,246,227,36,0,0,0,0,0,0,0,0,0,0,13,213,205,129,54,0,0,156,253,78,0,0,0,0,0,0,0,0,0,28,185,237,8,0,0,0,16,246,167,6,0,0,0,0,0,0,0,83,195,235,200,58,0,0,0,31,217,254,39,0,0,0,0,0,0,0,99,255,246,116,8,0,0,0,71,209,254,76,0,0,0,0,0,0,0,0,15,122,235,226,72,5,13,147,241,219,61,0,0,0,0,0,0,0,0,0,0,0,6,131,253,193,224,253,168,6,0,0,0,0,0,0,0,0,0,0,0,0,0,18,238,253,254,144,6,0,0,0,0,0,0,0,0,0,0,0,0,0,53,213,253,253,254,218,30,0,0,0,0,0,0,0,0,0,0,0,0,37,239,235,53,0,121,245,193,5,0,0,0,0,0,0,0,0,0,0,8,224,228,27,0,0,0,125,253,146,0,0,0,0,0,0,0,0,0,13,183,254,68,0,0,0,0,6,199,213,0,0,0,0,0,0,0,0,0,129,253,184,3,0,0,0,0,0,86,235,32,0,0,0,0,0,0,0,0,212,215,23,0,0,0,0,0,0,79,253,58,0,0,0,0,0,0,0,176,254,155,0,0,0,0,0,0,5,194,229,23,0,0,0,0,0,0,0,175,253,80,0,0,0,0,0,13,150,247,159,0,0,0,0,0,0,0,0,175,253,185,31,0,0,73,153,224,247,121,0,0,0,0,0,0,0,0,0,44,227,253,242,234,234,251,253,229,85,0,0,0,0,0,0,0,0,0,0,0,32,133,254,253,222,155,80,23,0,0,0,0,0,0,0,0,8
0,0,0,0,0,0,0,0,0,0,0,0,0,0,0,0,0,0,0,0,0,0,0,0,0,0,0,0,0,0,0,0,0,0,0,0,0,0,0,0,0,0,0,0,0,0,0,0,0,0,0,0,0,0,0,0,0,0,0,0,0,0,0,0,0,0,0,0,0,0,0,0,0,0,0,0,0,0,0,0,0,0,0,0,0,12,123,36,36,36,115,126,126,126,126,126,126,126,126,126,0,0,0,0,13,151,254,254,254,254,254,254,254,254,254,254,254,254,254,254,0,0,0,0,93,241,254,254,249,246,166,156,156,156,156,156,156,156,156,224,0,0,0,18,201,254,217,80,114,86,86,75,0,0,0,0,0,0,0,5,0,0,0,106,254,254,254,251,254,254,254,254,251,153,50,0,0,0,0,0,0,0,0,119,254,254,254,254,218,196,196,196,221,254,189,57,0,0,0,0,0,0,0,6,31,31,31,31,12,0,0,0,20,185,254,145,0,0,0,0,0,0,0,0,0,0,0,0,0,0,0,0,0,99,254,219,53,0,0,0,0,0,0,0,0,0,0,0,0,0,0,0,0,11,254,254,106,0,0,0,0,2,4,0,0,0,0,0,0,0,0,0,0,96,254,254,54,0,0,0,0,105,234,106,0,0,0,0,0,0,0,0,101,231,254,233,15,0,0,0,0,253,254,236,157,149,68,68,68,120,126,231,253,254,209,44,0,0,0,0,0,49,178,254,254,254,254,254,254,254,254,229,201,72,8,0,0,0,0,0,0,0,9,36,48,125,125,125,125,125,78,19,0,0,0,0,0,0,0,0,0,0,0,0,0,0,0,0,0,0,0,0,0,0,0,0,0,0,0,0,0,0,0,0,0,0,0,0,0,0,0,0,0,0,0,0,0,0,0,0,5
0,0,0,0,0,0,0,0,0,0,0,0,0,0,0,0,0,0,0,0,0,0,0,0,0,0,0,0,0,0,0,0,0,0,0,0,0,84,241,232,0,0,0,0,0,0,0,0,0,0,0,0,0,0,0,0,0,149,254,231,0,0,0,0,0,0,0,0,0,0,0,0,0,0,0,0,113,218,254,223,0,0,0,0,0,0,59,169,64,0,0,0,0,0,0,26,210,254,251,132,0,0,0,0,0,25,174,254,217,17,0,0,0,0,17,211,254,254,180,0,0,0,0,0,0,160,255,254,188,17,0,0,0,26,96,254,254,205,26,0,0,0,0,3,128,252,254,191,11,0,0,0,0,138,254,254,238,44,0,0,0,0,24,133,254,254,254,151,0,0,0,0,54,233,254,254,104,0,0,0,0,1,140,254,254,254,146,5,0,0,0,3,191,254,254,185,5,0,0,0,0,112,254,254,254,101,0,0,0,0,0,163,254,254,202,0,0,0,0,0,0,111,254,254,254,207,160,112,100,100,121,244,254,254,36,0,0,0,0,0,0,83,245,254,254,254,254,254,254,254,254,254,254,204,7,0,0,0,0,0,0,0,49,120,166,166,166,166,188,254,254,254,254,166,0,0,0,0,0,0,0,0,0,0,0,0,0,0,119,254,254,254,105,10,0,0,0,0,0,0,0,0,0,0,0,0,0,12,230,254,254,151,2,0,0,0,0,0,0,0,0,0,0,0,0,0,6,163,254,254,156,6,0,0,0,0,0,0,0,0,0,0,0,0,0,7,122,254,254,223,32,0,0,0,0,0,0,0,0,0,0,0,0,0,0,78,254,254,254,226,0,0,0,0,0,0,0,0,0,0,0,0,0,0,0,168,254,254,254,41,0,0,0,0,0,0,0,0,0,0,4
0,0,0,0,0,0,0,0,0,0,0,87,114,82,206,131,15,0,0,0,0,0,0,0,0,0,0,0,0,0,0,0,0,0,126,237,27,0,0,0,0,0,0,0,0,0,0,0,0,0,0,0,0,0,126,254,36,0,0,0,0,0,0,0,0,0,0,62,29,0,0,0,0,0,126,255,36,0,0,0,0,0,0,0,0,0,105,250,236,141,61,4,0,44,229,254,36,0,0,0,0,0,0,0,0,0,167,254,254,254,254,188,167,230,254,238,27,0,0,0,0,0,0,0,0,0,53,235,254,254,254,254,254,254,254,98,0,0,0,0,0,0,0,0,0,0,0,43,162,223,254,254,254,254,148,0,0,0,0,0,0,0,0,0,0,0,0,0,0,20,52,52,202,254,149,0,0,0,0,0,0,81,223,143,30,0,0,0,0,0,0,0,58,196,237,14,0,0,0,0,0,141,254,254,237,102,31,0,0,0,0,0,0,79,254,185,13,0,0,0,0,141,254,254,254,254,245,108,13,0,0,0,0,5,175,254,36,0,0,0,0,109,254,246,176,245,254,254,189,16,0,0,0,0,126,254,68,0,0,0,0,19,213,252,199,105,213,251,254,234,13,0,0,7,94,254,46,0,0,0,0,0,28,213,255,254,234,241,254,254,207,172,172,197,254,254,79,0,0,0,0,0,0,29,140,232,251,254,254,254,254,254,254,254,254,216,20,0,0,0,0,0,0,0,0,0,61,94,157,197,206,254,254,254,102,0,0,0,0,0,0,0,0,0,0,0,0,0,0,0,8,46,144,182,204,34,0,0,0,0,0,0,0,0,0,0,0,0,0,0,0,0,0,0,0,0,0,0,0,0,0,0,0,0,0,0,0,0,0,0,0,0,0,0,0,0,0,0,0,0,3
0,0,0,0,0,0,0,0,0,212,252,252,253,252,88,0,0,0,0,0,0,0,0,0,0,0,0,2,95,247,252,154,89,88,31,0,0,0,0,0,0,0,0,0,0,0,0,30,252,252,230,55,0,0,0,0,0,0,0,0,0,0,0,0,0,0,0,74,252,252,163,0,0,0,0,0,0,0,0,0,0,0,0,0,0,0,0,178,252,241,52,0,0,0,0,0,0,0,0,0,0,0,0,0,0,0,40,217,252,162,0,0,0,0,0,0,0,0,0,0,0,0,0,0,0,0,128,252,252,162,0,0,0,0,0,0,0,0,0,0,0,0,0,0,0,0,223,252,252,162,0,0,0,0,0,0,0,0,0,0,0,0,0,0,0,0,223,252,252,162,0,0,0,0,0,0,0,0,0,0,0,0,0,0,0,0,224,253,253,14,0,0,0,0,0,0,0,0,0,0,0,0,0,0,0,0,223,252,252,35,87,208,209,173,57,0,0,0,0,0,0,0,0,0,0,0,223,252,252,199,252,252,253,252,246,164,28,0,0,0,0,0,0,0,0,0,223,252,252,252,252,181,133,231,252,252,177,0,0,0,0,0,0,0,0,0,223,252,252,252,212,12,0,24,129,252,199,22,0,0,0,0,0,0,0,0,118,252,252,252,102,0,0,0,15,252,252,74,0,0,0,0,0,0,0,0,35,213,252,252,137,0,0,0,15,252,252,74,0,0,0,0,0,0,0,0,0,38,252,252,249,150,0,110,239,252,181,4,0,0,0,0,0,0,0,0,0,7,59,215,252,252,194,242,249,207,58,0,0,0,0,0,0,0,0,0,0,0,0,37,129,252,253,252,148,0,0,0,0,0,0,0,0,0,0,0,0,0,0,0,0,0,0,0,0,0,0,0,0,0,6
0,0,0,0,0,0,0,0,0,0,0,0,0,0,0,0,0,0,0,0,0,0,0,0,0,0,0,0,0,29,47,47,84,66,150,150,150,236,217,255,0,0,0,0,0,0,0,0,81,232,253,253,253,253,253,253,253,253,253,253,0,0,0,0,0,0,82,208,252,253,253,233,217,217,217,208,114,114,114,71,0,0,0,0,0,0,223,253,253,253,253,75,0,0,0,0,0,0,0,0,0,0,0,0,0,0,69,192,237,253,192,3,0,0,0,0,0,0,0,0,0,0,0,0,0,0,118,253,252,159,16,0,0,0,0,0,0,0,0,0,0,0,0,0,0,114,250,253,193,0,0,0,0,0,0,0,0,0,0,0,0,0,0,0,0,176,253,228,77,63,63,63,41,0,0,0,0,0,0,0,0,0,0,0,22,240,253,253,253,253,253,253,239,200,35,1,0,0,0,0,0,0,0,0,0,176,253,253,253,243,201,201,241,253,253,111,0,0,0,0,0,0,0,0,0,36,142,129,51,41,0,0,39,161,253,249,66,0,0,0,0,0,0,0,0,0,0,0,0,0,0,0,0,14,212,253,141,0,0,0,0,0,0,0,0,0,0,0,0,0,0,0,0,0,139,253,150,0,0,0,0,0,0,0,0,0,0,0,0,0,0,0,0,30,249,253,83,0,0,0,0,61,3,0,0,0,0,0,0,0,0,0,28,142,253,215,57,0,0,0,144,248,10,0,0,0,0,0,0,0,0,30,169,253,253,36,0,0,0,0,254,253,10,0,0,0,0,0,0,0,55,217,253,253,173,9,0,0,0,0,165,253,99,0,0,0,0,0,11,135,246,253,250,175,11,0,0,0,0,0,150,253,179,0,0,0,51,83,239,253,253,221,86,0,0,0,0,0,0,0,5
0,0,0,0,0,0,0,0,0,0,0,0,0,0,16,203,253,108,0,0,0,0,0,0,0,0,0,0,0,0,0,0,0,0,19,211,253,247,168,0,0,0,0,0,0,0,0,0,0,0,0,0,73,125,235,246,253,253,247,0,0,0,0,0,0,0,0,0,0,0,74,192,246,253,253,253,253,253,129,0,0,0,0,0,0,0,0,0,0,171,245,253,253,239,145,45,216,253,117,0,0,0,0,0,0,0,0,27,123,245,253,253,170,33,0,0,150,253,117,0,0,0,0,0,0,0,0,119,253,253,235,175,54,0,0,0,150,253,117,0,0,0,0,0,0,0,172,244,253,97,40,0,0,0,0,0,150,253,117,0,0,0,0,0,26,179,245,92,58,14,0,0,0,0,0,21,230,246,57,0,0,0,0,55,201,253,159,12,0,0,0,0,0,0,0,57,253,250,90,0,0,0,0,235,253,187,11,0,0,0,0,0,0,0,0,156,253,240,0,0,0,0,101,248,235,66,0,0,0,0,0,0,0,8,63,224,250,129,0,0,0,79,249,183,52,0,0,0,0,0,0,0,0,60,253,253,213,0,0,0,0,118,253,82,0,0,0,0,0,0,0,7,124,223,253,236,37,0,0,0,0,185,253,93,3,0,0,0,0,7,57,176,253,253,219,87,0,0,0,0,0,128,253,253,160,150,83,150,150,177,253,253,240,234,84,0,0,0,0,0,0,108,247,253,253,253,253,253,253,253,253,217,34,0,0,0,0,0,0,0,0,0,235,249,253,253,253,253,251,146,117,33,0,0,0,0,0,0,0,0,0,0,0,51,123,237,209,190,89,0,0,0,0,0,0,0,0,0,0,0,0,0,0,0,0,0,0,0,0,0,0,0,0,0,0,0,0,0,0,0,0
0,0,0,0,0,0,0,0,0,0,0,0,0,0,0,0,0,0,0,0,0,0,0,0,0,0,0,0,0,0,0,0,0,0,0,0,0,0,0,0,0,0,0,0,0,0,0,0,0,29,169,228,254,219,42,0,0,0,0,0,0,0,0,0,0,0,0,4,28,193,248,243,205,222,138,0,0,0,0,0,0,0,0,0,0,0,0,15,23,118,44,21,0,28,62,4,20,0,0,0,0,0,0,0,0,0,76,152,0,0,0,0,0,72,109,89,226,15,0,0,0,0,0,0,0,0,163,137,0,0,0,0,0,16,85,228,245,27,0,0,0,0,0,0,0,0,127,11,0,0,0,0,0,90,244,253,135,0,0,0,0,0,0,0,0,27,198,82,0,0,0,0,0,151,253,153,16,0,0,0,0,0,0,0,0,0,84,247,208,124,119,177,229,247,149,5,0,0,0,0,0,0,0,0,0,0,35,160,93,203,72,150,253,179,9,0,0,0,0,0,0,0,0,0,0,0,0,0,0,5,0,172,216,26,0,0,0,0,0,0,0,0,0,0,0,0,0,0,0,0,85,255,155,0,0,0,0,0,0,0,0,0,0,0,0,0,0,0,0,58,227,219,69,0,0,0,0,0,0,0,0,0,0,0,0,0,0,0,28,196,245,69,0,0,0,0,0,0,0,0,0,0,0,0,0,0,0,0,103,253,108,0,0,0,0,0,0,0,0,0,0,0,0,0,0,0,0,28,225,193,18,0,0,0,0,0,0,0,0,0,0,0,0,0,0,0,10,175,253,122,0,0,0,0,0,0,0,0,0,0,0,0,0,0,0,0,113,253,177,2,0,0,0,0,0,0,0,0,0,0,0,0,0,0,0,59,249,219,18,0,0,0,0,0,0,0,0,0,0,0,9
0,0,0,0,0,0,0,0,0,7,191,192,6,0,0,0,0,0,0,0,0,0,0,0,0,0,0,0,0,141,253,254,185,68,0,0,0,0,0,0,0,0,0,0,0,0,0,0,0,27,253,254,253,159,0,0,0,0,0,0,0,0,0,0,0,0,0,0,0,14,253,254,176,38,0,0,0,0,0,0,0,0,0,0,0,0,0,0,0,14,253,254,48,0,0,0,0,0,0,0,0,0,0,0,0,0,0,0,0,14,253,254,146,0,0,0,0,0,0,0,0,0,0,0,0,0,0,0,0,35,253,254,146,0,0,0,0,0,0,0,0,0,0,0,0,0,0,0,3,158,253,254,132,0,0,0,0,0,0,0,0,0,0,0,0,0,0,0,27,253,253,254,13,0,0,0,0,0,0,0,0,0,0,0,0,0,0,0,27,253,253,254,13,0,0,0,0,0,0,0,0,0,0,0,0,0,0,0,161,254,254,134,0,0,0,0,0,0,0,0,0,0,0,0,0,0,0,39,249,253,196,7,0,0,0,0,0,0,0,0,0,0,0,0,0,0,0,160,253,253,120,0,0,0,0,0,0,0,0,0,0,0,0,0,0,0,0,174,253,253,120,0,0,0,0,0,0,0,0,0,0,0,0,0,0,0,0,174,253,253,120,0,0,0,0,0,0,0,0,0,0,0,0,0,0,0,0,76,253,253,120,0,0,0,0,0,0,0,0,0,0,0,0,0,0,0,0,13,189,253,211,112,2,0,0,0,0,0,0,0,0,0,0,0,0,0,0,0,73,242,253,255,109,27,5,0,0,0,0,0,0,0,0,0,0,0,0,0,0,69,247,255,253,253,110,0,0,0,0,0,0,0,0,0,0,0,0,0,0,0,64,121,247,203,19,0,0,0,0,0,1
0,0,0,0,0,0,0,0,0,0,0,0,0,0,0,0,0,0,0,0,0,0,0,0,0,0,0,0,0,0,0,0,64,0,128,64,128,191,128,191,0,0,0,0,0,0,0,0,0,0,128,191,191,128,255,255,255,255,255,191,0,0,0,0,0,0,0,128,128,255,255,255,255,255,255,255,191,191,128,0,0,0,0,0,0,0,128,255,255,255,255,191,64,128,128,64,0,0,0,0,0,0,0,0,0,64,255,191,64,128,128,64,0,0,0,0,0,0,0,0,0,0,0,0,0,128,255,0,0,0,0,0,0,0,0,0,0,0,0,0,0,0,0,0,0,128,255,0,0,0,0,0,0,0,0,0,0,0,0,0,0,0,0,0,0,191,255,128,128,64,0,0,0,0,0,0,0,0,0,0,0,0,0,0,128,255,255,255,255,255,128,128,0,0,0,0,0,0,0,0,0,0,0,0,128,255,255,255,255,255,191,255,255,0,0,0,0,0,0,0,0,0,0,0,0,191,128,64,128,64,64,128,255,128,0,0,0,0,0,0,0,0,0,0,0,0,0,0,0,0,0,0,64,191,64,0,0,0,0,0,0,0,0,0,0,0,0,0,0,0,0,0,0,128,128,0,0,0,0,0,0,0,0,0,0,0,0,0,0,0,0,0,0,0,64,0,0,0,0,0,0,0,128,0,0,0,0,0,0,0,0,0,0,0,128,0,0,0,0,0,0,0,128,0,0,0,0,0,0,0,0,0,0,0,191,0,0,0,0,0,0,0,191,128,191,64,0,0,0,0,0,0,0,64,255,0,0,0,0,0,0,0,191,255,255,255,128,128,64,0,0,0,191,191,128,0,0,0,0,0,0,0,0,128,255,255,255,255,255,255,191,191,255,128,0,0,0,0,0,0,5
0,0,0,0,0,0,0,0,0,0,0,0,0,0,0,0,0,0,0,0,0,0,0,0,0,0,0,0,0,0,0,0,0,141,226,0,0,0,0,0,0,0,0,0,0,0,0,0,0,0,0,0,57,255,255,114,0,0,0,0,0,0,0,0,0,0,0,0,0,0,0,0,114,255,198,57,0,0,0,0,0,0,0,0,0,0,0,0,0,0,0,0,198,255,29,0,0,0,0,0,0,0,0,0,0,0,0,0,0,0,0,114,255,198,0,0,0,0,0,0,0,0,0,0,0,0,0,0,0,0,0,198,255,114,0,0,0,0,0,0,0,0,0,0,0,0,0,0,0,0,57,255,198,0,0,0,0,0,0,0,0,0,0,0,0,0,0,0,0,0,170,255,114,0,0,0,0,0,0,0,0,0,0,0,0,0,0,0,0,57,255,226,0,0,0,0,0,0,0,0,0,0,0,0,0,0,0,0,0,226,255,114,0,0,0,0,0,0,0,0,0,0,0,0,0,0,0,0,57,255,198,0,0,0,0,0,0,0,0,0,0,0,0,0,0,0,0,0,114,255,170,0,0,0,0,0,0,0,0,0,0,0,0,0,0,0,0,0,198,255,57,0,0,0,0,0,0,0,0,0,0,0,0,0,0,0,0,86,255,170,0,0,0,0,0,0,0,0,0,0,0,0,0,0,0,0,0,170,255,86,0,0,0,0,0,0,0,0,0,0,0,0,0,0,0,0,57,255,198,0,0,0,0,0,0,0,0,0,0,0,0,0,0,0,0,0,86,255,170,0,0,0,0,0,0,0,0,0,0,0,0,0,0,0,0,0,114,255,86,0,0,0,0,0,0,0,0,0,0,0,0,0,0,0,0,0,170,255,86,0,0,0,0,0,0,0,0,0,0,0,1
0,0,0,0,0,0,0,0,0,0,0,0,0,0,0,0,0,0,0,0,0,0,0,0,0,0,26,230,15,0,0,0,39,98,0,0,0,0,0,0,0,0,0,0,0,22,239,200,11,0,0,0,139,252,147,0,0,0,0,0,0,0,0,0,5,145,254,17,0,0,0,0,139,254,161,0,0,0,0,0,0,0,0,0,81,254,220,0,0,0,0,0,72,254,161,0,0,0,0,0,0,0,0,20,204,240,26,0,0,0,0,0,13,221,161,0,0,0,0,0,0,0,0,121,254,129,0,0,0,0,0,0,47,254,161,0,0,0,0,0,0,0,43,238,207,9,0,0,0,0,0,0,123,254,161,0,0,0,0,0,0,0,93,255,82,0,0,0,0,0,0,0,139,254,161,0,0,0,0,0,0,0,186,186,0,0,0,0,0,0,0,0,139,254,221,119,0,0,0,0,0,0,168,248,97,47,47,47,47,47,181,232,244,254,203,51,0,0,0,0,0,0,17,197,252,254,254,254,254,251,163,138,193,254,161,0,0,0,0,0,0,0,0,0,63,69,69,69,69,63,0,0,47,254,161,0,0,0,0,0,0,0,0,0,0,0,0,0,0,0,0,0,106,254,161,0,0,0,0,0,0,0,0,0,0,0,0,0,0,0,0,0,139,254,161,0,0,0,0,0,0,0,0,0,0,0,0,0,0,0,0,0,139,254,161,0,0,0,0,0,0,0,0,0,0,0,0,0,0,0,0,0,139,254,161,0,0,0,0,0,0,0,0,0,0,0,0,0,0,0,0,0,139,254,221,0,0,0,0,0,0,0,0,0,0,0,0,0,0,0,0,0,55,254,254,0,0,0,0,0,0,0,0,0,0,0,0,0,0,0,0,0,43,249,254,34,0,0,0,0,4
0,0,0,0,0,0,0,0,0,0,0,0,0,0,0,0,0,0,0,0,0,0,0,0,0,0,0,0,0,0,0,0,0,0,0,0,128,128,64,0,0,0,0,0,0,0,0,0,0,0,0,0,0,0,64,191,255,255,255,191,0,0,0,0,0,0,0,0,0,0,0,0,0,64,255,255,128,128,255,255,0,0,0,0,0,0,0,0,0,0,0,0,0,128,128,0,0,0,64,255,0,0,0,0,0,64,128,255,191,0,0,0,0,0,0,0,0,0,0,255,0,0,0,0,191,255,255,191,128,0,0,0,0,0,0,0,0,0,0,255,0,0,0,191,255,255,191,0,0,0,0,0,0,0,0,0,0,0,128,255,0,0,128,255,255,191,0,0,0,0,0,0,0,0,0,0,0,64,255,255,0,0,191,255,191,0,0,0,0,0,0,0,0,0,0,0,0,128,255,255,0,64,255,255,0,0,0,0,0,0,0,0,0,0,0,0,64,255,255,64,0,128,255,191,0,0,0,0,0,0,0,0,0,0,0,64,255,255,191,0,0,191,255,128,0,0,0,0,0,0,0,0,0,0,64,255,255,128,0,0,0,255,255,128,0,0,0,0,0,0,0,0,0,64,191,255,191,0,0,0,0,255,255,128,0,0,0,0,0,0,0,0,64,255,255,191,0,0,0,0,0,64,255,255,0,0,0,0,0,0,64,128,191,255,64,0,0,0,0,0,0,0,191,255,255,128,64,0,128,191,255,255,255,64,0,0,0,0,0,0,0,0,64,191,255,255,255,255,255,255,255,128,0,0,0,0,0,0,0,0,0,0,0,0,64,128,128,128,128,128,0,0,0,0,0,0,0,0,0,0,0,0,0,0,0,0,0,0,0,0,0,0,0,0,0,0,0,0,0,0,0
0,0,37,225,255,255,254,188,117,6,0,0,0,0,0,0,0,0,0,0,0,0,155,253,253,253,237,253,253,93,0,0,0,0,0,0,0,0,0,0,0,0,18,210,253,206,49,178,253,206,13,0,0,0,0,0,0,0,0,0,0,0,0,48,65,8,71,225,253,253,59,0,0,0,0,0,0,0,0,0,0,0,0,0,0,128,251,253,253,205,11,0,0,0,0,0,0,0,0,0,0,0,0,0,0,225,253,253,236,58,0,0,0,0,0,0,0,0,0,0,0,0,0,0,0,60,248,253,157,2,0,0,0,0,0,0,0,0,0,0,0,0,0,0,0,0,165,253,253,175,142,142,35,12,0,0,0,0,0,0,0,0,0,0,0,0,3,94,168,212,244,253,253,205,160,75,0,0,0,0,0,0,0,0,0,0,0,0,0,0,59,121,194,197,253,239,77,0,0,0,0,0,0,0,0,0,0,0,0,0,0,0,0,3,172,253,208,16,0,0,0,0,0,0,0,0,0,0,0,0,0,0,0,0,93,253,253,53,0,0,0,0,0,0,0,0,0,0,0,0,0,0,0,0,148,253,253,53,0,0,0,0,0,4,150,143,6,0,0,0,0,0,0,0,148,253,253,53,0,0,0,0,0,127,253,253,11,0,0,0,0,0,0,2,160,253,253,53,0,0,0,0,0,72,253,253,89,0,0,0,0,0,0,35,253,253,253,53,0,0,0,0,0,20,220,253,216,29,0,0,0,0,0,216,253,253,237,39,0,0,0,0,0,0,114,253,253,158,70,0,0,0,128,252,253,253,149,0,0,0,0,0,0,0,13,85,249,253,248,191,192,219,250,253,253,165,10,0,0,0,0,0,0,0,0,0,75,201,253,253,253,253,253,253,170,6,0,0,0,0,3
0,0,0,0,0,0,0,0,0,46,253,255,129,37,0,0,0,0,0,0,0,0,0,0,0,0,0,0,0,81,252,253,252,88,0,0,0,0,0,0,0,0,0,0,0,0,0,0,0,106,252,253,252,97,0,0,0,0,0,0,0,0,0,0,0,0,0,0,0,193,252,253,252,237,0,0,0,0,0,0,0,0,0,0,0,0,0,0,0,193,252,253,252,237,0,0,0,0,0,0,0,0,0,0,0,0,0,0,11,200,252,253,252,237,0,0,0,0,0,0,0,0,0,0,0,0,0,0,42,221,252,253,252,237,0,0,0,0,0,0,0,0,0,0,0,0,0,0,85,248,252,253,252,237,0,0,0,0,0,0,0,0,0,0,0,0,0,0,90,252,252,253,252,237,0,0,0,0,0,0,0,0,0,0,0,0,0,0,177,252,252,253,252,237,0,0,0,0,0,0,0,0,0,0,0,0,0,0,240,253,253,255,253,238,0,0,0,0,0,0,0,0,0,0,0,0,0,0,238,252,252,253,252,114,0,0,0,0,0,0,0,0,0,0,0,0,0,0,238,252,252,253,252,88,0,0,0,0,0,0,0,0,0,0,0,0,0,0,238,252,252,253,252,88,0,0,0,0,0,0,0,0,0,0,0,0,0,40,242,252,252,253,234,62,0,0,0,0,0,0,0,0,0,0,0,0,0,134,252,252,252,253,192,0,0,0,0,0,0,0,0,0,0,0,0,0,0,134,252,252,252,253,192,0,0,0,0,0,0,0,0,0,0,0,0,0,0,134,252,252,252,253,192,0,0,0,0,0,0,0,0,0,0,0,0,0,0,31,199,241,252,253,192,0,0,0,0,0,0,0,0,0,0,0,0,0,0,0,0,80,191,253,192,0,0,0,0,0,0,0,1
0,0,0,0,0,0,0,0,0,0,0,0,0,0,0,0,0,0,0,0,0,0,0,0,0,0,0,0,0,0,0,0,0,0,0,0,0,0,0,0,0,0,0,0,0,0,0,0,0,0,0,0,0,0,0,0,0,0,0,0,0,0,0,0,0,0,0,0,0,0,0,0,0,0,0,0,0,0,0,0,0,0,198,253,253,141,0,89,113,113,114,113,113,113,50,0,0,0,0,0,0,0,197,252,252,241,225,246,252,252,253,252,252,252,237,163,57,0,0,0,0,0,197,252,252,253,252,252,252,252,253,252,252,252,252,253,233,43,0,0,0,0,197,252,252,240,223,114,84,84,84,84,84,103,252,253,252,55,0,0,0,0,197,252,252,140,0,0,0,0,0,0,0,29,252,253,252,55,0,0,0,0,198,253,253,141,0,0,0,0,0,0,0,29,253,255,253,56,0,0,0,0,197,252,252,140,0,0,0,0,0,0,0,29,252,253,252,55,0,0,0,0,197,252,252,140,0,0,0,0,0,0,0,29,252,253,252,55,0,0,0,0,181,252,252,140,0,0,0,0,0,0,0,29,252,253,252,55,0,0,0,0,25,128,252,140,0,0,0,0,0,0,0,29,252,253,252,55,0,0,0,0,0,0,0,0,0,0,0,0,0,0,0,29,253,255,253,56,0,0,0,0,0,0,0,0,0,0,0,0,0,0,0,29,252,253,223,37,0,0,0,0,0,0,0,0,0,0,0,0,0,0,0,138,141,253,136,0,0,0,0,0,0,0,0,0,0,0,0,0,0,0,0,169,205,253,27,0,0,0,0,0,0,0,0,0,0,0,0,0,0,0,0,169,252,253,27,0,0,0,0,0,0,0,0,0,0,0,0,0,0,0,0,169,253,141,0,0,0,0,7
0,0,0,0,0,0,0,0,0,0,23,118,239,255,245,155,34,0,0,0,0,0,0,0,0,0,0,0,4,167,228,254,253,243,248,253,230,57,0,0,0,0,0,0,0,0,0,11,175,253,253,213,100,0,44,205,254,163,0,0,0,0,0,0,0,0,0,173,254,222,93,13,0,0,0,132,254,164,0,0,0,0,0,0,0,0,59,249,225,34,0,0,0,0,0,80,254,164,0,0,0,0,0,0,0,0,136,253,92,1,0,0,0,0,0,80,254,174,2,0,0,0,0,0,0,0,151,253,254,4,0,0,0,0,0,81,254,188,3,0,0,0,0,0,0,0,5,14,54,1,0,0,0,0,0,174,254,163,0,0,0,0,0,0,0,0,0,0,0,0,0,0,0,0,0,180,254,88,0,0,0,0,0,0,0,0,0,0,0,0,0,0,0,0,104,252,160,2,0,0,0,0,0,60,204,204,204,111,105,46,1,0,0,2,225,253,118,0,0,0,0,0,65,241,254,230,254,254,254,254,136,46,4,152,254,179,8,0,0,0,0,0,164,254,184,24,39,133,176,247,253,244,217,253,254,74,0,0,0,0,0,4,200,248,58,0,0,0,0,50,126,228,253,253,254,172,8,0,0,0,0,0,165,251,70,0,0,0,0,0,13,206,254,247,130,20,0,0,0,0,0,0,164,254,79,0,0,0,0,0,136,253,243,54,0,0,0,0,0,0,0,0,151,254,171,0,0,0,27,114,250,245,128,0,0,0,0,0,0,0,0,0,17,228,235,89,31,184,239,254,252,126,0,0,0,0,0,0,0,0,0,0,0,162,254,252,248,254,254,227,87,0,0,0,0,0,0,0,0,0,0,0,0,34,183,253,253,159,78,23,0,0,0,0,0,0,0,0,0,0,2
0,0,0,0,0,0,0,0,0,0,0,0,19,222,114,0,0,0,0,0,0,0,0,0,0,0,0,0,0,0,0,0,41,254,142,0,0,0,0,0,0,0,0,0,0,0,0,0,0,0,0,0,108,254,156,0,0,0,0,0,0,0,0,0,0,0,0,0,0,0,0,0,152,254,117,0,0,0,0,0,0,0,0,0,0,0,0,0,0,0,0,0,197,254,85,0,0,0,0,0,0,0,0,0,0,0,0,0,0,0,0,24,240,254,82,0,0,0,0,0,0,0,0,0,0,0,0,0,0,0,0,124,254,250,0,0,0,0,0,0,0,0,0,0,0,0,0,0,0,0,0,211,254,168,0,0,0,0,0,0,0,0,0,0,0,0,0,0,0,0,63,252,254,71,0,0,0,0,0,0,0,0,0,0,0,0,0,0,0,0,213,254,223,9,0,0,0,0,0,0,0,0,0,0,0,0,0,0,0,60,249,254,105,0,0,0,0,0,0,0,0,0,0,0,0,0,0,0,0,217,254,224,13,0,0,0,0,0,0,0,0,0,0,0,0,0,0,0,29,244,254,101,0,0,0,0,0,0,0,0,0,0,0,0,0,0,0,0,221,254,240,31,0,0,0,0,0,0,0,0,0,0,0,0,0,0,0,53,253,254,68,0,0,0,0,0,0,0,0,0,0,0,0,0,0,0,2,152,254,242,25,0,0,0,0,0,0,0,0,0,0,0,0,0,0,0,9,254,254,105,0,0,0,0,0,0,0,0,0,0,0,0,0,0,0,0,9,254,254,18,0,0,0,0,0,0,0,0,0,0,0,0,0,0,0,0,9,250,254,18,0,0,0,0,0,0,0,0,0,0,0,0,0,0,0,0,0,52,252,49,0,0,0,0,0,0,0,0,0,0,1
0,0,22,183,252,36,0,0,0,0,0,0,0,0,0,0,0,0,0,0,0,0,127,250,250,224,56,0,0,0,0,0,0,0,0,0,0,0,0,0,0,0,127,250,250,231,83,0,0,0,0,0,0,0,0,0,0,0,0,0,0,57,210,250,250,210,0,0,0,0,0,0,0,0,0,0,0,0,0,0,0,85,250,250,250,210,0,0,0,0,0,0,0,0,0,0,0,0,0,0,43,252,252,252,252,177,0,0,0,0,0,0,22,183,252,254,182,21,0,0,43,250,250,250,250,0,0,0,0,0,0,0,127,250,250,252,250,125,0,0,148,250,250,250,250,0,0,0,0,0,0,0,63,209,250,252,250,188,127,127,252,250,250,250,250,0,0,0,0,0,0,0,0,168,250,252,250,250,250,250,76,250,250,250,250,212,139,0,0,0,177,71,210,237,250,252,250,250,250,250,36,224,252,252,252,254,252,252,252,252,255,252,252,252,252,255,252,252,83,0,0,56,208,250,250,252,250,250,250,250,252,250,250,250,250,252,250,208,55,0,0,0,63,209,250,252,250,250,250,250,252,250,250,250,250,252,250,188,42,0,0,0,0,56,83,252,250,250,250,250,252,250,250,250,250,252,250,250,83,0,0,0,0,0,0,41,41,41,41,41,252,179,41,181,250,252,250,250,83,0,0,0,0,0,0,0,0,0,0,0,0,0,0,0,212,255,252,252,83,0,0,0,0,0,0,0,0,0,0,0,0,0,0,0,210,252,250,208,55,0,0,0,0,0,0,0,0,0,0,0,0,0,0,0,210,252,250,125,0,0,0,0,0,0,0,0,0,0,0,0,0,0,0,0,70,252,250,125,0,0,0,0,0,0,0,0,0,0,0,0,0,0,0,0,0,252,250,125,0,0,4
0,0,0,0,0,0,0,0,0,0,7,204,153,26,0,0,0,0,0,0,0,0,0,0,0,0,0,0,0,0,131,252,252,225,0,0,0,0,0,0,0,0,0,0,0,0,0,0,0,23,234,252,252,187,0,0,0,0,0,0,0,0,0,0,0,0,0,0,0,179,252,177,28,13,0,0,0,0,0,0,0,0,0,0,0,0,0,0,13,255,253,253,253,79,10,0,0,0,0,0,0,0,0,0,0,0,0,0,138,253,214,122,246,253,109,0,0,0,0,0,0,0,0,0,0,0,0,0,225,253,109,0,100,253,215,19,0,0,0,0,0,0,0,0,0,0,0,0,225,241,47,0,0,253,252,56,0,0,0,0,0,0,0,0,0,0,0,147,253,214,0,0,0,254,203,7,0,0,0,0,0,0,0,0,0,0,13,209,252,113,0,0,0,253,252,56,0,0,0,0,0,0,0,0,0,0,107,252,252,113,0,0,0,253,252,106,0,0,0,0,0,0,0,0,0,0,157,252,252,63,0,0,0,253,252,56,0,0,0,0,0,0,0,0,0,0,170,253,253,0,0,0,13,254,247,50,0,0,0,0,0,0,0,0,0,0,169,252,252,0,0,0,113,253,196,0,0,0,0,0,0,0,0,0,0,0,169,252,252,0,0,0,200,253,196,0,0,0,0,0,0,0,0,0,0,0,169,252,252,0,0,126,249,253,96,0,0,0,0,0,0,0,0,0,0,0,108,253,190,0,45,229,253,214,0,0,0,0,0,0,0,0,0,0,0,0,57,252,139,70,225,252,227,38,0,0,0,0,0,0,0,0,0,0,0,0,13,171,228,253,252,252,139,0,0,0,0,0,0,0,0,0,0,0,0,0,0,47,190,190,215,214,28,0,0,0,0,0,0,0,0
0,0,0,0,0,0,0,0,0,0,0,0,0,0,0,0,0,0,0,0,0,0,3,58,230,253,253,253,205,82,10,0,0,0,0,0,0,0,0,0,0,0,51,252,252,220,198,252,252,253,153,0,0,0,0,0,0,0,0,0,0,0,90,187,153,32,8,44,92,210,186,0,0,0,0,0,0,0,0,0,0,0,1,4,0,0,0,0,0,143,186,0,0,0,0,0,0,0,0,0,0,0,0,0,0,0,0,0,0,143,186,0,0,0,0,0,0,0,0,0,0,0,0,0,0,0,0,0,0,230,186,0,0,0,0,0,0,0,0,0,0,0,0,0,0,0,0,0,154,253,181,0,0,0,0,0,0,0,0,0,0,0,0,0,0,0,0,0,220,248,63,0,0,0,0,0,0,0,0,0,0,0,0,0,0,0,0,58,244,138,0,0,0,0,0,0,0,0,0,0,0,0,0,0,0,0,0,173,252,173,111,111,5,0,0,0,0,0,0,0,0,0,0,0,0,0,0,34,206,255,253,253,244,64,0,0,0,0,0,0,0,0,0,0,0,0,0,0,0,77,77,167,250,236,67,0,0,0,0,0,0,0,0,0,0,0,0,0,0,0,0,0,108,252,164,0,0,0,0,0,0,0,0,0,0,0,0,0,0,0,0,0,11,207,210,11,0,0,0,0,0,0,0,0,0,0,0,0,0,0,0,0,5,184,252,21,0,0,0,0,0,0,0,0,0,0,0,0,0,0,0,0,61,252,221,14,0,0,0,0,0,0,0,0,0,0,0,0,0,0,0,5,185,252,164,0,0,0,0,0,0,0,0,0,0,0,0,0,0,0,12,174,252,223,88,0,0,0,0,0,0,0,0,0,0,0,0,0,0,107,204,252,246,61,0,0,0,0,0,0,3
0,0,0,0,0,0,0,0,26,29,104,141,241,192,116,7,0,0,0,0,0,0,0,0,0,0,0,82,243,253,252,252,252,253,252,187,69,0,0,0,0,0,0,0,0,0,82,240,252,253,252,252,252,253,252,252,252,89,0,0,0,0,0,0,0,176,243,252,252,253,252,252,252,253,252,252,252,226,38,0,0,0,0,0,226,255,253,253,253,251,225,225,225,242,253,253,253,254,197,0,0,0,0,57,243,253,252,252,252,125,0,0,0,60,234,252,252,253,234,113,0,0,19,191,252,253,252,252,127,0,0,0,0,0,82,252,252,253,252,196,0,0,57,252,252,253,227,103,3,0,0,0,0,0,32,228,252,253,252,252,0,0,70,253,253,254,197,0,0,0,0,0,0,0,0,38,238,254,253,253,0,0,169,252,252,253,196,0,0,0,0,0,0,0,0,0,225,253,252,252,0,10,197,252,252,253,158,0,0,0,0,0,0,0,0,0,225,253,252,252,0,29,252,252,252,253,84,0,0,0,0,0,0,0,0,0,225,253,252,214,0,79,253,253,253,254,84,0,0,0,0,0,0,0,0,10,229,254,253,168,0,29,252,252,252,253,109,0,0,0,0,0,0,0,13,172,252,253,252,142,0,7,187,252,252,253,215,85,10,0,0,0,0,10,123,252,252,253,208,13,0,0,119,252,252,253,252,252,178,114,88,89,113,229,252,252,252,253,145,0,0,0,51,247,253,254,253,253,253,254,253,253,253,254,253,253,253,101,0,0,0,0,0,172,252,253,252,252,252,253,252,252,252,253,252,252,102,0,0,0,0,0,0,19,156,253,252,252,252,253,252,252,252,253,233,130,6,0,0,0,0,0,0,0,0,28,103,177,252,253,252,252,202,128,22,0,0,0,0,0,0
0,0,0,0,0,0,0,0,0,0,0,0,0,0,0,0,0,0,0,0,0,0,0,0,0,0,0,0,0,0,0,0,0,0,0,0,0,0,0,0,0,0,0,0,0,0,0,0,0,0,0,0,0,0,0,0,0,0,0,0,0,0,0,0,0,0,0,0,0,0,0,0,0,0,0,0,0,0,0,0,40,194,43,0,0,0,0,0,53,101,101,175,255,255,184,101,199,254,222,40,222,253,223,200,200,200,200,200,228,253,253,253,253,253,253,253,253,253,253,99,254,253,253,253,253,253,253,253,253,253,253,253,253,253,253,253,253,253,222,42,105,253,253,253,253,253,253,253,253,168,160,160,186,253,253,253,253,253,49,0,24,89,214,228,224,214,162,61,61,6,0,0,94,253,253,253,228,148,11,0,0,0,0,42,28,0,0,0,0,0,0,68,240,253,253,253,92,0,0,0,0,0,0,0,0,0,0,0,0,0,22,246,253,253,253,195,6,0,0,0,0,0,0,0,0,0,0,0,0,10,145,253,253,253,168,52,0,0,0,0,0,0,0,0,0,0,0,0,0,78,253,253,253,245,67,0,0,0,0,0,0,0,0,0,0,0,0,0,0,218,253,253,232,72,0,0,0,0,0,0,0,0,0,0,0,0,0,3,104,246,253,253,183,0,0,0,0,0,0,0,0,0,0,0,0,0,0,107,253,253,253,253,109,0,0,0,0,0,0,0,0,0,0,0,0,0,0,185,253,253,247,109,4,0,0,0,0,0,0,0,0,0,0,0,0,0,6,189,253,253,230,0,0,0,0,0,0,0,0,0,0,0,0,0,0,0,86,253,253,253,159,0,0,0,0,0,0,0,0,0,0,0,0,0,0,0,123,253,253,253,76,0,0,0,0,0,0,0,0,0,7
0,0,0,0,0,0,0,0,0,0,0,0,0,0,0,0,0,0,0,0,0,0,0,0,0,0,40,118,118,118,148,248,248,248,248,248,248,248,114,0,0,0,0,0,0,0,142,253,253,253,253,253,253,253,253,253,253,253,241,0,0,0,0,0,0,0,215,253,253,253,253,253,253,253,253,253,191,203,78,0,0,0,0,0,0,133,249,253,253,253,180,155,132,25,25,25,11,13,0,0,0,0,0,0,83,233,253,253,253,253,132,92,28,0,0,0,0,0,0,0,0,0,0,89,249,253,253,253,253,253,253,253,227,215,131,33,0,0,0,0,0,0,35,218,253,253,253,253,253,253,253,253,253,253,253,226,126,0,0,0,0,0,215,253,253,253,253,253,253,253,253,253,253,253,253,253,249,125,0,0,0,0,241,253,253,253,198,188,84,58,58,58,82,198,253,253,253,250,124,0,0,0,241,253,253,88,10,0,0,0,0,0,0,10,148,231,253,253,248,29,0,0,125,201,150,9,0,0,0,0,0,0,0,0,0,58,232,253,253,149,0,0,0,0,0,0,0,0,0,0,0,0,0,0,0,0,127,253,253,253,0,39,2,0,0,0,0,0,0,0,0,0,0,0,0,0,108,253,253,253,97,251,167,110,21,0,0,0,0,0,0,0,0,0,5,47,216,253,253,253,255,253,253,253,216,156,156,117,27,27,27,54,66,47,169,253,253,253,249,97,244,253,253,253,253,253,253,253,253,253,253,253,253,253,253,253,253,242,160,0,118,246,253,253,253,253,253,253,253,253,253,253,253,253,253,252,240,105,0,0,0,54,117,170,247,247,247,247,247,247,247,247,247,247,162,105,0,0,0,0,0,0,0,0,0,0,0,0,0,0,0,0,0,0,0,0,0,0,0,0,5
0,0,0,0,0,0,0,0,0,0,0,0,0,0,0,0,0,0,0,0,0,0,0,0,0,0,0,0,0,0,0,0,0,0,0,0,0,0,0,0,0,0,0,0,0,0,0,0,95,161,237,254,255,82,0,0,0,0,0,0,0,0,0,0,0,0,30,172,254,253,253,253,254,198,0,0,0,0,0,0,0,0,0,0,0,47,228,253,205,88,46,129,254,131,19,182,85,0,0,0,0,0,0,0,26,214,253,219,0,0,0,184,228,40,149,253,184,0,0,0,0,0,0,0,153,254,205,0,0,0,49,254,68,106,254,254,34,0,0,0,0,0,0,102,254,227,29,0,0,0,178,106,0,189,253,168,0,0,0,0,0,0,0,184,254,131,0,0,0,0,17,0,100,249,253,160,0,0,0,0,0,0,0,184,254,115,0,0,0,0,0,68,229,253,253,160,0,0,0,0,0,0,0,185,254,140,0,0,0,0,41,229,254,254,247,50,0,0,0,0,0,0,0,84,254,232,93,0,47,130,224,219,120,253,230,0,0,0,0,0,0,0,0,0,136,253,249,207,254,253,225,38,112,253,154,0,0,0,0,0,0,0,0,0,19,119,160,194,161,111,13,0,161,253,137,0,0,0,0,0,0,0,0,0,0,0,0,0,0,0,0,0,162,254,138,0,0,0,0,0,0,0,0,0,0,0,0,0,0,0,0,0,161,253,137,0,0,0,0,0,0,0,0,0,0,0,0,0,0,0,0,0,170,253,137,0,0,0,0,0,0,0,0,0,0,0,0,0,0,0,0,0,254,253,104,0,0,0,0,0,0,0,0,0,0,0,0,0,0,0,0,0,255,254,46,0,0,0,0,0,0,0,0,0,0,0,0,0,0,0,0,51,254,253,46,0,0,0,0,0,9
0,0,0,0,0,0,0,0,0,0,0,0,20,189,57,0,0,0,0,0,0,0,0,0,0,0,0,0,0,0,0,6,192,254,232,0,0,0,0,0,0,0,0,0,0,0,0,0,0,0,0,6,203,254,210,0,0,0,0,0,0,0,0,0,0,0,0,0,0,0,0,59,254,254,127,0,0,0,0,0,0,0,0,0,0,0,0,0,0,0,5,212,254,234,28,0,0,0,0,0,0,0,0,0,0,0,0,0,0,0,49,254,254,178,0,0,0,0,0,0,0,0,0,0,0,0,0,0,0,0,161,254,254,115,0,0,0,0,0,0,0,0,0,0,0,0,0,0,0,0,241,254,249,34,0,0,0,0,0,0,0,0,0,0,0,0,0,0,0,27,245,254,177,0,0,0,0,0,0,0,0,0,0,0,0,0,0,0,0,136,254,254,87,0,0,0,0,0,0,0,0,0,0,0,0,0,0,0,9,211,254,248,46,0,0,0,0,0,0,0,0,0,0,0,0,0,0,0,49,254,254,211,0,0,0,0,0,0,0,0,0,0,0,0,0,0,0,0,168,254,254,91,0,0,0,0,0,0,0,0,0,0,0,0,0,0,0,43,246,254,254,48,0,0,0,0,0,0,0,0,0,0,0,0,0,0,0,81,254,254,222,16,0,0,0,0,0,0,0,0,0,0,0,0,0,0,0,149,255,255,105,0,0,0,0,0,0,0,0,0,0,0,0,0,0,0,35,228,254,254,14,0,0,0,0,0,0,0,0,0,0,0,0,0,0,0,87,254,254,254,14,0,0,0,0,0,0,0,0,0,0,0,0,0,0,0,76,253,255,255,14,0,0,0,0,0,0,0,0,0,0,0,0,0,0,0,0,136,254,187,9,0,0,0,0,0,0,0,0,0,1
0,0,0,0,0,0,0,0,0,0,0,0,0,0,0,0,0,0,0,0,0,0,0,0,0,0,0,0,0,0,0,0,0,0,0,0,0,0,6,86,0,0,0,0,0,0,0,0,0,0,0,0,0,0,0,0,7,66,205,254,0,0,0,0,0,0,0,0,0,0,0,12,21,21,66,148,224,254,254,254,0,0,0,0,0,0,0,0,0,12,152,222,254,254,254,254,254,254,244,144,0,0,0,0,0,0,0,16,203,234,254,254,254,254,253,224,175,93,21,0,0,0,0,0,0,0,0,64,254,254,254,254,219,107,66,0,0,0,0,0,0,0,0,0,0,0,0,146,254,217,38,15,9,0,0,0,0,0,0,0,0,0,0,0,0,0,29,239,254,115,0,0,0,0,0,0,0,0,0,0,0,0,0,0,0,4,150,254,254,56,0,0,0,0,0,0,0,0,0,0,0,0,0,0,0,64,254,254,254,247,205,107,21,0,0,0,0,0,0,0,0,0,0,0,65,242,254,254,254,254,254,254,175,0,0,0,0,0,0,0,0,0,0,5,206,254,254,254,244,200,245,254,254,128,3,0,0,0,0,0,0,0,0,50,254,254,234,133,23,0,96,254,254,214,13,0,0,0,0,0,0,0,28,87,129,129,52,0,0,0,49,253,254,200,4,0,0,0,0,0,0,0,157,213,0,0,0,0,0,0,31,252,254,236,27,0,0,0,0,0,0,0,110,238,13,0,0,0,0,20,80,253,254,194,0,0,0,0,0,0,0,0,14,221,213,190,190,190,190,226,254,254,254,194,0,0,0,0,0,0,0,0,0,91,110,110,110,110,110,110,110,110,110,45,0,0,0,0,0,0,0,0,0,0,0,0,0,0,0,0,0,0,0,0,0,0,0,0,0,0,5
0,0,0,0,0,0,0,0,0,0,0,0,0,0,0,0,0,0,0,0,0,0,0,0,0,0,0,0,0,0,0,0,0,0,0,0,0,0,0,0,0,0,0,0,0,0,0,0,10,134,217,254,254,201,36,0,0,0,0,0,0,0,0,0,0,0,0,14,168,245,211,135,203,251,185,8,0,0,0,0,0,0,0,0,0,0,44,229,240,108,0,0,0,136,253,98,0,0,0,0,0,0,0,0,0,47,228,240,68,0,0,0,58,44,199,98,0,0,0,0,0,0,0,0,0,231,253,100,0,0,0,16,235,244,239,98,0,0,0,0,0,0,0,0,121,255,151,0,0,0,0,43,254,254,254,99,0,0,0,0,0,0,0,0,187,254,46,0,0,0,23,177,253,234,173,15,0,0,0,0,0,0,0,0,68,254,165,0,0,31,176,241,253,213,0,0,0,0,0,0,0,0,0,0,0,201,251,234,234,241,254,237,253,198,0,0,0,0,0,0,0,0,0,0,0,36,185,253,253,177,58,163,253,117,0,0,0,0,0,0,0,0,0,0,0,0,0,0,0,0,0,215,254,117,0,0,0,0,0,0,0,0,0,0,0,0,0,0,0,0,0,214,253,117,0,0,0,0,0,0,0,0,0,0,0,0,0,0,0,0,0,214,253,117,0,0,0,0,0,0,0,0,0,0,0,0,0,0,0,0,0,214,253,102,0,0,0,0,0,0,0,0,0,0,0,0,0,0,0,0,0,214,253,19,0,0,0,0,0,0,0,0,0,0,0,0,0,0,0,0,59,254,254,19,0,0,0,0,0,0,0,0,0,0,0,0,0,0,0,0,59,253,253,19,0,0,0,0,0,0,0,0,0,0,0,0,0,0,0,0,59,253,253,19,0,0,0,0,0,0,9
0,0,0,0,0,0,0,0,0,0,0,0,0,0,0,0,0,0,0,0,0,0,0,0,0,0,0,0,0,0,0,0,0,0,0,0,0,0,0,0,0,0,0,0,0,0,0,0,0,0,0,0,0,0,0,0,0,0,0,0,0,0,0,0,0,0,0,0,0,0,0,0,0,0,13,13,0,0,0,0,0,0,0,0,0,0,0,0,0,0,51,120,169,169,206,207,169,82,7,0,0,0,0,0,0,0,0,0,82,197,246,253,252,252,252,253,252,252,203,0,0,0,0,0,26,113,163,226,243,252,252,190,139,139,40,78,128,252,252,0,7,29,29,154,253,253,253,251,200,113,13,0,0,0,0,0,70,253,253,0,187,252,252,228,252,233,145,75,0,0,0,0,0,0,0,7,187,252,151,0,252,252,252,31,56,37,0,0,0,0,0,0,0,0,0,117,252,252,28,0,139,177,151,51,0,0,0,0,0,0,0,0,0,0,0,191,252,214,15,0,0,0,0,0,0,0,0,0,0,0,0,0,0,10,179,255,222,25,0,0,0,0,0,0,0,0,0,0,0,0,0,0,0,110,252,222,103,0,0,0,0,0,0,0,0,0,0,0,0,0,0,0,45,240,252,113,0,0,0,0,0,0,0,0,0,0,0,0,0,0,0,13,194,252,151,13,0,0,0,0,0,0,0,0,0,0,0,0,0,0,26,204,253,194,13,0,0,0,0,0,0,0,0,0,0,0,0,0,0,0,225,253,214,19,0,0,0,0,0,0,0,0,0,0,0,0,0,0,19,172,246,194,43,0,0,0,0,0,0,0,0,0,0,0,0,0,0,13,194,252,202,13,0,0,0,0,0,0,0,0,0,0,0,0,0,0,0,141,253,194,13,0,0,0,0,0,0,0,0,0,7
0,0,0,0,0,0,0,0,0,0,0,0,0,0,0,0,0,0,0,0,0,0,0,0,0,0,0,0,0,0,0,0,0,0,0,0,0,0,0,0,0,0,0,0,0,0,0,0,0,0,0,0,4,66,154,134,158,42,0,0,0,0,0,0,0,0,0,0,0,0,19,121,207,254,253,241,254,229,145,5,0,0,0,0,0,0,0,58,175,175,239,254,254,176,72,25,80,181,254,124,0,0,0,0,0,79,203,244,254,254,254,212,80,8,0,0,0,9,183,205,0,0,0,0,55,248,254,254,254,151,70,26,0,0,0,0,0,0,191,181,0,0,0,0,34,193,115,60,15,1,0,0,0,0,0,0,0,140,254,138,0,0,0,0,0,0,0,0,0,0,0,0,0,0,0,0,14,214,238,34,0,0,0,0,0,0,0,0,0,0,0,0,0,0,0,16,196,254,92,0,0,0,0,0,0,0,0,0,0,0,0,0,0,0,15,192,254,214,6,0,0,0,0,0,0,31,94,160,160,160,160,98,61,128,244,254,94,0,0,0,0,1,41,116,184,235,249,239,239,254,254,254,254,254,254,191,5,0,0,0,0,105,254,254,234,172,57,12,108,253,254,254,254,235,246,254,47,0,0,0,49,249,254,99,38,117,159,230,254,254,232,106,30,22,46,247,120,0,0,0,127,254,254,190,231,254,254,210,174,76,15,0,0,0,0,53,35,0,0,0,181,254,254,224,219,128,47,9,0,0,0,0,0,0,0,0,0,0,0,0,14,65,65,9,0,0,0,0,0,0,0,0,0,0,0,0,0,0,0,0,0,0,0,0,0,0,0,0,0,0,0,0,0,0,0,0,0,0,0,0,0,0,0,0,0,0,0,0,0,0,0,0,0,0,0,0,0,0,0,0,2
0,0,0,0,0,0,0,0,0,0,0,0,0,0,0,0,0,0,0,0,0,0,0,0,0,0,20,134,253,253,134,0,0,0,0,0,0,0,0,0,0,0,0,0,0,23,200,252,252,195,77,0,0,0,0,0,0,0,0,0,0,0,0,0,110,232,252,192,82,12,0,0,0,0,0,0,0,0,0,0,0,0,0,0,200,252,176,15,0,0,0,0,0,0,0,0,0,0,0,0,0,0,0,169,241,209,17,0,0,0,0,0,0,0,53,53,0,0,0,0,0,0,70,242,252,101,0,0,0,0,0,0,0,88,238,238,87,0,0,0,0,0,115,252,241,56,0,0,0,0,0,0,86,240,252,252,212,0,0,0,0,0,226,252,171,0,0,0,0,0,0,26,229,252,252,252,212,0,0,0,0,0,226,252,60,0,0,0,0,0,77,247,252,252,252,252,212,0,0,0,0,0,156,252,185,0,0,0,8,133,253,252,252,209,224,252,212,0,0,0,0,0,94,253,253,154,121,204,253,253,255,253,97,81,253,253,213,0,0,0,0,0,54,235,252,252,252,252,252,252,146,19,2,81,252,252,212,0,0,0,0,0,0,64,183,252,252,192,151,26,0,0,0,81,252,252,212,0,0,0,0,0,0,0,11,39,39,15,0,0,0,0,0,81,252,252,212,0,0,0,0,0,0,0,0,0,0,0,0,0,0,0,0,81,252,252,212,0,0,0,0,0,0,0,0,0,0,0,0,0,0,0,0,21,213,252,212,0,0,0,0,0,0,0,0,0,0,0,0,0,0,0,0,0,200,252,212,0,0,0,0,0,0,0,0,0,0,0,0,0,0,0,0,0,200,252,212,0,0,0,0,0,0,0,0,0,0,0,0,0,0,0,0,0,193,252,214,5,0,0,9
0,0,0,0,0,0,0,0,0,0,0,0,0,0,0,0,0,0,0,0,0,0,0,0,0,126,255,114,0,0,0,0,0,0,0,0,0,0,0,0,0,0,0,0,17,233,254,153,0,0,0,0,0,0,13,167,180,0,0,0,0,0,0,0,88,254,254,100,0,0,0,0,0,0,124,254,229,0,0,0,0,0,0,0,190,254,233,14,0,0,0,0,0,0,161,254,229,0,0,0,0,0,0,12,241,254,178,0,0,0,0,0,0,0,217,254,213,0,0,0,0,0,0,108,254,252,71,0,0,0,0,0,0,33,246,254,85,0,0,0,0,0,0,158,254,232,0,0,0,0,0,0,0,68,254,240,11,0,0,0,0,0,0,186,254,184,0,0,0,0,0,0,0,123,254,148,0,0,0,0,0,0,0,229,254,160,0,0,0,0,0,0,0,181,254,106,0,0,0,0,0,0,0,199,254,211,0,0,0,0,0,0,123,253,251,46,0,0,0,0,0,0,0,116,254,251,164,48,4,4,66,140,250,254,215,0,0,0,0,0,0,0,0,4,179,251,254,254,254,254,254,254,242,254,152,0,0,0,0,0,0,0,0,0,0,33,154,235,211,172,110,68,157,254,93,0,0,0,0,0,0,0,0,0,0,0,0,0,0,0,0,0,154,254,93,0,0,0,0,0,0,0,0,0,0,0,0,0,0,0,0,16,230,254,68,0,0,0,0,0,0,0,0,0,0,0,0,0,0,0,0,44,254,254,21,0,0,0,0,0,0,0,0,0,0,0,0,0,0,0,0,71,254,240,15,0,0,0,0,0,0,0,0,0,0,0,0,0,0,0,0,115,254,194,4,0,0,0,0,0,0,0,0,0,0,0,0,0,0,0,0,164,254,132,0,0,0,0,0,0,4
0,0,0,0,0,0,0,0,0,0,0,0,0,0,0,0,0,0,0,0,0,0,0,0,0,0,0,0,0,0,94,212,253,255,128,31,0,0,0,0,0,0,0,0,0,0,0,0,42,218,247,252,252,253,252,206,31,0,0,0,0,0,0,0,0,0,0,47,221,253,252,252,231,253,252,252,211,21,0,0,0,0,0,0,0,0,42,221,252,253,210,108,46,108,232,252,252,144,1,0,0,0,0,0,0,47,232,252,252,0,0,0,0,0,42,159,252,253,210,31,0,0,0,0,1,149,252,252,252,0,0,0,0,0,0,26,221,253,252,71,0,0,0,6,37,252,252,252,252,0,0,0,0,0,0,0,41,253,252,175,0,0,0,120,252,252,252,148,108,0,0,0,0,0,0,0,0,170,252,215,0,0,32,212,253,206,20,0,0,0,0,0,0,0,0,0,0,110,253,154,0,0,197,252,252,143,0,0,0,0,0,0,0,0,0,0,0,233,252,71,0,16,222,252,231,41,0,0,0,0,0,0,0,0,0,6,120,253,252,71,0,109,252,231,46,0,0,0,0,0,0,0,0,0,0,37,252,253,210,31,0,110,253,217,0,0,0,0,0,0,0,0,0,0,32,212,253,208,20,0,0,47,232,215,0,0,0,0,0,0,0,0,0,73,207,252,252,104,0,0,0,31,227,221,16,0,0,0,0,0,0,6,120,253,252,246,132,0,0,0,0,0,217,252,190,0,0,0,0,0,42,160,252,253,252,215,0,0,0,0,0,0,42,222,253,191,109,31,0,171,253,253,253,255,159,41,0,0,0,0,0,0,0,139,252,252,252,227,217,253,252,252,252,222,25,0,0,0,0,0,0,0,0,11,71,215,226,252,252,253,241,215,132,41,0,0,0,0,0,0,0
0,0,0,0,0,49,245,253,114,0,0,0,0,0,0,0,0,0,0,0,0,0,0,0,0,76,253,253,67,0,0,0,0,0,0,0,0,0,0,0,0,0,0,0,6,167,253,253,14,0,0,0,0,0,0,0,0,0,0,0,0,0,0,0,111,253,253,198,7,0,0,0,0,0,0,0,0,0,0,0,0,0,0,0,153,253,232,19,0,0,0,0,0,0,0,0,0,0,0,0,0,0,0,52,238,253,208,0,0,0,0,0,0,0,0,36,40,40,26,0,0,0,0,164,254,253,124,0,0,0,0,0,0,6,161,247,253,254,233,122,0,0,0,164,253,209,12,0,0,0,0,0,12,180,253,253,253,253,253,208,0,0,9,236,253,178,0,0,0,0,0,3,104,253,253,253,250,251,253,208,0,0,73,253,254,117,0,0,0,0,12,140,254,253,237,106,28,134,254,185,0,0,194,253,253,79,0,0,0,0,140,253,253,229,29,0,5,181,253,104,0,0,209,253,253,79,0,0,0,27,251,253,213,13,0,0,146,253,193,3,0,0,210,253,254,79,0,0,0,183,253,241,60,0,0,82,245,250,109,0,0,0,139,253,253,79,0,0,29,236,253,148,0,0,23,234,253,148,0,0,0,0,57,253,254,142,18,0,119,254,253,85,35,126,240,254,197,17,0,0,0,0,3,187,254,253,209,91,155,254,253,253,254,253,253,245,48,0,0,0,0,0,0,32,159,254,253,254,253,254,253,253,254,251,181,20,0,0,0,0,0,0,0,0,5,84,205,253,253,253,253,253,191,67,0,0,0,0,0,0,0,0,0,0,0,0,0,0,0,0,0,0,0,0,0,0,0,0,0,0,0,0,0,0,0,0,0,0,0,0,0,0,0,0,0,0,0,0,0,0,6
0,0,0,0,0,0,0,0,0,0,0,0,0,0,0,0,0,0,0,0,0,0,0,0,0,0,0,0,0,0,0,0,0,0,0,0,0,0,0,0,0,0,0,0,0,7,116,128,128,112,41,41,0,0,0,0,0,0,0,0,0,0,0,0,0,150,254,255,254,254,250,250,198,39,0,0,0,0,0,0,0,0,0,0,16,244,254,172,113,187,136,171,235,177,0,0,0,0,0,0,0,0,0,0,109,230,83,0,0,0,0,0,44,242,57,0,0,0,0,0,0,0,0,0,66,88,0,0,0,0,0,0,0,222,138,0,0,0,0,0,0,0,0,0,0,16,0,0,0,0,0,0,10,197,112,0,0,0,0,0,0,0,0,0,0,0,0,0,0,0,0,0,98,252,50,0,0,0,0,0,0,0,0,0,0,0,0,0,0,0,0,99,243,141,0,0,0,0,0,0,0,0,0,0,0,0,0,0,0,22,145,254,181,8,0,0,0,0,0,0,0,0,0,0,0,0,0,0,37,224,254,210,8,0,0,14,46,4,0,0,0,0,0,0,0,0,0,53,224,254,254,238,198,198,198,220,254,182,128,60,0,0,0,0,38,166,209,251,254,254,251,225,195,155,155,155,155,187,227,251,0,0,32,119,245,254,254,191,113,97,38,0,0,0,0,0,0,0,3,42,0,0,164,254,254,250,153,0,0,0,0,0,0,0,0,0,0,0,0,0,0,0,223,253,169,49,0,0,0,0,0,0,0,0,0,0,0,0,0,0,0,0,73,81,0,0,0,0,0,0,0,0,0,0,0,0,0,0,0,0,0,0,0,0,0,0,0,0,0,0,0,0,0,0,0,0,0,0,0,0,0,0,0,0,0,0,0,0,0,0,0,0,0,0,0,0,0,0,0,0,2
0,0,0,0,0,0,0,0,6,128,198,185,117,5,0,0,0,0,0,0,0,0,0,0,0,0,12,56,134,253,254,253,253,101,7,0,0,0,0,0,0,0,0,0,0,0,174,194,253,253,254,253,253,253,147,0,0,0,0,0,0,0,0,0,0,0,206,253,253,230,206,205,212,253,204,12,0,0,0,0,0,0,0,0,0,0,177,230,83,38,0,0,28,233,253,89,0,0,0,0,0,0,0,0,0,0,20,37,0,0,0,0,0,135,253,201,14,0,0,0,0,0,0,0,0,0,0,0,0,0,0,0,0,10,195,253,48,0,0,0,0,0,0,0,0,0,0,0,0,93,52,42,0,0,135,253,48,0,0,0,0,0,0,0,0,32,208,230,230,252,243,240,213,89,61,253,48,0,0,0,0,0,0,82,208,245,253,253,253,253,254,253,253,251,245,253,48,0,0,0,0,2,106,255,254,254,254,250,242,127,123,133,242,250,254,254,169,0,0,0,0,25,253,253,247,194,109,67,0,0,0,0,0,73,212,253,217,32,0,0,0,25,253,253,175,0,0,0,0,0,0,0,0,0,182,253,253,139,0,0,0,25,253,139,24,0,0,0,0,0,0,0,0,10,195,253,253,36,0,0,0,25,227,24,0,0,0,0,0,0,0,0,9,155,253,253,233,27,0,0,0,25,245,157,0,0,0,0,0,0,0,0,72,253,253,253,168,0,0,0,0,5,175,244,120,61,70,12,0,0,45,154,235,253,253,253,128,0,0,0,0,0,40,221,253,243,247,223,218,218,238,253,253,253,230,64,7,0,0,0,0,0,0,39,170,253,253,253,253,253,254,253,185,122,18,0,0,0,0,0,0,0,0,0,3,104,34,58,242,253,249,63,5,0,0,0,0,0,0,0,2
0,0,73,77,151,236,254,254,254,255,207,65,18,0,0,0,0,0,0,0,0,27,245,254,254,248,191,191,191,227,254,249,142,0,0,0,0,0,0,0,0,0,194,156,40,24,0,0,0,16,146,254,146,0,0,0,0,0,0,0,0,0,0,0,0,0,0,0,0,21,182,249,64,0,0,0,0,0,0,0,0,0,0,0,0,0,0,0,71,225,254,175,0,0,0,0,0,0,0,0,0,0,0,0,0,0,10,159,229,252,182,12,0,0,0,0,0,0,0,0,0,0,0,17,98,174,233,254,200,99,0,0,0,0,0,0,0,0,0,0,0,0,65,242,254,254,254,224,106,30,0,0,0,0,0,0,0,0,0,0,0,0,131,254,254,254,254,254,254,244,237,205,199,115,40,0,0,0,0,0,0,0,8,31,31,31,31,92,120,203,232,254,254,254,244,168,43,0,0,0,0,0,0,0,0,0,0,0,0,0,24,44,51,166,232,254,244,150,6,0,0,0,0,0,0,0,0,0,0,0,0,0,0,0,19,81,232,254,186,0,0,0,0,0,0,0,0,0,0,0,0,0,0,0,0,0,34,239,237,25,0,0,0,0,0,0,0,0,0,0,0,0,0,0,0,0,0,102,254,179,0,0,0,0,0,0,0,0,0,0,0,0,0,0,0,0,0,150,254,217,0,0,33,25,0,0,0,0,0,0,0,0,0,0,0,0,87,251,248,88,0,0,183,235,100,23,0,0,0,0,0,0,0,0,27,127,243,254,105,0,0,0,29,177,249,232,136,27,1,16,27,27,103,205,238,254,248,135,10,0,0,0,0,0,97,222,250,254,193,228,254,254,254,253,240,154,57,0,0,0,0,0,0,0,0,0,59,164,196,216,254,243,96,74,0,0,0,0,0,0,3
0,0,0,0,0,0,0,0,0,0,0,0,0,0,0,0,0,0,0,0,0,0,0,0,0,0,0,0,0,0,0,0,0,0,0,0,0,0,0,0,0,0,0,0,0,0,0,0,0,0,0,0,71,175,254,254,255,192,0,0,0,0,0,0,0,0,8,47,31,0,25,94,237,253,253,253,253,240,73,0,0,0,0,0,0,0,39,253,168,108,202,253,253,253,253,253,253,253,180,0,0,0,0,0,0,0,96,253,251,251,253,225,160,160,25,22,253,253,245,0,0,0,0,0,0,71,239,253,253,253,153,42,0,0,0,40,253,244,115,0,0,0,0,0,0,177,253,253,253,236,56,0,0,0,0,169,253,191,0,0,0,0,0,0,0,247,253,253,224,54,0,0,0,0,118,248,253,139,0,0,0,0,0,0,0,247,253,253,168,0,0,0,0,0,224,253,239,33,0,0,0,0,0,0,0,247,253,253,168,0,0,0,0,65,239,245,67,0,0,0,0,0,0,0,134,252,253,211,23,0,0,0,69,242,253,190,0,0,0,0,0,0,0,0,146,253,253,128,2,0,0,8,184,253,190,25,0,0,0,0,0,0,0,0,146,253,253,185,8,0,0,152,253,253,30,0,0,0,0,0,0,0,0,0,146,253,219,14,0,0,117,250,253,144,4,0,0,0,0,0,0,0,0,0,146,253,214,0,0,31,213,253,228,43,0,0,0,0,0,0,0,0,0,0,146,253,214,0,39,216,253,253,76,0,0,0,0,0,0,0,0,0,0,0,146,253,121,34,220,253,253,149,12,0,0,0,0,0,0,0,0,0,0,0,146,253,239,212,253,252,165,8,0,0,0,0,0,0,0,0,0,0,0,0,146,253,253,253,253,156,0,0,0,0,0,0,0,0,0,0,0
0,0,0,0,0,0,0,0,0,0,3,46,228,211,137,11,0,0,0,0,0,0,0,0,0,0,0,0,0,0,59,254,254,254,254,196,0,0,0,0,0,0,0,0,0,0,0,0,0,42,224,254,254,254,254,245,23,0,0,0,0,0,0,0,0,0,0,0,38,226,254,254,254,254,254,254,107,0,0,0,0,0,0,0,0,0,0,0,222,254,254,254,254,254,254,254,147,0,0,0,0,0,0,0,0,0,0,46,248,254,254,254,136,114,254,254,225,0,0,0,0,0,0,0,0,0,44,235,254,254,254,221,30,96,254,254,225,0,0,0,0,0,0,0,0,0,101,254,254,254,202,0,0,96,254,254,225,0,0,0,0,0,0,0,0,65,237,254,254,251,79,0,0,96,254,254,205,0,0,14,0,0,0,0,0,190,254,254,254,147,0,0,0,96,254,254,107,0,0,64,0,0,0,0,42,240,254,254,250,26,0,0,0,187,254,254,107,0,0,0,0,0,0,14,184,254,254,254,105,0,0,0,165,248,254,250,67,0,0,0,0,0,0,36,254,254,254,254,11,0,0,27,222,254,254,134,0,0,0,0,0,0,0,97,254,254,254,89,1,0,47,251,254,254,254,7,0,0,0,0,0,0,0,154,254,254,202,12,0,84,215,255,254,254,174,2,0,0,0,0,0,0,0,154,254,254,165,0,49,216,254,254,254,192,8,0,0,0,0,0,0,0,0,154,254,254,230,184,252,254,254,254,235,63,0,0,0,0,0,0,0,0,0,61,254,254,254,254,254,254,254,235,64,0,0,0,0,0,0,0,0,0,0,22,175,254,254,254,254,254,171,27,0,0,0,0,0,0,0,0,0,0,0,0,29,224,254,254,252,70,7,0,0,0,0,0,0,0,0,0,0
0,0,0,0,0,0,0,0,0,0,0,0,0,0,0,0,0,0,0,0,0,0,0,0,0,0,0,0,0,0,0,0,0,0,0,0,0,0,0,0,0,0,0,0,0,0,0,0,0,0,0,0,0,0,0,0,0,0,0,0,0,0,0,0,0,0,0,0,0,0,0,0,0,0,0,0,0,0,0,0,0,0,0,0,0,0,0,28,150,196,241,172,172,151,72,0,0,0,0,0,0,0,0,0,0,0,0,181,254,249,240,241,240,244,237,164,11,0,0,0,0,0,0,0,0,0,30,242,233,62,0,0,0,17,140,251,103,0,0,0,0,0,0,0,0,0,5,129,9,0,0,0,0,0,15,244,154,0,0,0,0,0,0,0,0,0,0,0,0,0,0,0,0,0,59,249,171,0,0,0,0,0,0,0,0,0,0,0,0,0,0,0,0,42,194,244,88,0,0,0,0,0,0,2,49,49,20,38,2,0,0,0,32,165,255,203,10,0,0,17,0,37,186,234,254,254,242,250,234,191,110,147,241,253,126,7,0,0,5,182,0,165,254,173,48,57,121,239,254,254,254,254,246,125,2,0,0,0,122,195,0,202,254,254,254,254,254,254,254,219,143,181,249,254,207,81,8,79,242,76,0,36,195,217,150,150,110,83,34,5,0,0,28,171,245,254,242,251,156,0,0,0,0,0,0,0,0,0,0,0,0,0,0,0,26,109,171,137,10,0,0,0,0,0,0,0,0,0,0,0,0,0,0,0,0,0,0,0,0,0,0,0,0,0,0,0,0,0,0,0,0,0,0,0,0,0,0,0,0,0,0,0,0,0,0,0,0,0,0,0,0,0,0,0,0,0,0,0,0,0,0,0,0,0,0,0,0,0,0,0,0,0,0,0,0,0,0,0,0,0,2
0,0,0,0,0,0,0,0,0,0,0,0,0,0,0,0,0,0,0,0,0,0,0,0,0,0,0,0,0,13,191,255,174,222,113,113,63,0,0,0,0,0,0,0,0,0,0,0,98,228,252,253,252,252,252,252,241,24,0,0,0,0,0,0,0,0,26,104,240,252,252,253,252,252,252,252,253,27,0,0,0,0,0,0,0,16,207,252,252,252,252,253,242,223,242,252,253,122,0,0,0,0,0,0,0,140,253,252,252,252,252,253,167,0,91,252,253,214,31,0,0,0,0,0,13,191,255,253,253,253,253,255,106,0,29,253,255,253,56,0,0,0,0,0,29,252,253,252,201,43,214,253,27,0,29,252,253,252,55,0,0,0,0,0,60,252,253,252,86,0,31,56,6,0,29,252,253,233,43,0,0,0,0,7,178,252,253,242,49,0,0,0,0,0,29,252,253,167,0,0,0,0,0,57,252,252,253,167,0,0,0,0,0,0,107,252,253,167,0,0,0,0,0,57,253,253,255,27,0,0,0,0,0,0,169,253,255,168,0,0,0,0,0,57,252,252,253,27,0,0,0,0,0,0,169,252,253,42,0,0,0,0,0,57,252,252,253,27,0,0,0,0,0,45,234,252,253,27,0,0,0,0,0,57,252,252,253,27,0,0,0,0,0,73,252,252,253,27,0,0,0,0,0,57,252,252,253,106,0,0,0,0,0,197,252,252,190,12,0,0,0,0,0,32,216,253,255,206,25,0,0,51,238,253,253,253,141,0,0,0,0,0,0,0,122,252,253,252,231,225,225,238,252,252,252,204,15,0,0,0,0,0,0,0,22,227,253,252,252,252,252,253,252,252,198,25,0,0,0,0,0,0,0,0,0,126,253,252,252,252,252,253,252,198,28,0,0,0,0,0,0
0,0,0,0,0,0,0,0,0,0,0,0,0,0,0,0,0,0,0,0,0,0,0,0,0,0,0,0,0,0,0,0,0,0,0,0,0,0,0,0,0,0,0,0,0,0,0,0,0,0,0,0,0,0,0,0,0,0,0,0,0,0,0,0,0,0,0,0,0,0,0,0,0,0,0,0,0,0,0,0,117,191,255,228,141,141,141,141,141,191,254,228,141,16,0,0,0,0,0,0,252,252,253,252,252,252,253,252,252,252,253,252,252,28,0,0,0,0,0,0,252,252,253,252,252,252,253,252,252,252,253,252,252,116,0,0,0,0,0,0,28,28,78,103,139,139,140,139,139,139,203,252,252,139,0,0,0,0,0,0,0,0,0,0,0,0,0,0,0,0,129,253,253,253,0,0,0,0,0,0,0,0,0,0,0,0,0,0,0,0,22,234,252,252,0,0,0,0,0,0,0,0,0,0,0,0,0,0,0,0,0,169,252,252,89,0,0,0,0,0,0,0,0,0,0,0,0,0,0,0,0,119,252,252,113,0,0,0,0,0,0,0,0,0,0,0,0,0,0,0,0,57,253,253,114,0,0,0,0,0,0,0,0,0,0,0,0,0,0,0,0,57,252,252,113,0,0,0,0,0,0,0,0,0,0,0,0,0,0,0,0,57,252,252,113,0,0,0,0,0,0,0,0,0,0,0,0,0,0,0,0,57,252,252,113,0,0,0,0,0,0,0,0,0,0,0,0,0,0,0,0,57,253,253,114,0,0,0,0,0,0,0,0,0,0,0,0,0,0,0,0,57,252,252,113,0,0,0,0,0,0,0,0,0,0,0,0,0,0,0,0,57,252,252,113,0,0,0,0,0,0,0,0,0,0,0,0,0,0,0,0,57,252,252,113,0,0,0,0,0,7
0,0,0,0,0,0,0,0,0,0,0,0,0,0,0,0,0,0,0,0,0,0,0,0,0,0,0,0,0,0,0,0,0,0,0,0,0,0,0,0,0,0,0,0,0,0,0,0,0,0,0,0,0,0,0,0,0,0,0,0,0,0,0,0,0,0,0,0,0,42,154,180,254,255,181,21,0,0,0,0,0,0,0,0,0,0,0,87,180,252,254,254,254,254,254,210,21,0,0,0,0,0,0,0,0,43,170,253,254,254,254,194,122,151,236,254,147,0,0,0,0,0,0,0,167,249,254,254,194,97,13,3,0,0,54,236,241,0,0,0,0,0,0,87,253,254,217,96,3,0,0,0,0,0,0,190,241,0,0,0,0,0,18,237,254,148,18,0,0,0,0,0,0,7,68,227,253,67,0,0,0,0,74,254,198,10,0,0,0,0,0,46,126,212,254,254,223,8,0,0,0,0,74,254,192,40,0,46,98,138,210,248,254,254,254,254,79,0,0,0,0,0,35,247,254,246,220,250,254,254,214,194,110,176,254,222,10,0,0,0,0,0,0,183,254,254,254,215,165,51,7,0,6,208,254,77,0,0,0,0,0,0,0,12,43,43,43,5,0,0,0,0,87,254,222,11,0,0,0,0,0,0,0,0,0,0,0,0,0,0,0,5,210,254,105,0,0,0,0,0,0,0,0,0,0,0,0,0,0,0,0,143,254,231,33,0,0,0,0,0,0,0,0,0,0,0,0,0,0,0,40,243,254,75,0,0,0,0,0,0,0,0,0,0,0,0,0,0,0,0,191,254,241,32,0,0,0,0,0,0,0,0,0,0,0,0,0,0,0,39,243,254,124,0,0,0,0,0,0,0,0,0,0,0,0,0,0,0,0,192,254,224,14,0,0,0,0,0,0,0,9
0,0,0,0,0,0,0,0,0,0,0,176,167,1,8,0,0,0,0,0,0,0,0,0,0,0,0,0,0,0,71,249,54,0,0,0,0,0,0,0,0,0,0,0,0,0,0,0,0,0,216,202,0,0,0,0,0,0,0,0,0,0,0,0,0,0,0,0,0,85,255,23,0,0,0,0,0,0,0,0,0,0,0,0,0,0,0,0,0,194,214,0,0,0,0,0,0,0,0,0,0,0,0,0,0,0,0,0,19,250,60,0,0,0,0,0,0,0,0,0,0,0,0,0,0,0,0,0,147,233,16,0,0,0,0,0,0,0,0,0,0,0,0,0,0,0,0,18,235,99,0,0,0,0,0,0,0,0,0,0,0,0,0,0,0,0,0,114,253,53,0,22,31,20,0,0,0,0,0,0,0,0,0,0,0,0,0,174,199,11,105,241,254,238,107,0,0,0,0,0,0,0,0,0,0,0,33,251,116,186,232,90,90,122,251,77,0,0,0,0,0,0,0,0,0,0,106,254,54,117,209,0,0,16,254,105,0,0,0,0,0,0,0,0,0,0,128,254,15,0,0,0,0,38,254,105,0,0,0,0,0,0,0,0,0,0,180,230,9,0,0,0,0,130,249,26,0,0,0,0,0,0,0,0,0,0,162,208,4,0,0,0,50,251,129,0,0,0,0,0,0,0,0,0,0,0,105,254,19,0,0,122,208,186,4,0,0,0,0,0,0,0,0,0,0,0,92,254,189,120,186,249,151,21,0,0,0,0,0,0,0,0,0,0,0,0,4,131,227,254,187,71,0,0,0,0,0,0,0,0,0,0,0,0,0,0,0,0,0,0,0,0,0,0,0,0,0,0,0,0,0,0,0,0,0,0,0,0,0,0,0,0,0,0,0,0,0,0,0,0,6
0,0,0,0,0,0,0,0,0,0,0,0,0,0,0,0,0,0,0,0,0,0,0,0,0,0,0,0,0,0,0,0,0,0,0,0,0,0,0,0,0,0,0,0,0,0,0,0,0,0,0,3,21,161,246,235,227,148,7,0,0,0,0,0,0,0,0,1,20,132,176,216,254,254,254,254,254,254,179,0,0,0,0,0,0,0,14,142,254,254,254,254,252,242,223,234,254,255,179,0,0,0,0,0,0,21,214,254,254,246,196,112,57,0,4,86,245,191,50,0,0,0,0,0,54,215,254,252,195,51,0,0,0,0,16,183,84,0,0,0,0,0,0,18,237,252,221,74,0,0,0,0,0,0,6,141,9,0,0,0,0,0,1,142,254,196,0,0,0,0,0,0,0,7,109,254,30,0,0,0,0,0,9,254,241,32,0,0,0,0,0,0,7,136,254,254,105,0,0,0,0,0,9,254,251,136,10,5,8,31,38,81,175,254,254,191,21,0,0,0,0,0,8,242,254,254,220,214,219,246,254,254,254,254,212,28,0,0,0,0,0,0,0,93,227,254,254,254,254,254,254,254,254,151,19,0,0,0,0,0,0,0,0,0,21,94,121,94,128,211,254,254,195,5,0,0,0,0,0,0,0,0,0,0,0,0,0,0,98,254,254,212,28,0,0,0,0,0,0,0,0,0,0,0,0,0,0,27,248,246,114,14,0,0,0,0,0,0,0,0,0,0,0,0,0,0,15,186,254,189,0,0,0,0,0,0,0,0,0,0,0,0,0,0,0,6,168,254,254,167,0,0,0,0,0,0,0,0,0,0,0,0,0,0,5,114,254,246,134,9,0,0,0,0,0,0,0,0,0,0,0,0,0,4,115,254,254,148,0,0,0,0,0,0,0,0,0,0,0,0,9
0,0,0,0,0,0,0,0,0,0,0,0,0,0,0,0,0,0,0,0,0,0,0,0,0,0,0,0,0,0,0,0,0,0,0,0,0,0,0,0,0,0,0,0,0,0,0,0,0,0,0,0,0,0,0,0,0,0,0,0,0,3,12,0,0,21,34,34,5,11,0,28,144,192,75,0,0,0,0,0,27,179,203,138,72,224,253,253,188,200,133,164,253,253,217,69,0,0,0,0,191,253,253,253,253,253,253,253,255,253,253,253,253,253,253,99,0,0,0,0,9,213,193,231,231,163,203,231,169,121,121,130,111,167,253,99,0,0,0,0,0,0,0,0,0,0,0,0,0,0,0,0,0,89,253,123,0,0,0,0,0,0,0,0,0,0,0,0,0,0,0,0,0,175,253,170,0,0,0,0,0,0,0,0,0,0,0,0,0,0,0,0,0,199,253,99,0,0,0,0,0,0,0,0,0,0,0,0,0,0,0,0,0,199,247,39,0,0,0,0,0,0,0,0,0,0,0,0,0,0,0,0,17,216,242,0,0,0,0,0,0,0,0,0,0,0,0,0,0,0,0,0,104,253,242,0,0,0,0,0,0,0,0,0,0,0,0,0,0,0,0,13,216,254,132,0,0,0,0,0,0,0,0,0,0,0,0,0,0,0,0,23,253,253,131,0,0,0,0,0,0,0,0,0,0,0,0,0,0,0,0,115,253,253,40,0,0,0,0,0,0,0,0,0,0,0,0,0,0,0,0,133,253,246,20,0,0,0,0,0,0,0,0,0,0,0,0,0,0,0,22,207,253,140,0,0,0,0,0,0,0,0,0,0,0,0,0,0,0,0,100,253,253,55,0,0,0,0,0,0,0,0,0,0,0,0,0,0,0,0,153,253,253,55,0,0,0,0,0,0,7
0,0,0,0,0,0,0,0,0,0,0,0,0,0,0,0,0,0,0,0,0,0,0,0,0,79,109,109,150,253,253,255,253,253,253,192,15,0,0,0,0,0,0,0,21,201,252,252,252,252,252,222,179,231,252,253,35,0,0,0,0,0,0,16,181,252,252,252,241,195,71,41,0,78,252,253,119,0,0,0,0,0,0,109,252,252,252,189,77,0,0,0,0,120,252,253,35,0,0,0,0,0,0,171,252,252,189,0,0,0,0,0,0,181,252,206,20,0,0,0,0,0,0,98,200,96,15,0,0,0,0,0,187,242,252,144,0,0,0,0,0,0,0,0,21,20,0,0,0,0,0,0,217,252,252,125,0,0,0,0,0,0,0,0,0,0,0,0,0,0,0,63,237,252,168,0,0,0,0,0,0,0,0,0,0,0,0,0,0,0,63,255,253,217,0,0,0,0,0,0,0,0,0,0,0,0,0,0,0,0,144,253,252,91,0,0,0,0,0,0,0,0,0,0,0,0,0,0,0,47,221,253,179,20,0,0,0,0,0,0,0,0,0,0,0,0,0,0,42,221,252,253,35,0,0,0,0,0,0,0,0,0,0,0,0,0,0,0,135,253,253,145,0,0,0,0,0,0,0,0,0,0,0,0,0,0,1,217,247,252,210,20,63,73,73,73,73,176,217,218,0,0,0,0,0,6,120,252,252,252,211,182,242,252,252,217,226,252,252,253,0,0,0,0,0,120,252,252,252,252,252,253,252,231,108,0,31,108,108,108,0,0,0,0,32,212,253,253,253,253,253,208,104,0,0,0,0,0,0,0,0,0,0,94,227,252,252,252,252,200,97,20,0,0,0,0,0,0,0,0,0,0,0,212,252,252,252,215,174,20,0,0,0,0,0,0,0,0,0,0,2
0,0,0,0,0,0,0,0,0,0,0,0,0,0,0,0,0,0,0,0,0,0,0,0,0,0,0,0,0,0,0,0,0,0,0,0,0,0,0,0,0,0,0,0,0,0,0,0,0,0,112,242,143,0,0,0,0,0,0,0,0,0,0,0,0,0,0,0,0,116,229,149,253,57,0,0,0,0,0,0,0,0,0,0,0,0,0,0,78,244,41,5,218,82,0,0,0,0,0,0,0,0,0,0,0,0,0,36,223,100,0,0,144,130,0,0,0,0,0,0,0,0,0,0,0,0,9,185,159,3,0,0,154,121,0,0,0,0,0,0,0,0,0,0,0,0,66,252,72,0,0,39,235,42,0,0,0,0,0,0,0,0,0,0,0,0,166,158,0,0,12,191,252,101,0,0,0,0,0,0,0,0,0,0,0,14,252,77,0,0,120,254,254,103,0,0,0,0,0,0,0,0,0,0,0,13,249,138,90,182,251,209,251,40,0,0,0,0,0,0,0,0,0,0,0,0,143,254,254,198,90,208,154,0,0,0,0,0,0,0,0,0,0,0,0,0,0,0,0,0,62,249,71,0,0,0,0,0,0,0,0,0,0,0,0,0,0,0,0,0,169,181,0,0,0,0,0,0,0,0,0,0,0,0,0,0,0,0,0,2,255,99,0,0,0,0,0,0,0,0,0,0,0,0,0,0,0,0,0,103,231,11,0,0,0,0,0,0,0,0,0,0,0,0,0,0,0,0,0,203,206,0,0,0,0,0,0,0,0,0,0,0,0,0,0,0,0,0,22,247,143,0,0,0,0,0,0,0,0,0,0,0,0,0,0,0,0,0,143,254,15,0,0,0,0,0,0,0,0,0,0,0,0,0,0,0,0,0,158,254,0,0,0,0,0,0,0,0,0,0,9
0,0,0,0,0,0,0,0,0,0,0,0,0,0,0,0,0,0,0,0,0,0,0,0,0,0,41,229,254,23,0,0,0,0,0,0,0,0,0,0,0,0,0,0,72,155,241,253,254,148,138,138,139,89,26,0,0,0,0,0,0,0,0,68,254,253,253,253,254,253,253,253,254,253,232,107,0,0,0,0,0,0,0,0,220,253,253,253,254,151,103,69,128,211,253,253,68,0,0,0,0,0,0,0,26,176,184,118,0,0,0,0,0,0,141,254,185,0,0,0,0,0,0,0,0,0,0,0,0,0,0,0,0,110,249,253,134,0,0,0,0,0,0,0,0,0,0,0,0,0,0,17,174,249,253,210,17,0,0,0,0,0,0,0,0,0,0,0,0,17,101,234,254,253,210,69,0,0,0,0,0,0,0,0,0,0,0,51,128,245,254,254,254,224,17,0,0,0,0,0,0,0,0,0,0,43,180,247,254,253,253,253,254,249,180,13,0,0,0,0,0,0,0,0,0,138,253,253,254,253,242,96,105,234,253,144,0,0,0,0,0,0,0,0,0,105,253,253,228,77,38,0,0,138,253,160,0,0,0,0,0,0,0,0,0,34,184,184,34,0,0,0,0,139,254,161,0,0,0,0,0,0,0,0,0,0,0,0,0,0,0,0,55,235,253,111,0,0,0,0,0,0,0,0,0,0,0,0,0,0,0,51,237,253,234,38,0,0,0,0,0,0,0,34,34,0,0,0,0,0,9,209,254,253,137,0,0,0,0,0,0,0,0,119,255,207,0,0,0,55,237,254,254,241,67,0,0,0,0,0,0,0,0,134,254,215,47,80,164,243,253,253,165,27,0,0,0,0,0,0,0,0,0,84,254,253,253,253,254,253,234,230,51,0,0,0,0,0,0,0,3
0,0,0,0,0,57,114,198,255,255,255,255,170,86,0,0,0,0,0,0,0,0,0,0,86,226,255,226,114,86,141,255,255,255,198,29,0,0,0,0,0,0,0,0,226,255,170,29,0,0,0,57,141,255,255,141,0,0,0,0,0,0,0,198,255,226,29,0,0,0,0,0,0,170,255,255,0,0,0,0,0,0,114,255,255,57,0,0,0,0,0,0,0,170,255,141,0,0,0,0,0,0,170,255,198,0,0,0,0,0,0,0,86,255,255,86,0,0,0,0,0,0,170,255,198,29,0,0,0,0,0,57,226,255,141,0,0,0,0,0,0,0,86,255,255,226,86,0,0,0,141,255,255,226,29,0,0,0,0,0,0,0,0,86,226,255,255,198,86,170,255,255,198,29,0,0,0,0,0,0,0,0,0,0,29,141,255,255,255,255,255,141,0,0,0,0,0,0,0,0,0,0,0,0,0,0,141,255,255,255,255,141,0,0,0,0,0,0,0,0,0,0,0,0,0,141,255,255,226,198,255,255,226,29,0,0,0,0,0,0,0,0,0,0,86,255,255,141,29,0,57,226,255,255,141,0,0,0,0,0,0,0,0,0,226,255,141,0,0,0,0,29,198,255,255,198,29,0,0,0,0,0,0,0,198,255,86,0,0,0,0,0,0,114,255,255,198,0,0,0,0,0,0,0,141,255,226,29,0,0,0,0,0,0,114,255,255,114,0,0,0,0,0,0,0,226,255,255,170,57,0,0,0,0,0,198,255,170,0,0,0,0,0,0,0,0,141,226,255,255,198,114,86,141,141,255,255,141,0,0,0,0,0,0,0,0,0,0,141,226,255,255,255,255,255,255,255,57,0,0,0,0,0,0,0,0,0,0,0,0,86,141,170,226,198,170,29,0,0,0,8
0,0,0,0,0,0,0,0,0,0,0,0,0,0,0,0,0,0,0,0,0,0,0,0,0,0,0,0,11,73,73,99,247,254,113,0,0,0,0,0,0,0,0,0,0,0,0,32,180,253,253,238,115,193,232,16,0,0,0,0,0,0,0,0,0,0,50,231,253,253,253,181,0,37,253,105,0,0,0,0,0,0,0,0,0,46,234,253,253,160,190,181,0,37,245,41,0,0,0,0,0,0,0,0,7,207,254,253,194,16,91,117,0,102,235,0,0,0,0,0,0,0,0,0,103,254,182,151,69,0,0,0,36,241,235,0,0,0,0,0,0,0,0,0,199,253,91,62,16,0,0,0,74,245,87,0,0,0,0,0,0,0,0,0,199,253,91,0,6,37,11,37,231,203,0,0,0,0,0,0,0,0,0,0,193,253,193,109,194,253,214,215,223,42,19,12,0,0,0,0,0,0,0,0,38,227,254,253,253,253,253,202,51,179,253,227,33,0,0,0,0,0,0,0,0,149,255,254,254,254,228,66,20,205,248,233,255,18,0,0,0,0,0,0,30,222,254,150,95,18,12,0,0,9,17,97,254,18,0,0,0,0,0,0,141,253,159,3,0,0,0,0,0,0,0,13,241,44,0,0,0,0,0,0,109,253,174,0,0,0,0,0,0,0,0,0,202,198,0,0,0,0,0,0,109,253,91,0,0,0,0,0,0,0,0,0,254,166,0,0,0,0,0,0,110,254,182,0,0,0,0,0,0,0,0,59,255,109,0,0,0,0,0,0,57,253,223,82,0,0,0,0,0,0,4,190,238,20,0,0,0,0,0,0,3,145,254,245,172,56,37,0,34,115,201,227,58,0,0,0,0,0,0,0,0,20,138,238,253,253,253,200,249,253,232,41,0,0,0,0,8
0,0,0,0,0,0,0,0,0,0,0,0,0,0,0,0,0,0,0,0,0,0,0,0,0,0,0,0,0,0,0,0,0,0,0,0,0,0,0,0,0,0,0,0,0,0,0,0,0,0,0,0,0,0,0,0,0,0,0,0,0,0,0,0,0,0,0,0,49,209,254,255,208,127,50,0,0,0,0,0,0,0,0,0,0,0,80,80,196,253,253,254,253,253,247,177,0,0,0,0,0,0,0,0,0,0,254,253,253,240,174,116,85,137,247,253,31,0,0,0,0,0,0,0,0,91,254,253,253,161,0,0,0,0,181,253,150,0,0,0,0,0,0,0,0,98,254,253,253,41,0,0,0,0,136,253,157,0,0,0,0,0,0,0,0,99,255,254,175,0,0,0,0,0,137,254,38,0,0,0,0,0,0,0,0,142,254,251,86,0,0,0,0,0,219,245,0,0,0,0,0,0,0,0,0,195,254,233,0,0,0,0,0,25,240,155,0,0,0,0,0,0,0,0,16,217,254,142,0,0,0,0,0,168,253,140,0,0,0,0,0,0,0,0,0,83,133,31,0,0,0,0,8,205,253,58,0,0,0,0,0,0,0,0,0,0,0,0,0,0,0,0,103,254,229,23,0,0,0,0,0,0,0,0,0,0,0,0,0,0,0,5,217,253,130,0,0,0,0,0,0,0,0,0,0,0,0,0,0,0,0,89,253,253,49,0,0,0,0,0,0,0,0,0,0,0,0,0,0,0,0,246,253,165,2,0,0,0,0,0,0,0,0,0,0,0,0,0,0,0,76,254,245,48,0,0,0,0,0,0,0,0,0,0,0,0,0,0,0,25,231,255,114,0,0,0,0,0,0,0,0,0,0,0,0,0,0,0,0,129,253,226,21,0,0,0,0,0,0,0,7
0,0,0,0,0,0,0,0,0,0,0,0,0,0,0,0,0,0,0,0,0,0,0,0,0,0,0,0,0,0,0,0,0,0,0,0,0,0,0,0,0,0,0,0,0,0,0,0,0,0,0,0,0,0,0,0,0,0,0,0,0,0,0,0,0,0,0,0,0,0,0,0,0,7,36,36,22,0,0,0,0,0,0,0,0,0,0,0,0,0,0,0,32,146,254,254,175,29,0,0,0,0,0,0,0,0,0,0,0,27,125,190,228,254,254,254,254,224,0,0,0,0,0,0,86,90,90,118,208,225,254,254,254,254,254,254,254,254,0,0,132,226,226,226,253,254,254,254,254,254,254,254,254,254,254,254,254,254,0,0,254,254,254,254,254,254,254,254,253,249,196,125,11,57,254,254,254,140,0,0,254,254,254,254,243,241,231,203,78,0,0,0,0,48,254,254,245,68,0,0,95,95,95,95,51,42,0,0,0,0,0,0,0,123,254,254,153,0,0,0,0,0,0,0,0,0,0,0,0,0,0,0,21,228,254,254,153,0,0,0,0,0,0,0,0,0,0,0,0,0,0,0,122,254,254,254,153,0,0,0,0,0,0,0,0,0,0,0,0,0,0,0,148,254,254,254,110,0,0,0,0,0,0,0,0,0,0,0,0,0,0,11,245,254,254,178,4,0,0,0,0,0,0,0,0,0,0,0,0,0,0,190,254,254,254,55,0,0,0,0,0,0,0,0,0,0,0,0,0,0,0,250,255,254,247,47,0,0,0,0,0,0,0,0,0,0,0,0,0,0,75,253,254,254,167,0,0,0,0,0,0,0,0,0,0,0,0,0,0,0,199,254,254,242,53,0,0,0,0,0,0,0,0,0,0,0,0,0,0,76,250,254,254,168,0,0,0,0,0,0,7
0,0,0,0,0,0,0,0,0,0,0,0,0,0,0,0,0,0,0,0,0,0,0,0,0,0,0,0,0,0,0,0,42,99,253,253,234,77,0,0,0,0,0,0,0,0,0,0,0,0,0,0,144,251,251,251,77,0,0,0,0,0,0,0,0,0,0,0,0,0,0,63,236,251,251,225,0,0,0,0,0,0,0,0,0,0,0,0,0,0,0,150,251,251,251,71,0,0,0,0,0,0,0,0,0,0,0,0,0,0,130,253,251,251,251,71,0,0,0,0,0,0,0,0,0,0,0,0,11,150,253,255,253,253,221,51,0,0,0,0,0,0,0,0,0,0,0,0,16,169,251,253,251,251,142,0,0,0,0,0,0,0,0,0,0,0,0,0,0,31,200,253,251,251,220,51,0,0,0,0,0,0,0,0,0,0,0,0,16,170,251,253,251,235,82,0,0,0,0,0,0,0,0,0,0,0,0,0,166,251,251,253,251,215,0,0,0,0,0,0,0,0,0,0,0,0,21,176,253,253,253,255,108,0,0,0,0,0,0,0,0,0,0,0,0,0,73,251,251,251,251,211,46,0,0,0,0,0,0,0,0,0,0,0,0,0,228,251,251,251,225,25,0,0,0,0,0,0,0,0,0,0,0,0,0,0,253,251,251,251,71,0,0,0,0,0,0,0,0,0,0,0,0,0,0,130,253,251,251,173,20,0,0,0,0,0,0,0,0,0,0,0,0,0,32,202,255,253,190,103,0,0,0,0,0,0,0,0,0,0,0,0,0,0,109,251,253,251,35,0,0,0,0,0,0,0,0,0,0,0,0,0,0,32,231,251,253,127,5,0,0,0,0,0,0,0,0,0,0,0,0,0,0,37,251,251,143,61,0,0,0,0,0,0,0,0,0,0,0,0,1
0,0,0,0,0,0,0,0,14,82,82,146,253,253,192,19,0,0,0,0,0,0,0,0,0,0,0,0,0,0,0,24,117,252,253,176,0,0,0,0,0,0,0,0,0,0,0,0,0,0,0,0,0,207,253,222,25,0,0,0,0,0,0,0,0,0,0,0,0,0,0,0,0,81,253,253,175,0,0,0,0,0,0,0,0,0,0,0,0,0,0,0,0,1,152,253,251,50,0,0,0,0,0,0,0,0,0,0,0,0,0,0,0,0,148,253,253,53,0,0,0,0,0,0,0,0,0,0,0,0,0,0,0,0,128,253,253,53,0,0,0,0,0,0,0,0,0,0,0,0,0,0,0,0,30,253,253,53,0,0,0,0,0,0,0,0,0,0,0,0,0,0,0,0,66,253,253,53,0,0,0,0,0,0,0,0,0,0,0,0,0,0,0,0,148,253,253,53,0,0,0,0,0,0,0,0,0,0,0,0,0,0,0,0,148,253,253,53,0,0,0,0,0,9,68,7,6,6,0,0,0,0,0,79,251,253,184,1,0,0,0,19,111,227,253,209,200,194,128,30,7,0,14,249,253,212,30,0,0,0,26,172,253,253,237,206,206,232,253,253,186,122,194,253,212,31,0,0,0,0,136,253,253,117,46,0,0,40,101,253,253,253,253,253,136,0,0,0,0,0,136,253,253,127,84,84,84,138,166,253,253,253,253,253,247,179,84,18,0,0,27,214,253,253,253,253,253,253,237,200,152,54,35,150,164,253,253,226,70,7,0,27,135,223,253,148,132,17,14,8,0,0,0,0,2,17,17,17,9,2,0,0,0,0,0,0,0,0,0,0,0,0,0,0,0,0,0,0,0,0,0,0,0,0,0,0,0,0,0,0,0,0,0,0,0,0,0,0,0,0,2
0,0,0,0,0,0,0,0,0,0,0,0,0,0,0,0,0,0,0,0,0,0,0,0,0,0,0,0,0,0,0,0,0,0,0,0,0,0,0,0,0,0,0,0,0,0,0,0,0,27,98,98,98,98,98,13,0,0,0,0,0,0,0,0,0,0,0,75,126,225,254,254,254,254,254,220,87,0,0,0,0,0,0,0,0,4,56,250,254,254,254,254,254,254,254,254,240,97,21,0,0,0,0,0,43,177,254,254,254,254,254,254,254,254,254,254,254,254,96,0,0,0,0,34,222,254,254,254,254,254,252,241,241,247,254,254,254,254,178,0,0,0,0,127,254,254,254,254,136,124,100,0,0,61,177,254,254,254,244,61,0,0,210,253,254,254,197,9,1,0,0,0,0,0,3,162,254,254,254,117,0,135,250,254,254,201,80,0,0,0,0,0,0,0,0,84,254,254,254,240,97,251,254,239,166,19,0,0,0,0,0,0,0,0,0,84,254,254,254,254,118,254,254,199,0,0,0,0,0,0,0,0,0,0,20,191,254,254,254,153,118,254,254,199,0,0,0,0,0,0,0,0,0,14,195,254,254,254,226,41,118,254,254,199,0,0,0,0,0,0,0,16,145,199,254,254,254,253,94,0,185,254,254,226,108,0,0,0,0,0,24,138,254,254,254,254,254,213,0,0,125,254,254,254,253,242,170,164,242,242,244,254,254,254,254,254,195,11,0,0,16,192,254,254,254,254,254,254,254,254,254,255,254,254,254,137,26,0,0,0,0,21,189,254,254,254,254,254,254,254,254,254,219,192,61,8,0,0,0,0,0,0,23,105,213,213,234,254,217,213,187,75,33,0,0,0,0,0,0,0,0,0,0,0,0,0,50,96,10,0,0,0,0,0,0,0,0,0,0,0,0
0,0,0,0,0,0,0,8,181,253,169,2,0,0,0,0,0,0,0,0,0,0,0,0,0,0,0,161,253,224,23,0,0,0,0,0,0,0,0,0,0,0,0,0,0,0,20,218,250,88,0,0,0,0,0,0,0,0,0,0,0,0,0,0,0,0,109,253,189,0,0,0,0,0,0,0,0,0,0,0,0,0,0,0,0,14,219,253,131,0,0,0,0,0,0,0,0,0,0,0,0,0,0,0,0,23,253,253,50,0,0,0,0,0,0,0,0,0,0,0,0,0,0,0,0,71,253,176,3,0,0,0,0,0,0,0,0,0,0,0,0,0,0,0,0,133,254,55,0,0,0,0,0,0,0,0,0,0,0,0,0,0,0,0,0,210,253,55,0,0,0,0,0,0,27,173,177,116,0,0,0,0,0,0,0,243,253,55,0,0,0,0,57,128,227,253,253,200,9,0,0,0,0,0,0,243,253,55,0,0,0,68,202,253,253,232,246,253,128,0,0,0,0,0,0,243,253,55,0,0,0,221,255,239,107,4,82,242,131,0,0,0,0,0,0,205,253,94,0,0,148,247,190,41,0,0,44,242,131,0,0,0,0,0,0,128,253,246,78,50,248,253,107,0,0,1,113,253,31,0,0,0,0,0,0,23,253,253,253,253,253,186,0,0,0,157,253,199,9,0,0,0,0,0,0,6,90,237,253,253,253,225,189,188,188,251,236,67,0,0,0,0,0,0,0,0,0,26,187,253,253,253,254,253,253,244,64,0,0,0,0,0,0,0,0,0,0,0,0,0,0,0,0,0,0,0,0,0,0,0,0,0,0,0,0,0,0,0,0,0,0,0,0,0,0,0,0,0,0,0,0,0,0,0,0,0,0,0,0,0,0,0,0,0,0,0,0,0,0,0,6
0,0,0,0,0,0,50,254,171,0,0,0,0,0,0,0,0,0,0,0,0,0,0,0,0,0,122,253,194,0,0,0,0,0,0,0,0,0,0,0,0,0,0,0,0,0,164,253,194,0,0,0,0,0,0,0,0,0,0,0,0,0,0,0,0,0,175,253,146,0,0,0,0,0,0,0,0,0,0,0,0,0,0,0,0,0,176,254,117,13,20,56,98,146,152,175,175,151,0,0,0,0,0,0,0,0,212,253,198,231,254,253,253,253,254,253,253,253,0,0,0,0,0,0,0,0,254,253,253,253,254,253,221,194,195,203,253,193,0,0,0,0,0,0,0,0,254,253,253,181,68,19,9,0,0,3,19,8,0,0,0,0,0,0,0,0,255,254,39,0,0,0,0,0,0,0,0,0,0,0,0,0,0,0,0,0,254,253,63,0,0,0,0,0,0,0,0,0,0,0,0,0,0,0,0,0,254,253,244,119,19,0,0,0,0,0,0,0,0,0,0,0,0,0,0,0,205,253,253,253,211,60,0,0,0,0,0,0,0,0,0,0,0,0,0,0,7,115,227,254,255,242,63,0,0,0,0,0,0,0,0,0,0,0,0,0,0,0,14,154,230,253,240,63,0,0,0,0,0,0,0,0,0,0,0,0,0,0,0,0,21,204,253,241,19,0,0,0,0,0,0,0,0,0,0,0,97,0,0,0,0,45,253,253,79,0,0,0,0,0,0,0,0,0,0,0,170,254,169,50,7,16,230,254,79,0,0,0,0,0,0,0,0,0,0,0,23,196,253,253,214,204,253,253,67,0,0,0,0,0,0,0,0,0,0,0,0,67,244,253,254,253,253,211,0,0,0,0,0,0,0,0,0,0,0,0,0,0,35,97,205,253,211,49,0,0,0,0,0,0,5
0,0,0,0,0,0,0,0,0,0,0,0,169,225,252,252,253,252,142,0,0,0,0,0,0,0,0,0,0,0,0,0,165,252,252,177,216,252,143,0,0,0,0,0,0,0,0,0,0,0,0,0,128,115,28,3,241,252,118,0,0,0,0,0,0,0,0,0,0,0,0,0,0,0,0,51,254,228,82,0,0,0,0,0,0,0,0,0,0,0,0,0,0,0,57,169,253,139,19,0,0,0,0,0,0,0,0,0,0,0,0,0,0,0,19,231,253,171,0,0,0,0,0,0,0,0,0,0,0,0,0,0,0,0,76,249,253,145,0,0,0,0,0,0,0,0,0,0,0,0,0,0,0,32,229,253,163,0,0,0,0,0,0,0,0,0,0,0,0,0,0,0,0,82,252,252,38,0,0,0,0,0,0,0,0,0,0,0,0,0,0,0,60,234,252,127,0,0,0,0,0,0,0,0,0,0,0,0,0,0,0,0,141,252,252,28,0,0,0,0,0,7,117,241,192,91,141,91,29,10,0,163,254,228,31,0,0,0,0,0,45,187,252,252,222,208,252,252,253,159,82,206,253,189,19,0,57,82,169,69,128,252,224,168,25,13,56,181,253,240,240,252,253,190,85,134,253,252,186,19,153,252,118,0,0,0,0,25,103,252,252,252,253,252,252,252,241,115,6,0,204,228,104,4,0,19,29,79,254,253,244,175,114,88,38,13,0,0,0,0,203,252,252,178,169,225,252,252,253,227,68,0,0,0,0,0,0,0,0,0,19,224,252,252,253,252,252,214,156,56,13,0,0,0,0,0,0,0,0,0,0,19,116,139,203,227,139,78,0,0,0,0,0,0,0,0,0,0,0,0,0,0,0,0,0,0,0,0,0,0,0,0,0,0,0,0,0,0,0,0,2
0,0,0,0,0,0,0,0,0,0,0,0,0,38,113,207,253,255,253,222,0,0,0,0,0,0,0,0,0,0,0,0,86,219,252,252,252,215,121,106,0,0,0,0,0,0,0,0,0,0,7,135,253,252,208,180,55,31,0,0,0,0,0,0,0,0,0,0,10,60,178,252,240,176,19,0,0,0,0,0,0,0,0,0,0,0,0,0,85,252,252,252,63,0,0,0,0,0,0,0,0,0,0,0,0,0,0,0,226,253,240,63,0,0,0,0,0,0,0,0,0,0,0,0,0,0,0,147,249,252,99,0,0,0,0,0,0,0,0,0,0,0,0,0,0,0,0,253,252,176,19,0,0,0,0,0,0,0,0,0,0,0,0,0,0,4,107,253,195,19,0,0,0,0,0,0,0,0,0,0,0,0,0,0,0,29,252,253,167,0,0,0,0,0,0,0,0,0,0,0,0,0,0,0,0,170,253,255,253,253,159,113,0,0,0,0,0,0,0,0,0,0,0,0,51,243,252,253,252,252,252,252,226,72,0,0,0,0,0,0,0,0,0,0,88,252,252,196,195,195,202,252,253,167,0,0,0,0,0,0,0,0,0,0,103,252,252,0,0,0,10,177,253,167,0,0,0,0,0,0,0,0,0,0,57,252,252,0,0,0,0,140,253,214,31,0,0,0,0,0,0,0,0,0,198,253,253,0,0,0,0,141,255,168,0,0,0,0,0,0,0,0,0,29,215,252,252,0,0,0,73,240,215,112,0,0,0,0,0,0,0,0,0,19,177,252,252,32,0,45,187,252,110,0,0,0,0,0,0,0,0,0,0,0,19,177,239,216,159,212,252,236,0,0,0,0,0,0,0,0,0,0,0,0,0,0,63,112,74,57,157,50,0,0,0,0,0,0,0,0,6
0,0,0,0,0,0,0,0,0,0,0,0,0,0,0,0,0,0,0,0,0,0,0,0,0,0,0,0,0,0,0,0,0,0,0,0,0,0,0,0,0,0,0,0,0,0,0,0,0,0,0,0,0,0,0,0,0,0,0,0,0,0,0,0,0,21,234,254,255,175,144,59,0,0,0,0,0,0,0,0,0,0,0,0,0,190,254,254,254,254,254,249,136,0,14,3,0,0,0,0,0,0,0,0,31,243,254,157,147,227,239,254,247,135,241,136,0,0,0,0,0,0,0,0,142,254,161,6,0,0,21,149,254,254,254,243,25,0,0,0,0,0,0,0,205,254,33,0,0,0,0,4,161,254,254,254,99,0,0,0,0,0,0,28,246,212,6,0,0,0,0,0,38,254,254,254,99,0,0,0,0,0,0,79,254,132,0,0,0,0,0,4,156,254,254,227,15,0,0,0,0,0,0,189,254,49,0,0,0,43,96,181,254,254,243,99,0,0,0,0,0,0,0,197,254,103,75,148,206,248,254,254,254,254,135,0,0,0,0,0,0,0,0,170,254,254,254,254,254,254,252,177,254,254,51,0,0,0,0,0,0,0,0,11,215,253,253,225,164,85,0,20,254,221,0,0,0,0,0,0,0,0,0,0,0,62,57,0,0,0,0,105,254,215,0,0,0,0,0,0,0,0,0,0,0,0,0,0,0,0,7,235,254,139,0,0,0,0,0,0,0,0,0,0,0,0,0,0,0,0,9,254,254,76,0,0,0,0,0,0,0,0,0,0,0,0,0,0,0,0,9,254,234,11,0,0,0,0,0,0,0,0,0,0,0,0,0,0,0,0,9,254,229,0,0,0,0,0,0,0,0,0,0,0,0,0,0,0,0,0,54,254,229,0,0,0,0,0,0,0,9
0,0,0,0,0,0,0,0,0,0,0,0,0,0,0,0,0,0,0,0,0,0,0,0,0,0,0,0,0,0,0,0,0,0,0,0,0,0,0,0,0,0,0,0,0,0,0,0,0,0,0,0,0,0,0,0,0,0,0,0,0,0,0,0,0,0,0,12,136,255,214,92,47,47,33,0,0,0,0,0,0,0,0,0,0,0,6,175,253,253,253,253,253,253,236,138,0,0,0,0,0,0,0,0,0,0,130,253,253,253,253,218,217,236,253,233,0,0,0,0,0,0,0,0,0,88,246,253,253,202,88,2,0,212,253,199,0,0,0,0,0,0,0,0,173,247,253,247,138,8,0,0,82,252,253,76,0,0,0,0,0,0,0,59,247,253,219,94,0,0,0,0,160,253,231,18,0,0,0,0,0,0,0,79,252,243,84,0,0,0,0,44,246,253,169,0,0,0,0,0,0,0,0,0,81,27,0,0,0,0,0,145,253,233,25,0,0,0,0,0,0,0,0,0,0,0,0,0,0,0,0,233,253,220,0,0,0,0,0,0,0,0,0,0,0,0,0,0,0,0,83,252,253,119,0,0,0,0,0,0,0,0,0,0,0,0,0,0,0,0,202,253,219,30,0,0,0,0,0,0,0,0,0,0,0,0,0,0,0,9,211,253,165,0,0,0,0,0,0,0,0,0,0,0,0,0,0,0,0,89,253,253,129,0,0,0,0,0,0,0,0,0,0,0,0,0,0,0,5,248,253,231,29,0,0,0,0,0,0,0,0,0,0,0,0,0,0,0,38,253,253,137,0,0,0,0,0,0,0,0,0,0,0,0,0,0,0,31,223,253,245,15,0,0,0,0,0,0,0,0,0,0,0,0,0,0,0,63,253,253,85,0,0,0,0,0,0,0,0,0,7
0,0,0,0,0,0,0,0,0,0,0,0,0,0,0,0,0,0,0,0,0,0,0,0,0,0,0,0,0,0,0,0,0,0,0,0,0,0,0,0,0,0,0,0,0,0,41,111,192,254,254,192,24,0,0,0,0,0,0,0,0,0,0,0,7,151,242,253,253,252,244,254,171,37,0,0,0,0,0,0,0,0,0,39,226,253,253,243,151,72,2,128,253,84,0,0,0,0,0,0,0,1,111,236,253,253,166,74,0,0,0,37,176,84,0,0,0,0,0,0,0,79,253,253,253,134,22,0,0,0,0,19,13,0,0,0,0,0,0,0,0,111,253,253,134,3,0,0,0,0,0,0,0,115,230,198,22,0,0,0,0,111,253,254,79,0,0,0,0,0,0,0,6,198,254,253,120,0,0,0,0,55,253,253,175,14,0,0,0,0,0,10,170,253,254,253,174,0,0,0,0,3,148,254,253,99,0,0,0,0,42,208,253,253,254,253,181,0,0,0,0,0,2,141,253,253,177,149,111,169,251,253,253,234,254,253,120,0,0,0,0,0,0,4,49,151,248,248,249,248,248,186,65,87,253,253,199,0,0,0,0,0,0,0,0,0,0,0,0,0,0,0,0,70,254,253,219,0,0,0,0,0,0,0,0,0,0,0,0,0,0,0,0,39,240,253,219,0,0,0,0,0,0,0,0,0,0,0,0,0,0,0,0,0,197,253,219,0,0,0,0,0,0,0,0,0,0,0,0,0,0,0,0,0,126,253,219,0,0,0,0,0,0,0,0,0,0,0,0,0,0,0,0,0,125,253,219,0,0,0,0,0,0,0,0,0,0,0,0,0,0,0,0,0,112,253,251,60,0,0,0,0,0,0,0,0,0,0,0,0,0,0,0,0,17,227,254,64,0,0,9
0,0,0,0,0,0,0,0,0,0,0,0,0,0,0,0,0,0,0,0,0,0,0,0,0,0,0,0,0,0,0,0,0,0,0,0,0,0,0,0,0,0,0,0,0,0,0,0,0,55,134,217,136,71,57,0,0,0,0,0,0,0,0,0,0,0,0,2,80,250,245,254,165,168,247,95,0,0,0,0,0,0,0,0,0,0,0,80,253,210,70,78,12,79,253,155,0,0,0,0,0,0,0,0,0,0,70,250,240,61,0,0,0,6,235,208,0,0,0,0,0,0,0,0,0,0,231,245,70,0,0,0,0,31,241,253,76,0,0,0,0,0,0,0,0,99,255,211,0,0,0,0,5,156,254,254,38,0,0,0,0,0,0,0,0,98,254,135,0,0,0,13,150,253,250,158,0,0,0,0,0,0,0,0,0,98,254,209,55,73,153,224,253,253,213,0,0,0,0,0,0,0,0,0,0,45,238,253,247,251,253,254,253,253,198,0,0,0,0,0,0,0,0,0,0,0,59,155,223,162,155,96,185,253,79,0,0,0,0,0,0,0,0,0,0,0,0,0,0,0,0,97,239,205,8,0,0,0,0,0,0,0,0,0,0,0,0,0,0,0,0,163,253,167,0,0,0,0,0,0,0,0,0,0,0,0,0,0,0,0,99,254,247,54,0,0,0,0,0,0,0,0,0,0,0,0,0,0,0,7,204,254,128,0,0,0,0,0,0,0,0,0,0,0,0,0,0,0,0,77,253,231,24,0,0,0,0,0,0,0,0,0,0,0,0,0,0,0,0,235,254,135,0,0,0,0,0,0,0,0,0,0,0,0,0,0,0,0,37,243,253,91,0,0,0,0,0,0,0,0,0,0,0,0,0,0,0,0,146,253,222,0,0,0,0,0,0,0,0,0,9
0,0,0,0,0,0,0,0,0,0,0,0,0,0,0,0,0,0,0,0,0,0,0,0,0,0,0,0,0,0,0,0,0,0,0,0,0,0,0,0,0,0,0,0,0,0,0,0,0,0,0,0,0,0,0,0,0,0,0,0,0,0,0,0,0,0,0,0,80,214,254,254,170,89,7,0,0,0,0,0,0,0,0,0,0,0,0,41,243,253,253,253,253,253,112,0,0,0,0,0,0,0,0,0,0,0,48,243,228,130,89,128,253,253,104,0,0,0,0,0,0,0,0,0,0,3,190,250,68,1,0,146,253,220,16,0,0,0,0,0,0,0,0,0,0,30,253,145,0,0,4,224,253,116,0,0,0,0,0,0,0,0,0,0,0,70,253,24,0,6,74,253,252,75,0,0,0,0,0,0,0,0,0,0,0,103,253,14,0,50,253,253,205,0,0,0,0,0,0,0,0,0,0,0,0,75,253,185,177,242,253,253,84,0,0,0,0,0,0,0,0,0,0,0,0,7,163,253,253,216,253,253,39,0,0,0,0,0,0,0,0,0,0,0,0,0,2,4,4,3,205,253,39,0,0,0,0,0,0,0,0,0,0,0,0,0,0,0,0,21,225,227,23,0,0,0,0,0,0,0,0,0,0,0,0,0,0,0,0,50,252,57,0,0,0,0,0,0,0,0,0,0,0,0,0,0,0,0,0,56,251,52,0,0,0,0,0,0,0,0,0,0,0,0,0,0,0,0,0,149,248,0,0,0,0,0,0,0,0,0,0,0,0,0,0,0,0,0,0,149,248,0,0,0,0,0,0,0,0,0,0,0,0,0,0,0,0,0,0,80,248,0,0,0,0,0,0,0,0,0,0,0,0,0,0,0,0,0,0,90,249,13,0,0,0,0,0,0,0,0,9
0,0,0,0,0,0,0,0,0,0,0,0,0,0,0,0,0,0,0,0,0,0,0,0,0,0,0,0,0,0,0,0,0,0,0,0,0,0,0,0,0,0,0,0,0,0,0,0,0,0,0,0,0,0,0,0,0,0,0,0,0,0,0,0,0,0,0,21,21,0,0,0,0,41,52,51,41,0,0,0,0,0,0,0,0,0,123,223,203,61,0,0,123,243,253,252,243,162,0,0,0,0,0,0,11,173,254,253,254,213,173,253,254,253,254,253,254,253,62,0,0,0,0,0,92,252,253,252,253,252,253,252,253,252,253,252,253,252,183,0,0,0,0,21,254,253,254,253,254,253,244,203,102,61,0,0,51,253,254,50,0,0,0,142,253,252,253,252,253,212,40,0,0,0,0,0,51,252,253,50,0,0,51,233,254,253,254,213,82,0,0,0,0,0,0,0,51,253,254,50,0,0,152,252,253,212,131,10,0,0,0,0,0,0,0,0,51,252,253,50,0,0,173,253,203,0,0,0,0,0,0,0,0,0,0,21,132,253,254,50,0,0,253,252,203,0,0,0,0,0,0,0,0,0,62,203,253,252,213,10,0,0,254,253,102,0,0,0,0,0,0,0,72,152,254,253,254,253,123,0,0,0,253,252,203,61,0,0,21,102,163,203,253,252,253,252,233,111,0,0,0,0,152,253,254,253,254,253,254,253,254,253,254,253,254,233,41,0,0,0,0,0,92,232,253,252,253,252,253,252,253,252,253,252,172,30,0,0,0,0,0,0,0,41,173,253,255,253,254,253,224,203,102,20,0,0,0,0,0,0,0,0,0,0,10,50,50,50,50,50,20,0,0,0,0,0,0,0,0,0,0,0,0,0,0,0,0,0,0,0,0,0,0,0,0,0,0,0,0,0,0
0,0,0,0,0,0,0,0,0,0,0,0,0,0,0,0,0,0,0,0,0,0,0,0,0,0,0,0,0,0,0,0,0,0,0,0,0,0,0,0,0,0,0,0,0,0,0,0,31,132,254,253,193,112,0,0,0,0,0,0,0,0,0,0,0,0,0,41,233,252,253,252,253,252,41,0,0,0,0,0,0,0,0,0,0,21,132,253,254,213,142,142,254,253,234,30,0,0,0,0,0,0,0,0,0,142,253,252,192,30,0,82,253,252,253,50,0,0,0,0,0,0,0,0,52,233,254,233,0,0,51,233,254,253,254,50,0,0,0,0,0,0,0,0,152,252,253,70,0,0,193,252,253,252,253,50,0,0,0,0,0,0,0,0,152,253,224,20,31,173,254,253,254,253,254,50,0,0,0,0,0,0,0,0,152,252,223,102,233,252,253,252,253,252,253,50,0,0,0,0,0,0,0,0,132,253,254,253,254,131,21,162,254,253,254,50,0,0,0,0,0,0,0,0,31,192,253,252,91,10,0,20,172,252,253,50,0,0,0,0,0,0,0,0,0,0,0,0,0,0,0,0,173,253,224,20,0,0,0,0,0,0,0,0,0,0,0,0,0,0,0,41,253,252,203,0,0,0,0,0,0,0,0,0,0,0,0,0,0,0,0,102,254,253,142,0,0,0,0,0,0,0,0,0,0,0,0,0,0,0,0,102,253,252,20,0,0,0,0,0,0,0,0,0,0,0,0,0,0,0,0,203,254,253,0,0,0,0,0,0,0,0,0,0,0,0,0,0,0,0,41,243,253,212,0,0,0,0,0,0,0,0,0,0,0,0,0,0,0,0,152,253,255,151,0,0,0,0,0,0,0,0,0,0,0,0,0,0,0,0,152,252,253,151,0,0,0,0,0,0,9
0,0,0,0,0,0,0,0,0,0,0,0,0,186,254,86,0,0,0,0,0,0,0,0,0,0,0,0,0,0,0,0,0,185,215,113,0,0,0,0,0,0,0,0,0,0,0,0,0,0,0,0,66,235,77,0,0,0,0,0,0,0,0,0,0,0,0,0,0,0,0,20,237,253,161,0,0,0,0,0,0,0,0,0,0,0,0,0,0,0,0,77,253,253,161,0,0,0,0,0,0,0,0,0,0,0,0,0,0,0,11,150,254,216,21,0,0,0,0,0,0,0,0,0,0,0,0,0,0,0,116,254,253,163,0,0,0,0,0,0,0,0,0,0,0,0,0,0,0,0,147,254,253,69,0,0,0,0,0,0,0,0,0,0,0,0,0,0,0,34,239,254,215,13,0,0,0,0,0,0,0,0,0,0,0,0,0,0,0,198,253,254,102,0,0,0,0,0,0,0,0,0,0,0,0,0,13,139,139,234,254,232,0,0,0,0,0,0,0,0,0,0,0,0,0,0,19,237,253,253,253,231,0,0,0,0,0,0,0,0,0,0,0,0,0,0,102,229,253,253,253,116,0,0,0,0,0,0,0,0,0,0,0,0,0,0,44,253,253,253,117,0,0,0,0,0,0,0,0,0,0,0,0,0,0,0,24,253,253,253,23,0,0,0,0,0,0,0,0,0,0,0,0,0,0,0,87,254,254,204,11,0,0,0,0,0,0,0,0,0,0,0,0,0,0,0,213,253,253,88,0,0,0,0,0,0,0,0,0,0,0,0,0,0,0,0,255,253,253,46,0,0,0,0,0,0,0,0,0,0,0,0,0,0,0,0,254,253,196,9,0,0,0,0,0,0,0,0,0,0,0,0,0,0,0,0,202,232,48,0,0,0,0,0,0,0,0,0,0,0,1
0,0,0,0,0,0,0,0,0,0,0,0,0,2,36,220,254,116,2,0,0,0,0,0,0,0,0,0,0,0,0,25,36,161,253,253,253,193,15,0,0,0,0,0,0,0,0,0,0,0,18,254,253,253,253,253,191,18,0,0,0,0,0,0,0,0,0,0,0,97,210,254,253,253,253,131,20,0,0,0,0,0,0,0,0,0,0,0,156,247,253,254,253,245,112,21,0,0,0,0,0,0,0,0,0,0,21,114,245,253,253,254,211,97,0,0,0,0,0,0,0,0,0,0,0,0,114,253,253,253,253,254,109,0,0,0,0,0,0,0,0,0,0,0,0,99,245,253,253,253,253,254,221,37,0,0,0,0,0,0,0,0,0,0,0,182,253,253,253,253,253,254,253,206,0,0,0,0,0,0,0,0,0,0,105,250,253,253,253,253,253,254,253,252,138,0,0,0,0,0,0,0,0,37,254,254,251,144,236,254,185,0,146,254,255,72,0,0,0,0,0,0,0,37,253,253,180,0,94,166,5,0,145,253,253,72,0,0,0,0,0,0,0,37,253,253,163,0,0,0,0,0,145,253,253,72,0,0,0,0,0,0,0,37,253,253,60,0,0,0,0,0,145,253,253,72,0,0,0,0,0,0,0,37,253,253,60,0,0,0,0,9,223,253,218,21,0,0,0,0,0,0,0,37,253,253,152,0,0,0,0,198,253,253,113,0,0,0,0,0,0,0,0,7,144,253,240,206,102,86,86,254,253,224,16,0,0,0,0,0,0,0,0,0,7,192,253,253,253,253,253,254,253,170,0,0,0,0,0,0,0,0,0,0,0,17,147,253,253,253,253,254,179,9,0,0,0,0,0,0,0,0,0,0,0,0,4,52,132,184,195,128,5,0,0,0,0,0,0,0,6
0,0,0,0,0,0,0,0,0,0,0,0,0,0,0,0,0,0,0,0,0,0,0,0,0,0,0,0,0,0,0,0,0,0,0,0,0,0,0,0,65,24,24,24,19,19,24,24,24,24,7,0,0,0,0,0,0,0,0,0,253,253,253,254,240,240,253,254,253,253,203,68,0,0,0,0,0,0,0,0,176,210,184,185,184,184,184,185,184,241,254,204,7,0,0,0,0,0,0,0,0,9,0,0,0,0,0,0,0,174,253,173,2,0,0,0,0,0,0,0,0,0,0,0,0,0,0,7,157,245,244,51,0,0,0,0,0,0,0,0,0,0,0,0,0,0,0,170,253,244,69,0,0,0,0,0,0,0,0,0,0,0,0,0,13,78,195,254,254,71,0,0,0,0,0,0,0,0,0,0,0,0,0,0,47,253,253,254,253,243,197,139,89,42,0,0,0,0,0,0,0,0,0,0,9,88,137,138,188,230,246,254,253,249,207,91,11,0,0,0,0,0,0,0,0,0,0,0,0,0,50,69,119,202,253,254,215,67,0,0,0,0,0,0,0,0,0,0,0,0,0,0,0,0,34,170,254,245,69,0,0,0,0,0,9,42,0,0,0,0,0,0,0,0,0,7,165,253,211,0,0,0,0,0,123,249,207,149,65,21,0,0,0,0,0,0,55,253,253,0,0,0,0,0,55,169,253,254,253,246,184,185,101,168,184,185,222,253,219,0,0,0,0,0,0,0,0,60,142,241,254,254,254,254,254,255,254,180,0,0,0,0,0,0,0,0,0,0,0,19,23,115,115,81,115,23,23,4,0,0,0,0,0,0,0,0,0,0,0,0,0,0,0,0,0,0,0,0,0,0,0,0,0,0,0,0,0,0,0,0,0,0,0,0,0,0,0,0,0,0,3
0,0,0,0,0,0,0,0,0,0,0,0,0,0,0,0,0,0,0,0,0,0,0,0,0,0,0,0,0,0,0,0,0,0,0,0,0,0,0,0,0,0,0,0,0,0,0,0,0,34,47,47,26,17,0,0,0,0,0,0,0,0,0,0,0,0,0,0,17,234,254,253,232,224,208,207,199,149,174,90,0,0,0,0,0,0,93,110,176,209,254,253,253,253,254,253,253,253,254,253,0,0,0,0,0,26,254,254,254,254,236,210,157,254,185,184,118,151,93,59,0,0,0,0,0,76,254,253,189,115,84,9,3,23,0,0,0,0,0,0,0,0,0,0,0,0,211,253,146,0,0,0,0,0,0,0,0,0,0,0,0,0,0,0,0,0,69,245,246,84,0,0,0,0,0,0,0,0,0,0,0,0,0,0,0,0,0,172,254,161,0,0,0,0,0,0,0,0,0,0,0,0,13,5,0,0,0,80,244,211,114,5,0,0,0,0,0,0,0,0,0,0,187,128,21,0,0,0,122,246,254,140,0,0,0,0,0,0,0,0,0,0,186,253,46,0,0,0,0,84,220,240,67,0,0,0,0,0,0,0,0,0,162,254,105,0,0,0,0,0,136,254,197,0,0,0,0,0,0,0,0,0,40,241,243,129,0,0,0,0,87,253,251,97,0,0,0,0,0,0,0,0,0,188,253,253,125,24,66,149,237,253,251,63,0,0,0,0,0,0,0,0,0,55,236,253,254,253,253,253,254,253,196,0,0,0,0,0,0,0,0,0,0,0,85,235,255,254,254,228,210,118,0,0,0,0,0,0,0,0,0,0,0,0,0,17,173,156,115,40,9,0,0,0,0,0,0,0,0,0,0,0,0,0,0,0,0,0,0,0,0,0,0,0,0,0,0,0,0,0,5
213,232,243,235,233,204,205,232,234,218,224,224,242,219,223,217,250,206,203,220,225,232,213,245,224,220,247,242,213,248,206,224,207,235,225,228,201,249,236,248,211,228,226,209,244,214,253,252,231,228,202,214,242,253,213,222,201,233,200,212,237,245,248,201,244,237,250,238,214,247,238,205,250,253,239,201,231,247,213,220,238,225,235,216,216,200,209,248,201,225,249,213,250,224,254,201,212,233,249,227,203,220,209,220,239,230,249,231,247,233,237,204,244,225,220,232,249,235,243,223,221,221,254,247,244,250,233,229,232,220,200,200,229,254,222,252,201,254,242,221,248,244,209,228,229,202,200,226,231,249,228,215,246,233,207,236,223,217,201,200,254,207,222,254,239,233,212,228,219,241,200,209,240,204,235,203,217,216,244,204,218,252,253,218,223,212,232,222,216,203,207,242,238,211,249,238,235,209,205,249,234,242,235,252,221,223,240,214,226,217,215,250,220,242,211,216,236,244,209,249,203,208,238,254,220,245,236,243,242,222,242,214,252,229,222,232,225,235,229,218,234,237,201,213,218,204,253,220,222,216,234,253,253,211,216,230,236,203,226,231,206,243,242,225,222,229,204,241,228,227,238,248,201,222,223,253,204,229,217,229,214,248,233,231,233,229,244,248,211,228,212,233,247,218,239,248,233,243,244,218,243,202,237,232,234,221,223,200,202,205,246,242,203,245,251,203,242,240,208,235,215,237,249,245,211,239,202,222,207,200,249,208,254,254,248,251,223,232,220,232,207,246,234,212,208,246,204,242,230,205,206,240,215,205,225,213,208,209,218,217,204,217,231,203,220,226,213,237,227,246,245,250,213,246,250,208,247,206,251,219,229,250,207,254,222,251,230,225,213,248,242,214,236,229,205,212,224,220,253,227,3
0,0,0,0,0,0,0,0,0,10,209,158,0,0,0,0,0,0,0,0,0,0,0,0,0,0,0,0,0,40,253,245,33,0,0,0,0,0,0,0,0,0,0,0,0,0,0,0,0,40,253,254,39,0,0,0,0,0,0,0,0,0,0,0,0,0,0,0,0,34,244,254,128,0,0,0,0,0,0,0,0,0,0,0,0,0,0,0,0,0,195,254,135,0,0,0,0,0,0,0,0,0,0,0,0,0,0,0,0,0,196,255,136,0,0,0,0,0,0,0,0,0,0,0,0,0,0,0,0,0,195,254,135,0,0,0,0,0,0,0,0,0,0,0,0,0,0,0,0,0,195,254,165,0,0,0,0,0,0,0,0,0,0,0,0,0,0,0,0,0,195,254,180,0,0,0,0,0,0,0,0,0,0,0,0,0,0,0,0,0,195,254,135,0,0,0,0,0,0,0,0,0,0,0,0,0,0,0,0,25,231,255,174,0,0,0,0,0,0,0,0,0,0,0,0,0,0,0,0,24,230,254,135,0,0,0,0,0,0,0,0,0,0,0,0,0,0,0,0,40,253,254,135,0,0,0,0,0,0,0,0,0,0,0,0,0,0,0,0,107,253,254,83,0,0,0,0,0,0,0,0,0,0,0,0,0,0,0,0,234,253,254,39,0,0,0,0,0,0,0,0,0,0,0,0,0,0,0,0,235,254,255,39,0,0,0,0,0,0,0,0,0,0,0,0,0,0,0,67,250,253,249,36,0,0,0,0,0,0,0,0,0,0,0,0,0,0,0,79,253,253,195,0,0,0,0,0,0,0,0,0,0,0,0,0,0,0,0,36,243,253,142,0,0,0,0,0,0,0,0,0,0,0,0,0,0,0,0,0,234,253,98,0,0,0,0,0,0,0,0,1
0,0,0,0,0,0,0,0,0,0,0,0,0,0,0,0,0,0,0,0,0,0,0,0,0,0,0,0,0,0,0,0,0,0,0,0,0,0,0,0,0,0,0,0,0,0,0,0,0,0,0,0,0,0,0,0,0,0,0,0,0,0,0,50,246,255,254,254,254,254,254,254,254,242,77,5,0,0,0,0,0,0,0,53,246,253,253,253,253,253,253,253,253,253,253,107,0,0,0,0,0,0,0,0,105,114,114,114,116,217,217,174,138,230,253,129,0,0,0,0,0,0,0,0,0,0,0,0,0,0,0,0,0,135,253,163,0,0,0,0,0,0,0,0,0,0,0,0,0,0,0,0,0,231,253,179,0,0,0,0,0,0,0,0,0,0,0,0,0,0,0,0,26,243,253,129,0,0,0,0,0,0,0,0,0,0,0,0,0,0,0,3,141,253,249,79,0,0,0,0,0,0,0,0,0,0,0,0,0,0,0,42,253,253,108,0,0,0,0,0,0,0,0,0,0,0,0,0,0,0,3,173,253,238,41,0,0,0,0,0,0,0,0,0,0,0,0,0,0,0,121,253,253,98,0,0,0,0,0,0,0,0,0,0,0,0,0,0,0,83,243,253,219,9,0,0,0,0,0,0,0,0,0,0,0,0,0,0,21,212,253,247,54,0,0,0,0,0,0,0,0,0,0,0,0,0,0,0,188,253,253,176,0,0,0,0,0,0,0,0,0,0,0,0,0,0,2,126,251,253,147,7,0,0,0,0,0,0,0,0,0,0,0,0,0,0,48,253,253,184,15,0,0,0,0,0,0,0,0,0,0,0,0,0,0,36,228,253,242,50,0,0,0,0,0,0,0,0,0,0,0,0,0,0,7,163,253,253,75,0,0,0,0,0,0,0,0,0,0,0,7
0,0,0,0,0,0,0,0,0,0,0,0,0,0,0,0,0,0,0,0,0,0,0,0,0,0,0,0,0,0,0,0,0,0,0,0,0,0,0,0,0,0,0,0,0,0,0,0,0,0,0,0,0,0,0,0,0,0,0,0,0,0,0,0,0,0,0,0,0,0,0,0,0,0,0,0,0,0,0,0,0,37,61,89,152,171,171,171,242,211,227,191,235,221,129,0,0,0,0,0,9,233,254,254,254,254,254,254,254,253,246,251,254,254,232,9,0,0,0,0,4,114,242,178,122,103,75,75,75,60,0,42,78,241,255,12,0,0,0,0,0,0,0,0,0,0,0,0,0,0,0,0,63,254,197,4,0,0,0,0,0,0,0,0,0,0,0,0,0,0,0,0,125,254,100,0,0,0,0,0,0,0,0,0,0,0,0,0,0,0,0,0,146,254,100,0,0,0,0,0,0,0,0,0,0,0,0,0,0,0,0,0,156,254,100,0,0,0,0,0,0,0,0,0,0,0,0,0,0,0,0,0,230,254,34,0,0,0,0,0,0,0,0,0,0,0,0,0,0,0,0,9,234,222,9,0,0,0,0,0,0,0,0,0,0,0,0,0,0,0,0,59,254,174,0,0,0,0,0,0,0,0,0,0,0,0,0,0,0,0,0,129,254,105,0,0,0,0,0,0,0,0,0,0,0,0,0,0,0,0,0,142,254,105,0,0,0,0,0,0,0,0,0,0,0,0,0,0,0,0,0,215,254,105,0,0,0,0,0,0,0,0,0,0,0,0,0,0,0,0,13,233,240,25,0,0,0,0,0,0,0,0,0,0,0,0,0,0,0,0,55,254,192,0,0,0,0,0,0,0,0,0,0,0,0,0,0,0,0,0,131,254,142,0,0,0,0,0,0,0,7
0,0,0,0,0,0,0,0,0,0,0,0,0,0,0,0,0,0,0,0,0,0,0,0,0,0,0,0,0,0,0,0,0,0,0,0,0,0,0,0,0,0,0,0,0,0,0,0,0,11,87,138,222,253,253,191,50,0,0,0,0,0,0,0,0,0,0,34,47,193,253,252,252,252,252,253,194,65,0,0,0,0,0,0,0,0,66,234,252,252,253,252,252,252,252,253,252,202,13,0,0,0,0,0,0,104,236,252,252,252,253,252,252,218,160,161,219,252,139,0,0,0,0,0,106,253,252,252,252,252,253,231,54,14,0,0,161,252,160,0,0,0,0,0,231,255,253,253,253,243,158,0,0,0,0,45,253,253,161,0,0,0,0,0,209,253,252,252,214,60,0,0,0,0,0,253,252,252,87,0,0,0,0,0,32,253,208,100,13,0,0,0,0,0,116,253,252,202,13,0,0,0,0,0,0,46,17,0,0,0,0,0,0,119,248,253,252,183,0,0,0,0,0,0,0,0,0,0,0,0,0,0,116,248,252,253,231,48,0,0,0,0,0,0,0,0,0,0,0,0,13,159,253,253,253,252,135,0,0,0,0,0,0,0,0,0,0,0,0,22,170,252,252,252,252,209,0,0,0,0,0,0,0,0,0,0,0,0,100,215,253,252,252,252,189,32,0,0,0,0,0,0,0,0,0,0,17,124,244,252,253,252,252,134,4,0,0,0,0,0,0,0,0,0,0,64,140,252,252,252,253,231,54,4,0,0,0,0,0,0,0,0,0,0,74,202,253,253,253,253,158,0,0,0,0,0,0,0,0,0,0,0,13,47,234,253,252,252,214,102,0,0,0,0,0,0,0,0,0,0,0,45,172,252,252,253,252,202,33,0,0,0,0,0,0,0,0,0,0,0,7
0,0,0,0,0,108,254,254,142,66,7,0,0,0,0,0,0,0,0,0,0,0,0,0,0,19,84,134,204,253,150,7,0,0,0,0,0,0,0,0,0,0,0,0,0,0,0,0,7,81,235,116,0,0,0,0,0,0,0,0,0,0,0,0,0,0,0,0,0,0,198,140,0,0,0,0,0,0,0,0,0,0,0,0,0,0,0,0,0,0,199,141,0,0,0,0,0,0,0,0,0,0,0,0,0,0,0,0,0,38,235,140,0,0,0,0,0,0,0,0,0,0,0,0,0,0,0,0,10,173,225,43,0,0,0,0,0,0,0,0,0,0,0,0,0,0,0,0,79,253,206,63,0,0,0,0,0,0,0,0,0,0,0,0,0,0,0,0,243,236,226,239,180,10,0,0,0,0,0,0,0,0,0,0,0,0,0,0,47,28,0,38,229,159,0,0,0,0,0,0,0,0,0,0,0,0,0,0,0,0,0,0,141,216,19,0,0,0,0,0,0,0,0,0,0,0,0,0,0,0,0,0,41,253,56,0,0,0,0,0,0,0,0,0,0,0,0,0,0,0,0,0,29,254,56,0,0,0,0,0,0,0,0,0,0,0,0,0,0,0,0,0,29,253,56,0,0,0,0,0,0,0,0,0,0,0,0,0,0,0,0,0,117,253,56,0,0,0,0,0,0,0,0,0,0,0,0,0,0,0,0,0,242,203,6,0,0,0,0,0,0,0,0,0,0,0,0,0,0,0,0,127,240,38,0,0,0,0,0,0,0,0,0,0,0,38,63,0,0,0,132,244,126,0,0,0,0,0,0,0,0,0,0,0,0,13,191,147,99,198,241,128,0,0,0,0,0,0,0,0,0,0,0,0,0,0,60,191,255,228,52,3,0,0,0,0,0,0,0,0,3
0,0,0,0,0,55,133,253,253,253,253,253,255,162,18,0,0,0,0,0,0,0,0,0,0,233,251,251,251,251,251,251,253,251,157,99,0,0,0,0,0,0,0,0,123,245,251,251,251,251,251,251,253,251,251,239,108,0,0,0,0,0,0,0,175,251,251,251,251,251,251,251,253,251,251,251,168,39,6,0,0,0,0,46,204,251,251,251,251,251,251,251,253,251,251,251,251,251,37,0,0,0,0,117,251,251,251,251,251,251,251,251,253,251,251,251,251,251,157,0,0,0,5,128,251,251,251,251,249,171,37,37,83,240,251,251,251,251,231,0,0,0,59,251,251,251,251,251,231,0,0,0,0,81,227,251,251,251,231,0,0,0,59,251,251,251,251,251,127,0,0,0,0,0,175,251,251,251,242,95,0,0,59,251,251,251,251,251,37,0,0,0,0,0,175,251,251,251,251,173,0,0,59,253,253,253,253,253,38,0,0,0,0,0,176,253,253,253,253,174,0,0,59,251,251,251,251,251,37,0,0,0,0,55,210,251,251,251,251,209,0,0,59,251,251,251,251,251,37,0,0,0,41,210,251,251,251,251,251,251,0,0,59,251,251,251,251,251,221,100,233,233,239,251,251,251,251,251,251,178,0,0,59,251,251,251,251,251,251,251,251,251,253,251,251,251,251,251,251,173,0,0,59,251,251,251,251,251,251,251,251,251,253,251,251,251,251,251,239,66,0,0,9,136,251,251,251,251,251,251,251,251,253,251,251,251,251,251,216,0,0,0,0,81,227,251,251,251,251,251,251,251,253,251,251,251,220,173,26,0,0,0,0,0,81,241,251,251,251,251,251,251,253,251,251,251,153,0,0,0,0,0,0,0,0,53,131,251,251,251,251,251,207,57,57,57,35,0,0,0,0
0,0,0,0,0,1,252,252,252,252,253,35,0,0,0,0,0,0,0,0,0,0,0,0,1,84,252,252,252,252,253,35,0,0,0,0,0,0,0,0,0,0,0,0,99,252,252,252,252,189,83,0,0,0,0,0,0,0,0,0,0,0,0,0,181,252,252,252,252,108,0,0,0,0,0,0,0,0,0,0,0,0,0,156,232,252,252,241,112,31,0,0,0,0,0,0,0,0,0,0,0,0,0,217,252,252,252,97,0,0,0,0,0,0,0,0,0,0,0,0,0,0,47,233,253,253,253,35,0,0,0,0,0,0,0,0,0,0,0,0,0,0,15,222,252,252,252,35,0,0,0,0,0,0,0,63,73,73,0,0,0,0,16,222,252,252,252,35,0,0,0,0,6,120,182,242,252,252,182,46,0,0,109,252,252,252,189,15,0,0,0,0,120,252,253,252,252,252,253,179,0,0,110,253,253,253,144,0,0,0,0,218,253,253,255,253,253,253,255,253,0,0,15,222,252,252,143,0,0,0,94,247,252,252,253,252,252,252,253,252,0,0,0,196,252,252,159,5,0,0,212,252,252,252,253,252,252,252,253,252,0,0,0,155,252,252,252,35,21,144,253,252,252,252,253,252,252,252,253,128,0,0,0,156,253,253,253,253,253,253,255,253,253,253,255,253,253,253,208,20,0,0,0,52,231,252,252,252,252,252,253,252,252,252,253,252,241,97,20,0,0,0,0,0,52,154,215,247,252,252,253,252,252,252,237,174,61,0,0,0,0,0,0,0,0,0,0,134,252,252,253,210,108,108,62,0,0,0,0,0,0,0,0,0,0,0,0,0,0,0,0,0,0,0,0,0,0,0,0,0,0,0,0,0,0,0,0,0,0,0,0,0,0,0,0,0,0,0,0,0,6
0,0,0,0,0,0,0,50,212,254,201,32,0,0,0,0,0,0,0,0,0,0,0,0,0,0,25,210,253,238,247,225,29,0,0,0,0,0,0,0,0,0,0,0,0,0,131,253,170,4,156,254,74,0,0,0,0,0,0,0,0,0,0,0,0,0,195,253,96,0,19,254,111,0,0,0,0,0,0,0,0,0,0,0,0,34,245,212,13,0,0,214,181,0,0,0,0,0,0,0,0,0,0,0,0,111,253,183,0,0,0,172,224,0,0,0,0,0,0,0,0,0,0,0,0,29,212,125,0,0,0,217,192,0,0,0,0,0,0,0,0,0,0,0,0,0,71,85,0,0,0,254,155,0,0,0,0,0,0,0,0,0,0,0,0,0,0,0,0,0,51,254,155,0,0,0,0,0,0,0,0,0,0,0,0,0,0,0,0,0,135,254,128,0,0,0,0,0,0,0,0,0,0,0,0,0,0,0,0,0,164,255,71,0,0,0,0,0,0,0,0,0,0,0,0,0,0,0,0,5,223,214,0,0,0,0,0,0,0,0,0,0,0,0,0,0,0,0,0,142,253,104,0,0,0,0,0,0,0,0,0,0,0,0,15,60,33,33,55,245,232,19,0,0,0,0,0,0,0,0,0,0,0,0,115,253,253,253,253,253,117,0,0,0,0,0,0,0,0,0,0,0,0,0,115,253,253,253,253,253,253,184,100,13,0,0,0,0,0,0,0,0,0,0,63,242,253,253,153,164,196,254,253,229,147,30,0,0,0,0,0,0,0,0,0,86,106,61,3,0,0,27,137,236,253,242,119,9,0,0,0,0,0,0,0,0,0,0,0,0,0,0,0,12,90,239,253,83,0,0,0,0,0,0,0,0,0,0,0,0,0,0,0,0,0,60,240,61,0,0,2
0,0,0,0,0,0,72,166,199,254,255,66,0,0,0,0,0,0,0,0,0,0,0,0,0,13,219,199,183,183,229,248,41,0,0,0,0,0,0,0,0,0,0,0,0,0,14,4,0,0,145,253,170,7,0,0,0,0,0,0,0,0,0,0,0,0,0,0,0,0,8,197,240,21,0,0,0,0,0,0,0,0,0,0,0,0,0,0,0,0,0,172,176,0,0,0,0,0,0,0,0,0,0,0,0,0,0,0,0,0,51,249,93,0,0,0,0,0,0,0,0,0,0,0,0,0,0,0,0,19,205,188,4,0,0,0,0,0,0,0,0,0,0,0,0,0,17,112,192,234,254,130,13,0,0,0,0,0,0,0,0,0,0,0,0,0,80,251,246,244,251,253,191,44,0,0,0,0,0,0,0,0,0,0,0,0,0,60,22,0,52,187,253,210,24,0,0,0,0,0,0,0,0,0,0,0,0,0,0,0,0,0,152,254,149,0,0,0,0,0,0,0,0,0,0,0,0,0,0,0,0,0,2,174,251,66,0,0,0,0,0,0,0,0,0,0,0,0,0,0,0,0,0,28,233,130,0,0,0,0,0,0,0,0,0,0,0,0,0,0,0,0,0,0,219,130,0,0,0,0,0,0,0,0,0,0,0,0,0,0,0,0,0,91,248,130,0,0,0,0,0,0,0,0,0,0,0,0,0,0,0,0,85,194,247,83,0,0,0,0,0,0,0,0,0,0,0,0,0,0,9,106,249,220,85,0,0,0,0,0,0,0,0,0,0,0,0,8,51,135,212,253,133,27,0,0,0,0,0,0,0,0,0,0,96,184,184,212,253,253,218,132,5,0,0,0,0,0,0,0,0,0,0,0,86,165,165,195,162,78,0,0,0,0,0,0,0,0,0,0,3
0,0,0,0,0,0,0,0,0,0,0,0,0,0,0,0,0,0,0,0,0,0,0,0,0,0,0,16,109,110,109,212,253,255,128,94,0,0,0,0,0,0,0,0,1,134,217,222,252,253,252,252,252,253,252,247,134,0,0,0,0,0,0,27,181,252,252,252,252,253,252,252,252,253,252,252,252,120,5,0,0,0,0,37,252,252,252,252,252,191,108,108,108,108,232,252,252,253,119,0,0,0,0,181,252,252,252,215,0,0,0,16,191,191,232,252,252,253,118,0,0,0,0,139,252,252,252,226,73,0,21,181,252,253,252,252,210,119,5,0,0,0,0,11,154,252,252,252,252,182,201,252,252,253,241,195,31,0,0,0,0,0,0,0,1,108,232,252,252,253,252,252,252,191,77,0,0,0,0,0,0,0,0,0,0,0,42,222,253,255,253,253,191,0,0,0,0,0,0,0,0,0,0,0,0,0,63,201,252,253,252,252,108,0,0,0,0,0,0,0,0,0,0,0,0,0,217,252,252,253,252,252,211,0,0,0,0,0,0,0,0,0,0,0,0,0,217,252,252,253,252,252,252,0,0,0,0,0,0,0,0,0,0,0,0,47,233,253,253,145,176,253,253,192,15,0,0,0,0,0,0,0,0,0,1,232,252,241,97,0,73,252,252,253,35,0,0,0,0,0,0,0,0,0,105,252,252,215,0,0,73,252,252,253,35,0,0,0,0,0,0,0,0,0,144,252,252,215,0,0,73,252,252,253,35,0,0,0,0,0,0,0,0,0,145,253,253,217,0,171,253,253,253,208,20,0,0,0,0,0,0,0,0,0,144,252,252,247,217,253,252,252,252,20,0,0,0,0,0,0,0,0,0,0,41,231,252,252,252,253,252,205,71,0,0,0,0,0,0,0,8
0,0,0,0,0,0,0,0,0,86,226,255,170,226,57,0,0,0,0,0,0,0,0,0,0,0,0,0,141,255,255,255,255,255,86,0,0,0,0,0,0,0,0,0,0,0,0,114,255,255,226,198,86,170,226,57,0,0,0,0,0,0,0,0,0,0,86,226,255,170,29,0,0,29,255,141,0,0,0,0,0,0,0,0,0,0,198,255,170,29,0,0,0,0,198,226,0,0,0,0,0,0,0,0,0,114,255,198,57,0,0,0,0,0,170,255,57,0,0,0,0,0,0,0,0,170,255,57,0,0,0,0,0,0,170,255,57,0,0,0,0,0,0,0,0,170,255,170,29,0,0,0,0,141,255,226,0,0,0,0,0,0,0,0,0,170,255,255,255,226,141,141,226,255,255,114,0,0,0,0,0,0,0,0,0,0,170,255,255,255,255,255,255,255,255,86,0,0,0,0,0,0,0,0,0,0,0,141,255,255,255,255,198,198,255,198,0,0,0,0,0,0,0,0,0,0,0,198,255,255,198,86,0,0,255,255,57,0,0,0,0,0,0,0,0,0,86,255,226,57,0,0,0,0,170,255,86,0,0,0,0,0,0,0,0,0,170,255,86,0,0,0,0,0,170,255,86,0,0,0,0,0,0,0,0,0,255,226,0,0,0,0,0,0,226,255,57,0,0,0,0,0,0,0,0,57,255,114,0,0,0,0,0,114,255,198,0,0,0,0,0,0,0,0,0,86,255,170,0,0,0,0,86,255,255,86,0,0,0,0,0,0,0,0,0,29,255,255,226,170,170,198,255,255,198,0,0,0,0,0,0,0,0,0,0,0,141,255,255,255,255,255,255,170,29,0,0,0,0,0,0,0,0,0,0,0,0,0,141,255,255,226,114,29,0,0,0,0,0,0,8
0,0,0,0,0,0,0,0,0,0,0,0,0,0,0,0,18,70,191,238,0,0,0,0,0,0,12,180,116,30,0,0,3,16,138,210,224,254,254,249,0,0,0,0,0,0,20,230,254,221,165,165,186,254,254,254,254,220,115,39,0,0,0,0,0,0,125,254,254,254,254,254,254,254,241,145,103,16,0,0,0,0,0,0,0,0,230,254,254,254,254,253,179,134,27,0,0,0,0,0,0,0,0,0,0,69,252,254,254,206,66,24,0,0,0,0,0,0,0,0,0,0,0,0,8,179,254,254,192,44,0,0,0,0,0,0,0,0,0,0,0,0,0,0,12,219,254,254,75,0,0,0,0,0,0,0,0,0,0,0,0,0,0,0,58,254,254,254,206,96,2,0,0,0,0,0,0,0,0,0,0,0,0,0,22,254,254,254,254,254,231,89,0,0,0,0,0,0,0,0,0,0,0,0,4,79,149,183,252,254,254,234,182,19,0,0,0,0,0,0,0,0,0,0,0,0,0,0,53,171,206,254,254,163,0,0,0,0,0,0,0,0,0,0,0,0,0,0,0,0,28,220,254,246,45,0,0,0,0,0,0,0,0,0,0,0,0,0,0,0,0,33,254,254,212,12,0,0,0,0,0,0,0,0,0,0,0,0,0,0,0,13,180,254,240,23,0,0,0,0,0,0,0,0,0,0,0,0,0,0,0,4,217,254,234,21,0,0,0,0,0,22,119,71,33,0,0,0,0,0,0,45,254,254,176,3,0,0,0,0,0,191,254,254,249,190,100,163,96,91,91,172,254,249,55,0,0,0,0,0,0,141,254,254,254,254,254,254,254,254,254,254,254,204,0,0,0,0,0,0,0,12,98,154,162,254,254,254,254,254,254,254,191,24,0,0,0,0,0,0,5
0,0,0,0,0,0,0,0,70,190,255,253,26,0,0,0,0,0,0,0,0,0,0,0,0,0,0,82,247,252,253,252,26,91,79,0,0,0,0,0,0,0,0,0,0,20,115,243,252,252,253,252,229,248,245,109,0,0,0,0,0,0,0,0,0,96,252,252,248,102,103,172,244,252,252,244,110,0,0,0,0,0,0,0,89,238,252,209,106,0,0,0,226,217,252,252,212,0,0,0,0,0,0,17,211,252,243,73,0,0,0,0,59,74,241,252,220,20,0,0,0,0,0,171,252,243,108,0,0,0,0,0,0,0,109,252,252,114,0,0,0,0,60,238,252,184,0,0,0,0,0,0,0,0,60,245,252,225,0,0,0,0,101,252,252,66,0,0,0,0,0,0,0,0,0,186,252,225,0,0,0,0,226,252,217,31,0,0,0,0,0,0,0,0,0,186,252,239,56,0,0,51,240,253,123,0,0,0,0,0,0,0,0,0,0,187,253,253,107,0,0,107,252,252,53,0,0,0,0,0,0,0,0,0,0,186,252,252,106,0,0,107,252,252,53,0,0,0,0,0,0,0,0,0,0,186,252,242,67,0,0,73,244,252,53,0,0,0,0,0,0,0,0,0,57,242,252,225,0,0,0,0,226,252,53,0,0,0,0,0,0,0,0,22,186,252,252,120,0,0,0,0,226,252,165,14,0,0,0,0,0,0,20,117,252,252,222,24,0,0,0,0,205,252,252,165,13,0,0,0,0,17,189,252,252,243,108,0,0,0,0,0,84,248,252,252,188,160,153,98,161,199,252,252,245,108,0,0,0,0,0,0,0,90,211,248,252,252,252,252,253,252,247,196,78,0,0,0,0,0,0,0,0,0,0,89,140,252,252,252,253,126,75,0,0,0,0,0,0,0,0
0,0,0,0,0,0,0,0,0,0,0,0,0,0,0,0,0,0,0,0,0,0,0,0,0,0,0,0,0,0,0,0,0,0,0,0,0,0,0,0,0,0,0,0,0,0,0,0,0,0,0,0,0,0,0,0,0,0,0,0,0,0,0,0,0,0,0,12,93,151,151,22,0,0,47,237,69,0,0,0,0,0,0,0,0,0,13,212,254,254,254,205,23,51,186,254,187,0,0,0,0,0,0,0,0,0,174,254,254,247,247,254,168,244,254,254,129,0,0,0,0,0,0,0,0,89,247,254,139,71,220,254,254,254,254,239,22,0,0,0,0,0,0,0,35,248,253,134,4,53,254,254,254,254,254,234,0,0,0,0,0,0,0,24,209,255,166,0,32,153,254,254,199,250,254,204,0,0,0,0,0,0,0,91,254,250,42,85,221,254,254,77,86,253,254,81,0,0,0,0,0,0,0,188,254,199,118,254,254,242,109,2,157,254,203,9,0,0,0,0,0,0,0,188,254,254,254,254,250,116,0,0,193,254,176,0,0,0,0,0,0,0,0,166,254,254,251,177,56,0,0,0,193,254,113,0,0,0,0,0,0,0,0,17,157,254,116,0,0,0,0,17,217,254,73,0,0,0,0,0,0,0,0,0,1,5,1,0,0,0,0,42,254,224,2,0,0,0,0,0,0,0,0,0,0,0,0,0,0,0,0,122,254,187,0,0,0,0,0,0,0,0,0,0,0,0,0,0,0,0,0,201,254,120,0,0,0,0,0,0,0,0,0,0,0,0,0,0,0,0,0,250,254,120,0,0,0,0,0,0,0,0,0,0,0,0,0,0,0,0,0,250,254,25,0,0,0,0,0,0,0,0,0,0,0,0,0,0,0,0,68,253,194,5,0,0,0,0,0,0,9
0,0,0,0,0,0,0,0,0,0,0,0,0,0,0,0,0,0,0,0,0,0,0,0,0,0,0,0,0,0,38,153,254,255,237,88,0,0,0,0,0,0,0,0,0,0,0,0,34,198,243,215,106,23,23,13,0,0,0,0,0,0,0,0,0,0,0,104,240,214,88,9,0,0,0,0,0,0,0,0,0,0,0,0,0,0,102,240,119,25,0,0,0,0,0,43,25,0,0,0,0,0,0,0,0,45,245,138,0,0,0,0,0,0,130,254,254,0,0,0,0,0,0,0,0,57,249,234,55,0,0,0,0,81,242,156,23,0,0,0,0,0,0,0,0,0,92,224,236,91,3,0,43,237,156,0,0,0,0,0,0,0,0,0,0,0,0,32,169,254,90,9,184,203,6,0,0,0,0,0,0,0,0,0,0,0,0,0,0,195,237,170,228,34,0,0,0,0,0,0,0,0,0,0,0,0,0,0,0,15,216,248,98,0,0,0,0,0,0,0,0,0,0,0,0,0,0,0,0,41,224,249,57,0,0,0,0,0,0,0,0,0,0,0,0,0,0,0,0,195,219,253,69,0,0,0,0,0,0,0,0,0,0,0,0,0,0,0,151,185,55,254,69,0,0,0,0,0,0,0,0,0,0,0,0,0,0,123,179,42,64,240,31,0,0,0,0,0,0,0,0,0,0,0,0,0,5,193,38,0,147,221,0,0,0,0,0,0,0,0,0,0,0,0,0,0,147,104,0,26,239,137,0,0,0,0,0,0,0,0,0,0,0,0,0,121,241,34,0,187,199,17,0,0,0,0,0,0,0,0,0,0,0,0,17,254,73,22,147,241,60,0,0,0,0,0,0,0,0,0,0,0,0,0,51,254,128,209,196,67,0,0,0,0,0,0,0,0,0,0,8
0,0,0,0,0,0,0,0,0,0,0,0,0,0,0,0,0,0,0,0,0,0,0,29,43,148,253,209,183,148,131,25,22,0,0,0,0,0,0,0,0,0,96,232,252,227,252,252,252,252,253,226,161,0,0,0,0,0,0,0,0,8,226,252,252,253,252,235,252,252,253,252,231,0,0,0,0,0,0,0,0,28,239,252,252,216,110,14,84,128,253,252,231,0,0,0,0,0,0,0,0,0,83,68,59,18,0,0,0,45,253,252,187,0,0,0,0,0,0,0,0,0,0,0,0,0,0,22,96,253,254,253,127,0,0,0,0,0,0,0,0,0,0,0,0,68,190,221,252,252,253,252,168,28,0,0,0,0,0,0,0,0,0,0,0,245,252,252,252,252,253,252,252,239,232,22,6,0,0,0,0,0,0,0,0,253,252,252,252,252,190,237,252,252,252,253,63,0,0,0,0,0,0,0,0,209,252,252,182,59,0,111,244,252,252,253,186,9,0,0,0,0,0,0,0,36,211,62,0,0,0,0,0,109,253,255,253,127,0,0,0,0,0,0,0,0,0,0,0,0,0,0,0,16,142,253,252,161,0,0,0,0,0,0,0,0,0,0,0,0,0,0,0,0,9,253,252,187,0,0,0,0,0,0,0,0,0,0,0,0,0,0,0,0,0,253,252,160,0,0,0,0,0,0,0,0,0,0,0,0,0,0,0,0,0,253,252,126,0,0,0,0,0,126,192,43,43,22,0,0,0,0,0,55,192,255,253,109,0,0,0,0,43,127,252,253,252,221,190,190,191,190,190,232,252,253,189,5,0,0,0,0,11,21,161,253,252,252,252,252,253,252,252,252,252,223,40,0,0,0,0,0,0,0,35,145,237,252,252,252,253,252,252,252,252,35,0,0,0,0,3
0,0,0,0,0,0,0,0,0,0,0,120,239,239,153,0,0,0,0,0,0,0,0,0,0,0,0,0,0,0,66,236,234,57,0,0,0,0,0,0,0,0,0,0,0,0,0,0,0,32,235,254,127,0,0,0,0,0,0,0,0,0,0,0,0,0,0,0,0,84,254,227,27,0,0,0,0,0,0,0,0,0,0,0,0,0,0,0,11,200,254,72,0,0,0,0,0,0,0,0,0,0,0,0,0,0,0,1,140,254,222,30,0,0,0,0,0,0,0,0,0,0,0,0,0,0,0,18,254,251,70,0,0,0,0,0,0,0,0,0,0,0,0,0,0,0,0,144,254,213,0,0,0,0,0,0,0,0,0,0,0,0,0,0,0,0,0,244,254,129,14,151,178,178,32,0,0,0,0,0,0,0,0,0,0,0,83,252,236,90,210,254,254,254,219,33,0,0,0,0,0,0,0,0,0,0,207,254,251,240,255,181,159,201,254,107,0,0,0,0,0,0,0,0,0,82,252,254,254,236,114,6,0,11,250,214,0,0,0,0,0,0,0,0,0,90,254,254,248,147,0,0,0,0,250,225,0,0,0,0,0,0,0,0,0,90,254,251,47,0,0,0,0,81,253,211,0,0,0,0,0,0,0,0,0,90,254,249,0,0,0,0,85,247,254,107,0,0,0,0,0,0,0,0,0,90,254,249,0,0,0,87,243,254,215,30,0,0,0,0,0,0,0,0,0,61,245,253,135,103,202,242,254,254,30,0,0,0,0,0,0,0,0,0,0,0,124,254,254,254,254,254,217,46,1,0,0,0,0,0,0,0,0,0,0,0,8,133,254,254,171,100,11,0,0,0,0,0,0,0,0,0,0,0,0,0,0,0,0,0,0,0,0,0,0,0,0,0,0,0,6
0,0,0,0,0,0,0,0,0,0,0,0,0,0,0,0,0,0,0,0,0,0,0,0,0,0,0,0,0,0,0,0,0,0,0,0,0,0,0,0,0,0,0,0,0,0,0,0,0,0,0,0,0,0,0,0,0,0,0,0,0,0,0,0,0,0,0,38,131,211,202,84,0,0,0,0,0,0,0,0,0,0,0,0,0,32,151,232,254,254,254,249,81,0,0,0,0,0,0,0,0,0,0,0,58,245,237,158,74,46,146,255,122,0,0,0,0,0,0,0,0,0,1,54,251,220,16,0,0,0,110,254,122,0,0,0,0,0,0,0,0,0,49,254,198,14,0,0,0,0,110,254,122,0,0,0,0,0,0,0,0,0,235,252,71,0,0,0,0,0,119,254,87,0,0,0,0,0,0,0,0,0,240,168,0,0,0,0,0,8,221,235,21,0,0,0,0,0,0,0,0,0,26,0,0,0,0,0,0,102,254,145,0,0,0,0,0,0,0,0,0,0,0,0,0,0,0,0,51,246,218,31,0,0,0,0,0,0,0,0,0,0,0,0,0,0,0,23,214,250,76,0,0,0,0,0,0,0,0,0,0,0,0,0,0,0,44,220,254,128,0,0,0,0,0,0,0,7,9,9,0,0,0,0,0,26,212,254,253,182,147,102,170,182,182,182,182,237,254,254,0,0,0,0,0,166,254,254,254,254,254,249,222,222,222,219,141,141,141,141,0,0,0,0,0,123,210,135,102,48,48,41,0,0,0,0,0,0,0,0,0,0,0,0,0,0,0,0,0,0,0,0,0,0,0,0,0,0,0,0,0,0,0,0,0,0,0,0,0,0,0,0,0,0,0,0,0,0,0,0,0,0,0,0,0,0,0,0,0,0,0,0,0,0,0,0,0,0,0,0,2
0,0,0,0,0,0,0,0,0,0,0,0,0,0,0,0,0,18,200,255,0,0,0,0,0,0,0,0,0,0,0,0,1,11,11,77,111,155,253,253,0,0,0,0,0,0,0,0,0,0,0,64,147,253,253,253,253,253,245,153,0,0,0,0,0,0,0,0,7,115,157,253,245,233,188,174,253,247,162,0,0,0,0,0,0,0,0,68,174,253,225,159,47,0,40,227,253,144,0,0,0,0,0,0,0,3,128,251,243,114,16,0,0,19,210,253,128,7,0,0,0,0,0,0,0,21,253,243,74,0,0,0,38,228,253,130,8,0,0,0,0,0,0,0,0,21,253,228,11,0,0,79,245,244,85,5,0,0,0,0,0,0,0,0,0,13,224,253,211,101,132,253,252,83,0,0,0,0,0,0,0,0,0,0,0,0,33,200,253,253,253,234,73,0,0,0,0,0,0,0,0,0,0,0,0,0,0,21,226,253,253,253,212,41,0,0,0,0,0,0,0,0,0,0,0,0,42,198,253,205,131,193,242,231,25,0,0,0,0,0,0,0,0,0,0,69,241,253,209,63,0,0,121,253,39,0,0,0,0,0,0,0,0,0,18,229,253,245,50,0,0,0,132,253,106,0,0,0,0,0,0,0,0,0,65,254,253,47,0,0,0,55,248,254,51,0,0,0,0,0,0,0,0,0,135,253,169,7,0,0,30,222,253,211,12,0,0,0,0,0,0,0,0,63,247,235,6,0,0,89,218,253,221,15,0,0,0,0,0,0,0,0,0,111,253,159,0,47,162,250,253,181,13,0,0,0,0,0,0,0,0,0,0,111,253,241,213,249,253,229,95,4,0,0,0,0,0,0,0,0,0,0,0,28,179,253,253,163,82,25,0,0,0,0,0,0,0,0,0,0,8
0,0,0,0,0,0,0,0,0,0,0,0,0,0,0,0,0,0,0,0,0,0,0,0,0,0,0,0,0,0,0,0,0,0,0,0,0,0,0,0,0,0,0,0,0,0,0,0,0,64,170,253,253,186,0,0,0,0,0,0,0,0,0,0,0,0,12,184,240,247,251,252,252,249,119,0,0,0,0,0,0,0,0,0,0,15,180,252,252,253,252,252,252,252,246,71,0,0,0,0,0,0,0,0,60,178,252,252,252,173,172,201,252,252,252,225,78,0,0,0,0,0,0,18,204,252,252,248,115,0,0,20,221,252,252,252,93,0,0,0,0,0,17,176,252,252,246,118,0,0,0,20,221,252,252,252,93,0,0,0,0,0,102,252,252,245,120,0,0,0,0,115,252,252,252,252,93,0,0,0,0,74,238,252,252,198,0,0,0,0,68,243,252,252,252,248,83,0,0,0,0,226,252,252,249,75,0,0,0,77,191,252,252,252,252,134,0,0,0,0,0,226,252,252,227,42,0,78,133,253,252,252,252,252,252,79,0,0,0,0,0,228,253,253,253,253,253,253,253,255,253,253,253,253,253,80,0,0,0,0,0,170,252,252,252,252,252,252,252,253,207,185,252,252,252,79,0,0,0,0,0,10,168,252,252,252,252,247,158,97,15,94,252,252,252,79,0,0,0,0,0,0,13,39,67,172,88,37,0,0,0,94,252,252,252,79,0,0,0,0,0,0,0,0,0,0,0,0,0,0,0,94,252,252,252,79,0,0,0,0,0,0,0,0,0,0,0,0,0,0,0,94,252,252,252,79,0,0,0,0,0,0,0,0,0,0,0,0,0,0,0,94,252,252,252,79,0,0,0,0,0,0,0,0,0,0,0,0,0,0,0,94,252,252,252,79,0,0,0,0,9
0,0,0,0,0,0,0,0,0,0,0,0,0,0,0,0,0,0,0,0,0,0,0,0,0,0,0,0,0,0,82,102,102,82,0,0,0,0,0,0,0,0,0,0,0,0,21,173,253,214,253,254,253,254,253,92,10,0,0,0,0,0,0,0,41,163,223,253,252,233,151,151,232,253,252,253,91,0,0,0,0,0,0,0,203,254,253,244,162,0,0,0,0,21,203,254,213,21,0,0,0,0,0,0,81,192,151,40,0,0,0,0,0,0,20,253,252,102,0,0,0,0,0,0,0,0,41,41,0,0,0,0,0,0,0,254,253,234,51,0,0,0,0,0,0,0,0,0,0,0,0,0,0,0,0,91,252,233,131,0,0,0,0,0,0,0,0,0,0,0,0,0,0,0,0,113,253,203,0,0,0,0,0,0,0,0,0,0,0,0,0,0,0,0,0,152,252,162,0,0,0,0,0,11,51,152,152,113,71,0,0,0,0,11,173,254,172,0,0,0,0,0,82,213,252,253,252,253,252,163,0,0,0,173,252,253,50,0,0,0,0,113,253,254,213,102,61,132,253,254,91,113,193,254,253,82,0,0,0,0,0,233,252,172,10,0,0,10,172,253,252,253,252,213,50,0,0,0,0,0,0,254,253,21,41,51,132,152,233,254,253,254,172,0,0,0,0,0,0,0,0,253,252,223,243,253,252,253,252,253,252,253,172,0,0,0,0,0,0,0,0,173,253,255,253,224,162,82,0,0,41,234,253,254,253,153,71,52,51,52,0,10,50,50,50,20,0,0,0,0,0,30,91,151,151,253,252,253,252,253,0,0,0,0,0,0,0,0,0,0,0,0,0,0,0,0,0,0,0,0,0,0,0,0,0,0,0,0,0,0,0,0,0,0,0,0,0,0,0,0,2
0,0,0,0,0,0,0,0,0,0,0,0,0,0,0,0,0,0,0,0,0,0,0,0,0,0,0,0,0,0,0,0,0,0,0,0,0,0,0,0,0,0,0,0,0,0,0,0,0,0,0,0,0,0,0,0,0,0,0,0,0,0,0,0,0,0,24,164,249,254,255,254,219,135,20,0,0,0,0,0,0,0,0,0,0,41,220,253,243,236,211,243,253,253,217,87,0,0,0,0,0,0,0,0,18,209,253,162,25,0,0,26,133,247,253,161,4,0,0,0,0,0,0,0,116,253,198,6,0,0,0,0,30,240,253,236,28,0,0,0,0,0,0,6,212,253,101,0,0,0,0,3,156,253,253,56,0,0,0,0,0,0,0,33,253,253,32,0,0,0,18,142,253,253,202,7,0,0,0,0,0,0,0,33,253,226,15,0,0,83,180,253,253,253,130,0,0,0,0,0,0,0,0,33,253,248,113,66,166,252,254,253,253,244,44,0,0,0,0,0,0,0,0,3,133,253,253,253,253,253,227,208,253,170,0,0,0,0,0,0,0,0,0,0,15,131,171,171,147,90,5,125,253,138,0,0,0,0,0,0,0,0,0,0,0,0,0,0,0,0,9,230,254,84,0,0,0,0,0,0,0,0,0,0,0,0,0,0,0,0,91,253,243,35,0,0,0,0,0,0,0,0,0,0,0,0,0,0,0,0,91,253,228,0,0,0,0,0,0,0,0,0,0,0,0,0,0,0,0,0,91,253,165,0,0,0,0,0,0,0,0,0,0,0,0,0,0,0,0,0,156,253,146,0,0,0,0,0,0,0,0,0,0,0,0,0,0,0,0,16,241,253,78,0,0,0,0,0,0,0,0,0,0,0,0,0,0,0,0,82,254,239,9,0,0,0,0,0,0,0,9
0,0,0,0,0,0,0,0,0,0,0,0,0,0,0,0,0,0,0,0,0,0,0,0,0,0,0,0,0,29,198,198,29,0,0,0,0,0,0,0,0,0,0,0,0,0,0,0,0,114,255,255,198,0,0,0,0,0,0,0,0,0,0,0,0,0,0,0,29,255,255,255,255,0,0,0,0,0,0,0,0,0,0,0,0,0,0,0,86,255,255,255,226,29,0,0,0,0,0,0,0,0,0,0,0,0,0,0,57,170,255,255,255,86,0,0,0,0,0,0,0,0,0,0,0,0,0,0,0,0,170,255,255,29,0,0,0,0,0,0,0,0,0,0,0,0,0,0,0,0,170,255,170,0,0,0,0,0,0,0,0,0,0,0,0,0,0,0,0,0,170,255,170,0,0,0,0,0,0,0,0,0,0,0,0,0,0,0,0,0,170,255,170,0,0,0,0,0,0,0,0,0,0,0,0,0,0,0,0,0,255,255,170,0,0,0,0,0,0,0,0,0,0,0,0,0,0,0,0,29,255,255,170,0,0,0,0,0,0,0,0,0,0,0,0,0,0,0,0,86,255,255,170,0,0,0,0,0,0,0,0,0,0,0,0,0,0,0,0,86,255,255,170,0,0,0,0,0,0,0,0,0,0,0,0,0,0,0,0,86,255,255,170,0,0,0,0,0,0,0,0,0,0,0,0,0,0,0,0,86,255,255,141,0,0,0,0,0,0,0,0,0,0,0,0,0,0,0,0,170,255,255,86,0,0,0,0,0,0,0,0,0,0,0,0,0,0,0,0,255,255,255,29,0,0,0,0,0,0,0,0,0,0,0,0,0,0,0,86,255,255,170,0,0,0,0,0,0,0,0,0,0,0,0,0,0,0,0,141,255,255,29,0,0,0,0,0,0,0,0,1
0,0,0,0,0,0,0,0,0,0,0,0,0,0,0,0,0,0,0,0,0,0,0,0,0,0,0,0,0,0,0,0,0,0,0,0,0,0,0,0,0,0,0,0,0,0,0,0,0,0,0,0,0,0,0,0,0,0,0,0,0,0,0,39,121,220,255,254,254,254,185,254,254,141,89,0,0,0,0,0,0,0,146,245,253,253,253,253,253,253,254,253,253,253,250,213,34,0,0,0,0,40,237,253,253,253,253,253,253,253,254,253,253,253,253,253,80,0,0,0,0,149,253,253,253,253,253,253,253,253,254,253,253,253,253,253,205,30,0,0,0,241,253,253,253,203,165,53,53,124,53,53,53,222,253,253,253,199,0,0,0,241,253,253,253,106,54,20,29,0,0,23,54,222,253,253,253,226,0,0,0,149,253,253,253,253,253,203,216,174,175,207,253,253,253,253,253,245,73,0,0,40,223,253,253,253,253,253,253,253,254,253,253,253,253,253,253,236,39,0,0,0,40,223,253,253,253,253,253,253,254,253,253,253,253,253,253,219,0,0,0,0,0,38,154,253,253,253,253,253,254,253,253,253,253,253,232,44,0,0,0,0,0,0,0,0,93,134,134,134,134,185,254,254,254,254,150,0,0,0,0,0,0,0,0,0,0,0,0,0,0,6,229,253,253,253,80,0,0,0,0,0,0,0,0,0,0,0,0,0,0,0,228,253,253,233,50,0,0,0,0,0,0,0,0,0,0,0,0,0,0,0,228,253,253,199,0,0,0,0,0,0,0,0,0,0,0,0,0,0,0,0,228,253,253,199,0,0,0,0,0,0,0,0,0,0,0,0,0,0,0,0,128,253,253,211,17,0,0,0,0,0,0,0,0,0,0,0,0,0,0,0,94,253,253,253,80,0,0,0,9
0,0,0,0,0,0,0,0,0,0,0,0,0,0,0,0,0,0,0,0,0,0,0,0,0,0,0,0,82,254,253,163,0,0,0,0,0,0,0,0,0,0,0,0,0,0,0,21,223,253,252,243,162,0,0,0,0,0,0,0,0,0,0,0,0,0,0,51,253,183,0,193,253,102,0,0,0,0,0,0,0,0,0,0,0,0,0,132,252,102,0,71,252,102,0,0,0,0,0,0,0,0,0,0,0,0,0,132,253,123,0,21,223,123,0,0,0,0,0,0,0,0,0,0,0,0,0,51,252,203,0,0,203,243,122,0,0,0,0,0,0,0,0,0,0,0,0,21,223,203,0,11,213,254,233,41,0,0,0,0,0,0,0,0,0,0,0,0,122,243,122,213,252,233,91,0,0,0,0,0,0,0,0,0,0,0,0,0,82,254,253,254,253,142,0,0,0,0,0,0,0,0,0,0,0,0,0,0,0,253,252,253,171,20,0,0,0,0,0,0,0,0,0,0,0,0,0,0,123,254,253,62,0,0,0,0,0,0,0,0,0,0,0,0,0,0,0,123,243,233,232,183,0,0,0,0,0,0,0,0,0,0,0,0,0,0,0,214,253,41,183,254,50,0,0,0,0,0,0,0,0,0,0,0,0,0,82,253,171,0,102,253,50,0,0,0,0,0,0,0,0,0,0,0,0,0,163,254,50,0,0,254,50,0,0,0,0,0,0,0,0,0,0,0,0,0,162,253,91,0,41,253,50,0,0,0,0,0,0,0,0,0,0,0,0,0,41,255,172,21,0,255,50,0,0,0,0,0,0,0,0,0,0,0,0,0,0,172,252,203,61,253,50,0,0,0,0,0,0,0,0,0,0,0,0,0,0,82,223,255,253,255,50,0,0,0,0,0,0,0,8
0,0,0,0,0,0,0,0,117,255,254,254,255,254,255,123,11,0,0,0,0,0,0,0,0,0,21,144,234,191,180,103,103,103,205,254,111,0,0,0,0,0,0,0,0,0,85,254,147,0,0,0,0,0,7,217,249,61,0,0,0,0,0,0,0,0,44,239,182,0,0,0,0,0,0,42,236,217,9,0,0,0,0,0,0,0,0,34,41,0,0,0,0,0,0,0,211,254,62,0,0,0,0,0,0,0,0,0,0,0,0,0,0,0,0,0,96,254,128,0,0,0,0,0,0,0,0,0,0,0,0,0,0,0,0,0,41,254,151,0,0,0,0,0,0,0,0,0,0,0,0,0,0,0,0,0,41,254,151,0,0,0,0,0,0,0,0,0,0,0,0,0,0,0,0,0,41,254,151,0,0,0,0,0,4,45,45,17,0,0,0,0,0,0,0,0,120,254,73,0,0,0,0,60,195,254,254,201,101,4,0,0,0,0,0,0,172,254,62,0,0,0,28,211,246,135,58,175,254,137,0,0,0,0,0,4,221,233,14,0,0,0,171,253,109,0,0,20,207,241,98,0,0,0,0,120,254,129,0,0,0,42,245,130,0,0,0,0,20,205,232,47,0,0,22,239,241,34,0,0,0,149,206,2,0,0,0,0,0,36,242,238,43,0,208,254,104,0,0,0,0,152,232,23,0,0,0,0,0,0,72,223,246,232,253,223,16,0,0,0,0,137,254,86,0,0,0,0,0,0,0,45,254,254,191,67,0,0,0,0,0,12,192,217,109,27,18,0,7,43,128,226,253,198,5,0,0,0,0,0,0,0,34,181,251,254,233,192,206,254,254,237,118,0,0,0,0,0,0,0,0,0,0,0,60,110,164,189,170,148,76,17,0,0,0,0,0,0,0,0,2
0,0,0,0,0,0,0,0,0,0,0,0,0,176,253,74,0,0,0,0,0,0,0,0,0,0,0,0,0,0,0,0,106,253,249,50,0,0,0,0,0,0,0,0,0,0,0,0,0,0,0,39,220,239,69,0,0,0,0,0,0,0,0,0,0,0,0,0,0,0,104,237,219,54,0,0,0,0,0,0,0,0,0,0,0,0,0,0,0,59,254,250,147,0,0,0,0,0,0,0,0,0,0,0,0,0,0,0,48,241,254,168,0,0,0,0,0,0,0,0,0,0,0,0,0,0,0,67,208,253,196,20,0,0,0,0,0,0,0,0,0,0,0,0,0,0,107,241,253,205,15,0,0,0,0,0,0,0,0,0,0,0,0,0,0,27,236,254,196,15,0,0,0,0,0,0,31,13,0,0,0,0,0,0,39,237,253,145,20,0,0,0,0,74,177,177,247,176,0,0,0,0,0,0,147,253,110,17,0,0,0,0,174,252,253,253,253,209,0,0,0,0,0,128,245,154,1,0,0,0,148,243,252,253,253,253,252,142,0,0,0,0,0,205,198,0,0,0,51,166,255,253,253,253,253,181,170,0,0,0,0,0,35,200,81,0,0,74,216,253,254,253,253,253,253,113,38,0,0,0,0,0,201,126,0,0,69,245,253,253,254,253,253,233,60,5,0,0,0,0,0,0,210,245,155,155,245,253,253,253,210,199,99,4,0,0,0,0,0,0,0,0,210,253,253,253,253,253,253,253,0,29,0,0,0,0,0,0,0,0,0,0,119,201,253,253,253,253,90,33,0,0,0,0,0,0,0,0,0,0,0,0,0,0,0,0,0,0,0,0,0,0,0,0,0,0,0,0,0,0,0,0,0,0,0,0,0,0,0,0,0,0,0,0,0,0,0,0,0,0,6
0,0,0,0,0,0,0,0,0,0,0,0,0,0,0,0,0,0,0,0,0,0,0,0,0,0,0,0,5,65,132,6,0,0,0,0,0,0,0,0,0,0,0,0,0,0,0,9,169,252,252,197,76,21,0,0,0,0,0,0,0,0,0,0,0,0,0,102,252,252,252,253,252,238,157,157,157,100,111,37,0,0,0,0,0,0,0,205,252,252,148,84,152,204,236,252,252,252,252,252,0,0,0,0,0,0,18,216,252,252,11,0,0,0,48,129,163,192,145,72,0,0,0,0,0,0,73,252,252,169,3,0,0,0,0,0,0,0,0,0,0,0,0,0,0,0,73,252,252,123,85,41,0,0,0,0,0,0,0,0,0,0,0,0,0,0,119,252,252,252,252,235,138,0,0,0,0,0,0,0,0,0,0,0,0,0,84,252,252,252,252,253,238,42,0,0,0,0,0,0,0,0,0,0,0,0,4,110,86,11,184,253,252,96,0,0,0,0,0,0,0,0,0,0,0,0,0,0,0,0,0,255,253,217,0,0,0,0,0,0,0,0,0,0,0,0,0,0,0,0,0,184,252,237,48,0,0,0,0,0,0,37,33,0,0,0,0,0,0,0,0,132,252,252,84,0,0,0,0,0,0,253,244,144,0,0,0,0,0,0,0,132,252,252,84,0,0,0,0,0,0,167,252,242,89,0,0,0,0,0,58,219,252,243,64,0,0,0,0,0,0,32,135,252,241,90,0,0,28,125,250,253,245,97,0,0,0,0,0,0,0,0,17,220,252,241,170,85,206,252,252,209,95,0,0,0,0,0,0,0,0,0,0,40,220,252,252,252,252,252,103,17,0,0,0,0,0,0,0,0,0,0,0,0,16,110,227,252,210,34,1,0,0,0,0,0,0,0,0,0,5
0,0,0,0,0,0,0,0,0,0,0,0,0,0,0,0,0,0,0,0,0,0,0,0,0,0,0,109,145,2,0,0,0,0,0,0,0,0,0,0,0,0,0,0,0,0,0,162,254,80,0,0,0,0,0,0,0,0,0,0,0,0,0,0,0,0,0,44,254,230,39,0,0,0,0,0,0,0,0,0,0,0,0,0,0,0,0,44,254,254,141,0,0,0,0,0,0,0,0,0,0,0,0,0,0,0,0,17,190,254,192,0,0,0,0,0,0,0,0,0,0,0,0,0,0,0,0,0,43,244,232,40,0,0,0,0,0,0,0,0,0,0,0,0,0,0,0,0,0,181,254,83,0,0,0,0,0,0,0,0,0,0,0,0,0,0,0,0,0,181,254,199,11,0,0,0,0,0,0,0,0,0,0,0,0,0,0,0,0,181,254,254,55,0,0,0,0,0,0,0,0,0,0,0,0,0,0,0,0,90,254,254,55,0,0,0,0,0,0,0,0,0,0,0,0,0,0,0,0,42,236,254,55,0,0,0,0,0,0,0,0,0,0,0,0,0,0,0,0,0,187,254,55,0,0,0,0,0,0,0,0,0,0,0,0,0,0,0,0,0,147,254,119,16,0,0,0,0,0,0,0,0,0,0,0,0,0,0,0,0,42,233,254,49,0,0,0,0,0,0,0,0,0,0,0,0,0,0,0,0,0,193,254,155,0,0,0,0,0,0,0,0,0,0,0,0,0,0,0,0,0,193,254,173,0,0,0,0,0,0,0,0,0,0,0,0,0,0,0,0,0,193,255,173,0,0,0,0,0,0,0,0,0,0,0,0,0,0,0,0,0,78,254,173,0,0,0,0,0,0,0,0,0,0,0,0,0,0,0,0,0,4,202,251,99,0,0,0,0,0,1
0,0,0,0,0,0,0,0,0,0,0,0,0,0,0,0,0,0,0,0,0,0,0,0,0,0,0,0,0,0,0,0,0,0,0,0,0,0,0,0,0,0,0,0,0,37,141,186,216,254,217,171,127,27,0,0,0,0,0,0,0,0,0,0,0,156,253,253,250,233,234,242,253,217,35,0,0,0,0,0,0,0,0,0,0,109,174,107,66,0,0,50,253,253,155,0,0,0,0,0,0,0,0,0,0,0,0,0,0,0,0,162,253,253,140,0,0,0,0,0,0,0,0,0,0,0,0,0,0,0,121,244,253,185,14,0,0,0,0,0,0,0,0,0,0,0,0,0,0,83,255,254,213,53,0,0,0,0,0,0,0,0,0,0,0,0,0,7,88,244,254,228,42,0,0,0,0,0,0,0,0,0,0,0,0,0,0,109,253,253,183,12,0,0,0,0,0,0,0,0,0,0,0,0,0,0,71,247,253,253,8,0,0,0,0,0,0,0,0,0,0,0,0,0,0,0,118,253,253,253,99,53,0,0,0,0,0,0,0,0,0,0,0,0,0,0,8,128,204,254,255,254,254,79,0,0,0,0,0,0,0,0,0,0,0,0,0,0,6,39,61,144,253,232,95,0,0,0,0,0,0,0,0,0,0,0,0,0,0,0,0,88,253,253,126,0,0,0,0,0,0,0,0,0,0,0,0,0,0,0,47,228,253,201,5,0,0,0,0,0,0,0,0,0,0,0,0,0,0,0,231,253,222,34,0,0,0,0,0,0,0,0,0,0,0,0,0,0,25,194,255,249,60,0,0,0,0,0,0,0,0,0,0,0,0,0,0,37,175,253,254,106,0,0,0,0,0,0,0,0,0,0,0,0,0,0,37,169,253,253,78,12,0,0,0,0,0,0,0,0,3
0,0,0,0,0,0,0,0,0,0,0,0,0,0,0,0,0,0,0,0,0,0,0,0,0,0,0,0,0,0,0,0,31,183,191,0,0,0,0,0,0,0,0,0,0,0,0,0,0,0,0,0,33,254,186,0,0,0,0,0,0,0,0,0,0,0,0,0,0,0,0,0,16,254,129,0,0,0,0,0,0,0,0,0,0,0,0,0,0,0,0,0,63,254,129,0,0,0,0,0,0,0,0,0,0,51,175,69,0,0,0,0,116,254,129,0,0,0,0,0,0,0,0,0,39,233,254,151,0,0,0,0,116,254,79,0,0,0,0,0,0,0,0,0,76,254,192,4,0,0,0,0,116,254,30,0,0,0,0,0,0,0,0,0,76,254,169,0,0,0,0,0,210,254,30,0,0,0,0,0,0,0,0,0,76,254,169,0,0,0,0,0,215,254,30,0,0,0,0,0,0,0,0,0,76,254,220,9,0,0,41,98,254,254,30,0,0,0,0,0,0,0,0,0,15,233,254,129,205,205,243,253,254,198,6,0,0,0,0,0,0,0,0,0,0,107,254,254,254,136,56,160,254,184,0,0,0,0,0,0,0,0,0,0,0,5,73,45,40,1,0,160,254,95,0,0,0,0,0,0,0,0,0,0,0,0,0,0,0,0,4,223,239,0,0,0,0,0,0,0,0,0,0,0,0,0,0,0,0,0,15,254,239,0,0,0,0,0,0,0,0,0,0,0,0,0,0,0,0,0,106,254,239,0,0,0,0,0,0,0,0,0,0,0,0,0,0,0,0,0,106,254,239,0,0,0,0,0,0,0,0,0,0,0,0,0,0,0,0,0,106,254,239,0,0,0,0,0,0,0,0,0,0,0,0,0,0,0,0,0,184,254,222,0,0,0,0,0,0,0,4
0,0,0,0,0,0,0,0,0,0,0,0,0,0,0,0,0,0,0,0,0,0,0,0,0,0,0,0,0,0,0,0,0,29,166,253,253,126,0,0,0,0,0,0,0,0,0,0,0,120,169,131,107,216,252,252,252,244,131,0,0,0,0,0,0,0,0,0,38,253,252,252,252,253,252,186,155,253,240,81,0,0,0,0,0,0,0,0,163,253,252,252,252,190,115,6,13,153,252,168,0,0,0,0,0,0,0,60,241,255,253,244,75,0,0,0,0,79,253,253,0,0,0,0,0,0,38,234,252,253,214,56,0,0,0,0,0,16,215,252,0,0,0,0,0,10,172,252,252,206,81,0,0,0,0,0,0,29,252,252,0,0,0,0,0,128,252,252,202,63,0,0,0,0,0,0,0,128,252,252,0,0,0,0,63,254,253,244,25,0,0,0,0,0,0,0,13,204,253,106,0,0,0,0,188,253,252,142,0,0,0,0,0,0,0,0,188,253,214,19,0,0,0,0,225,253,233,37,0,0,0,0,0,0,19,123,246,194,43,0,0,0,0,76,249,253,96,0,0,0,0,0,0,0,107,252,252,63,0,0,0,0,7,204,253,226,38,0,0,0,0,0,13,154,253,253,78,0,0,0,0,0,57,252,252,113,0,0,0,0,0,19,194,253,240,109,9,0,0,0,0,0,95,252,252,76,0,0,0,0,82,215,252,206,81,0,0,0,0,0,0,13,206,252,202,0,0,0,0,176,243,252,202,63,0,0,0,0,0,0,0,29,253,253,78,0,19,66,241,254,247,187,13,0,0,0,0,0,0,0,0,29,252,252,78,120,225,252,252,247,103,0,0,0,0,0,0,0,0,0,0,19,224,252,252,253,252,252,177,50,0,0,0,0,0,0,0,0,0,0,0
0,0,0,0,0,0,0,0,0,0,0,0,42,119,163,228,149,0,0,0,0,0,0,0,0,0,0,0,0,4,120,204,245,253,253,233,110,0,0,0,0,0,0,0,0,0,0,0,6,181,253,254,219,138,127,81,0,0,0,0,0,0,0,0,0,0,0,0,82,253,246,87,4,0,0,0,0,0,0,0,0,0,0,0,7,124,0,0,217,253,162,0,0,0,0,0,0,0,0,0,0,0,0,0,0,0,0,0,128,254,254,0,0,0,0,0,27,0,0,0,0,0,0,0,0,0,0,0,43,253,253,85,0,0,30,177,175,0,0,0,0,0,0,0,0,0,0,0,6,207,253,146,3,64,213,253,181,0,0,0,0,0,0,0,0,0,0,0,0,154,253,254,170,226,251,202,39,0,0,0,0,0,0,0,0,0,0,0,0,19,253,254,253,253,137,0,0,0,0,0,0,0,0,0,0,0,0,0,0,38,228,255,238,58,0,0,0,0,0,0,0,0,0,0,0,0,0,0,93,224,253,254,210,8,0,0,0,0,0,0,0,0,0,0,0,0,0,170,248,250,216,254,253,49,0,0,0,0,0,0,0,0,0,0,0,0,64,249,231,69,0,254,253,127,0,0,0,0,0,0,0,0,0,0,0,0,228,253,62,0,0,254,253,127,0,0,0,0,0,0,0,0,0,0,0,27,255,199,0,0,0,255,254,127,0,0,0,0,0,0,0,0,0,0,0,91,254,229,21,0,20,254,253,42,0,0,0,0,0,0,0,0,0,0,0,46,254,253,177,128,204,254,160,5,0,0,0,0,0,0,0,0,0,0,0,0,176,253,253,253,253,248,68,0,0,0,0,0,0,0,0,0,0,0,0,0,21,156,207,246,129,52,0,0,0,0,0,0,0,0,8
0,0,0,0,0,0,0,0,0,0,0,0,0,0,0,0,0,0,0,0,0,0,0,0,0,0,0,0,0,0,0,0,0,0,0,0,0,0,0,0,0,0,0,0,0,76,113,0,0,0,0,0,0,101,113,113,113,176,174,253,0,0,0,0,176,243,252,226,100,85,101,225,226,249,252,252,252,253,252,252,0,0,0,19,209,252,252,253,252,252,252,252,253,252,252,252,252,253,201,118,0,0,0,101,252,252,252,253,252,252,252,252,253,252,245,223,145,84,9,0,0,0,0,225,252,252,252,253,252,252,252,252,253,127,87,0,0,0,0,0,0,0,0,226,253,253,253,192,253,253,240,63,0,0,0,0,0,0,0,0,0,0,101,249,252,252,252,97,161,136,24,0,0,0,0,0,0,0,0,0,0,0,113,252,252,252,252,253,203,197,103,25,0,0,0,0,0,0,0,0,0,0,101,249,252,252,252,253,252,252,252,205,169,44,7,0,0,0,0,0,0,0,0,225,252,252,252,253,252,252,252,252,253,252,133,0,0,0,0,0,0,0,0,0,111,140,140,141,178,253,253,253,255,253,253,146,0,0,0,0,0,0,0,0,0,0,0,0,9,59,167,214,253,252,252,249,100,0,0,0,0,0,0,0,0,0,0,0,0,0,0,31,119,246,252,252,112,0,0,0,0,0,0,0,7,29,13,0,0,0,0,0,0,130,252,252,128,0,0,0,0,0,0,0,57,252,189,0,0,0,0,0,0,163,252,252,252,0,0,0,0,0,0,0,57,253,253,63,0,0,0,63,176,253,253,253,253,0,0,0,0,0,0,0,38,224,252,241,225,225,225,240,253,252,252,252,127,0,0,0,0,0,0,0,0,53,227,253,252,252,252,252,253,252,252,245,87,0,0,0,5
0,0,0,0,0,0,0,0,0,0,0,0,0,0,0,0,0,0,0,0,0,0,0,0,0,0,0,0,0,0,0,0,0,0,0,0,0,0,0,0,0,0,0,0,0,0,0,0,0,0,0,0,0,0,0,0,0,0,0,0,0,0,0,0,0,0,13,212,253,253,201,139,65,17,19,76,64,0,0,0,0,0,0,0,0,0,45,252,252,252,252,253,252,227,236,252,203,59,0,0,0,0,0,0,0,0,170,252,252,252,252,253,252,252,252,252,247,67,0,0,0,0,0,0,0,95,253,252,252,252,210,253,252,252,252,252,135,0,0,0,0,0,0,0,0,168,253,252,252,116,12,23,169,252,252,252,63,0,0,0,0,0,0,0,62,243,255,253,152,21,0,0,162,253,253,128,0,0,0,0,0,0,0,0,207,252,253,202,25,0,0,36,219,252,252,22,0,0,0,0,0,0,0,0,99,183,173,25,0,0,0,222,252,252,153,6,0,0,0,0,0,0,0,0,0,0,0,0,0,0,43,253,252,195,9,0,0,0,0,0,0,0,0,0,0,0,0,0,0,0,168,253,252,130,0,0,0,0,0,0,0,0,0,0,0,0,0,0,0,51,243,255,218,32,0,0,0,0,0,0,0,0,0,0,0,0,0,0,0,166,252,253,92,0,0,0,0,0,0,0,0,0,0,0,0,0,0,0,83,240,252,236,25,0,0,0,0,0,0,0,0,0,0,0,0,0,0,0,184,252,252,94,0,0,0,0,0,0,0,0,0,0,0,0,0,0,0,43,246,252,252,0,0,0,0,0,0,0,0,0,0,0,0,0,0,0,24,253,253,253,128,0,0,0,0,0,0,0,0,0,0,0,0,0,0,0,97,252,252,193,8,0,0,0,0,0,0,0,0,0,7
0,0,0,0,0,0,0,0,0,0,9,208,254,254,65,0,0,0,0,0,0,0,0,0,0,0,0,0,0,0,164,254,254,122,4,0,0,0,0,0,0,0,0,0,0,0,0,0,0,26,239,254,186,26,0,0,0,0,0,0,0,0,0,0,0,0,0,0,0,154,254,248,51,0,0,0,0,0,0,0,0,0,0,0,0,0,0,0,0,254,245,54,0,0,0,0,0,0,0,0,0,0,0,0,0,0,0,0,85,254,124,0,0,0,0,0,0,0,0,0,0,0,0,0,0,0,0,17,235,254,23,0,0,0,0,0,0,0,0,0,0,0,0,0,0,0,0,83,254,160,0,0,0,0,0,0,0,0,0,0,0,0,0,0,0,0,0,166,254,42,0,0,0,0,0,0,0,0,0,0,0,0,0,0,0,0,39,245,211,0,0,0,0,0,0,0,0,0,0,0,0,0,0,0,0,0,81,254,128,0,0,0,0,0,0,0,0,0,0,0,0,0,0,0,0,0,198,240,26,0,0,0,0,0,0,0,0,0,0,0,0,0,0,0,0,64,252,213,0,0,0,81,139,139,206,76,0,0,0,0,0,0,0,0,0,70,254,138,0,7,158,245,254,254,254,180,0,0,0,0,0,0,0,0,0,70,254,138,0,204,203,86,69,69,237,230,0,0,0,0,0,0,0,0,0,26,240,246,196,236,17,0,0,45,238,114,0,0,0,0,0,0,0,0,0,0,130,254,254,151,9,55,172,246,211,21,0,0,0,0,0,0,0,0,0,0,26,224,254,242,216,254,237,80,21,0,0,0,0,0,0,0,0,0,0,0,0,40,229,255,203,86,19,0,0,0,0,0,0,0,0,0,0,0,0,0,0,0,0,0,0,0,0,0,0,0,0,0,0,0,6
0,0,0,0,0,0,0,0,0,0,230,253,206,0,0,0,0,0,0,0,0,0,0,0,0,0,0,0,0,100,246,247,98,0,0,0,0,0,0,0,0,0,0,0,0,0,0,0,57,244,252,135,0,0,0,0,0,0,0,0,0,0,0,0,0,0,0,0,122,252,252,63,0,0,0,0,0,0,0,0,0,0,0,0,0,0,0,36,222,253,180,0,0,0,0,0,0,0,0,0,0,0,0,0,0,0,0,161,252,252,22,0,0,0,0,0,0,0,0,0,0,0,0,0,0,0,7,186,252,185,6,0,0,0,0,0,0,0,0,0,0,0,0,0,0,0,24,252,252,66,0,0,0,0,0,0,0,0,0,0,0,0,0,0,0,0,128,252,189,4,0,0,0,0,0,0,0,0,0,0,0,0,0,0,0,0,255,253,173,0,0,0,15,24,24,3,0,0,0,0,0,0,0,0,0,0,253,244,56,17,151,110,219,252,252,96,0,0,0,0,0,0,0,0,0,0,253,219,101,209,252,184,162,152,240,137,0,0,0,0,0,0,0,0,0,95,253,252,252,218,108,0,0,0,207,189,0,0,0,0,0,0,0,0,0,116,253,252,221,35,0,0,0,32,228,137,0,0,0,0,0,0,0,0,0,116,255,228,32,0,0,0,5,138,253,137,0,0,0,0,0,0,0,0,0,116,253,236,65,0,0,0,68,252,252,117,0,0,0,0,0,0,0,0,0,116,253,252,202,70,70,132,228,252,153,6,0,0,0,0,0,0,0,0,0,21,161,219,252,252,252,253,252,185,29,0,0,0,0,0,0,0,0,0,0,0,0,15,54,179,252,190,117,6,0,0,0,0,0,0,0,0,0,0,0,0,0,0,0,0,0,0,0,0,0,0,0,0,0,0,6
0,0,0,0,0,0,0,0,0,0,0,0,0,0,0,0,0,0,0,0,0,0,0,0,79,216,253,153,141,141,141,141,141,141,141,141,76,0,0,0,0,0,0,0,141,252,252,252,253,252,252,252,253,252,252,252,244,56,0,0,0,0,0,0,94,224,252,252,253,252,252,252,253,233,196,252,253,171,0,0,0,0,0,0,0,19,28,28,91,65,28,28,28,22,10,228,253,196,0,0,0,0,0,0,0,0,0,0,0,0,0,0,0,0,0,226,255,197,0,0,0,0,0,0,0,0,0,0,0,0,0,0,0,13,95,243,253,196,0,0,0,0,0,0,0,0,0,0,0,0,0,0,0,95,252,252,253,158,0,0,0,0,0,0,0,0,0,0,0,0,0,0,126,243,252,252,228,9,0,0,0,0,0,0,0,0,0,0,0,7,117,191,254,253,253,228,51,0,0,0,0,0,0,0,0,0,0,0,120,187,252,252,253,252,208,22,0,0,0,0,0,0,0,0,0,0,0,126,253,252,252,252,244,93,13,0,0,0,0,0,0,0,0,0,0,26,150,249,253,252,252,151,25,0,0,0,0,0,0,0,0,0,0,0,41,166,253,253,254,228,44,0,0,0,0,0,0,0,0,0,0,0,19,157,253,252,252,252,253,139,56,0,0,0,0,0,0,0,0,0,0,0,172,252,253,252,252,252,253,140,19,0,0,0,0,0,0,0,0,0,0,51,246,252,253,252,252,252,253,252,231,225,101,0,0,0,0,0,0,0,0,57,253,253,254,253,253,253,254,253,253,253,254,228,44,13,0,0,0,0,0,19,171,246,253,214,196,145,197,196,196,246,253,252,224,206,0,0,0,0,0,0,0,50,56,19,0,0,0,0,0,50,119,224,252,252,0,0,0,0,2
0,0,0,0,17,118,138,139,159,253,201,253,191,138,138,44,3,0,0,0,0,0,0,104,228,252,252,253,252,252,252,252,253,252,252,252,169,22,0,0,0,0,11,203,233,183,183,184,183,183,183,183,222,252,252,252,252,199,0,0,0,0,0,103,64,0,0,0,0,0,0,0,25,45,77,236,252,230,0,0,0,0,0,0,0,0,0,0,0,0,0,0,0,0,32,228,252,230,0,0,0,0,0,0,0,0,0,0,0,0,0,0,0,26,222,253,253,221,0,0,0,0,0,0,0,0,0,0,0,0,0,0,5,136,252,252,231,42,0,0,0,0,0,0,0,0,0,0,0,0,0,0,138,252,252,227,100,0,0,0,0,0,0,0,0,0,0,0,0,0,0,189,253,252,252,66,0,0,0,0,0,0,0,0,0,0,0,0,0,32,157,250,253,231,106,4,0,0,0,0,0,0,0,0,0,0,0,3,97,222,253,253,231,95,0,0,0,0,0,0,0,0,0,0,0,0,22,170,252,252,252,157,42,0,0,0,0,0,0,0,0,0,0,0,0,26,205,253,252,233,141,6,0,0,0,0,0,0,0,0,0,0,0,0,26,203,252,253,235,64,0,0,0,0,0,0,0,0,0,0,0,0,0,22,205,252,252,243,60,0,0,0,0,0,0,0,0,64,136,230,0,0,24,253,253,253,180,0,0,0,0,0,3,24,24,24,181,255,253,205,0,0,45,252,252,193,8,0,0,0,17,99,170,252,252,252,252,228,185,25,0,0,107,252,252,227,184,185,184,184,209,252,253,252,252,227,130,32,0,0,0,0,15,219,252,252,252,253,252,252,252,252,203,139,45,29,0,0,0,0,0,0,0,36,137,232,252,253,252,168,137,85,11,0,0,0,0,0,0,0,2
0,0,0,0,0,0,0,0,0,0,0,0,0,0,0,0,0,0,0,0,0,0,0,0,0,0,0,0,0,0,0,0,0,0,0,0,0,0,0,0,0,0,0,0,0,0,0,0,0,0,0,0,0,0,0,0,0,0,0,0,0,0,0,0,53,125,253,98,73,73,73,73,73,73,73,73,73,10,0,0,0,0,21,144,221,253,251,251,251,251,253,251,251,251,251,253,251,35,0,0,0,0,166,251,251,253,251,246,215,215,227,251,251,251,251,253,251,35,0,0,0,0,21,142,220,143,142,123,0,0,42,142,158,251,251,253,188,20,0,0,0,0,0,0,51,0,0,0,0,0,0,0,37,251,251,253,107,0,0,0,0,0,0,0,0,0,0,0,0,0,0,42,228,253,253,234,77,0,0,0,0,0,0,0,0,0,0,0,0,0,0,144,251,251,251,180,0,0,0,0,0,0,0,0,0,0,0,0,0,0,11,160,251,251,251,25,0,0,0,0,0,0,0,0,0,0,0,0,0,0,73,251,251,251,173,0,0,0,0,0,0,0,0,0,0,0,0,0,0,0,202,251,251,173,20,0,0,0,0,0,0,0,0,0,0,0,0,0,0,182,255,253,242,103,0,0,0,0,0,0,0,0,0,0,0,0,0,0,0,180,253,251,215,0,0,0,0,0,0,0,0,0,0,0,0,0,0,0,94,241,253,251,60,0,0,0,0,0,0,0,0,0,0,0,0,0,0,16,170,251,253,188,20,0,0,0,0,0,0,0,0,0,0,0,0,0,0,37,251,251,253,107,0,0,0,0,0,0,0,0,0,0,0,0,0,0,0,218,253,253,255,108,0,0,0,0,0,0,0,0,0,0,0,0,0,0,0,217,251,251,253,107,0,0,0,0,0,0,0,0,7
0,0,0,0,0,0,0,0,0,0,0,0,0,0,0,0,0,0,0,0,0,0,0,0,0,0,0,0,0,0,0,0,0,0,0,0,0,0,0,0,0,0,0,0,0,0,0,0,106,154,255,240,118,60,0,0,0,0,0,0,0,0,0,21,116,151,97,231,251,253,253,253,253,244,64,0,0,0,0,0,0,0,0,56,253,253,253,253,253,253,253,253,253,253,237,70,0,0,0,0,0,0,0,86,253,253,253,253,253,253,213,198,229,253,253,233,71,0,0,0,0,0,0,100,253,253,253,253,253,188,22,0,144,253,253,253,191,0,0,0,0,0,0,53,249,253,253,253,192,19,0,17,209,253,253,253,191,0,0,0,0,0,0,0,84,129,253,196,13,0,0,28,253,253,253,253,191,0,0,0,0,0,0,0,0,1,6,4,0,0,0,162,253,253,253,253,131,0,0,0,0,0,0,0,0,0,0,0,0,0,92,244,253,253,253,253,54,0,0,0,0,0,0,0,0,0,0,0,0,0,186,253,253,253,253,148,10,0,0,0,0,0,0,0,0,0,0,0,0,14,198,253,253,253,253,34,0,0,0,0,0,0,0,0,0,0,0,0,10,89,253,253,253,253,186,12,0,0,0,0,0,0,0,0,0,0,0,0,94,253,253,253,253,250,72,0,0,0,0,0,0,0,0,0,0,0,0,0,227,253,253,253,253,129,0,0,0,0,0,0,0,0,0,0,0,0,0,235,252,253,253,253,247,7,0,0,0,0,0,0,0,0,0,0,0,0,0,248,253,253,253,253,201,0,0,0,0,0,0,0,0,0,0,0,0,0,33,249,253,253,253,231,24,0,0,0,0,0,0,0,0,0,0,0,0,0,130,253,253,253,253,128,0,0,0,0,0,0,0,0,7
0,0,0,0,0,0,0,0,0,0,0,0,0,0,0,0,0,0,0,0,0,0,0,0,0,0,0,0,53,129,140,59,0,0,3,63,63,38,0,0,0,0,0,0,0,0,0,105,248,254,254,246,126,214,222,254,254,239,100,15,0,0,0,0,0,0,99,251,254,158,173,254,254,254,254,254,219,254,254,195,0,0,0,0,0,28,199,242,73,51,247,228,130,11,4,4,3,44,233,253,0,0,0,0,6,205,254,110,0,82,254,98,0,0,0,0,0,0,82,254,0,0,0,0,159,254,158,3,0,54,216,117,0,0,0,0,0,0,19,164,0,0,0,109,253,239,30,0,0,0,24,23,0,0,0,0,0,0,0,129,0,0,25,242,254,107,0,0,0,0,0,0,0,0,0,0,0,0,0,137,0,0,60,254,182,12,0,0,0,0,0,0,0,0,0,0,0,0,48,245,0,12,185,254,9,0,0,0,0,0,0,0,0,0,0,0,0,1,139,247,0,63,254,214,3,0,0,0,0,0,0,0,0,0,0,0,0,89,254,214,0,128,254,98,0,0,0,0,0,0,0,0,0,0,0,0,56,235,233,51,0,211,238,30,0,0,0,0,0,0,0,0,0,0,0,57,236,253,119,0,0,254,225,0,0,0,0,0,0,0,0,0,0,2,90,236,252,130,0,0,0,254,225,0,0,0,0,0,0,0,0,0,50,176,254,254,125,0,0,0,0,255,229,11,0,0,0,0,0,0,22,86,246,254,237,88,3,0,0,0,0,178,254,177,4,0,4,62,102,132,229,254,221,136,34,0,0,0,0,0,0,23,207,254,199,163,228,254,254,254,241,144,29,0,0,0,0,0,0,0,0,0,25,195,253,254,229,220,176,94,23,0,0,0,0,0,0,0,0,0,0
0,0,0,0,0,0,0,0,0,19,168,205,243,210,28,0,0,0,0,0,0,0,0,0,0,0,0,0,0,0,0,13,175,253,133,0,0,0,0,0,0,0,0,0,0,0,0,0,0,0,0,10,179,255,197,0,0,0,0,0,0,0,0,0,0,0,0,0,0,0,0,110,252,253,121,0,0,0,0,0,0,0,0,0,0,0,0,0,0,23,197,240,252,244,56,0,0,0,0,0,0,0,0,0,0,0,0,0,0,128,252,252,252,75,0,0,0,0,0,0,0,0,0,0,0,0,19,154,253,254,253,194,63,0,0,0,0,0,0,0,0,0,0,0,0,0,169,252,252,222,121,19,0,0,0,0,0,0,0,0,0,0,0,0,0,198,234,252,214,25,0,0,0,0,0,0,0,0,0,0,0,0,0,0,51,253,227,103,15,0,0,0,0,0,0,0,0,0,0,0,0,0,0,98,253,214,38,0,0,0,0,0,0,0,0,0,0,0,0,0,0,0,38,209,252,0,0,0,0,0,0,0,0,0,0,0,0,0,0,0,0,10,110,252,77,0,0,0,0,0,0,0,0,0,0,0,0,0,0,0,0,4,166,177,3,0,0,0,0,51,0,0,51,0,0,0,0,0,0,0,0,0,170,216,28,4,10,48,241,41,60,10,117,192,84,51,38,13,0,0,0,0,82,240,215,79,122,97,252,159,178,197,215,166,196,206,243,194,44,0,0,0,0,159,252,253,252,177,252,223,177,168,168,216,214,214,240,253,240,81,0,0,0,10,28,153,177,139,139,28,9,0,0,16,15,28,78,153,252,118,0,0,0,0,0,0,0,0,0,0,0,0,0,0,0,0,0,0,0,0,0,0,0,0,0,0,0,0,0,0,0,0,0,0,0,0,0,0,0,0,2
0,0,0,0,0,0,0,0,0,0,0,0,0,0,0,0,0,0,0,0,0,0,0,0,0,0,113,233,254,253,214,10,0,0,0,0,0,0,0,0,0,0,0,0,21,183,253,252,253,252,253,91,0,0,0,0,0,0,0,0,0,0,0,21,173,253,254,253,203,243,254,213,132,10,0,0,0,0,0,0,0,0,0,102,253,252,233,70,0,203,253,252,253,212,41,0,0,0,0,0,0,0,11,213,255,253,0,0,0,142,254,253,254,253,41,0,0,0,0,0,0,0,51,252,253,171,0,0,0,61,213,252,253,171,0,0,0,0,0,0,0,0,52,253,254,151,0,0,0,21,214,253,254,213,0,0,0,0,0,0,0,0,51,252,253,192,0,0,123,223,253,252,253,252,82,0,0,0,0,0,0,0,0,183,254,253,152,233,254,253,244,162,254,253,173,10,0,0,0,0,0,0,0,61,253,252,253,252,253,212,81,0,172,252,253,91,0,0,0,0,0,0,0,0,82,203,203,203,82,0,0,0,21,223,254,151,0,0,0,0,0,0,0,0,0,0,0,0,0,0,0,0,0,203,253,232,0,0,0,0,0,0,0,0,0,0,0,0,0,0,0,0,0,41,254,253,102,0,0,0,0,0,0,0,0,0,0,0,0,0,0,0,0,0,253,252,142,0,0,0,0,0,0,0,0,0,0,0,0,0,0,0,0,0,152,253,203,0,0,0,0,0,0,0,0,0,0,0,0,0,0,0,0,0,152,252,203,0,0,0,0,0,0,0,0,0,0,0,0,0,0,0,0,0,214,253,204,0,0,0,0,0,0,0,0,0,0,0,102,102,102,102,203,203,253,252,203,0,0,0,0,0,0,0,0,0,0,204,255,253,255,253,255,253,255,233,82,0,0,0,9
0,0,0,0,0,0,0,0,0,0,0,0,0,0,0,0,0,0,0,0,0,7,30,76,132,167,253,253,253,138,255,253,161,10,0,0,0,0,0,0,0,145,252,252,252,252,252,252,252,252,253,252,252,208,7,0,0,0,0,0,0,145,252,252,252,242,216,216,216,216,217,237,252,252,72,0,0,0,0,0,0,118,204,204,118,60,0,0,0,0,0,65,252,252,72,0,0,0,0,0,0,0,0,0,0,0,0,0,0,0,0,13,206,252,72,0,0,0,0,0,0,0,0,0,0,0,0,0,0,0,0,59,252,252,72,0,0,0,0,0,0,0,0,0,0,0,0,0,77,85,206,232,252,252,189,20,0,0,0,0,0,0,0,0,0,0,33,200,249,252,253,252,252,252,252,191,19,0,0,0,0,0,0,0,0,66,237,252,252,252,253,252,252,252,252,252,193,16,0,0,0,0,0,0,0,73,252,252,252,252,253,183,57,11,40,224,252,93,0,0,0,0,0,0,0,73,253,253,253,253,179,52,0,0,0,130,253,253,24,0,0,0,0,0,0,31,108,211,228,113,0,0,0,0,0,73,252,252,23,0,0,0,0,0,0,0,0,0,0,0,0,0,0,0,0,73,252,252,81,0,0,0,0,0,0,0,0,42,28,0,0,0,0,0,0,73,252,252,23,0,0,0,0,0,0,0,90,242,143,0,0,0,0,0,0,73,252,252,23,0,0,0,0,0,0,0,205,252,175,4,0,0,0,0,0,108,252,224,17,0,0,0,0,0,0,0,108,252,252,207,0,0,0,0,90,241,252,58,0,0,0,0,0,0,0,0,12,176,252,252,218,148,115,217,242,252,252,36,0,0,0,0,0,0,0,0,0,9,122,252,253,252,252,252,252,252,124,4,0,0,3
0,0,0,0,0,0,0,0,0,0,0,0,0,92,254,218,12,0,0,0,0,0,0,0,0,0,0,0,0,0,0,0,92,224,254,201,7,0,0,0,0,0,0,0,0,0,0,0,0,0,11,178,253,254,230,68,0,0,0,0,0,0,0,0,0,0,0,0,0,0,176,254,254,250,99,0,0,0,0,0,0,0,0,0,0,0,0,0,0,28,246,254,254,110,0,0,0,0,0,0,0,0,0,0,0,0,0,0,12,220,254,251,107,1,0,0,0,0,0,0,0,0,0,0,0,0,0,5,111,254,254,117,0,0,0,0,0,0,0,0,0,0,0,0,0,0,0,85,254,254,190,15,0,0,0,0,0,0,0,0,0,0,0,0,0,0,50,246,254,208,11,0,0,0,0,0,0,0,0,0,0,0,0,0,0,0,129,254,246,61,0,0,0,0,0,0,0,0,0,0,0,0,0,0,0,17,232,254,140,0,74,15,0,0,0,0,0,0,0,0,0,0,0,0,0,114,254,234,150,236,254,240,236,183,46,0,0,0,0,0,0,0,0,0,0,121,254,254,254,254,254,254,254,254,229,36,0,0,0,0,0,0,0,0,0,121,254,254,254,254,186,182,204,254,254,149,0,0,0,0,0,0,0,0,0,121,254,152,215,120,7,17,177,254,253,119,0,0,0,0,0,0,0,0,0,83,254,96,10,2,60,204,254,254,168,0,0,0,0,0,0,0,0,0,0,18,236,181,112,193,254,254,254,201,19,0,0,0,0,0,0,0,0,0,0,0,134,254,254,254,254,240,127,13,0,0,0,0,0,0,0,0,0,0,0,0,22,138,254,223,140,35,0,0,0,0,0,0,0,0,0,0,0,0,0,0,0,0,0,0,0,0,0,0,0,0,0,0,0,0,6
0,0,0,0,0,0,0,0,0,0,0,0,0,0,0,0,0,0,0,0,0,0,0,0,0,0,0,0,0,0,0,0,0,0,0,0,0,0,0,0,0,0,0,0,0,0,0,0,0,0,0,0,0,0,0,0,0,0,0,0,69,148,148,148,156,253,253,254,253,245,148,148,43,11,0,0,0,0,0,0,252,252,168,168,168,168,168,125,168,168,189,252,253,205,51,0,0,0,0,0,56,21,0,0,0,0,0,0,0,0,6,21,100,247,180,7,0,0,0,0,0,0,0,0,0,0,0,0,0,0,0,0,0,190,252,154,0,0,0,0,0,0,0,0,0,0,0,0,0,0,0,0,0,146,252,189,0,0,0,0,0,0,0,0,0,0,0,0,0,0,0,0,8,201,241,35,0,0,0,0,0,0,0,0,0,0,0,0,0,0,0,0,78,252,231,0,0,0,0,0,0,0,0,0,0,0,0,0,0,0,0,0,148,252,134,0,0,0,0,0,0,0,0,0,0,0,0,0,0,0,0,0,174,252,56,0,0,0,0,0,0,0,0,0,0,0,0,0,0,0,0,0,253,182,4,0,0,0,0,0,0,0,0,0,0,0,0,0,0,0,0,107,255,168,0,0,0,0,0,0,0,0,0,0,0,0,0,0,0,0,0,106,253,168,0,0,0,0,0,0,0,0,0,0,0,0,0,0,0,0,0,115,253,168,0,0,0,0,0,0,0,0,0,0,0,0,0,0,0,0,0,211,253,168,0,0,0,0,0,0,0,0,0,0,0,0,0,0,0,0,0,211,253,168,0,0,0,0,0,0,0,0,0,0,0,0,0,0,0,0,0,212,255,107,0,0,0,0,0,0,0,0,0,0,0,0,0,0,0,0,0,211,253,63,0,0,0,0,0,0,7
0,0,0,0,0,0,0,0,0,14,91,150,234,254,189,6,0,0,0,0,0,0,0,0,0,0,0,14,112,245,253,254,253,253,253,85,0,0,0,0,0,0,0,0,0,0,108,227,253,241,205,97,82,190,253,238,15,0,0,0,0,0,0,0,0,115,254,253,221,93,0,0,0,83,253,253,80,0,0,0,0,0,0,0,0,233,254,233,23,0,0,0,0,98,253,253,80,0,0,0,0,0,0,0,0,239,255,142,0,0,0,0,0,157,254,219,0,0,0,0,0,0,0,0,0,238,254,225,175,67,32,32,102,241,253,85,0,0,0,0,0,0,0,0,0,119,254,253,253,253,253,254,253,253,146,3,0,0,0,0,0,0,0,0,0,0,90,253,253,253,253,254,253,166,4,0,0,0,0,0,0,0,0,0,0,0,170,253,253,253,253,254,183,161,10,0,0,0,0,0,0,0,0,0,0,30,255,254,236,95,0,60,180,175,164,11,0,0,0,0,0,0,0,0,0,174,254,243,211,4,0,0,63,222,253,189,0,0,0,0,0,0,0,0,12,241,246,52,160,135,0,0,0,79,232,253,65,0,0,0,0,0,0,0,109,253,168,0,6,24,0,0,0,0,142,253,144,0,0,0,0,0,0,0,119,253,208,0,0,0,0,0,0,0,142,253,238,0,0,0,0,0,0,0,60,253,245,59,0,0,0,0,0,0,94,254,245,24,0,0,0,0,0,0,0,228,254,245,111,4,0,0,0,0,142,253,247,36,0,0,0,0,0,0,0,55,239,253,253,192,103,48,48,88,223,253,183,0,0,0,0,0,0,0,0,0,32,197,253,253,253,254,253,253,253,188,35,0,0,0,0,0,0,0,0,0,0,2,55,139,223,254,253,238,154,36,0,0,0,0,8
0,0,0,0,0,0,0,0,125,79,0,0,0,0,0,0,0,0,0,0,0,0,0,0,0,0,0,0,184,162,0,0,0,0,0,0,0,0,0,0,0,0,0,0,0,0,0,0,184,247,0,0,0,0,0,0,0,0,0,0,0,0,0,0,0,0,0,0,165,253,49,0,0,0,0,0,0,0,0,0,0,0,0,0,0,0,0,0,97,253,88,0,0,0,0,0,0,0,0,0,0,0,0,0,0,0,0,0,24,253,88,0,0,0,0,0,0,0,0,0,0,0,0,0,0,0,0,0,8,245,157,0,0,0,0,0,0,0,0,0,0,0,0,0,0,0,0,0,0,175,208,4,0,0,0,0,0,0,0,0,0,0,0,0,0,0,0,0,0,172,254,42,0,0,0,0,0,0,0,0,0,0,0,0,0,0,0,0,0,88,254,96,0,0,0,0,0,0,0,0,0,0,0,0,0,0,0,0,0,88,255,96,0,0,0,0,0,0,0,0,0,0,0,0,0,0,0,0,0,88,254,96,0,0,0,0,0,0,0,0,0,0,0,0,0,0,0,0,0,37,254,147,0,0,0,0,0,0,0,0,0,0,0,0,0,0,0,0,0,0,254,183,0,0,0,0,0,0,0,0,0,0,0,0,0,0,0,0,0,0,254,167,0,0,0,0,0,0,0,0,0,0,0,0,0,0,0,0,0,0,254,96,0,0,0,0,0,0,0,0,0,0,0,0,0,0,0,0,0,79,254,96,0,0,0,0,0,0,0,0,0,0,0,0,0,0,0,0,0,175,254,60,0,0,0,0,0,0,0,0,0,0,0,0,0,0,0,0,1,177,224,5,0,0,0,0,0,0,0,0,0,0,0,0,0,0,0,0,3,199,115,0,0,0,0,0,0,0,0,0,1
0,0,0,0,0,0,0,0,0,0,0,0,0,0,0,0,0,0,0,0,0,0,0,0,0,0,0,0,0,0,0,0,0,0,0,0,0,0,0,0,0,0,0,0,0,0,0,0,0,0,0,0,0,0,0,0,0,0,0,0,0,0,0,0,0,0,0,0,19,38,132,131,131,131,131,90,38,38,6,0,0,0,0,7,10,87,134,197,224,253,248,243,243,243,243,243,247,245,195,31,0,12,148,225,253,253,253,253,171,84,32,0,0,0,0,0,32,36,239,221,13,182,253,253,209,112,143,234,233,107,0,0,0,0,0,0,16,128,253,183,177,253,161,47,21,0,0,49,187,253,183,13,0,0,0,2,132,253,233,36,107,168,37,0,0,0,0,0,9,175,254,172,19,0,0,117,253,213,39,0,0,0,0,0,0,0,0,0,0,4,128,247,134,85,203,247,99,7,0,0,0,0,0,0,0,0,0,0,0,0,0,180,253,253,247,104,0,0,0,0,0,0,0,0,0,0,0,0,0,0,0,201,253,253,136,0,0,0,0,0,0,0,0,0,0,0,0,0,0,49,255,254,254,254,113,0,0,0,0,0,0,0,0,0,0,0,0,9,94,246,244,131,127,253,112,0,0,0,0,0,0,0,0,0,0,0,4,99,252,208,42,0,10,253,112,0,0,0,0,0,0,0,0,0,0,0,85,253,196,0,0,0,10,253,112,0,0,0,0,0,0,0,0,0,0,0,85,253,44,0,0,0,80,253,60,0,0,0,0,0,0,0,0,0,0,0,85,253,37,0,0,31,222,212,10,0,0,0,0,0,0,0,0,0,0,0,57,250,134,32,86,234,218,56,0,0,0,0,0,0,0,0,0,0,0,0,0,86,222,247,239,147,26,0,0,0,0,0,0,0,8
0,0,0,0,0,0,0,0,51,165,255,153,105,0,0,0,0,0,0,0,0,0,0,0,0,0,0,50,239,253,253,253,226,0,0,0,0,0,0,0,0,0,0,0,0,0,128,234,253,253,191,192,249,132,0,0,0,0,0,0,0,0,0,0,0,27,229,253,229,75,12,49,253,248,29,0,0,0,0,0,0,0,0,0,0,128,253,253,125,13,7,49,253,253,129,0,0,0,0,0,0,0,0,0,0,172,253,253,153,187,170,171,253,253,123,0,0,0,0,0,0,0,0,0,0,172,253,253,253,253,218,147,253,246,0,0,0,0,0,0,0,0,0,0,0,98,149,253,205,95,5,109,253,246,0,0,0,0,0,0,0,0,0,0,0,0,2,27,15,0,0,186,253,124,0,0,0,0,0,0,0,0,0,0,0,0,0,0,0,0,0,186,253,109,0,0,0,0,0,0,0,0,0,0,0,0,0,0,21,49,160,235,253,109,0,0,0,0,0,0,0,0,0,0,0,0,0,0,126,253,253,253,253,125,15,0,0,0,0,0,0,0,0,0,0,0,1,79,251,253,253,253,253,253,200,8,0,0,0,0,0,0,0,0,0,0,82,253,199,129,230,253,253,253,253,13,0,0,0,0,0,0,0,0,0,89,248,253,143,141,251,233,76,209,253,143,0,0,0,0,0,0,0,0,0,172,253,253,60,235,253,205,0,100,253,183,11,0,0,0,0,0,0,0,0,172,253,253,149,253,253,97,0,2,122,135,8,0,0,0,0,0,0,0,0,172,253,253,253,253,108,20,0,0,0,0,0,0,0,0,0,0,0,0,0,172,253,253,244,184,18,0,0,0,0,0,0,0,0,0,0,0,0,0,0,98,253,253,69,0,0,0,0,0,0,0,0,0,0,0,2
0,0,0,0,0,0,0,0,0,0,0,0,0,0,0,0,0,0,0,0,0,0,0,0,0,0,0,0,0,0,0,0,0,0,0,0,0,0,0,0,0,13,12,0,0,0,0,0,74,188,254,254,140,11,0,0,0,0,0,0,0,0,0,0,0,0,0,97,236,253,253,229,254,202,18,0,0,0,0,0,0,0,0,0,0,0,74,232,254,196,51,15,193,253,182,19,137,74,0,0,0,0,0,0,0,13,196,253,163,5,0,0,8,104,249,240,254,208,0,0,0,0,0,0,0,94,254,248,25,0,0,0,0,0,167,254,255,130,0,0,0,0,0,0,0,118,253,175,0,0,0,0,0,43,244,253,202,14,0,0,0,0,0,0,0,118,253,193,0,0,0,0,35,232,253,235,48,0,0,0,0,0,0,0,0,94,253,253,73,0,0,97,242,253,235,49,0,0,0,0,0,0,0,0,0,0,150,252,255,254,254,254,255,251,108,0,0,0,0,0,0,0,0,0,0,0,0,127,214,232,253,253,254,166,0,0,0,0,0,0,0,0,0,0,0,0,0,0,0,70,253,253,195,9,0,0,0,0,0,0,0,0,0,0,0,0,0,0,0,189,253,253,36,0,0,0,0,0,0,0,0,0,0,0,0,0,0,0,128,254,254,92,0,0,0,0,0,0,0,0,0,0,0,0,0,0,0,49,236,253,214,11,0,0,0,0,0,0,0,0,0,0,0,0,0,0,0,174,254,253,51,0,0,0,0,0,0,0,0,0,0,0,0,0,0,0,37,246,254,144,3,0,0,0,0,0,0,0,0,0,0,0,0,0,0,0,143,254,247,36,0,0,0,0,0,0,0,0,0,0,0,0,0,0,0,67,244,253,162,0,0,0,0,0,0,0,0,0,0,0,9
0,0,0,0,0,0,0,0,74,253,253,254,253,223,85,0,0,0,0,0,0,0,0,0,0,0,0,10,237,253,253,254,253,253,121,0,0,0,0,0,0,0,0,0,0,0,0,175,253,253,234,235,253,253,227,0,0,0,0,0,0,0,0,0,0,0,20,237,253,178,12,12,179,253,231,0,0,0,0,0,0,0,0,0,0,0,58,246,253,66,0,0,106,253,231,0,0,0,0,0,0,0,0,0,0,0,0,174,204,6,0,16,214,253,130,0,0,0,0,0,0,0,0,0,0,0,0,0,0,0,0,34,253,253,102,0,0,0,0,0,0,0,0,0,0,0,0,0,0,0,34,197,253,253,10,0,0,0,0,0,0,0,0,0,0,0,0,0,0,83,221,254,253,119,2,0,0,0,0,0,0,0,0,0,0,0,0,0,21,197,254,251,192,19,0,0,0,0,0,0,0,0,0,0,0,0,0,37,224,253,253,192,0,0,0,0,0,0,0,0,0,0,0,0,0,0,74,231,253,253,210,19,0,0,0,0,0,0,0,0,0,0,0,0,0,15,199,253,253,203,69,0,0,0,0,0,0,0,0,0,0,0,0,0,5,185,253,253,200,23,0,0,0,0,30,56,56,78,0,0,0,0,0,0,148,253,253,210,110,89,137,200,199,199,228,253,253,219,0,0,0,0,0,5,244,253,253,244,253,253,253,254,253,253,253,253,253,242,0,0,0,0,0,83,252,253,253,253,253,253,253,255,253,253,253,253,253,155,0,0,0,0,0,0,243,253,253,253,253,253,253,254,253,220,213,176,137,6,0,0,0,0,0,0,147,181,191,143,143,61,33,33,33,19,16,0,0,0,0,0,0,0,0,0,0,0,0,0,0,0,0,0,0,0,0,0,0,0,0,0,2
0,0,0,0,0,0,0,0,0,0,0,0,0,0,0,0,0,0,0,0,0,0,0,0,0,0,0,0,0,0,0,0,0,0,0,0,0,0,0,0,0,0,0,0,0,13,135,147,147,147,147,147,147,122,39,2,0,0,0,0,0,93,185,185,185,207,254,254,254,254,254,254,254,254,254,43,0,0,0,0,0,253,254,254,254,253,198,140,140,140,140,140,196,253,254,119,0,0,0,0,0,128,254,233,103,70,0,0,0,0,0,0,4,183,254,101,0,0,0,0,0,26,232,140,0,0,0,0,0,0,0,0,57,254,254,10,0,0,0,0,0,0,185,238,5,0,0,0,0,0,0,0,135,254,166,2,0,0,0,0,0,0,185,254,103,0,0,0,0,0,0,18,242,243,81,0,0,0,0,0,0,0,185,254,103,0,0,0,0,0,0,129,254,195,0,0,0,0,0,0,0,0,185,243,9,0,0,0,0,0,0,201,254,141,0,0,0,0,0,0,0,0,145,111,0,0,49,21,0,0,35,235,217,31,0,0,0,0,7,55,0,0,0,0,0,65,249,221,47,0,95,254,125,0,0,0,0,78,114,254,0,0,0,0,0,75,252,254,243,146,249,254,191,130,219,239,239,252,252,233,0,0,0,0,0,0,175,232,254,254,254,254,254,254,254,254,239,150,76,0,0,0,0,0,0,0,0,30,131,163,254,254,204,156,69,48,36,0,0,0,0,0,0,0,0,0,0,0,0,17,254,254,20,0,0,0,0,0,0,0,0,0,0,0,0,0,0,0,0,119,255,191,5,0,0,0,0,0,0,0,0,0,0,0,0,0,0,0,0,234,254,199,141,0,0,0,0,0,0,0,0,0,0,0,0,0,0,0,0,234,254,254,219,0,0,0,0,0,0,0,7
0,0,0,0,0,0,0,0,0,0,0,0,0,0,0,0,0,0,0,0,0,0,0,0,0,0,0,0,0,0,0,0,0,0,0,0,0,0,0,0,0,0,0,0,0,0,0,0,0,0,0,0,0,0,0,0,0,0,0,0,0,0,0,99,140,125,125,125,225,254,160,125,125,125,112,0,0,0,0,0,0,0,49,237,253,253,253,253,223,163,229,157,253,253,253,161,0,0,0,0,0,0,105,253,253,216,103,12,9,3,10,3,50,253,253,176,0,0,0,0,0,0,105,253,253,168,0,0,0,0,0,0,40,253,242,61,0,0,0,0,0,0,105,253,253,168,0,0,0,0,0,0,40,253,227,0,0,0,0,0,0,0,151,253,253,55,0,0,0,0,0,0,153,253,227,0,0,0,0,0,0,0,235,253,132,6,0,0,0,0,0,0,169,253,227,0,0,0,0,0,0,0,42,45,6,0,0,0,0,0,0,38,239,253,187,0,0,0,0,0,0,0,0,0,0,0,0,0,0,0,0,46,253,253,97,0,0,0,0,0,0,0,0,0,0,0,0,0,0,0,0,46,253,245,72,0,0,0,0,0,0,0,0,0,0,0,0,0,0,0,0,46,253,221,0,0,0,0,0,0,0,0,0,0,0,0,0,0,0,0,11,156,253,194,0,0,0,0,0,0,0,0,0,0,0,0,0,0,0,0,53,253,253,91,0,0,0,0,0,0,0,0,0,0,0,0,0,0,0,0,73,253,253,91,0,0,0,0,0,0,0,0,0,0,0,0,0,0,0,0,183,253,253,91,0,0,0,0,0,0,0,0,0,0,0,0,0,0,0,0,183,253,253,91,0,0,0,0,0,0,0,0,0,0,0,0,0,0,0,0,183,253,253,91,0,0,0,0,0,0,7
0,0,0,0,0,0,0,0,0,0,0,0,0,0,0,0,0,0,0,0,0,0,0,0,0,0,150,254,223,97,3,13,24,24,24,3,0,0,0,0,0,0,0,0,0,0,254,253,253,253,170,213,253,253,253,170,43,0,0,0,0,0,0,0,0,0,254,253,181,241,253,216,184,184,241,253,248,164,19,0,0,0,0,0,0,0,212,253,209,225,64,21,0,0,38,46,170,253,111,0,0,0,0,0,0,0,87,253,222,43,2,0,0,0,0,0,13,212,247,42,0,0,0,0,0,0,11,204,254,212,13,0,0,0,0,0,0,163,254,46,0,0,0,0,0,0,0,80,241,253,23,0,0,0,0,0,5,178,253,46,0,0,0,0,0,0,0,0,153,253,138,0,0,0,0,0,87,253,171,13,0,0,0,0,0,0,0,0,70,253,253,96,0,0,0,137,254,236,44,0,0,0,0,0,0,0,0,0,7,212,253,116,0,85,211,251,233,19,0,0,0,0,0,0,0,0,0,0,0,85,252,245,213,254,246,178,53,0,0,0,0,0,0,0,0,0,0,0,0,17,235,254,245,175,59,0,0,0,0,0,0,0,0,0,0,0,0,13,102,210,253,254,175,0,0,0,0,0,0,0,0,0,0,0,0,0,51,175,253,219,245,254,92,0,0,0,0,0,0,0,0,0,0,0,0,53,244,232,107,14,231,233,8,0,0,0,0,0,0,0,0,0,0,0,9,234,222,42,7,66,244,169,0,0,0,0,0,0,0,0,0,0,0,66,195,158,0,9,104,253,232,95,0,0,0,0,0,0,0,0,0,0,13,204,228,48,70,156,253,228,48,0,0,0,0,0,0,0,0,0,0,0,141,253,194,219,254,236,129,29,0,0,0,0,0,0,0,0,0,0,8
0,0,0,0,0,0,0,0,0,0,59,241,255,251,111,0,0,0,0,0,0,0,0,0,0,0,0,0,0,59,240,249,108,19,1,0,0,0,0,0,0,0,0,0,0,0,0,0,13,223,234,50,100,252,168,10,0,0,0,0,0,0,0,0,0,0,0,0,127,251,66,0,0,125,252,118,0,0,0,0,0,0,0,0,0,0,0,3,205,147,0,0,0,0,191,237,15,0,0,0,0,0,0,0,0,0,0,66,254,50,0,0,0,0,177,206,5,0,0,0,0,0,0,0,0,0,0,149,228,12,0,0,0,34,238,181,0,0,0,0,0,0,0,0,0,0,0,196,220,0,0,0,24,218,246,39,0,0,0,0,0,0,0,0,0,0,0,196,220,0,0,7,190,246,85,0,0,0,0,0,0,0,0,0,0,0,0,182,237,25,0,155,245,85,0,0,0,0,0,0,0,0,0,0,0,0,0,71,254,108,93,247,119,0,0,0,0,0,0,0,0,0,0,0,0,0,0,5,191,248,247,127,6,0,0,0,0,0,0,0,0,0,0,0,0,0,0,0,134,254,226,15,0,0,0,0,0,0,0,0,0,0,0,0,0,0,0,36,230,206,243,172,9,0,0,0,0,0,0,0,0,0,0,0,0,0,7,202,214,21,103,244,189,40,0,0,0,0,0,0,0,0,0,0,0,0,151,254,61,0,0,103,244,225,39,0,0,0,0,0,0,0,0,0,0,13,229,125,4,0,0,0,31,234,226,15,0,0,0,0,0,0,0,0,0,15,235,143,16,0,0,0,0,166,254,25,0,0,0,0,0,0,0,0,0,0,105,236,237,150,80,95,135,242,190,9,0,0,0,0,0,0,0,0,0,0,0,13,126,170,239,254,237,126,11,0,0,0,0,0,8
229,223,239,236,228,228,229,230,219,227,229,201,220,242,204,245,231,229,240,242,218,222,246,223,222,234,235,212,252,234,213,207,250,225,223,227,220,227,229,228,218,229,203,249,249,222,237,230,236,249,228,205,253,212,224,233,221,252,211,213,244,210,218,251,249,241,241,247,203,249,247,223,232,216,228,249,254,235,204,232,221,208,242,217,201,210,238,231,242,214,224,212,211,237,234,246,201,254,224,211,222,237,218,206,219,244,233,228,234,218,235,234,216,214,212,214,214,236,233,253,214,244,219,214,205,250,241,240,242,238,211,221,234,237,225,251,213,243,227,254,219,222,248,244,214,248,224,224,254,236,237,216,253,254,211,252,217,229,230,213,246,235,248,214,202,219,211,220,230,223,239,237,219,211,231,253,214,212,244,231,241,220,251,252,213,226,211,223,201,247,248,252,226,233,204,241,233,234,222,214,210,253,225,249,242,235,222,232,252,206,242,253,207,225,220,224,212,217,201,248,253,213,217,211,246,244,254,206,234,216,203,232,214,206,253,206,206,216,222,209,205,221,201,225,230,241,247,209,239,253,242,203,204,238,205,212,216,223,230,223,231,218,203,250,253,241,208,227,208,242,219,205,227,226,231,207,215,212,230,200,228,205,239,217,252,238,213,242,253,224,227,220,204,203,204,216,209,203,218,251,233,231,215,237,237,244,223,232,208,220,245,233,237,206,201,216,250,246,228,243,242,243,232,229,234,217,222,227,227,249,221,252,229,241,233,201,232,221,244,246,203,220,248,231,240,238,235,247,209,207,219,251,232,228,240,237,216,240,251,213,203,236,226,215,206,241,226,222,243,243,216,237,219,250,204,201,232,214,251,236,205,234,206,217,223,225,215,209,245,229,233,212,204,222,201,222,245,213,248,212,1
0,0,0,0,0,0,0,0,0,0,0,0,0,0,0,0,0,0,0,0,0,0,0,0,0,0,0,0,0,0,0,0,0,0,0,0,0,0,0,0,0,0,0,0,0,0,0,0,0,36,171,254,237,126,7,0,0,0,0,0,0,0,0,0,0,0,0,0,64,244,254,254,254,254,93,0,0,0,0,0,0,0,0,0,0,0,0,60,243,254,212,82,145,254,126,0,0,0,0,0,0,0,0,0,0,0,24,211,254,126,7,0,64,254,126,35,0,0,0,0,0,0,0,0,0,4,183,254,176,4,0,0,69,254,247,249,56,0,0,0,0,0,0,0,4,136,254,181,31,0,0,0,195,254,254,254,81,0,0,0,0,0,0,0,115,254,195,6,0,0,0,90,238,254,254,254,59,0,0,0,0,0,0,11,243,245,58,0,0,0,0,122,254,254,254,235,32,0,0,0,0,0,0,127,254,158,0,0,0,0,2,213,254,254,254,100,0,0,0,0,0,0,0,207,254,86,0,0,0,0,114,254,254,254,171,5,0,0,0,0,0,0,0,207,254,221,166,144,145,218,249,254,254,173,8,0,0,0,0,0,0,0,0,59,199,248,254,254,254,254,254,186,59,1,0,0,0,0,0,0,0,0,0,0,0,50,72,100,178,254,237,3,0,0,0,0,0,0,0,0,0,0,0,0,0,0,0,0,151,254,86,0,0,0,0,0,0,0,0,0,0,0,0,0,0,0,0,23,225,236,18,0,0,0,0,0,0,0,0,0,0,0,0,0,0,0,0,114,254,170,0,0,0,0,0,0,0,0,0,0,0,0,0,0,0,0,0,119,254,87,0,0,0,0,0,0,0,0,0,0,0,0,0,0,0,0,0,121,254,70,0,0,0,0,0,0,0,0,0,0,9
0,0,0,0,0,0,0,0,0,0,0,0,0,2,88,149,211,237,64,0,0,0,0,0,0,0,0,0,0,0,0,8,100,186,254,254,237,254,133,0,0,0,0,0,0,0,0,0,0,3,82,220,254,254,254,174,114,254,85,0,0,0,0,0,0,0,0,0,16,148,254,254,217,134,60,21,215,172,4,0,0,0,0,0,0,0,0,18,204,254,254,118,6,0,0,141,246,40,0,0,0,0,0,0,0,0,13,206,254,255,118,0,0,0,85,254,111,0,0,0,0,0,0,0,0,0,149,254,233,198,14,0,0,31,243,152,0,0,0,0,0,0,0,0,0,102,254,233,62,5,0,0,26,236,180,6,0,0,0,0,0,0,0,0,0,224,255,136,0,0,0,28,213,194,14,0,0,0,0,0,0,0,0,0,0,202,254,181,5,0,0,193,236,19,0,0,0,0,0,0,0,0,0,0,0,23,238,254,224,70,162,243,49,0,0,0,0,0,0,0,0,0,0,0,0,0,28,173,254,254,254,124,0,0,0,0,0,0,0,0,0,0,0,0,0,0,0,4,152,254,254,213,34,0,0,0,0,0,0,0,0,0,0,0,0,0,0,82,250,184,126,255,205,21,0,0,0,0,0,0,0,0,0,0,0,0,71,240,174,16,0,123,254,133,0,0,0,0,0,0,0,0,0,0,0,93,243,132,5,0,0,70,254,231,0,0,0,0,0,0,0,0,0,0,95,249,145,0,0,0,58,241,254,107,0,0,0,0,0,0,0,0,0,90,250,223,6,15,20,138,248,253,137,6,0,0,0,0,0,0,0,0,0,164,254,219,202,254,254,254,227,119,0,0,0,0,0,0,0,0,0,0,0,73,236,254,246,179,152,91,12,0,0,0,0,0,0,0,0,0,8
0,0,0,0,0,0,0,0,0,0,0,0,0,0,0,0,0,0,0,0,0,0,0,0,0,0,0,0,0,0,0,0,0,0,0,0,0,0,0,0,0,0,0,0,0,0,0,0,25,79,79,31,0,0,0,0,0,0,0,0,0,0,0,0,22,115,159,234,240,253,253,242,189,57,0,0,0,0,0,0,0,0,0,99,226,253,254,207,155,118,155,155,238,235,53,0,0,0,0,0,0,0,0,176,169,60,0,0,0,0,0,0,53,236,223,14,0,0,0,0,0,0,0,65,18,0,0,0,0,0,0,0,0,93,253,185,0,0,0,0,0,0,0,0,0,0,0,0,0,0,0,0,0,24,240,253,0,0,0,0,0,0,0,0,7,40,40,40,40,3,0,0,0,0,54,253,91,0,0,0,0,0,8,165,204,253,254,253,253,199,157,38,0,0,77,253,98,0,0,0,0,37,186,235,180,98,99,98,165,227,254,255,201,59,201,254,38,0,0,0,0,156,253,174,0,0,0,0,0,21,76,196,250,253,253,125,0,0,0,0,0,186,253,144,0,0,0,0,0,0,0,19,226,253,253,155,31,0,0,0,0,238,182,6,0,0,0,0,0,0,68,201,250,183,175,253,219,36,0,37,0,156,181,68,0,0,0,8,98,150,239,231,106,0,9,170,254,181,91,248,0,61,180,236,254,254,255,254,254,222,157,0,0,0,0,0,194,254,254,254,0,0,0,27,91,135,114,76,39,18,0,0,0,0,0,0,24,166,203,121,0,0,0,0,0,0,0,0,0,0,0,0,0,0,0,0,0,0,0,0,0,0,0,0,0,0,0,0,0,0,0,0,0,0,0,0,0,0,0,0,0,0,0,0,0,0,0,0,0,0,0,0,0,0,0,0,0,0,0,0,2
0,0,0,0,0,0,0,0,0,11,87,118,55,44,13,0,0,0,0,0,0,0,0,0,0,0,0,0,17,193,253,252,252,252,211,151,47,13,0,0,0,0,0,0,0,0,0,83,209,252,253,240,234,252,252,253,252,202,65,0,0,0,0,0,0,0,132,240,252,252,192,58,215,252,252,253,252,252,194,9,0,0,0,0,0,179,244,252,252,147,11,0,17,117,189,253,252,252,252,128,0,0,0,51,191,255,253,247,94,0,0,0,0,0,0,11,189,247,253,253,0,0,13,174,252,253,202,67,0,0,0,0,0,0,0,0,0,163,252,252,0,0,153,252,252,173,25,0,0,0,0,0,0,0,0,0,0,70,252,252,0,17,209,252,210,0,0,0,0,0,0,0,0,0,0,0,0,13,215,252,11,193,252,210,22,0,0,0,0,0,0,0,0,0,0,0,0,0,207,252,24,253,247,94,0,0,0,0,0,0,0,0,0,0,0,0,0,81,253,253,97,252,110,0,0,0,0,0,0,0,0,0,0,0,0,0,30,197,252,178,138,252,69,0,0,0,0,0,0,0,0,0,0,0,32,81,228,252,227,48,233,252,69,0,0,0,0,0,0,0,0,17,93,134,228,253,252,252,119,0,253,252,69,0,0,0,0,0,0,106,179,234,252,252,252,253,252,85,4,0,255,253,137,66,138,139,159,253,253,253,255,253,253,253,243,168,42,0,0,0,232,252,252,252,252,253,252,252,252,252,253,244,206,112,50,0,0,0,0,0,138,252,252,252,252,253,252,252,195,183,69,56,0,0,0,0,0,0,0,0,36,219,227,160,160,161,87,45,9,0,0,0,0,0,0,0,0,0,0,0,0,15,16,0,0,0,0,0,0,0,0,0,0,0,0,0,0,0,0,0,0
0,0,0,0,0,0,5,69,152,237,254,206,31,0,0,0,0,0,0,0,0,0,0,0,0,31,173,254,239,154,187,254,79,0,0,0,0,0,0,0,0,0,0,0,120,233,240,123,24,0,59,254,121,0,0,0,0,0,0,0,0,0,0,0,254,205,51,0,0,0,59,254,109,0,0,0,0,0,0,0,0,0,0,0,0,0,0,0,0,4,170,254,73,0,0,0,0,0,0,0,0,0,0,0,0,0,0,0,4,121,254,157,0,0,0,0,0,0,0,0,0,0,0,0,0,10,59,84,195,254,254,86,0,0,0,0,0,0,0,0,0,0,0,0,0,40,254,254,255,254,254,254,199,43,0,0,0,0,0,0,0,0,0,0,0,13,79,79,49,0,19,127,249,242,33,0,0,0,0,0,0,0,0,0,0,0,0,0,0,0,0,0,77,245,204,9,0,0,0,0,0,0,0,0,0,0,0,0,0,0,0,0,0,129,254,62,0,0,0,0,0,0,0,0,0,0,0,0,0,0,0,0,0,33,242,194,0,0,0,0,0,0,0,0,0,0,0,0,0,0,0,0,0,0,216,254,0,0,0,0,0,0,0,0,0,0,0,0,0,0,0,0,0,0,215,254,0,0,0,0,0,0,0,0,61,0,0,0,0,0,0,0,0,0,215,254,0,0,0,0,0,0,0,0,193,61,0,0,0,0,0,0,0,13,227,254,0,0,0,0,0,0,0,0,117,242,92,2,0,0,0,0,0,148,254,139,0,0,0,0,0,0,0,0,5,107,236,176,88,9,0,0,100,240,245,16,0,0,0,0,0,0,0,0,0,0,21,153,254,224,215,215,254,245,78,0,0,0,0,0,0,0,0,0,0,0,0,6,128,212,254,254,194,34,0,0,0,0,0,0,3
0,0,0,0,0,0,24,138,138,44,3,0,0,0,0,0,0,0,0,0,0,0,0,0,38,99,212,252,252,252,169,151,47,13,0,0,0,0,0,0,0,0,0,51,240,252,253,252,252,252,252,253,252,202,142,38,0,0,0,0,0,0,0,70,252,252,253,193,160,160,244,253,252,252,252,232,136,0,0,0,0,0,0,70,252,252,180,8,0,0,21,23,96,137,179,252,251,157,32,0,0,0,36,222,253,253,179,0,0,0,0,0,0,0,0,158,255,253,190,5,0,5,178,252,252,157,135,0,0,0,0,0,0,0,0,0,159,252,252,67,0,55,252,252,227,16,0,0,0,0,0,0,0,0,0,0,7,186,252,185,0,180,252,252,66,0,0,0,0,0,0,0,0,0,0,0,0,161,252,252,0,253,252,189,4,0,0,0,0,0,0,0,0,0,0,0,0,161,252,252,0,255,253,215,21,0,0,0,0,0,0,0,0,0,0,0,0,22,206,253,0,232,252,183,0,0,0,0,0,0,0,0,0,0,0,0,0,0,70,252,0,138,252,202,13,0,0,0,0,0,0,0,0,0,0,0,0,13,172,252,0,138,252,252,45,0,0,0,0,0,0,0,0,0,0,0,0,89,252,252,0,86,252,252,139,11,0,0,0,0,0,0,0,0,0,0,127,244,252,252,0,11,193,253,253,253,128,24,7,0,0,0,15,24,118,243,255,253,247,94,0,0,38,240,252,252,253,252,186,161,161,162,219,252,252,252,249,185,67,0,0,0,0,50,162,246,253,252,252,252,252,253,252,252,252,189,115,0,0,0,0,0,0,0,0,42,109,160,160,236,210,253,193,128,45,4,0,0,0,0,0,0,0,0,0,0,0,0,0,19,12,23,8,0,0,0,0,0,0,0,0
0,0,0,0,0,0,0,0,193,253,253,210,69,0,0,0,0,0,0,0,0,0,0,0,0,0,0,9,161,253,253,54,0,0,0,0,0,0,0,0,0,0,0,0,0,0,0,84,253,253,253,54,0,0,0,0,0,0,0,0,0,0,0,0,0,0,1,161,253,253,205,6,0,0,0,0,0,0,0,0,0,0,0,0,0,0,32,253,253,250,115,0,0,0,0,0,0,0,0,0,0,0,0,0,0,0,202,253,253,237,0,0,0,0,0,0,0,0,0,0,0,0,0,0,0,0,227,253,253,184,0,0,0,0,0,0,0,0,0,0,0,0,0,0,0,53,244,253,235,56,0,0,0,0,0,0,0,0,0,0,0,0,0,0,0,167,253,253,167,0,0,0,0,40,36,83,0,0,0,0,0,0,0,0,41,250,253,253,112,0,5,108,185,245,244,252,210,31,0,0,0,0,0,0,44,253,253,242,45,37,186,253,253,253,253,253,253,150,0,0,0,0,0,0,44,253,253,205,71,229,253,253,253,253,253,253,253,150,0,0,0,0,0,0,147,253,253,138,222,253,253,193,63,17,79,249,253,150,0,0,0,0,0,0,151,253,253,253,253,253,253,77,66,155,253,253,253,77,0,0,0,0,0,0,108,253,253,253,253,253,253,235,253,253,253,253,110,8,0,0,0,0,0,0,44,253,253,253,253,253,253,253,253,253,241,106,2,0,0,0,0,0,0,0,13,178,253,253,253,253,253,253,247,157,47,0,0,0,0,0,0,0,0,0,0,12,185,253,253,253,253,168,87,0,0,0,0,0,0,0,0,0,0,0,0,0,0,0,0,0,0,0,0,0,0,0,0,0,0,0,0,0,0,0,0,0,0,0,0,0,0,0,0,0,0,0,0,0,0,0,6
0,0,0,0,0,0,0,0,0,0,14,208,253,81,0,0,0,0,0,0,0,0,0,0,0,0,0,0,0,2,134,254,210,8,0,0,0,0,0,0,0,0,0,0,0,0,0,0,0,84,253,254,102,0,0,0,0,0,0,0,0,0,0,0,0,0,0,0,0,77,254,255,50,0,0,0,0,0,0,0,0,0,0,0,0,0,0,0,8,204,253,238,14,0,0,0,0,0,0,0,0,0,0,0,0,0,0,0,50,253,253,123,0,0,0,0,0,0,0,0,0,0,0,0,0,0,0,0,166,253,246,0,0,0,0,0,0,0,0,0,0,0,0,0,0,0,0,20,230,253,129,0,53,91,20,0,0,0,0,0,0,0,0,0,0,0,0,81,254,242,52,189,254,254,215,47,0,0,0,0,0,0,0,0,0,0,0,164,253,245,216,254,253,253,253,156,0,0,0,0,0,0,0,0,0,0,37,244,253,253,253,254,232,248,253,162,0,0,0,0,0,0,0,0,0,0,73,253,253,253,253,254,67,233,253,91,0,0,0,0,0,0,0,0,0,0,137,253,240,233,253,254,194,253,246,46,0,0,0,0,0,0,0,0,0,0,163,254,217,79,181,255,254,254,87,0,0,0,0,0,0,0,0,0,0,0,163,253,224,61,177,254,253,147,4,0,0,0,0,0,0,0,0,0,0,0,150,253,253,253,253,254,199,18,0,0,0,0,0,0,0,0,0,0,0,0,68,251,253,253,253,119,4,0,0,0,0,0,0,0,0,0,0,0,0,0,0,138,175,155,72,0,0,0,0,0,0,0,0,0,0,0,0,0,0,0,0,0,0,0,0,0,0,0,0,0,0,0,0,0,0,0,0,0,0,0,0,0,0,0,0,0,0,0,0,0,0,0,0,0,6
0,0,0,0,0,0,0,0,0,0,0,0,0,0,0,0,0,0,0,0,0,0,0,0,0,0,0,0,0,0,0,0,0,0,137,215,253,244,28,0,0,0,0,0,0,0,0,0,0,0,0,9,96,176,249,252,252,252,239,46,0,0,0,0,0,0,0,0,0,0,87,216,252,252,252,252,252,252,252,66,0,0,0,0,0,0,0,11,42,214,251,253,252,252,252,252,252,252,252,66,0,0,0,0,0,0,44,198,252,252,252,253,238,107,102,252,252,252,243,51,0,0,0,0,0,44,241,252,252,252,252,189,40,0,109,252,252,252,170,0,0,0,0,0,0,151,252,252,231,98,21,10,0,10,234,252,252,237,9,0,0,0,0,0,0,46,243,252,235,121,6,0,60,236,252,252,237,61,0,0,0,0,0,0,0,0,164,252,252,252,147,140,233,252,252,252,130,0,0,0,0,0,0,0,0,0,12,138,252,252,252,253,252,252,243,119,7,0,0,0,0,0,0,0,0,0,0,21,210,253,253,255,253,240,57,0,0,0,0,0,0,0,0,0,0,0,53,204,252,252,252,253,206,47,0,0,0,0,0,0,0,0,0,0,9,124,243,252,252,252,252,253,143,0,0,0,0,0,0,0,0,0,0,62,191,252,252,252,248,148,236,253,77,0,0,0,0,0,0,0,0,0,68,237,252,252,252,226,115,0,220,253,77,0,0,0,0,0,0,0,0,0,176,252,252,252,183,38,0,0,220,253,77,0,0,0,0,0,0,0,0,0,171,252,252,252,197,117,12,45,236,252,73,0,0,0,0,0,0,0,0,0,26,158,252,252,252,252,252,252,252,153,0,0,0,0,0,0,0,0,0,0,0,26,82,252,252,252,252,252,252,111,0,0,0,0,0,0,0,0,8
0,0,0,0,0,0,0,0,0,0,0,0,0,0,0,0,0,0,0,0,0,0,0,0,0,0,0,0,0,0,0,0,0,0,0,0,0,0,0,0,0,0,0,0,0,0,0,0,0,0,0,0,0,0,0,0,0,0,0,0,62,214,253,102,0,11,31,41,0,0,21,21,41,51,51,51,31,0,0,0,122,253,252,223,203,213,232,243,203,203,223,223,243,253,252,253,192,0,0,0,253,163,142,203,203,203,203,203,203,203,203,183,102,102,142,255,253,0,0,0,232,183,0,0,0,0,0,0,0,0,0,0,0,0,0,213,252,41,0,0,203,203,0,0,0,0,0,0,0,0,0,0,0,0,62,255,253,0,0,0,243,203,0,0,0,0,0,0,0,0,0,0,0,0,102,253,171,0,0,0,203,254,50,0,0,0,0,0,0,0,0,0,0,11,213,254,91,0,0,0,122,151,30,0,0,0,0,0,0,0,0,0,0,51,252,213,10,0,0,0,0,0,0,0,0,0,0,0,0,0,0,0,0,152,253,203,0,0,0,0,0,0,0,0,0,0,41,102,102,102,20,0,0,152,252,122,0,0,0,0,0,0,0,0,0,0,82,234,253,254,253,254,213,254,253,234,152,62,0,0,0,0,0,0,0,0,0,30,91,151,232,253,252,253,252,253,252,142,0,0,0,0,0,0,0,0,0,0,0,0,0,0,41,254,253,163,102,0,0,0,0,0,0,0,0,0,0,0,0,0,0,0,0,253,252,102,0,0,0,0,0,0,0,0,0,0,0,0,0,0,0,0,0,254,253,41,0,0,0,0,0,0,0,0,0,0,0,0,0,0,0,0,0,253,252,0,0,0,0,0,0,0,0,0,0,0,0,0,0,0,0,0,0,152,253,62,0,0,0,0,7
0,0,0,0,0,0,0,0,0,0,0,0,0,0,0,0,0,0,0,0,0,0,15,148,253,253,255,253,253,227,148,193,148,139,43,7,0,0,0,0,0,0,57,175,196,168,168,168,168,168,239,253,252,252,252,200,116,0,0,0,0,0,0,2,7,0,0,0,0,0,17,21,21,93,252,252,158,0,0,0,0,0,0,0,0,0,0,0,0,0,0,0,48,202,252,199,35,0,0,0,0,0,0,0,0,0,0,0,0,0,0,80,242,252,226,24,0,0,0,0,0,0,0,0,0,0,0,0,0,0,18,210,253,197,0,0,0,0,0,0,0,0,0,0,0,0,0,0,0,22,199,253,189,5,0,0,0,0,0,0,0,0,0,0,0,0,0,0,11,202,252,223,40,0,0,0,0,0,0,0,0,0,0,0,0,0,0,0,92,252,155,35,0,0,0,0,0,0,0,0,0,0,0,0,0,0,0,71,232,226,24,0,0,0,0,0,0,0,0,0,0,0,0,0,0,0,43,227,250,70,0,0,0,0,0,0,0,0,0,0,0,0,0,0,0,0,183,252,196,0,0,0,0,0,0,0,0,0,0,0,0,0,0,0,0,62,253,210,19,0,0,0,0,0,0,0,0,0,0,0,0,0,0,0,0,211,253,141,0,0,0,0,0,0,0,0,0,0,0,0,0,0,0,0,54,246,236,37,0,0,0,0,0,0,0,0,0,0,0,0,0,0,0,0,27,229,219,11,0,0,0,0,0,0,0,0,0,0,0,0,0,0,0,0,0,211,253,170,43,0,0,0,0,0,0,0,0,0,0,0,0,0,0,0,0,62,245,252,242,161,83,22,22,22,22,22,22,15,0,0,0,0,0,0,0,0,67,210,252,252,252,253,252,252,252,252,253,224,155,0,2
0,0,0,0,0,0,0,0,0,0,0,0,0,0,0,0,0,0,0,0,0,0,0,0,0,0,0,0,0,0,0,0,0,0,0,0,0,0,0,0,0,0,0,0,0,0,0,0,0,0,0,0,0,0,0,0,0,0,0,0,120,165,141,141,141,191,141,141,166,253,153,141,66,7,0,0,0,0,0,0,82,240,252,253,252,252,252,253,252,252,252,253,252,187,169,108,44,0,0,0,0,81,243,253,233,168,168,168,93,94,168,168,224,252,252,253,240,131,0,0,0,0,25,28,22,0,0,0,0,0,0,0,19,28,228,253,252,68,0,0,0,0,0,0,0,0,0,0,0,0,0,0,0,86,253,255,197,0,0,0,0,0,0,0,0,0,0,0,0,0,0,0,0,66,246,253,121,0,0,0,0,0,0,0,0,0,0,0,0,0,0,0,0,104,246,194,19,0,0,0,0,0,0,0,0,0,0,0,0,0,0,0,26,222,252,113,0,0,0,0,0,0,0,0,0,0,0,0,0,0,0,0,70,253,253,51,0,0,0,0,0,0,0,0,0,0,0,0,0,0,0,0,169,252,227,0,0,0,0,0,0,0,0,0,0,0,0,0,0,0,0,23,234,252,52,0,0,0,0,0,0,0,0,0,0,0,0,0,0,0,0,128,252,252,28,0,0,0,0,0,0,0,0,0,0,0,0,0,0,0,13,204,253,106,0,0,0,0,0,0,0,0,0,0,0,0,0,0,0,0,138,253,240,43,0,0,0,0,0,0,0,0,0,0,0,0,0,0,0,29,234,253,196,0,0,0,0,0,0,0,0,0,0,0,0,0,0,0,0,134,252,253,196,0,0,0,0,0,0,0,0,0,0,0,0,0,0,0,57,253,253,251,75,0,0,0,0,0,0,0,7
0,0,0,0,0,0,0,0,0,0,0,0,0,0,0,0,0,0,0,0,0,0,0,0,0,0,0,0,0,0,0,0,0,0,0,0,0,0,0,0,0,0,0,0,0,0,0,57,70,104,70,136,70,70,170,254,254,85,0,0,0,0,0,0,0,106,189,249,253,254,253,253,253,254,253,253,253,248,21,0,0,0,0,0,151,254,253,253,236,230,230,240,253,254,253,253,253,254,23,0,0,0,0,51,234,254,236,119,19,0,0,182,253,254,168,236,253,254,23,0,0,0,0,91,254,255,115,0,0,0,13,221,254,68,0,174,254,185,9,0,0,0,0,19,240,254,241,92,0,0,21,207,106,0,143,249,253,76,0,0,0,0,0,0,101,254,253,232,107,0,0,19,57,208,249,251,128,0,0,0,0,0,0,0,0,128,245,253,253,102,68,191,253,254,253,128,0,0,0,0,0,0,0,0,0,0,68,241,254,254,254,254,254,160,42,0,0,0,0,0,0,0,0,0,0,0,0,124,253,254,253,240,48,0,0,0,0,0,0,0,0,0,0,0,0,0,5,195,253,254,253,249,140,0,0,0,0,0,0,0,0,0,0,0,0,0,114,253,219,128,211,253,253,102,0,0,0,0,0,0,0,0,0,0,0,0,164,254,161,0,34,216,254,254,48,0,0,0,0,0,0,0,0,0,0,0,230,253,111,0,0,27,240,254,224,25,0,0,0,0,0,0,0,0,0,51,247,253,69,0,0,0,67,254,253,197,0,0,0,0,0,0,0,0,0,51,247,253,69,0,0,0,0,220,253,230,0,0,0,0,0,0,0,0,0,51,248,254,94,0,0,0,0,221,254,205,0,0,0,0,0,0,0,0,0,0,180,253,211,34,26,55,206,254,253,88,0,0,0,0,8
0,0,0,0,0,21,100,135,36,36,36,20,0,0,0,0,0,0,0,0,0,0,0,0,0,205,254,254,254,254,254,165,115,97,36,15,0,0,0,0,0,0,0,0,0,155,254,254,254,254,254,254,254,247,232,208,73,0,0,0,0,0,0,0,129,231,254,254,254,254,254,254,254,254,254,254,171,0,0,0,0,0,0,0,76,200,254,254,254,254,254,254,254,254,254,254,245,124,8,0,0,0,0,0,0,6,11,11,11,11,11,120,129,129,208,254,254,160,4,0,0,0,0,0,0,0,0,0,0,0,0,0,0,0,59,254,254,254,125,0,0,0,0,0,0,0,0,0,0,0,0,0,0,0,84,243,254,254,37,0,0,0,0,0,0,0,0,0,0,0,0,0,0,0,12,201,254,254,109,0,0,0,0,0,0,0,0,0,0,0,0,0,0,0,48,254,254,254,144,0,0,0,0,0,0,0,9,96,29,29,96,54,94,164,222,254,254,254,111,0,0,24,94,190,218,121,234,254,211,211,254,244,254,254,254,254,254,254,178,0,131,212,252,254,254,254,254,254,254,254,254,254,254,254,254,254,254,254,132,0,254,254,254,254,254,254,254,254,255,254,254,254,254,255,254,241,254,181,7,0,254,254,254,254,254,254,254,254,254,254,254,254,254,254,254,191,144,12,0,0,229,241,207,254,254,254,254,254,254,254,254,254,251,189,142,38,48,0,0,0,162,179,131,254,254,214,179,254,254,216,254,254,213,178,25,0,0,0,0,0,5,19,35,35,85,79,4,55,153,102,35,143,77,31,0,0,0,0,0,0,0,0,0,0,0,0,0,0,0,0,0,0,0,0,0,0,0,0,0,0,0,0,0,0,0,0,0,0,0,0,0,0,0,0,0,0,0,0,0,0,2
0,0,0,0,0,0,0,0,0,0,0,0,0,0,0,0,0,0,0,0,0,0,0,0,0,0,0,0,0,0,0,0,0,0,0,0,0,0,0,0,0,0,0,0,0,0,0,0,59,96,150,184,254,234,149,0,0,0,0,0,0,0,0,0,0,0,24,151,245,253,254,233,227,249,253,60,0,0,0,0,0,0,0,0,0,23,182,253,206,127,48,18,9,62,245,120,0,0,0,0,0,0,0,0,0,140,253,161,24,0,0,0,0,0,238,228,0,0,0,0,0,0,0,0,50,249,173,3,0,0,0,0,0,0,188,213,0,0,0,0,0,0,0,0,164,244,20,0,0,0,0,0,0,0,239,159,0,0,0,0,0,0,0,48,249,178,0,0,0,0,0,0,0,8,240,158,0,0,0,0,0,0,0,64,253,133,0,0,0,0,0,0,0,94,253,143,0,0,0,0,0,0,0,64,253,158,0,0,0,0,0,8,193,249,253,60,0,0,0,0,0,0,0,64,253,248,178,158,158,158,164,240,253,253,203,0,0,0,0,0,0,0,0,40,218,255,254,254,254,254,255,247,246,254,90,0,0,0,0,0,0,0,0,0,65,147,221,221,221,171,137,36,186,245,14,0,0,0,0,0,0,0,0,0,0,0,0,0,0,0,0,16,230,189,0,0,0,0,0,0,0,0,0,0,0,0,0,0,0,0,0,77,253,101,0,0,0,0,0,0,0,0,0,0,0,0,0,0,0,0,0,185,253,31,0,0,0,0,0,0,0,0,0,0,0,0,0,0,0,0,6,214,236,20,0,0,0,0,0,0,0,0,0,0,0,0,0,0,0,0,51,253,136,0,0,0,0,0,0,0,0,0,0,0,0,0,0,0,0,0,160,253,47,0,0,0,0,0,0,0,9
0,0,0,0,0,0,0,0,0,0,0,0,82,208,7,0,0,0,0,0,0,0,0,0,0,0,0,0,0,0,0,0,166,254,76,0,0,0,0,0,0,0,0,0,0,0,0,0,0,0,0,5,246,254,112,0,0,0,0,0,0,0,0,0,14,12,0,0,0,0,0,5,254,254,155,0,0,0,0,0,0,0,0,10,199,158,1,0,0,0,0,5,254,254,129,0,0,0,0,0,0,0,0,26,254,254,70,0,0,0,0,71,254,254,174,0,0,0,0,0,0,0,0,173,254,254,62,0,0,0,0,33,254,254,80,0,0,0,0,0,0,0,0,145,254,254,94,0,0,0,0,5,254,254,199,0,0,0,0,0,0,0,0,81,254,254,94,0,0,0,0,5,254,254,201,0,0,0,0,0,0,0,0,159,254,254,122,45,45,45,109,16,225,254,201,0,0,0,0,0,0,0,0,202,254,254,254,254,254,254,254,192,254,254,201,0,0,0,0,0,0,0,16,224,254,254,254,254,254,254,254,254,254,254,201,0,0,0,0,0,0,0,10,213,253,254,254,254,251,207,160,193,254,254,201,0,0,0,0,0,0,0,0,0,63,85,85,85,11,0,0,33,254,254,201,0,0,0,0,0,0,0,0,0,0,0,0,0,0,0,0,95,254,254,177,0,0,0,0,0,0,0,0,0,0,0,0,0,0,0,0,13,254,254,130,0,0,0,0,0,0,0,0,0,0,0,0,0,0,0,0,82,254,254,228,18,0,0,0,0,0,0,0,0,0,0,0,0,0,0,0,95,254,254,198,19,0,0,0,0,0,0,0,0,0,0,0,0,0,0,0,90,254,254,201,0,0,0,0,0,0,0,0,0,0,0,0,0,0,0,0,2,163,231,161,0,0,0,0,0,4
0,0,0,0,0,0,0,0,0,0,115,215,22,0,0,0,0,0,0,0,0,0,0,0,0,0,0,0,0,0,156,254,190,0,0,0,0,0,0,0,0,0,0,0,0,0,0,0,0,0,156,254,213,0,0,0,0,0,0,0,0,0,0,0,0,0,0,0,0,0,156,254,213,0,0,0,0,0,0,0,0,0,0,0,0,0,0,0,0,1,166,254,202,0,0,0,0,0,0,0,0,0,0,0,0,0,0,0,0,36,254,255,109,0,0,0,0,0,0,0,0,0,0,0,0,0,0,0,0,110,254,254,109,0,0,0,0,0,0,0,0,0,0,0,0,0,0,0,0,110,254,254,109,0,0,0,0,0,0,0,0,0,0,0,0,0,0,0,0,108,254,254,64,0,0,0,0,0,0,0,0,0,0,0,0,0,0,0,0,70,254,254,5,0,0,0,0,0,0,0,0,0,0,0,0,0,0,0,0,150,254,254,5,0,0,0,0,0,0,0,0,0,0,0,0,0,0,0,0,214,254,198,2,0,0,0,0,0,0,0,0,0,0,0,0,0,0,0,0,214,254,155,0,0,0,0,0,0,0,0,0,0,0,0,0,0,0,0,0,214,254,155,0,0,0,0,0,0,0,0,0,0,0,0,0,0,0,0,0,214,254,155,0,0,0,0,0,0,0,0,0,0,0,0,0,0,0,0,0,214,254,204,3,0,0,0,0,0,0,0,0,0,0,0,0,0,0,0,0,214,254,187,2,0,0,0,0,0,0,0,0,0,0,0,0,0,0,0,26,230,254,155,0,0,0,0,0,0,0,0,0,0,0,0,0,0,0,0,0,214,254,178,1,0,0,0,0,0,0,0,0,0,0,0,0,0,0,0,0,84,214,173,1,0,0,0,0,0,0,0,1
0,0,0,0,0,0,0,0,0,0,0,0,0,0,0,0,0,0,0,0,0,0,0,0,0,0,0,0,0,0,0,0,0,0,0,0,0,0,0,0,0,0,0,0,0,0,0,0,0,0,0,0,0,0,0,0,0,0,0,0,0,0,0,0,0,0,0,0,0,0,17,18,88,158,255,117,0,0,0,0,36,36,36,36,36,36,36,119,119,135,244,253,253,253,253,170,0,0,0,0,236,253,253,253,253,253,253,253,253,253,253,253,253,253,253,145,0,0,0,0,124,202,253,253,253,253,253,253,253,227,182,219,253,253,202,38,0,0,0,0,0,13,47,151,162,47,47,47,47,29,0,130,253,253,70,0,0,0,0,0,0,0,0,0,0,0,0,0,0,0,0,235,253,233,41,0,0,0,0,0,0,0,0,0,0,0,0,0,0,0,111,253,253,206,0,0,0,0,0,0,0,0,0,0,0,0,0,0,0,0,231,253,253,139,0,0,0,0,0,0,0,0,0,0,0,0,0,0,0,0,231,253,235,33,0,0,0,0,0,0,0,0,0,0,0,0,0,0,0,0,231,253,224,0,0,0,0,0,0,0,0,0,0,0,0,0,0,0,0,29,238,253,224,0,0,0,0,0,0,0,0,0,0,0,0,0,0,0,0,95,253,253,224,0,0,0,0,0,0,0,0,0,0,0,0,0,0,0,0,95,253,253,224,0,0,0,0,0,0,0,0,0,0,0,0,0,0,0,0,51,243,253,253,87,0,0,0,0,0,0,0,0,0,0,0,0,0,0,0,95,253,253,253,88,0,0,0,0,0,0,0,0,0,0,0,0,0,0,0,95,253,253,253,174,14,0,0,0,0,0,0,0,0,0,0,0,0,0,0,95,253,253,253,219,20,0,0,0,0,0,7
0,0,0,0,0,0,0,0,0,0,0,0,0,0,0,0,0,0,0,0,0,0,0,0,0,0,0,0,16,109,255,253,253,253,255,253,232,109,110,15,0,0,0,0,53,73,32,115,222,252,253,252,252,252,253,252,252,252,253,180,0,0,0,53,232,252,211,252,252,252,237,215,215,215,72,71,71,71,72,31,0,0,0,73,252,252,252,252,231,108,62,0,0,0,0,0,0,0,0,0,0,0,0,217,252,252,252,252,71,0,0,0,0,0,0,0,0,0,0,0,0,0,0,217,252,252,252,65,10,0,0,0,0,0,0,0,0,0,0,0,0,0,0,217,252,252,153,10,0,0,0,0,0,0,0,0,0,0,0,0,0,0,0,217,252,252,0,0,0,0,0,0,0,0,0,0,0,0,0,0,0,0,0,218,253,253,0,0,0,0,0,0,0,0,0,0,0,0,0,0,0,0,0,93,252,252,0,0,0,0,32,73,73,73,73,52,0,0,0,0,0,0,0,73,252,252,181,181,181,181,212,252,252,252,253,231,72,0,0,0,0,0,0,73,252,252,252,252,252,252,253,252,252,252,253,252,236,62,0,0,0,0,0,73,253,253,253,253,253,253,255,222,144,207,255,253,253,108,0,0,0,0,0,52,179,179,179,179,158,35,35,25,0,144,253,252,220,15,0,0,0,0,0,0,0,0,0,0,0,0,0,0,47,221,253,252,195,0,0,0,0,0,0,0,0,0,0,0,0,0,0,0,181,252,253,210,31,0,0,0,0,0,0,0,0,0,0,94,47,109,110,150,253,253,255,180,0,0,0,0,0,0,0,0,0,0,0,175,190,252,253,252,252,252,180,45,0,0,0,0,0,0,0,0,0,0,0,21,57,252,253,252,252,231,0,0,0,0,0,0,5
0,0,0,0,0,0,0,0,0,0,0,0,0,0,0,0,0,0,0,0,0,0,0,0,0,0,0,0,0,0,0,0,0,0,0,0,0,0,0,0,0,0,0,0,0,0,0,0,0,0,0,0,0,0,0,0,0,0,0,0,0,0,0,0,0,0,0,0,0,0,0,0,0,0,0,0,0,0,0,0,0,0,28,39,39,39,204,233,233,233,235,143,12,0,0,0,0,0,0,0,0,0,175,251,251,251,251,251,251,251,253,251,76,0,0,0,0,0,0,0,37,155,222,251,251,251,251,251,251,251,253,251,76,0,0,0,0,0,0,0,224,251,251,251,251,251,251,251,251,251,253,251,90,2,0,0,0,0,0,0,174,209,196,173,173,173,173,197,251,251,253,251,251,18,0,0,0,0,0,0,0,54,35,0,0,0,0,78,251,251,253,251,156,9,0,0,0,0,0,0,0,0,0,0,0,0,16,212,251,251,253,251,76,0,0,0,0,0,0,0,0,0,0,0,0,0,20,253,253,253,255,253,118,59,59,59,59,59,27,0,0,0,0,0,0,0,20,251,251,251,253,251,251,251,251,251,251,251,178,27,0,0,0,0,0,0,20,251,251,251,253,251,251,251,251,251,251,251,251,192,0,0,0,0,0,0,20,239,233,251,253,251,251,251,251,251,251,251,125,18,0,0,0,0,0,0,12,107,84,229,253,251,251,251,251,251,251,251,115,0,0,0,0,0,0,0,0,0,0,74,132,251,251,251,251,251,251,251,115,0,0,0,0,0,0,0,0,0,0,0,9,37,37,37,37,37,187,37,17,0,0,0,0,0,0,0,0,0,0,0,0,0,0,0,0,0,0,0,0,0,0,0,0,0,0,0,0,0,0,0,0,0,0,0,0,0,0,0,0,0,2
0,0,0,0,0,0,0,0,0,0,0,0,128,255,255,255,255,128,0,0,0,0,0,0,0,0,0,0,0,0,0,128,255,255,255,255,191,0,0,0,0,0,0,0,0,0,0,0,0,128,255,255,255,255,128,0,0,0,0,0,0,0,0,0,0,0,0,0,64,191,255,255,255,191,0,0,0,0,0,0,0,0,0,0,0,0,0,64,255,255,255,255,64,0,0,0,0,0,0,0,0,0,0,0,0,0,191,255,255,255,128,0,0,0,0,0,0,0,0,0,0,0,0,0,0,191,255,255,255,0,0,0,0,0,0,0,0,0,0,0,0,0,0,0,191,255,255,191,64,0,0,0,0,0,0,128,128,128,0,0,0,0,0,128,255,255,255,64,0,0,0,0,128,191,255,255,255,255,255,64,0,0,0,255,255,255,0,0,0,0,64,191,255,255,255,255,255,255,255,128,0,0,128,255,255,64,0,0,0,64,255,255,255,255,255,128,128,128,255,191,0,0,128,255,255,0,0,0,0,191,255,255,255,128,0,0,0,0,255,255,0,0,255,255,255,0,0,0,191,255,255,191,64,0,0,0,0,191,255,255,0,64,255,255,191,0,0,64,255,255,128,0,0,0,0,64,128,255,255,128,0,64,255,255,128,0,0,255,255,128,0,0,0,64,191,255,255,255,191,0,0,0,128,255,255,191,128,255,255,191,128,128,255,255,255,255,255,191,0,0,0,0,0,191,255,255,255,255,255,255,255,255,255,255,255,255,64,0,0,0,0,0,0,0,191,255,255,255,255,255,255,255,191,128,128,0,0,0,0,0,0,0,0,0,0,0,128,128,191,255,191,128,0,0,0,0,0,0,0,0,0,0,0,0,0,0,0,0,0,0,0,0,0,0,0,0,0,0,0,0,6
0,0,0,0,0,0,0,0,0,0,0,0,0,0,0,0,0,0,0,0,0,0,0,0,0,0,0,0,0,0,0,0,0,0,0,0,0,0,0,0,0,0,0,0,0,0,0,0,80,193,5,0,0,0,0,0,0,0,13,186,0,0,0,0,0,0,0,0,162,253,19,0,0,0,0,0,0,0,111,253,0,0,0,0,0,0,0,71,241,198,6,0,0,0,0,0,0,71,241,253,0,0,0,0,0,0,68,246,227,43,0,0,0,0,0,0,53,246,242,87,0,0,0,0,0,16,217,254,99,0,0,0,0,0,0,53,195,254,121,0,0,0,0,0,0,197,254,135,0,0,0,0,0,0,19,201,254,173,0,0,0,0,0,2,118,250,245,53,0,0,0,0,0,2,167,253,245,15,0,0,0,0,0,50,253,253,88,0,0,0,0,0,0,118,253,240,108,0,0,0,0,0,10,175,253,222,44,40,21,0,0,0,47,235,253,109,0,0,0,0,0,0,59,253,253,253,253,254,226,195,142,98,231,253,253,131,0,0,0,0,0,0,23,185,254,254,254,255,254,254,254,254,255,254,254,254,171,0,0,0,0,0,0,3,39,54,173,234,233,195,251,253,254,191,135,46,9,0,0,0,0,0,0,0,0,0,0,0,0,55,247,253,183,12,0,0,0,0,0,0,0,0,0,0,0,0,0,0,0,130,253,237,8,0,0,0,0,0,0,0,0,0,0,0,0,0,0,0,53,235,237,58,0,0,0,0,0,0,0,0,0,0,0,0,0,0,0,0,140,254,154,0,0,0,0,0,0,0,0,0,0,0,0,0,0,0,0,35,232,216,25,0,0,0,0,0,0,0,0,0,0,0,0,0,0,0,0,186,216,84,0,0,0,0,0,0,0,0,0,0,4
0,0,0,0,172,254,254,254,254,255,240,122,22,0,0,0,0,0,0,0,0,0,0,0,179,240,215,215,229,254,253,253,234,79,0,0,0,0,0,0,0,0,0,0,5,37,0,0,21,56,105,188,253,242,78,0,0,0,0,0,0,0,0,0,0,0,0,0,0,0,0,4,134,253,234,0,0,0,0,0,0,0,0,0,0,0,0,0,0,0,0,0,6,236,234,0,0,0,0,0,0,0,0,0,0,0,0,0,0,0,0,0,6,236,234,0,0,0,0,0,0,0,0,0,0,0,72,178,143,85,73,35,169,253,202,0,0,0,0,0,0,0,0,0,0,0,150,253,253,254,251,248,253,253,50,0,0,0,0,0,0,0,0,0,0,0,22,118,200,225,229,253,253,253,103,0,0,0,0,0,0,0,0,0,0,0,0,0,0,0,10,69,159,246,248,56,0,0,0,0,0,0,0,0,0,0,0,0,0,0,0,0,0,152,254,191,3,0,0,0,0,0,0,0,0,0,0,0,0,0,0,0,0,41,232,253,23,0,0,0,0,0,0,0,0,0,0,0,0,0,0,0,0,0,113,253,103,0,0,0,0,0,0,0,0,0,0,0,0,0,0,0,0,0,113,253,103,0,0,0,0,0,0,0,0,0,0,0,0,0,0,0,0,9,208,253,16,0,0,0,0,15,145,0,0,0,0,0,0,0,0,0,13,132,253,183,2,0,0,0,0,134,231,13,0,0,0,0,0,0,45,124,228,253,246,78,0,0,0,0,0,197,253,129,0,0,13,57,57,175,249,253,253,221,78,0,0,0,0,0,0,175,243,246,216,216,224,253,253,254,178,130,68,17,0,0,0,0,0,0,0,0,72,211,253,253,232,159,159,66,7,0,0,0,0,0,0,0,0,0,3
0,0,0,0,0,0,3,63,252,254,254,183,0,0,0,0,0,0,0,0,0,0,0,0,0,0,9,254,254,243,142,243,159,39,0,0,0,0,0,0,0,0,0,0,0,0,98,254,254,109,0,198,182,11,0,0,0,0,0,0,0,0,0,0,0,2,162,254,254,18,0,26,12,0,0,0,0,0,0,0,0,0,0,0,0,23,254,254,198,5,0,0,0,0,0,0,0,0,0,0,0,0,0,0,0,23,254,254,32,0,0,0,0,2,29,0,0,0,0,0,0,0,0,0,23,201,254,200,2,0,64,146,161,161,162,107,32,0,0,0,0,0,0,0,36,254,252,130,0,128,252,254,254,254,254,254,207,29,0,0,0,0,0,0,36,254,250,43,189,252,254,254,236,145,121,219,254,140,0,0,0,0,0,0,79,254,254,224,254,254,254,217,46,0,0,12,237,233,24,0,0,0,0,0,195,254,254,254,254,254,144,10,0,0,0,0,233,252,46,0,0,0,0,18,229,254,254,254,254,211,9,0,0,0,0,2,233,243,35,0,0,0,0,0,215,254,254,254,254,47,0,0,0,0,0,68,254,242,34,0,0,0,0,0,215,254,254,254,161,1,0,0,0,0,0,154,254,214,0,0,0,0,0,0,164,254,254,236,43,0,0,0,0,1,114,243,254,132,0,0,0,0,0,0,126,254,254,169,0,0,0,0,3,139,254,254,246,74,0,0,0,0,0,0,85,254,254,238,149,168,206,206,146,254,254,247,86,0,0,0,0,0,0,0,35,247,254,254,254,254,254,254,254,241,181,49,0,0,0,0,0,0,0,0,0,34,79,165,222,254,175,154,71,0,0,0,0,0,0,0,0,0,0,0,0,0,0,0,0,0,0,0,0,0,0,0,0,0,0,0,6
0,0,0,0,0,0,0,0,0,0,0,0,0,0,0,0,0,0,0,0,0,0,0,0,0,0,0,0,0,0,150,200,254,255,211,22,0,0,0,0,0,0,0,0,0,0,0,7,80,221,252,254,254,254,254,205,34,0,0,0,0,0,0,0,0,0,32,198,254,254,254,254,254,254,254,254,229,21,0,0,0,0,0,0,0,6,161,254,254,254,243,196,196,196,220,254,254,209,0,0,0,0,0,0,0,107,254,254,235,133,36,0,0,0,106,254,254,249,0,0,0,0,0,0,0,189,254,254,70,0,0,0,0,0,30,124,254,249,0,0,0,0,0,0,0,216,254,202,2,0,0,0,0,0,26,215,254,249,0,0,0,0,0,0,0,209,254,225,27,0,0,0,0,64,173,254,251,193,0,0,0,0,0,0,0,121,254,254,212,82,5,5,82,212,254,254,184,0,0,0,0,0,0,0,0,16,195,254,254,254,241,241,254,254,233,115,7,0,0,0,0,0,0,0,0,0,17,163,254,254,254,254,254,176,28,0,0,0,0,0,0,0,0,0,0,0,0,147,254,254,254,254,254,143,0,0,0,0,0,0,0,0,0,0,0,67,208,253,250,210,210,213,254,250,102,0,0,0,0,0,0,0,0,0,28,212,250,131,49,0,0,3,189,254,148,0,0,0,0,0,0,0,0,0,153,254,167,0,0,0,0,5,196,254,148,0,0,0,0,0,0,0,0,0,241,217,16,0,0,0,0,117,254,254,148,0,0,0,0,0,0,0,0,0,250,208,0,0,0,2,187,243,254,234,53,0,0,0,0,0,0,0,0,0,224,245,95,68,147,192,254,254,208,85,0,0,0,0,0,0,0,0,0,0,141,254,254,254,254,254,247,141,40,0,0,0,0,0,0,0,8
0,0,0,0,0,0,0,0,0,0,0,0,0,0,137,254,254,99,0,0,0,0,0,0,0,0,0,0,0,0,0,0,0,109,252,254,157,3,0,0,0,0,0,0,0,0,0,0,0,0,0,0,110,251,254,128,4,0,0,0,0,0,0,0,0,0,0,0,0,0,0,68,235,246,84,4,0,0,0,0,0,0,0,0,0,0,0,0,0,0,46,236,254,95,0,0,0,0,0,0,0,0,0,0,0,0,0,0,0,30,215,254,155,6,0,0,0,0,0,0,0,0,0,0,0,0,0,0,29,228,254,197,22,0,0,0,0,0,0,0,0,0,0,0,0,0,0,11,207,254,215,21,0,0,0,0,0,0,0,0,0,0,0,0,0,0,0,173,254,246,45,0,0,0,0,0,0,0,0,0,0,0,0,0,0,0,77,249,246,58,0,0,0,0,0,0,0,0,0,0,0,0,0,0,0,43,243,254,91,0,0,43,162,207,99,0,0,0,0,0,0,0,0,0,9,222,254,159,6,6,147,245,254,254,240,28,0,0,0,0,0,0,0,0,117,254,247,23,6,156,254,254,254,254,254,60,0,0,0,0,0,0,0,0,242,254,149,0,154,254,254,196,208,254,243,35,0,0,0,0,0,0,0,0,242,254,62,113,246,254,254,181,254,252,125,0,0,0,0,0,0,0,0,0,174,254,237,247,254,254,254,254,202,78,0,0,0,0,0,0,0,0,0,0,20,125,246,254,254,246,171,88,14,0,0,0,0,0,0,0,0,0,0,0,0,0,233,254,187,11,0,0,0,0,0,0,0,0,0,0,0,0,0,0,0,0,75,237,58,0,0,0,0,0,0,0,0,0,0,0,0,0,0,0,0,0,0,0,0,0,0,0,0,0,0,0,0,0,0,0,6
0,0,0,0,0,0,0,0,0,0,73,232,47,0,0,0,0,0,0,0,0,0,0,0,0,0,0,0,0,0,197,252,108,0,0,0,0,0,0,0,0,0,0,0,0,0,0,0,0,0,217,252,108,0,0,0,0,0,0,0,0,0,0,0,0,0,0,0,0,63,237,252,108,0,0,0,0,0,0,0,0,0,0,0,0,0,0,0,0,109,252,252,108,0,0,0,0,0,0,0,0,0,0,0,0,0,0,0,0,109,252,220,15,0,0,0,0,0,0,0,0,0,0,0,0,0,0,0,0,109,252,215,0,0,0,0,0,0,0,0,0,0,0,0,0,0,0,0,0,109,252,215,0,0,0,0,0,0,0,0,0,0,0,0,0,0,0,0,0,171,253,217,0,0,0,0,0,0,0,0,0,0,0,0,0,0,0,0,0,253,252,132,0,0,0,0,0,0,0,0,0,0,0,0,0,0,0,0,0,149,252,112,0,0,0,0,0,0,0,0,0,0,0,0,0,0,0,0,0,109,252,71,0,0,0,0,0,0,0,0,0,0,0,0,0,0,0,0,0,255,253,217,0,0,0,0,0,0,0,0,0,0,0,0,0,0,0,0,0,253,252,215,0,0,0,0,0,0,0,0,0,0,0,0,0,0,0,0,0,253,252,241,78,0,0,0,0,0,0,0,0,0,0,0,0,0,0,0,0,253,252,252,108,0,0,0,0,0,0,0,0,0,0,0,0,0,0,0,0,255,253,253,108,0,0,0,0,0,0,0,0,0,0,0,0,0,0,0,0,128,252,252,190,0,0,0,0,0,0,0,0,0,0,0,0,0,0,0,0,109,252,226,31,0,0,0,0,0,0,0,0,0,0,0,0,0,0,0,0,47,232,132,0,0,0,0,0,0,0,0,1
0,0,0,0,0,0,0,0,0,0,0,0,0,9,215,186,13,0,0,0,0,0,0,0,0,0,0,0,0,0,0,0,0,93,254,246,57,0,0,0,0,0,0,0,0,0,0,0,0,0,0,0,20,244,254,132,0,0,0,0,0,0,0,0,0,0,0,0,0,0,0,0,106,254,254,54,0,0,0,0,0,0,0,0,0,0,0,0,0,0,0,30,244,254,223,7,0,0,0,0,0,0,0,0,0,0,0,0,0,0,0,98,254,254,60,0,0,0,0,0,0,0,0,0,0,0,0,0,0,0,34,234,254,243,39,0,0,0,0,0,0,0,0,0,0,0,0,0,0,0,138,254,254,112,0,0,0,0,0,0,0,0,0,0,0,0,0,0,0,16,208,254,234,7,0,0,0,0,0,0,0,0,0,0,0,0,0,0,0,195,254,254,163,0,0,0,0,0,0,0,0,0,0,0,0,0,0,0,32,241,254,221,33,0,0,0,0,0,0,0,0,0,0,0,0,0,0,26,173,254,254,153,0,0,0,0,0,0,0,0,0,0,0,0,0,0,0,75,254,254,242,41,0,0,0,0,0,0,0,0,0,0,0,0,0,0,5,195,254,254,113,0,0,0,0,0,0,0,0,0,0,0,0,0,0,0,70,254,254,234,43,0,0,0,0,0,0,0,0,0,0,0,0,0,0,0,147,254,254,56,0,0,0,0,0,0,0,0,0,0,0,0,0,0,0,0,228,254,219,13,0,0,0,0,0,0,0,0,0,0,0,0,0,0,0,35,240,254,108,0,0,0,0,0,0,0,0,0,0,0,0,0,0,0,0,0,228,254,59,0,0,0,0,0,0,0,0,0,0,0,0,0,0,0,0,0,90,254,59,0,0,0,0,0,0,0,0,0,0,0,1
0,0,0,0,0,45,120,161,161,162,161,161,161,255,220,211,161,162,195,114,0,0,0,0,0,178,253,253,253,207,206,206,139,140,206,206,173,207,156,71,0,0,0,95,182,254,253,192,171,34,0,0,0,0,0,0,0,0,0,0,0,0,17,190,253,254,119,13,0,0,0,0,0,0,0,0,0,0,0,0,0,0,17,57,229,151,9,0,0,0,0,0,0,0,0,0,0,0,0,0,0,0,0,116,253,122,47,47,47,47,5,0,0,0,0,0,0,0,0,0,0,0,0,108,253,254,253,253,253,254,211,199,116,24,11,0,0,0,0,0,0,0,0,15,128,69,69,69,69,69,86,169,253,254,215,101,0,0,0,0,0,0,0,0,0,0,0,0,0,0,0,0,0,26,189,254,186,26,0,0,0,0,0,0,0,0,0,0,0,0,0,0,0,0,5,73,240,214,29,0,0,0,0,0,0,0,0,0,0,0,0,0,0,0,0,0,34,211,211,30,0,0,0,0,102,68,0,0,0,0,0,0,0,0,0,0,0,69,245,213,0,0,0,100,203,0,0,0,0,0,0,0,0,0,0,0,0,0,114,254,0,0,0,207,143,0,0,0,0,0,0,0,0,0,0,0,0,0,21,228,0,0,0,207,77,0,0,0,0,0,0,0,0,0,0,0,0,0,0,207,0,119,17,207,228,34,0,0,0,0,0,0,0,0,0,0,0,0,68,240,0,229,254,254,254,195,40,0,0,0,0,0,0,0,0,0,0,19,204,239,0,40,207,253,253,254,241,155,105,47,21,0,17,0,0,38,114,204,253,128,0,0,9,54,205,239,251,253,253,254,228,207,224,208,207,245,253,239,162,9,0,0,0,0,0,25,63,69,169,254,253,253,253,254,253,177,128,25,0,0,5
0,0,0,0,0,0,0,0,0,0,0,0,0,0,0,0,0,0,0,0,0,0,0,0,0,0,0,0,0,0,0,0,0,0,0,0,0,0,0,0,0,0,0,0,0,0,0,0,0,0,0,0,0,0,0,0,0,0,0,0,0,0,0,0,0,0,0,0,0,0,2,11,11,50,77,101,11,11,11,7,0,0,0,0,0,45,65,65,159,165,182,253,254,253,253,254,253,254,254,218,0,0,0,0,73,243,254,254,254,238,234,234,171,134,200,251,254,254,254,254,0,0,0,0,220,253,253,254,253,60,0,0,0,0,0,70,103,246,254,240,0,0,0,0,69,153,227,253,253,235,106,0,0,0,21,90,237,254,231,202,0,0,0,0,0,0,20,197,253,254,240,109,21,130,231,254,227,116,18,0,0,0,0,0,0,0,0,5,70,182,253,248,243,253,253,208,39,0,0,0,0,0,0,0,0,0,0,0,15,217,254,254,254,242,60,7,0,0,0,0,0,0,0,0,0,0,38,183,250,254,253,253,254,43,0,0,0,0,0,0,0,0,0,0,1,65,230,253,251,134,49,173,254,81,0,0,0,0,0,0,0,0,0,39,154,254,223,122,43,0,0,144,239,67,0,0,0,0,0,0,0,0,94,240,254,184,20,0,0,0,23,211,197,3,0,0,0,0,0,0,0,16,189,253,146,27,0,0,0,0,117,253,146,13,0,0,0,0,0,0,0,153,254,172,18,0,0,0,0,57,201,190,11,0,0,0,0,0,0,0,0,255,253,89,0,0,0,0,60,236,187,15,0,0,0,0,0,0,0,0,0,215,254,241,148,106,87,134,200,189,49,0,0,0,0,0,0,0,0,0,0,86,238,254,254,254,254,223,109,15,0,0,0,0,0,0,0,0,0,0,8
0,0,0,0,0,0,0,0,0,0,0,0,0,0,0,0,0,0,0,0,0,0,0,0,0,4,13,117,184,253,255,242,116,13,99,167,213,132,76,0,0,0,0,0,47,175,252,252,252,252,253,252,252,252,252,252,252,252,206,18,0,0,6,118,225,252,252,252,219,158,96,168,252,252,243,158,245,252,252,131,0,5,78,252,252,252,213,101,8,0,0,25,252,252,169,14,214,252,252,51,0,111,252,252,238,157,14,0,0,0,0,7,184,252,72,102,252,252,174,4,10,227,252,252,100,0,0,0,0,0,0,0,55,214,69,210,252,252,110,0,53,252,252,172,14,0,0,0,0,0,0,0,0,39,182,252,252,133,5,0,29,252,252,205,28,0,0,0,0,0,0,0,14,184,252,252,252,36,0,0,7,206,252,252,149,109,21,0,0,0,0,11,129,252,252,221,46,4,0,0,0,18,149,252,252,252,243,241,131,121,6,191,252,252,252,123,0,0,0,0,0,0,0,81,207,241,251,253,253,253,255,253,253,222,35,0,0,0,0,0,0,0,0,0,0,0,88,153,250,252,253,252,252,157,7,0,0,0,0,0,0,0,0,0,0,0,13,140,243,252,253,252,252,252,98,9,0,0,0,0,0,0,0,0,0,14,174,252,252,229,84,152,234,252,252,140,0,0,0,0,0,0,0,0,15,173,252,252,145,38,0,0,71,252,252,197,12,0,0,0,0,0,0,0,152,252,252,87,6,0,0,0,19,212,252,231,34,0,0,0,0,0,0,0,181,252,252,36,0,0,0,49,109,252,252,180,0,0,0,0,0,0,0,0,135,252,252,222,217,217,218,237,252,252,252,133,0,0,0,0,0,0,0,0,6,116,232,252,252,252,253,252,252,252,145,6,0,0,0,0,8
0,0,0,0,0,0,0,0,0,70,190,255,76,0,0,0,0,0,0,0,0,0,0,0,0,0,0,0,82,247,252,253,190,11,0,0,0,0,0,0,0,0,0,0,0,0,0,86,243,252,252,253,252,110,94,199,226,121,0,0,0,0,0,0,0,22,178,240,252,252,252,253,252,252,252,252,252,246,199,34,0,0,0,0,22,186,252,252,252,252,252,253,252,252,252,252,252,252,252,211,0,0,0,0,109,252,252,252,252,252,252,253,252,252,252,252,252,252,252,248,0,0,0,0,213,252,252,252,252,252,252,213,155,79,79,79,79,176,252,252,0,0,0,144,238,252,252,252,249,218,93,0,0,0,0,0,0,15,193,252,0,0,13,228,252,252,252,221,95,0,0,0,0,0,0,0,0,0,160,252,0,0,240,252,252,252,224,38,0,0,0,0,0,0,0,0,0,22,208,252,0,121,253,253,215,165,66,0,0,0,0,0,0,0,0,0,26,211,253,253,0,176,252,212,29,4,4,0,0,0,0,0,0,0,34,107,208,252,252,252,0,253,252,39,0,0,0,0,0,0,0,0,90,94,214,252,252,252,252,247,0,253,252,26,0,0,0,0,0,0,0,144,250,252,252,252,252,252,243,163,0,253,195,12,0,0,0,0,8,144,200,253,252,252,252,252,252,241,165,0,0,253,252,74,54,54,152,186,193,252,252,253,252,252,252,238,198,97,0,0,0,253,252,252,252,252,252,252,252,252,252,253,252,252,218,86,0,0,0,0,0,253,252,252,252,252,252,252,252,252,252,240,169,93,15,0,0,0,0,0,0,169,251,252,252,252,252,252,252,244,238,56,0,0,0,0,0,0,0,0,0,0,169,252,252,252,252,160,119,50,0,0,0,0,0,0,0,0,0,0,0
0,0,0,0,0,0,0,39,139,253,131,29,0,0,0,0,0,0,0,0,0,0,0,0,0,0,29,239,252,252,253,231,86,0,0,0,0,0,0,0,0,0,0,0,0,0,94,252,252,252,253,252,242,42,0,0,0,0,0,0,0,0,0,0,0,0,142,247,252,252,253,252,252,170,37,0,0,0,0,0,0,0,0,0,0,0,0,92,191,103,42,156,252,252,147,0,0,0,0,0,0,0,0,0,0,0,0,0,0,0,0,85,253,253,209,0,0,0,0,0,0,0,0,0,0,0,0,0,0,0,0,85,252,252,217,0,0,0,0,0,0,0,0,0,0,0,0,0,0,0,0,94,252,252,147,0,0,0,0,0,0,0,0,0,0,0,0,0,0,0,0,190,252,252,121,0,0,0,0,0,0,0,0,0,0,0,0,0,0,0,18,216,252,252,42,0,0,0,0,0,0,0,0,0,0,25,43,96,148,148,210,253,253,190,0,0,0,0,0,0,0,0,0,0,0,183,252,252,252,252,253,252,252,189,0,0,0,0,0,0,0,0,0,0,150,253,252,252,252,252,253,252,252,92,0,0,0,0,0,0,0,0,0,43,239,253,252,141,127,252,253,252,252,154,0,0,0,0,0,0,0,0,0,64,252,253,94,13,186,252,253,252,252,242,35,0,0,0,0,0,0,0,0,64,253,254,95,192,253,253,255,222,250,253,209,0,0,0,0,0,0,0,0,43,239,253,252,252,252,252,186,16,153,252,252,0,0,0,0,0,0,0,0,0,62,253,252,252,252,190,9,0,19,202,252,150,0,0,0,0,0,0,0,0,0,145,237,247,162,14,0,0,0,48,242,239,42,0,0,0,0,0,0,0,0,0,32,38,0,0,0,0,0,0,79,253,63,0,0,0,2
0,0,0,0,0,0,0,0,0,0,0,0,0,0,0,0,0,0,0,0,0,0,0,0,0,0,0,0,0,0,0,0,0,0,184,112,0,0,0,0,0,0,0,0,0,0,0,0,0,0,0,0,0,71,251,112,0,0,0,0,0,0,0,0,0,0,0,0,0,0,0,0,0,170,255,63,0,0,0,0,0,0,0,0,0,0,0,0,0,0,0,0,3,212,245,19,0,0,0,0,0,0,0,0,2,93,202,3,0,0,0,0,13,254,148,0,0,0,0,0,0,0,0,0,23,254,218,3,0,0,0,0,98,254,98,0,0,0,0,0,0,0,0,0,85,248,26,0,0,0,0,0,184,227,34,0,0,0,0,0,0,0,0,0,113,251,51,0,0,0,0,0,184,174,0,0,0,0,0,0,0,0,0,0,29,254,183,1,0,0,0,31,225,174,0,0,0,0,0,0,0,0,0,0,11,204,254,80,4,0,0,108,254,96,0,0,0,0,0,0,0,0,0,0,0,24,245,254,193,122,47,157,254,106,56,53,0,0,0,0,0,0,0,0,0,0,40,171,247,254,254,254,254,254,243,104,0,0,0,0,0,0,0,0,0,0,0,0,42,149,172,254,251,101,28,0,0,0,0,0,0,0,0,0,0,0,0,0,0,0,32,254,160,0,0,0,0,0,0,0,0,0,0,0,0,0,0,0,0,0,32,254,74,0,0,0,0,0,0,0,0,0,0,0,0,0,0,0,0,0,83,254,71,0,0,0,0,0,0,0,0,0,0,0,0,0,0,0,0,0,135,254,71,0,0,0,0,0,0,0,0,0,0,0,0,0,0,0,0,0,211,254,71,0,0,0,0,0,0,0,0,0,0,0,0,0,0,0,0,0,211,254,68,0,0,0,0,0,0,0,4
0,0,0,0,0,0,0,0,0,0,0,102,251,176,3,0,0,0,0,0,0,0,0,0,0,0,0,0,0,0,0,226,252,172,0,0,0,0,0,0,0,0,0,0,0,0,0,0,0,0,0,240,173,27,0,0,0,0,0,0,0,0,0,0,0,0,0,0,0,0,130,249,158,0,0,0,0,0,0,0,0,0,0,0,0,0,0,0,0,99,253,252,130,0,0,0,0,0,0,0,0,0,0,0,0,0,0,0,3,152,253,235,22,0,0,0,0,0,0,0,0,0,0,0,0,0,0,0,28,252,253,61,0,0,0,0,0,0,0,0,0,0,0,0,0,0,0,16,208,252,247,12,0,0,0,0,0,0,0,0,0,0,0,0,0,0,0,27,252,252,133,0,0,0,0,0,0,0,0,0,0,0,0,0,0,0,0,91,253,253,255,253,204,83,0,0,0,0,0,0,0,0,0,0,0,0,17,199,252,252,253,252,252,248,50,0,0,0,0,0,0,0,0,0,0,0,90,252,252,202,26,152,242,252,53,0,0,0,0,0,0,0,0,0,0,0,173,252,241,19,0,34,235,226,36,0,0,0,0,0,0,0,0,0,0,0,173,252,133,0,0,212,252,172,0,0,0,0,0,0,0,0,0,0,0,40,231,232,28,0,118,249,232,66,0,0,0,0,0,0,0,0,0,0,0,54,252,225,0,92,253,252,158,0,0,0,0,0,0,0,0,0,0,0,0,48,243,242,90,208,253,226,72,0,0,0,0,0,0,0,0,0,0,0,0,0,173,252,252,252,247,12,0,0,0,0,0,0,0,0,0,0,0,0,0,0,82,203,252,181,63,0,0,0,0,0,0,0,0,0,0,0,0,0,0,0,0,0,0,0,0,0,0,0,0,0,0,0,0,0,6
0,0,0,0,0,0,0,0,141,235,189,27,0,0,0,0,0,0,0,0,0,0,0,0,0,0,0,91,251,254,254,158,4,0,0,0,0,0,0,0,0,0,0,0,0,0,0,223,254,254,254,254,96,0,0,0,0,0,0,0,0,0,0,0,0,0,0,51,223,217,254,254,37,0,0,0,0,0,0,0,0,0,0,0,0,0,0,0,14,219,254,170,5,0,0,0,0,0,0,0,0,0,0,0,0,0,48,5,154,254,255,92,0,0,0,0,0,0,0,0,0,0,0,0,0,0,144,218,238,254,182,7,0,0,0,0,0,0,0,0,0,0,0,0,0,0,11,193,254,244,36,0,0,0,0,0,0,0,0,0,0,0,0,0,0,0,0,145,254,250,64,0,0,0,0,0,0,0,0,0,0,0,0,0,0,0,0,210,254,254,228,33,0,0,0,0,0,0,0,0,0,0,0,0,0,0,0,237,254,94,182,171,32,0,0,0,0,0,0,0,0,0,0,0,0,0,0,236,246,43,7,134,220,40,0,0,0,0,0,0,0,0,0,0,0,0,0,236,217,0,0,0,145,223,41,0,0,0,0,0,0,0,0,0,0,0,0,236,217,0,0,0,12,186,152,6,0,0,0,0,0,0,0,0,0,0,0,236,217,0,0,0,0,128,254,137,0,0,0,0,0,0,0,0,0,0,0,178,218,0,0,0,0,128,255,163,0,0,0,0,0,0,0,0,0,0,0,30,231,51,0,0,32,220,254,163,0,0,0,0,0,0,0,0,0,0,0,0,154,179,160,128,232,254,254,118,0,0,0,0,0,0,0,0,0,0,0,0,0,121,248,254,254,254,200,16,0,0,0,0,0,0,0,0,0,0,0,0,0,0,117,222,234,149,42,0,0,0,0,0,8
0,0,0,0,0,0,0,0,0,0,0,0,0,0,0,0,0,0,0,0,0,0,0,39,43,43,0,0,0,0,0,0,0,0,0,0,0,0,0,0,0,0,100,247,252,252,173,21,0,0,0,0,0,0,0,0,0,0,0,0,0,31,221,252,252,252,253,237,232,232,232,233,153,119,16,0,0,0,0,0,0,218,252,252,183,84,253,252,252,252,252,253,252,252,231,169,27,0,0,0,0,253,252,190,14,45,253,252,199,77,42,42,121,147,217,252,229,53,0,0,0,254,253,65,0,0,219,186,9,0,0,0,0,0,27,150,255,253,83,0,0,253,252,21,0,0,11,16,0,0,0,0,0,0,0,0,81,231,212,28,0,253,252,29,0,0,0,0,0,0,0,0,0,0,0,0,0,130,251,186,0,253,252,126,0,0,0,0,0,0,0,0,0,0,0,0,0,0,206,252,0,122,252,223,35,0,0,0,0,0,0,0,0,0,0,0,0,0,127,252,0,18,217,253,200,7,0,0,0,0,0,0,0,0,0,0,0,0,66,253,0,0,48,237,252,156,0,0,0,0,0,0,0,0,0,0,0,0,6,189,0,0,0,127,252,252,62,0,0,0,0,0,0,0,0,0,0,0,0,169,0,0,0,7,170,252,239,90,6,0,0,0,0,0,0,0,0,0,0,169,0,0,0,0,37,191,253,252,161,35,0,0,0,0,0,0,0,0,62,239,0,0,0,0,0,0,168,243,253,227,104,18,0,0,0,0,0,32,192,253,0,0,0,0,0,0,0,83,246,252,252,217,190,190,190,190,191,237,252,231,0,0,0,0,0,0,0,0,28,152,240,253,252,252,252,252,253,252,242,129,0,0,0,0,0,0,0,0,0,0,35,145,189,189,189,189,190,110,42,0,0
0,0,0,0,0,0,0,0,0,0,0,71,253,253,241,27,0,0,0,0,0,0,0,0,0,0,0,0,0,0,65,244,235,71,24,0,0,0,0,0,0,0,0,0,0,0,0,0,0,134,247,244,58,0,0,0,0,0,0,0,0,0,0,0,0,0,0,0,68,244,249,50,0,0,0,0,0,0,0,0,0,0,0,0,0,0,0,14,227,253,80,0,0,0,0,0,0,0,0,0,0,0,0,0,0,0,0,136,253,146,3,0,0,0,0,0,0,0,0,0,0,0,0,0,0,0,34,245,226,14,0,0,0,0,0,0,0,0,0,0,0,0,0,0,0,0,170,253,82,0,0,0,0,0,0,0,0,0,0,0,0,0,0,0,0,30,255,227,15,0,0,0,0,0,0,0,0,0,0,0,0,0,0,0,0,139,254,83,0,0,0,0,4,47,112,87,0,0,0,0,0,0,0,0,0,198,226,12,0,0,0,23,167,253,253,253,105,0,0,0,0,0,0,0,36,246,90,0,0,0,20,234,253,241,189,249,203,0,0,0,0,0,0,0,64,253,80,0,0,0,203,254,148,13,0,138,238,0,0,0,0,0,0,0,40,248,115,0,0,173,254,199,0,0,0,139,249,40,0,0,0,0,0,0,0,203,245,28,0,222,218,0,0,0,93,249,178,0,0,0,0,0,0,0,0,80,239,208,128,237,173,3,58,142,247,213,55,0,0,0,0,0,0,0,0,0,82,237,253,253,243,225,253,241,169,27,0,0,0,0,0,0,0,0,0,0,0,12,95,243,178,144,85,13,0,0,0,0,0,0,0,0,0,0,0,0,0,0,0,0,0,0,0,0,0,0,0,0,0,0,0,0,0,0,0,0,0,0,0,0,0,0,0,0,0,0,0,0,0,0,6
0,0,0,0,0,0,0,0,0,0,46,144,253,253,245,212,29,0,0,0,0,0,0,0,0,0,0,0,0,39,182,253,250,161,11,0,0,0,0,0,0,0,0,0,0,0,0,0,8,236,253,217,87,0,0,0,0,0,0,0,0,0,0,0,0,0,0,12,181,253,181,30,0,0,0,0,0,0,0,0,0,0,0,0,0,0,11,222,253,248,93,0,0,0,0,0,0,0,0,0,0,0,0,0,0,11,180,224,145,129,0,0,0,0,0,0,0,0,0,0,0,0,0,0,0,86,253,198,0,6,0,0,0,0,0,0,0,0,0,0,0,0,0,0,58,225,253,77,0,0,0,0,0,0,0,0,0,0,0,0,0,0,0,0,134,253,253,14,0,0,82,149,141,0,0,0,0,0,0,0,0,0,0,1,176,253,182,3,0,124,244,253,251,177,14,0,0,0,0,0,0,0,0,44,253,223,0,0,23,250,229,131,182,253,191,0,0,0,0,0,0,0,0,115,253,223,0,0,179,251,101,0,15,243,250,63,0,0,0,0,0,0,0,21,253,232,20,0,194,137,0,0,0,70,253,140,0,0,0,0,0,0,0,19,246,253,79,0,194,104,0,0,0,70,254,244,17,0,0,0,0,0,0,0,143,253,195,5,95,32,0,0,0,21,233,253,20,0,0,0,0,0,0,0,36,241,253,48,9,0,0,0,0,51,240,253,59,0,0,0,0,0,0,0,0,110,229,253,95,0,0,0,47,232,253,158,5,0,0,0,0,0,0,0,0,0,41,171,250,244,203,145,233,253,249,101,0,0,0,0,0,0,0,0,0,0,0,9,130,173,252,216,253,187,100,0,0,0,0,0,0,0,0,0,0,0,0,0,0,0,0,0,0,0,0,0,0,0,0,0,6
0,0,0,0,0,0,0,0,0,9,234,128,0,0,0,0,0,0,0,0,0,0,0,0,0,0,0,0,0,114,253,231,0,0,0,0,0,0,0,0,0,0,0,0,0,0,0,0,0,208,253,231,0,0,0,0,0,0,0,0,0,0,0,0,0,0,0,0,0,208,253,231,0,0,0,0,0,0,0,0,0,0,0,0,0,0,0,0,0,208,253,231,0,0,0,0,0,0,0,0,0,0,0,0,0,0,0,0,0,209,255,232,0,0,0,0,0,0,0,0,0,0,0,0,0,0,0,0,0,208,253,231,0,0,0,0,0,0,0,0,0,0,0,0,0,0,0,0,0,208,253,231,0,0,0,0,0,0,0,0,0,0,0,0,0,0,0,0,0,208,253,231,0,0,0,0,0,0,0,0,0,0,0,0,0,0,0,0,0,208,253,231,0,0,0,0,0,0,0,0,0,0,0,0,0,0,0,0,0,209,255,232,0,0,0,0,0,0,0,0,0,0,0,0,0,0,0,0,0,208,253,231,0,0,0,0,0,0,0,0,0,0,0,0,0,0,0,0,0,208,253,231,0,0,0,0,0,0,0,0,0,0,0,0,0,0,0,0,0,208,253,231,0,0,0,0,0,0,0,0,0,0,0,0,0,0,0,0,0,208,253,178,0,0,0,0,0,0,0,0,0,0,0,0,0,0,0,0,0,209,255,117,0,0,0,0,0,0,0,0,0,0,0,0,0,0,0,0,0,208,253,116,0,0,0,0,0,0,0,0,0,0,0,0,0,0,0,0,0,208,253,147,0,0,0,0,0,0,0,0,0,0,0,0,0,0,0,0,0,208,253,250,76,0,0,0,0,0,0,0,0,0,0,0,0,0,0,0,0,208,253,180,8,0,0,0,0,0,0,0,1
0,0,0,0,0,0,0,0,0,0,0,0,0,0,0,0,0,0,0,0,0,0,0,0,0,0,0,0,0,0,0,0,0,0,0,0,0,0,0,0,0,0,0,0,0,0,0,19,164,58,0,0,0,0,23,194,62,0,0,0,0,0,0,0,0,0,17,226,253,58,0,0,0,19,169,254,39,0,0,0,0,0,0,0,0,0,50,253,225,18,0,0,0,70,253,213,12,0,0,0,0,0,0,0,0,32,228,253,146,0,0,0,13,192,253,128,0,0,0,0,0,0,0,0,0,171,253,192,5,0,0,0,79,253,253,0,0,0,0,0,0,0,0,0,99,255,241,30,0,0,0,0,102,254,155,0,0,0,0,0,0,0,0,11,110,254,233,0,0,0,0,0,175,253,73,0,0,8,0,0,0,7,146,217,253,254,247,175,86,79,79,86,229,253,118,79,79,175,81,0,0,162,253,253,253,207,161,213,250,253,254,253,253,253,253,254,253,253,102,0,0,214,253,253,215,23,0,0,54,133,216,253,253,253,253,155,155,126,5,0,0,53,195,142,60,0,0,0,0,0,0,215,254,117,0,0,0,0,0,0,0,0,0,0,0,0,0,0,0,0,132,247,247,32,0,0,0,0,0,0,0,0,0,0,0,0,0,0,0,0,224,253,174,0,0,0,0,0,0,0,0,0,0,0,0,0,0,0,0,91,254,253,123,0,0,0,0,0,0,0,0,0,0,0,0,0,0,0,0,135,254,237,18,0,0,0,0,0,0,0,0,0,0,0,0,0,0,0,25,231,255,114,0,0,0,0,0,0,0,0,0,0,0,0,0,0,0,0,92,253,226,21,0,0,0,0,0,0,0,0,0,0,0,0,0,0,0,0,234,253,128,0,0,0,0,0,0,0,0,0,4
0,0,0,0,0,0,0,0,0,0,0,0,0,0,0,0,0,0,0,0,0,0,0,0,0,0,0,0,0,0,0,0,0,0,0,0,0,0,0,0,0,0,0,0,0,0,0,0,0,0,0,0,0,0,0,0,0,9,128,145,0,0,0,0,0,0,0,13,6,0,0,0,0,0,0,0,11,109,252,184,0,0,0,0,0,0,0,28,12,96,169,81,0,0,0,0,96,252,164,48,0,0,0,0,0,0,0,0,0,229,252,35,0,0,0,73,235,232,27,0,0,0,0,0,0,0,0,0,28,204,123,0,0,0,14,201,231,62,0,0,0,0,0,0,0,0,0,0,194,104,0,0,0,0,89,252,180,0,0,0,0,0,0,0,0,0,0,33,102,4,0,0,0,32,241,252,76,0,0,0,0,0,0,0,0,0,118,51,4,0,0,0,63,187,252,252,234,229,229,229,0,0,70,138,218,207,180,3,105,121,121,242,247,252,252,223,166,154,28,11,0,7,202,253,253,253,253,253,253,248,241,255,253,252,218,35,0,0,0,0,0,24,252,252,252,252,234,187,108,62,12,253,250,137,0,0,0,0,0,0,0,208,252,252,228,129,23,0,0,0,138,253,153,0,0,0,0,0,0,0,0,253,224,129,28,0,0,0,0,73,248,245,36,0,0,0,0,0,0,0,0,72,31,0,0,0,0,0,0,137,252,127,0,0,0,0,0,0,0,0,0,0,0,0,0,0,0,0,109,247,217,0,0,0,0,0,0,0,0,0,0,0,0,0,0,0,0,0,217,252,92,0,0,0,0,0,0,0,0,0,0,0,0,0,0,0,0,0,217,158,2,0,0,0,0,0,0,0,0,0,0,0,0,0,0,0,0,0,20,14,0,0,0,0,0,0,0,0,0,0,4
0,0,0,0,0,0,0,0,0,0,0,0,0,0,48,191,255,203,7,0,0,0,0,0,0,0,0,0,0,0,0,0,7,57,172,252,247,196,43,0,0,0,0,0,0,0,0,0,0,0,0,0,104,252,252,252,50,0,0,0,0,0,0,0,0,0,0,0,0,0,0,201,253,252,252,202,51,0,0,0,0,0,0,0,0,0,0,0,0,26,223,253,254,234,235,253,179,10,0,0,0,0,0,0,0,0,0,0,45,169,234,227,134,28,66,246,253,84,0,0,0,0,0,0,0,0,0,38,229,252,252,103,0,0,0,187,253,171,0,0,0,0,0,0,0,0,0,163,253,252,164,15,0,0,0,63,253,246,100,0,0,0,0,0,0,7,204,253,239,88,0,0,0,0,0,51,242,253,56,0,0,0,0,0,7,150,252,252,125,0,0,0,0,0,0,0,216,252,56,0,0,0,0,0,29,252,252,164,0,0,0,0,0,0,0,0,253,252,94,0,0,0,0,0,229,252,214,28,0,0,0,0,0,0,0,51,253,252,68,0,0,0,0,176,254,222,25,0,0,0,0,0,0,0,48,241,254,134,0,0,0,0,82,243,247,103,0,0,0,0,0,0,7,57,172,252,222,65,0,0,0,0,147,252,225,0,0,0,0,0,0,0,66,252,252,252,76,0,0,0,0,0,197,252,125,0,0,0,0,0,38,163,241,252,214,90,0,0,0,0,0,57,253,253,63,0,0,13,29,104,178,253,251,150,25,0,0,0,0,0,0,95,240,252,156,169,169,206,253,252,252,252,75,0,0,0,0,0,0,0,0,0,197,252,253,252,252,252,244,168,130,56,0,0,0,0,0,0,0,0,0,0,59,190,253,252,252,151,25,0,0,0,0,0,0,0,0,0,0,0,0
0,0,0,0,0,0,0,53,242,111,6,0,0,0,0,0,0,0,0,0,0,0,0,0,0,0,0,160,181,6,0,0,0,0,0,0,0,0,0,0,0,0,0,0,0,0,75,254,93,0,0,0,0,0,0,0,0,0,0,0,0,0,0,0,0,0,134,209,0,0,0,0,0,0,0,0,0,0,0,0,0,0,0,0,0,28,225,125,0,0,0,0,0,0,0,0,0,0,0,0,0,0,0,0,0,104,239,40,0,0,0,0,0,0,0,0,0,0,0,0,0,0,0,0,0,188,174,0,0,0,0,0,0,0,0,0,0,0,0,0,0,0,0,0,0,223,125,0,0,0,0,0,0,0,0,0,0,0,0,0,0,0,0,0,48,254,96,0,0,0,0,0,0,0,0,0,0,0,0,0,0,0,0,0,42,250,129,0,0,0,0,0,0,59,127,191,191,186,63,0,0,0,0,0,0,208,174,0,0,0,0,30,108,242,230,206,131,240,207,0,0,0,0,0,0,143,174,0,0,0,101,237,254,146,31,0,0,220,222,0,0,0,0,0,0,69,249,50,35,184,252,154,41,4,0,0,50,254,123,0,0,0,0,0,0,40,249,145,190,232,95,0,0,0,0,0,214,244,20,0,0,0,0,0,0,0,144,255,250,86,0,0,0,0,0,68,250,134,0,0,0,0,0,0,0,0,40,255,203,24,0,0,0,0,39,238,214,0,0,0,0,0,0,0,0,0,0,165,254,238,178,143,89,158,238,238,31,0,0,0,0,0,0,0,0,0,0,6,26,134,219,254,255,194,110,22,0,0,0,0,0,0,0,0,0,0,0,0,0,0,0,0,0,0,0,0,0,0,0,0,0,0,0,0,0,0,0,0,0,0,0,0,0,0,0,0,0,0,0,0,6
0,0,0,0,0,0,0,0,0,0,132,240,252,244,81,0,0,0,0,0,0,0,0,0,0,0,0,0,0,76,243,252,252,175,0,0,0,0,0,0,0,0,0,0,0,0,0,0,0,204,253,253,253,51,0,0,0,0,0,0,0,0,0,0,0,0,0,0,26,253,252,252,177,0,0,0,0,0,0,0,0,0,0,0,0,0,0,29,210,253,252,186,31,0,0,0,0,0,0,0,0,0,0,0,0,0,0,185,252,253,252,118,0,0,0,0,0,0,0,0,0,0,0,0,0,4,128,253,253,251,75,0,0,0,0,0,0,0,0,0,0,0,0,0,0,54,252,252,252,175,0,0,0,0,0,0,0,0,0,0,0,0,0,0,0,229,252,252,214,0,0,0,0,0,0,0,0,0,0,0,0,0,0,0,151,253,252,252,139,0,0,0,0,0,0,0,0,0,0,0,0,0,0,85,253,254,253,168,0,0,0,0,0,0,0,98,253,126,0,0,0,0,0,85,252,253,252,93,0,0,0,0,0,70,169,234,252,244,82,0,0,0,0,172,252,253,121,13,0,0,0,29,134,253,252,252,252,253,196,0,0,0,0,197,252,253,84,0,0,0,76,210,252,253,252,252,252,253,96,0,0,0,0,198,253,254,253,128,29,154,253,253,253,254,253,253,253,251,75,0,0,0,0,122,252,253,252,252,252,253,252,252,252,253,252,208,196,75,0,0,0,0,0,19,193,253,252,252,252,253,252,224,168,106,56,13,0,0,0,0,0,0,0,0,13,153,252,252,252,253,151,19,0,0,0,0,0,0,0,0,0,0,0,0,0,0,0,0,0,0,0,0,0,0,0,0,0,0,0,0,0,0,0,0,0,0,0,0,0,0,0,0,0,0,0,0,0,0,0,0,6
0,0,0,0,0,0,0,0,0,0,0,0,0,0,0,0,0,0,0,0,0,0,0,0,0,0,0,0,0,78,254,255,226,39,0,0,0,0,0,0,0,0,0,0,0,0,0,0,79,235,253,253,253,149,0,0,0,0,0,0,0,0,0,0,0,0,0,0,33,224,253,253,223,33,0,0,0,0,0,0,0,0,0,0,0,0,0,0,0,217,253,253,215,0,0,0,0,0,0,0,0,0,0,0,0,0,0,0,0,217,253,253,215,0,0,0,0,0,0,0,0,0,0,0,0,0,0,0,125,246,253,253,61,0,0,0,0,0,0,0,0,0,0,0,0,0,0,0,151,253,253,253,27,0,0,0,0,0,0,0,0,0,0,0,0,0,0,0,151,253,253,253,27,0,0,0,0,0,0,0,0,0,0,0,0,0,0,0,151,253,253,253,27,0,0,0,0,0,0,0,0,0,0,0,0,0,0,0,151,253,253,253,27,0,0,0,0,0,0,0,0,0,0,0,0,0,0,0,151,253,253,253,27,0,0,0,0,0,0,0,0,0,0,0,0,0,0,0,151,253,253,253,27,0,0,0,0,0,0,0,0,0,0,0,0,0,0,0,151,253,253,253,27,0,0,0,0,0,0,0,0,0,0,0,0,0,0,0,151,253,253,253,27,0,0,0,0,0,0,0,0,0,0,0,0,0,0,0,11,219,253,253,202,0,0,0,0,0,0,0,0,0,0,0,0,0,0,0,0,217,253,253,215,0,0,0,0,0,0,0,0,0,0,0,0,0,0,0,0,217,253,253,215,0,0,0,0,0,0,0,0,0,0,0,0,0,0,0,146,252,253,253,33,0,0,0,0,0,0,0,0,0,0,0,0,0,0,0,151,253,253,253,27,0,0,0,0,0,0,0,1
0,0,0,0,0,0,0,0,0,0,0,0,0,0,0,0,0,0,0,0,0,0,0,0,0,65,0,33,125,125,125,144,254,254,254,254,181,0,0,0,0,0,0,0,211,251,248,249,253,253,253,253,253,253,253,253,253,121,0,0,0,0,0,0,54,142,174,253,227,142,142,55,12,37,253,253,250,70,0,0,0,0,0,0,0,0,6,19,15,0,0,0,85,237,253,248,78,0,0,0,0,0,0,0,0,0,0,0,0,21,99,185,244,253,253,190,0,0,0,0,0,0,0,0,0,0,0,24,122,228,253,253,253,197,85,14,0,0,0,0,0,0,0,0,29,85,189,225,253,253,253,253,225,15,0,0,0,0,0,0,0,0,0,0,59,239,253,253,253,253,253,253,247,195,73,0,0,0,0,0,0,0,0,0,0,149,218,181,181,181,181,181,228,253,249,125,0,0,0,0,0,0,0,0,0,0,30,0,0,0,0,0,38,145,253,243,30,0,0,0,0,0,0,0,0,0,0,0,0,0,0,0,0,21,229,253,214,0,0,0,0,0,0,0,0,0,0,0,0,0,0,0,0,0,150,253,247,0,0,0,0,0,0,0,0,0,0,0,0,0,0,0,0,5,169,253,247,0,0,0,0,0,0,0,0,0,0,0,0,0,0,0,43,178,253,253,226,0,0,0,0,0,0,0,0,0,0,0,0,24,33,121,221,253,253,235,102,0,0,0,0,0,0,0,0,0,8,27,57,226,253,253,253,253,228,42,0,0,0,0,0,0,0,8,20,128,179,253,253,253,253,253,251,234,96,0,0,0,0,0,143,143,143,183,253,253,253,253,253,250,240,152,96,0,0,0,0,0,0,0,253,253,253,253,253,248,247,213,117,93,0,0,0,0,0,0,0,0,0,0,3
0,0,0,0,0,0,0,0,0,0,0,0,0,0,0,0,0,0,0,0,0,0,0,0,0,0,0,0,0,0,15,17,12,0,0,0,0,0,0,0,0,0,0,0,0,0,0,0,0,60,240,253,205,107,66,0,0,0,0,0,0,0,0,0,0,0,0,17,33,154,253,253,253,253,167,9,0,0,0,0,0,0,0,0,0,0,0,124,253,253,253,253,253,253,253,65,0,0,0,0,0,0,0,0,0,21,177,233,253,135,40,140,220,253,253,223,117,0,0,0,0,0,0,0,0,107,253,253,135,51,0,0,83,253,253,253,138,0,0,0,0,0,0,0,5,144,253,141,4,0,0,0,83,253,253,253,242,44,0,0,0,0,0,0,108,163,253,129,0,0,0,0,83,253,253,253,253,48,0,0,0,0,0,89,251,249,221,4,0,0,0,51,244,253,253,253,253,48,0,0,0,0,0,96,253,253,109,0,0,0,3,159,253,253,253,253,174,16,0,0,0,0,0,190,253,253,56,0,0,55,138,253,253,253,253,243,85,0,0,0,0,0,0,213,241,133,51,13,25,150,253,253,253,253,253,106,0,0,0,0,0,0,0,254,244,67,15,182,253,253,253,253,253,253,208,35,0,0,0,0,0,0,0,255,253,233,211,253,253,253,253,253,253,114,30,0,0,0,0,0,0,0,0,169,253,253,253,253,253,253,253,253,210,39,0,0,0,0,0,0,0,0,0,70,199,253,253,253,253,253,201,95,22,0,0,0,0,0,0,0,0,0,0,0,7,167,253,253,128,106,10,0,0,0,0,0,0,0,0,0,0,0,0,0,0,7,15,15,3,0,0,0,0,0,0,0,0,0,0,0,0,0,0,0,0,0,0,0,0,0,0,0,0,0,0,0,0,0,0,0,0
0,0,0,0,0,0,0,0,0,0,0,0,0,0,0,0,0,0,0,0,0,0,0,0,0,0,0,0,0,0,0,0,0,0,0,0,0,0,0,0,0,0,0,0,0,0,0,0,12,187,253,210,14,0,0,0,0,0,0,0,0,0,0,0,0,0,0,15,179,252,252,147,67,67,67,67,3,0,0,0,0,0,0,0,0,0,0,99,252,252,252,252,252,253,252,252,211,209,123,52,0,0,0,0,0,0,70,211,245,134,163,121,121,121,121,121,129,230,230,221,0,0,0,0,0,0,132,240,81,0,0,0,0,0,0,0,0,0,0,0,0,0,0,0,0,0,219,197,0,0,0,0,0,0,0,0,0,0,0,0,0,0,0,0,0,96,251,144,0,0,0,0,0,0,0,0,0,0,0,0,0,0,0,0,0,209,248,72,0,0,0,0,0,0,0,0,0,0,0,0,0,0,0,0,0,209,230,0,0,0,0,0,0,0,0,0,0,0,0,0,0,0,0,0,0,209,230,0,0,0,0,0,0,0,0,0,0,0,0,0,0,0,0,0,0,196,253,229,143,143,210,253,253,255,224,88,0,0,0,0,0,0,0,0,0,30,188,252,252,252,212,186,186,196,252,153,0,0,0,0,0,0,0,0,0,0,4,44,44,44,17,0,0,168,252,153,0,0,0,0,0,0,0,0,0,0,0,0,0,0,0,0,68,253,247,92,0,0,0,0,0,0,0,0,0,0,0,0,0,0,0,75,241,246,98,0,0,0,0,0,0,0,0,0,0,0,0,0,0,4,155,238,252,48,0,0,0,0,0,0,0,0,0,0,0,0,0,3,50,223,252,210,84,0,0,0,0,0,0,0,0,0,0,0,0,0,33,175,252,231,141,26,0,0,0,0,0,0,0,0,5
0,0,0,0,0,0,0,0,0,37,222,252,252,253,252,205,31,0,0,0,0,0,0,0,0,0,0,1,84,253,252,252,252,253,128,31,0,0,0,0,0,0,0,0,0,0,32,211,252,253,252,252,252,83,0,0,0,0,0,0,0,0,0,0,0,94,227,252,252,253,252,241,97,0,0,0,0,0,0,0,0,0,0,6,120,211,252,252,252,253,96,61,0,0,0,0,0,0,0,0,0,0,0,120,252,252,252,252,252,191,15,0,0,0,0,0,0,0,0,0,0,0,32,212,253,253,253,253,108,0,0,0,0,0,0,0,0,0,0,0,0,0,197,252,252,252,231,76,15,0,0,0,0,0,0,0,0,0,0,0,0,0,217,252,252,252,158,0,0,0,0,0,21,99,181,181,181,120,5,0,0,0,217,252,252,252,119,0,0,0,0,0,144,253,252,252,252,253,119,0,0,0,218,253,253,144,0,0,0,0,32,129,253,255,253,253,253,255,253,133,0,0,217,252,252,143,0,0,0,135,227,252,252,253,252,210,252,253,252,215,0,0,217,252,252,221,46,6,120,253,252,252,252,154,71,57,252,253,252,195,0,63,237,252,252,252,179,120,252,253,252,231,108,0,0,120,252,253,210,31,0,63,238,253,253,253,253,253,253,255,253,232,109,110,233,253,253,255,180,0,0,0,154,231,252,252,252,252,252,253,252,252,252,253,252,252,252,119,25,0,0,0,0,72,236,252,252,252,252,253,252,252,252,253,252,226,132,0,0,0,0,0,0,0,62,169,252,252,252,253,252,252,252,191,108,31,0,0,0,0,0,0,0,0,0,0,0,0,0,0,0,0,0,0,0,0,0,0,0,0,0,0,0,0,0,0,0,0,0,0,0,0,0,0,0,0,0,0,0,0,6
0,0,0,0,0,0,0,0,0,32,212,170,255,128,109,109,0,0,0,0,0,0,0,0,0,0,0,0,0,10,138,221,253,252,252,252,156,10,0,0,0,0,0,0,0,0,0,0,0,0,27,160,253,252,246,236,253,149,11,0,0,0,0,0,0,0,0,0,1,42,221,252,253,252,132,62,170,252,154,0,0,0,0,0,0,0,0,0,171,252,252,189,0,0,0,0,0,217,215,0,0,0,0,0,0,0,32,217,253,231,76,15,0,0,0,0,0,217,215,0,0,0,0,0,0,32,150,252,175,51,0,0,0,0,0,0,79,242,215,0,0,0,0,0,0,217,252,252,62,0,0,0,0,0,0,0,109,252,215,0,0,0,0,0,110,253,237,62,0,0,0,0,0,0,0,0,110,253,217,0,0,0,0,125,232,231,71,0,0,0,0,0,0,0,0,0,109,252,91,0,0,0,27,221,252,76,0,0,0,0,0,0,0,0,0,21,212,179,20,0,0,0,120,252,189,15,0,0,0,0,0,0,0,0,21,206,253,35,0,0,0,73,253,253,83,0,0,0,0,0,0,0,0,32,129,253,255,35,0,0,0,73,252,128,0,0,0,0,0,0,0,0,0,115,252,252,222,25,0,0,0,176,252,108,0,0,0,0,0,0,0,0,182,242,252,148,41,0,0,0,0,217,252,108,0,0,0,0,0,0,0,84,253,252,148,46,0,0,0,0,0,218,253,108,0,0,0,0,0,94,212,253,145,104,0,0,0,0,0,0,0,175,252,232,73,73,73,155,218,247,252,210,0,0,0,0,0,0,0,0,0,63,221,252,252,252,252,252,237,215,112,31,0,0,0,0,0,0,0,0,0,0,16,108,252,252,252,168,62,0,0,0,0,0,0,0,0,0,0,0,0
0,0,0,0,0,0,0,86,252,253,91,0,0,0,0,0,0,0,0,0,0,0,0,0,0,0,54,233,248,103,11,0,0,0,0,0,0,0,0,0,0,0,0,0,0,9,185,253,227,0,0,0,0,0,0,0,0,0,0,0,0,0,0,0,0,155,253,233,54,0,0,0,0,0,0,0,0,0,0,0,0,0,0,0,24,218,253,174,0,0,0,0,0,0,0,0,0,0,0,0,0,0,0,0,140,253,211,27,0,0,0,0,0,0,0,0,0,0,0,0,0,0,0,0,227,253,124,0,0,0,0,0,0,3,85,110,110,58,0,0,0,0,0,0,244,253,60,0,0,0,0,0,83,212,253,253,253,245,72,0,0,0,0,0,244,253,20,0,0,0,3,162,243,253,253,253,253,253,186,0,0,0,0,0,244,172,1,0,0,0,23,253,253,247,212,115,182,249,252,95,0,0,0,0,244,170,0,0,0,0,188,253,253,98,0,0,0,150,253,97,0,0,0,0,244,170,0,0,0,0,213,247,141,1,0,0,0,137,253,139,0,0,0,0,244,196,7,0,0,45,242,217,16,0,0,0,0,228,253,108,0,0,0,0,244,253,71,0,0,63,253,198,6,0,0,33,199,251,184,4,0,0,0,0,244,253,201,49,0,63,253,182,68,85,171,249,253,212,27,0,0,0,0,0,107,251,253,243,218,227,253,253,253,253,253,253,171,29,0,0,0,0,0,0,0,103,249,253,253,253,253,253,253,253,210,141,27,0,0,0,0,0,0,0,0,0,53,222,253,253,253,189,149,48,12,0,0,0,0,0,0,0,0,0,0,0,0,0,0,0,0,0,0,0,0,0,0,0,0,0,0,0,0,0,0,0,0,0,0,0,0,0,0,0,0,0,0,0,0,0,6
0,0,0,0,0,0,0,0,0,0,0,0,0,0,0,0,0,0,0,0,0,0,0,0,0,0,0,0,0,0,0,0,0,0,0,0,0,0,0,0,0,0,0,0,0,0,0,7,70,162,178,254,186,0,0,0,0,0,13,13,0,0,0,0,0,13,114,232,253,254,253,253,253,102,0,0,0,38,193,180,0,0,0,0,51,221,253,253,253,254,253,253,253,241,19,0,51,187,253,230,0,0,0,119,234,254,253,253,253,195,77,86,253,254,23,119,234,254,253,196,0,0,106,254,254,255,173,84,0,0,0,49,254,170,212,254,254,236,84,0,0,0,222,253,236,56,2,0,0,0,0,11,157,245,253,232,173,50,0,0,0,57,249,253,119,0,0,0,0,0,0,62,215,254,248,126,0,0,0,0,0,70,253,253,169,0,0,0,0,0,68,240,253,254,106,0,0,0,0,0,0,0,147,254,254,254,220,203,70,95,245,254,254,93,0,0,0,0,0,0,0,0,5,140,223,254,253,253,253,254,253,253,253,180,172,93,0,0,0,0,0,0,0,0,17,71,137,148,253,254,248,230,230,254,253,249,140,9,0,0,0,0,0,0,0,0,0,24,253,254,106,0,0,69,152,202,253,127,0,0,0,0,0,0,0,0,0,24,254,210,17,0,0,0,0,57,254,185,0,0,0,0,0,0,0,0,0,108,253,42,0,0,0,0,0,125,253,184,0,0,0,0,0,0,0,0,0,116,253,0,0,0,0,0,89,245,253,109,0,0,0,0,0,0,0,0,0,149,253,34,0,0,0,151,247,253,185,25,0,0,0,0,0,0,0,0,0,116,254,119,0,57,204,254,254,214,25,0,0,0,0,0,0,0,0,0,0,99,253,248,197,249,253,254,143,13,0,0,0,0,8
0,0,0,0,0,0,0,0,0,0,0,0,0,0,0,0,0,0,0,0,0,0,0,0,0,53,73,5,0,58,47,222,202,49,0,0,0,0,0,0,0,0,0,0,17,248,254,237,235,249,247,254,253,153,12,0,0,0,0,0,0,0,0,0,16,242,254,253,253,253,253,254,253,253,186,49,0,0,0,0,0,0,0,0,0,71,144,228,250,253,253,254,253,253,253,233,84,2,0,0,0,0,0,0,0,0,0,40,243,253,220,105,124,207,253,253,254,166,13,0,0,0,0,0,0,0,0,171,254,248,52,0,0,14,129,233,255,254,127,0,0,0,0,0,0,0,16,239,253,99,0,0,0,0,0,181,254,253,94,0,0,0,0,0,0,0,163,253,221,27,0,0,0,0,10,217,254,206,18,0,0,0,0,0,0,7,254,253,88,0,0,0,0,0,90,253,254,128,0,0,0,0,0,0,0,155,254,253,36,0,0,0,0,0,141,253,254,108,0,0,0,0,0,0,45,254,255,218,13,0,0,0,0,24,234,254,208,7,0,0,0,0,0,0,109,253,254,198,0,0,0,0,0,121,253,253,78,0,0,0,0,0,0,6,194,253,254,140,0,0,0,0,8,177,253,253,0,0,0,0,0,0,0,37,253,253,254,18,0,0,0,0,94,253,253,142,0,0,0,0,0,0,0,37,253,253,202,5,0,0,0,27,216,253,246,46,0,0,0,0,0,0,0,37,254,254,156,0,0,0,27,222,254,254,177,0,0,0,0,0,0,0,0,121,253,253,91,0,0,115,216,254,253,167,10,0,0,0,0,0,0,0,0,49,253,253,231,133,140,245,253,254,225,63,0,0,0,0,0,0,0,0,0,8,210,253,254,253,253,253,253,183,43,0,0,0,0,0,0,0,0
0,0,0,0,0,0,0,0,51,118,229,255,240,51,0,0,0,0,0,0,0,0,0,0,0,0,0,0,162,253,253,253,253,242,166,5,0,0,0,0,0,0,0,0,0,0,5,146,252,253,253,253,253,253,253,54,0,0,0,0,0,0,0,0,0,0,14,253,253,253,253,243,198,229,253,228,26,0,0,0,0,0,0,0,0,0,33,253,253,253,188,66,0,127,253,253,127,0,0,0,0,0,0,0,0,29,212,253,253,248,45,0,0,15,253,253,175,3,0,0,0,0,0,0,0,172,253,253,253,93,0,0,0,144,253,253,253,54,0,0,0,0,0,0,24,207,253,253,145,1,0,0,0,7,197,253,253,188,0,0,0,0,0,0,104,253,253,253,95,0,0,0,0,0,81,249,253,191,0,0,0,0,0,21,209,253,253,218,5,0,0,0,0,0,0,241,253,242,61,0,0,0,0,76,253,253,243,33,0,0,0,0,0,0,0,241,253,208,20,0,0,0,0,76,253,253,239,0,0,0,0,0,0,0,0,241,253,198,9,0,0,0,0,76,253,253,239,0,0,0,0,0,0,0,0,241,253,251,73,0,0,0,0,76,253,253,239,0,0,0,0,0,0,0,0,241,253,191,0,0,0,0,0,76,253,253,164,0,0,0,0,0,0,3,170,253,219,39,0,0,0,0,0,76,253,253,239,0,0,0,0,0,9,162,253,253,170,0,0,0,0,0,0,58,238,253,250,128,36,0,0,72,205,253,253,228,55,0,0,0,0,0,0,0,87,240,253,253,221,179,179,233,253,253,233,51,0,0,0,0,0,0,0,0,0,158,245,253,253,253,253,253,251,154,49,0,0,0,0,0,0,0,0,0,0,0,70,186,253,253,253,152,104,0,0,0,0,0,0,0,0
0,0,0,0,0,0,0,0,0,0,0,0,0,0,0,0,0,0,0,0,0,0,0,0,0,0,0,0,0,0,0,0,0,0,0,0,0,0,0,0,0,0,0,0,0,0,103,125,29,93,151,255,254,238,125,51,0,0,0,0,0,0,0,0,43,161,252,253,249,252,253,253,253,253,253,240,51,0,0,0,0,0,157,241,246,253,253,253,253,253,230,142,142,156,253,253,110,0,0,0,0,104,252,253,253,218,149,149,48,19,15,0,0,33,253,253,110,0,0,0,0,178,162,106,139,37,0,0,0,0,0,0,0,84,253,246,68,0,0,0,0,14,3,0,0,0,0,0,0,0,0,0,35,242,253,234,0,0,0,0,0,0,0,0,0,0,0,0,0,0,0,0,84,253,253,190,0,0,0,0,0,0,0,0,0,0,0,0,0,0,0,79,239,253,191,19,0,0,0,0,0,0,0,0,0,0,0,0,0,0,0,176,253,253,97,0,0,0,0,0,0,0,0,0,0,0,0,0,0,0,14,196,253,228,22,0,0,0,0,0,0,0,0,0,0,0,19,59,59,59,166,253,253,245,109,24,0,0,0,0,0,0,0,0,19,97,204,253,253,253,253,253,253,253,207,29,0,0,0,0,0,0,0,0,158,253,253,253,253,253,253,253,223,124,30,0,0,0,0,0,0,0,0,0,31,151,84,84,84,210,253,253,84,0,0,0,0,0,0,0,0,0,0,0,0,0,0,0,9,197,253,207,30,0,0,0,0,0,0,0,0,0,0,0,0,0,0,0,79,253,253,78,0,0,0,0,0,0,0,0,0,0,0,0,0,0,0,16,200,253,249,72,0,0,0,0,0,0,0,0,0,0,0,0,0,0,5,205,253,250,124,0,0,0,0,0,0,0,0,0,7
0,0,0,0,0,0,0,0,0,0,0,0,0,0,0,0,0,0,0,0,0,0,0,0,0,0,0,0,0,0,0,0,0,0,0,0,0,0,0,0,0,0,0,0,0,0,0,0,0,0,0,0,0,0,0,0,0,0,0,0,0,0,0,0,0,0,21,125,23,64,163,189,150,37,0,0,0,0,0,0,0,0,0,0,0,0,189,253,238,249,253,254,253,127,0,0,114,30,0,0,0,0,0,0,3,69,241,253,176,94,127,127,244,171,3,133,254,186,0,0,0,0,0,0,64,253,254,164,8,0,0,0,164,219,132,253,254,192,0,0,0,0,0,14,218,253,195,12,0,0,0,0,113,253,253,253,228,37,0,0,0,0,0,37,254,254,0,0,0,0,0,131,215,254,254,228,66,0,0,0,0,0,0,37,253,253,0,0,47,35,152,254,253,253,249,95,0,0,0,0,0,0,0,32,245,253,218,185,248,240,253,254,253,253,143,0,0,0,0,0,0,0,0,0,199,253,254,246,179,119,100,254,253,185,12,0,0,0,0,0,0,0,0,0,96,227,163,53,11,0,181,254,233,81,0,0,0,0,0,0,0,0,0,0,0,0,0,0,0,45,254,255,83,0,0,0,0,0,0,0,0,0,0,0,0,0,0,0,0,193,253,212,8,0,0,0,0,0,0,0,0,0,0,0,0,0,0,0,90,245,240,58,0,0,0,0,0,0,0,0,0,0,0,0,0,0,0,20,230,253,162,0,0,0,0,0,0,0,0,0,0,0,0,0,0,0,0,72,243,253,129,0,0,0,0,0,0,0,0,0,0,0,0,0,0,0,0,145,254,216,26,0,0,0,0,0,0,0,0,0,0,0,0,0,0,0,16,233,253,93,0,0,0,0,0,0,0,0,0,0,9
0,0,0,0,0,0,0,0,0,0,0,0,0,0,35,108,108,108,97,0,0,0,0,0,0,0,0,0,0,0,0,0,0,85,215,253,253,253,177,72,0,0,0,0,0,0,0,0,0,0,0,39,208,249,253,253,236,151,15,0,0,0,0,0,0,0,0,0,0,40,138,227,253,253,232,151,42,0,8,29,0,0,0,0,0,0,0,9,138,226,253,254,253,205,66,0,0,0,42,79,0,0,0,0,0,0,9,145,253,253,253,235,86,8,0,0,0,0,161,242,0,0,0,0,0,22,145,253,253,252,155,49,0,0,0,0,0,0,161,253,0,0,0,0,54,231,253,253,230,101,0,0,0,0,0,0,0,0,83,253,0,0,0,50,235,253,253,253,93,0,0,0,0,0,0,0,0,0,27,253,0,0,0,229,254,254,229,42,0,0,0,0,0,0,0,0,0,0,27,183,0,0,159,252,253,132,10,0,0,0,0,0,0,0,0,0,0,0,70,191,0,0,241,253,181,6,0,0,0,0,0,0,0,0,0,0,0,15,195,253,0,103,251,253,130,0,0,0,0,0,0,0,0,0,0,0,60,179,253,206,0,121,253,179,9,0,0,0,0,0,0,0,0,61,180,201,240,253,246,78,0,191,253,229,145,54,54,54,54,54,54,118,187,247,253,253,242,178,59,0,0,38,245,253,253,253,253,253,253,253,253,255,253,253,240,177,63,0,0,0,0,0,145,236,253,253,253,253,253,252,226,228,226,107,64,0,0,0,0,0,0,0,0,40,107,107,107,107,107,101,0,0,0,0,0,0,0,0,0,0,0,0,0,0,0,0,0,0,0,0,0,0,0,0,0,0,0,0,0,0,0,0,0,0,0,0,0,0,0,0,0,0,0,0,0,0,0,0,0,0,0
0,0,0,0,0,0,0,0,0,0,0,0,0,0,0,0,0,0,0,0,0,0,0,0,0,0,0,0,0,0,0,0,173,254,74,0,0,0,0,0,0,0,0,0,0,0,0,0,0,0,0,15,242,216,6,0,0,0,0,0,0,0,0,0,0,0,0,0,0,0,0,109,253,155,0,0,0,0,0,0,0,0,0,0,0,0,0,0,0,0,0,134,253,60,0,0,0,0,0,0,0,0,0,0,0,120,14,0,0,0,0,156,249,42,0,0,0,0,0,0,0,0,0,0,98,255,111,0,0,0,4,215,243,18,0,62,0,0,0,0,0,0,0,0,136,254,45,0,0,0,30,253,238,0,36,211,0,0,0,0,0,0,0,0,149,254,45,0,0,0,57,253,243,126,239,79,0,0,0,0,0,0,0,0,149,248,37,0,0,0,105,253,253,245,99,0,0,0,0,0,0,0,0,0,193,241,27,0,0,0,148,253,249,81,0,0,0,0,0,0,0,0,0,0,216,255,45,20,79,223,255,254,112,0,0,0,0,0,0,0,0,0,0,0,149,254,217,238,253,235,236,253,89,0,0,0,0,0,0,0,0,0,0,0,31,151,238,212,116,11,179,253,67,0,0,0,0,0,0,0,0,0,0,0,0,0,0,0,0,0,236,253,76,0,0,0,0,0,0,0,0,0,0,0,0,0,0,0,0,0,254,218,6,0,0,0,0,0,0,0,0,0,0,0,0,0,0,0,0,0,255,194,0,0,0,0,0,0,0,0,0,0,0,0,0,0,0,0,0,0,254,171,0,0,0,0,0,0,0,0,0,0,0,0,0,0,0,0,0,0,254,124,0,0,0,0,0,0,0,0,0,0,0,0,0,0,0,0,0,0,196,119,0,0,0,0,0,0,0,0,4
0,0,0,0,0,0,0,0,0,0,0,0,0,0,0,0,0,0,0,0,0,0,0,0,0,0,0,0,0,0,0,0,0,0,0,0,0,0,0,0,0,0,0,0,2,94,220,254,254,254,254,254,192,133,117,36,47,3,0,0,0,0,0,0,107,253,253,253,253,253,253,253,254,253,253,253,253,136,17,0,0,0,0,16,217,253,253,253,253,253,253,253,254,253,253,253,253,253,221,40,0,0,0,25,253,253,253,253,253,253,253,207,206,233,253,253,253,253,253,221,0,0,38,188,253,253,253,253,253,253,89,4,0,42,147,204,253,253,253,253,0,0,32,72,226,253,253,253,253,207,13,0,0,0,0,35,233,253,253,253,0,0,0,0,100,253,253,253,253,253,122,0,0,0,0,0,182,253,253,253,0,0,0,10,194,253,253,253,174,53,21,0,0,0,0,0,182,253,253,253,0,0,0,25,253,253,253,187,5,0,0,0,0,0,0,0,182,253,253,114,0,0,0,140,253,253,253,180,0,0,0,0,0,0,18,144,250,253,253,36,0,0,0,146,254,254,254,181,0,0,0,0,0,0,101,255,254,254,204,17,0,0,0,145,253,253,253,180,0,0,0,0,0,26,212,253,253,246,43,0,0,0,0,145,253,253,253,163,0,0,0,0,2,161,253,253,253,163,0,0,0,0,0,145,253,253,253,60,0,0,0,0,174,253,253,253,189,20,0,0,0,0,0,145,253,253,253,89,0,0,27,119,254,253,253,242,55,0,0,0,0,0,0,145,253,253,253,180,0,28,208,253,254,253,243,89,0,0,0,0,0,0,0,145,253,253,253,205,86,207,253,253,254,204,87,0,0,0,0,0,0,0,0,42,253,253,253,253,253,253,253,253,203,67,0,0,0,0,0,0,0
0,0,0,0,0,0,0,0,0,0,0,0,0,0,0,0,0,0,0,0,0,0,0,0,0,0,0,0,0,0,0,0,0,0,0,0,0,0,0,0,0,0,0,0,0,0,0,0,0,0,0,0,0,0,0,0,0,0,0,0,0,0,0,0,0,0,0,0,0,0,0,12,34,1,0,0,0,0,0,0,0,0,0,0,0,0,15,168,223,156,188,232,249,223,223,223,220,151,151,151,0,0,0,0,0,0,12,65,115,212,241,254,254,254,254,254,254,254,254,254,0,0,0,0,0,0,0,5,72,4,18,25,25,25,25,25,25,25,25,25,0,0,0,0,0,0,75,133,213,4,0,0,0,0,0,0,0,0,0,0,0,0,0,0,10,149,250,243,67,0,0,0,0,0,0,0,0,0,0,0,0,0,0,0,149,254,213,40,0,0,0,0,0,0,0,0,0,0,0,0,0,0,0,0,204,254,84,0,0,0,0,0,0,0,0,0,0,0,0,0,0,0,0,0,105,254,247,40,0,0,0,0,0,0,0,0,0,0,0,0,0,0,0,0,12,181,254,224,65,0,0,0,0,0,0,0,0,0,0,0,0,0,0,0,0,1,156,254,247,120,0,0,0,0,0,0,0,0,0,0,0,0,0,0,0,0,0,153,254,249,70,0,0,0,0,0,0,0,0,0,0,0,0,0,0,0,0,2,117,254,205,4,0,0,0,0,0,0,0,0,0,0,0,0,0,0,0,0,29,246,254,45,0,0,0,0,0,0,0,0,0,0,0,0,0,0,0,0,4,218,254,78,0,0,0,0,0,0,0,0,0,0,0,0,0,0,0,0,71,254,207,5,0,0,0,0,0,0,0,0,0,0,0,0,0,0,5,99,248,245,70,0,0,0,0,0,0,0,0,0,5
0,0,0,0,0,0,0,0,0,0,0,0,0,0,0,0,0,0,0,0,0,0,0,0,0,0,9,13,3,0,0,0,0,0,0,0,0,0,0,0,0,0,0,0,3,100,217,252,170,28,0,0,0,0,0,0,0,0,0,0,0,0,0,0,42,252,252,226,158,41,0,0,0,0,0,0,0,0,0,0,0,0,0,3,165,252,220,24,0,0,42,49,49,170,169,169,169,169,169,169,0,0,0,99,252,252,238,181,181,181,242,252,252,253,252,252,252,252,252,232,0,0,0,167,252,252,252,252,252,252,252,252,252,215,180,180,156,60,60,40,0,0,0,253,252,125,48,48,48,48,48,48,48,23,0,0,0,0,0,0,0,0,0,253,243,59,0,0,0,0,0,0,0,0,0,0,0,0,0,0,0,0,0,253,228,0,0,0,0,0,0,0,0,0,0,0,0,0,0,0,0,0,0,253,239,46,0,0,0,0,0,0,0,0,0,0,0,0,0,0,0,0,0,255,253,253,172,47,13,13,13,2,0,0,0,0,0,0,0,0,0,0,0,114,242,252,252,252,252,252,252,154,145,83,25,21,0,0,0,0,0,0,0,0,55,113,216,242,252,252,252,252,252,253,252,238,70,0,0,0,0,0,0,0,0,0,0,60,84,84,84,84,199,207,252,252,236,48,0,0,0,0,0,0,0,0,0,0,0,0,0,0,0,4,175,252,252,72,0,0,0,0,0,0,0,0,0,0,21,73,11,0,35,79,227,252,252,72,0,0,0,0,0,0,0,0,0,0,73,252,108,136,227,253,252,252,236,48,0,0,0,0,0,0,0,0,0,0,11,165,252,252,252,253,197,138,29,0,0,0,0,0,0,0,0,0,0,0,0,8,23,81,23,24,10,0,0,0,0,0,5
0,0,0,0,0,0,0,0,0,0,0,0,0,0,0,0,0,0,0,0,0,0,0,0,0,0,0,74,217,255,254,185,132,52,0,0,0,0,0,0,0,0,0,0,0,50,182,249,254,254,254,254,254,250,115,0,0,0,0,0,0,0,0,0,87,247,254,222,122,116,42,26,124,237,247,117,0,0,0,0,0,0,0,31,227,252,156,16,0,0,0,0,0,84,240,226,18,0,0,0,0,0,0,126,254,134,0,0,0,0,0,0,0,0,156,254,35,0,0,0,0,0,0,91,254,132,0,0,0,0,0,0,0,0,156,254,35,0,0,0,0,0,0,12,217,220,27,0,0,0,0,0,0,0,156,254,35,0,0,0,0,0,0,0,144,254,221,59,0,0,0,0,0,0,213,201,1,0,0,0,0,0,0,0,8,171,254,243,89,0,0,0,0,76,253,200,0,0,0,0,0,0,0,0,0,12,153,253,247,176,39,0,0,81,254,153,0,0,0,0,0,0,0,0,0,0,0,100,223,254,233,134,10,164,254,69,0,0,0,0,0,0,0,0,0,0,0,0,14,121,244,254,213,254,195,5,0,0,0,0,0,0,0,0,0,0,0,0,0,0,45,231,254,254,35,0,0,0,0,0,0,0,0,0,0,0,0,0,0,0,0,135,254,254,157,0,0,0,0,0,0,0,0,0,0,0,0,0,0,0,86,252,230,254,228,14,0,0,0,0,0,0,0,0,0,0,0,0,0,92,242,231,96,158,254,72,0,0,0,0,0,0,0,0,0,0,0,0,10,216,249,61,0,40,249,215,18,0,0,0,0,0,0,0,0,0,0,33,179,254,194,27,27,87,249,254,35,0,0,0,0,0,0,0,0,0,0,72,254,254,254,254,254,254,254,172,9,0,0,0,8
0,0,0,0,0,0,0,0,0,29,249,153,62,65,0,0,0,0,0,0,0,0,0,0,0,0,0,0,0,143,219,0,37,38,0,0,0,0,0,0,0,0,0,0,0,0,0,0,30,245,71,0,0,0,0,0,0,0,0,0,0,0,0,0,0,0,0,0,145,204,4,0,0,0,0,0,0,0,0,0,0,0,0,0,0,0,0,0,230,56,0,0,0,0,0,0,0,0,0,0,0,0,0,0,0,0,0,51,251,16,0,0,0,0,0,0,0,0,0,0,0,0,0,0,0,0,0,180,173,2,0,0,0,0,0,0,0,0,0,0,0,0,0,0,0,0,0,222,56,0,0,0,0,0,0,0,0,0,0,0,0,0,0,0,0,0,48,253,24,0,0,0,0,0,0,0,0,0,0,0,0,0,0,0,0,0,50,255,24,0,0,0,0,0,0,0,0,0,0,0,0,0,0,0,0,0,50,231,15,0,16,100,99,36,0,0,0,0,0,0,0,0,0,0,0,0,50,196,0,40,249,174,179,241,77,0,0,0,0,0,0,0,0,0,0,0,50,222,52,183,60,0,0,89,207,7,0,0,0,0,0,0,0,0,0,0,50,254,211,32,0,0,0,25,254,49,0,0,0,0,0,0,0,0,0,0,24,237,109,8,0,0,0,25,237,24,0,0,0,0,0,0,0,0,0,0,0,222,115,0,0,0,0,116,221,0,0,0,0,0,0,0,0,0,0,0,0,127,248,15,0,0,10,227,152,0,0,0,0,0,0,0,0,0,0,0,0,4,207,215,77,77,189,215,22,0,0,0,0,0,0,0,0,0,0,0,0,0,26,190,254,254,158,5,0,0,0,0,0,0,0,0,0,0,0,0,0,0,0,0,0,0,0,0,0,0,0,0,0,0,6
0,0,0,0,0,0,0,0,0,0,0,0,0,0,0,0,0,0,0,0,0,0,0,0,0,0,0,0,0,0,0,0,0,0,0,0,0,0,0,0,0,0,0,0,0,0,27,87,143,177,253,255,253,253,253,253,128,80,0,0,0,0,0,0,74,176,236,252,252,252,252,245,186,186,186,162,137,249,176,176,0,0,70,142,251,252,252,205,134,44,44,38,0,0,9,124,224,252,252,179,0,27,216,252,231,158,34,6,0,0,0,0,0,62,239,252,245,125,10,3,0,191,252,209,6,0,0,0,0,0,0,8,85,237,247,173,57,0,0,0,0,105,252,252,183,0,0,0,0,0,0,158,252,252,58,0,0,0,0,0,0,3,128,250,250,231,107,6,0,0,154,253,216,40,1,0,0,0,0,0,0,0,0,125,231,252,252,200,37,67,240,214,30,0,0,0,0,0,0,0,0,0,0,0,35,137,236,252,241,236,252,77,0,0,0,0,0,0,0,0,0,0,0,0,0,0,26,186,252,252,252,49,0,0,0,0,0,0,0,0,0,0,0,0,0,0,0,26,253,253,253,177,25,0,0,0,0,0,0,0,0,0,0,0,0,0,0,122,252,198,201,253,203,12,0,0,0,0,0,0,0,0,0,0,0,0,0,122,252,84,19,210,252,173,4,0,0,0,0,0,0,0,0,0,0,0,0,227,210,3,0,83,246,252,20,0,0,0,0,0,0,0,0,0,0,0,0,231,208,0,0,0,152,252,144,0,0,0,0,0,0,0,0,0,0,0,0,231,208,0,0,0,67,252,230,0,0,0,0,0,0,0,0,0,0,0,0,178,229,37,0,0,120,252,230,0,0,0,0,0,0,0,0,0,0,0,0,122,252,222,107,155,223,252,143,0,0,0,0,0,8
0,0,0,0,0,0,0,0,0,0,0,0,0,0,0,0,0,0,0,0,0,0,0,0,0,0,0,0,0,0,0,0,0,4,240,0,0,0,0,0,0,0,0,0,0,0,0,6,102,42,0,0,0,99,193,0,0,0,0,0,0,0,0,0,0,0,0,113,253,95,0,0,0,182,173,0,0,0,0,0,0,0,0,0,0,0,0,128,253,75,0,0,0,222,173,0,0,0,0,0,0,0,0,0,0,0,10,191,233,11,0,0,0,222,173,0,0,0,0,0,0,0,0,0,0,0,117,254,81,0,0,0,48,254,120,0,0,0,0,0,0,0,0,0,0,47,237,182,8,0,0,0,48,253,70,0,0,0,0,0,0,0,0,0,0,150,247,53,0,0,0,0,88,253,95,0,0,0,0,0,0,0,0,0,25,254,196,0,0,0,0,0,103,253,70,0,0,0,0,0,0,0,0,0,50,254,98,0,0,0,0,0,128,253,120,0,0,0,0,0,0,0,0,0,80,255,68,0,0,0,0,7,160,254,144,0,0,0,0,0,0,0,0,0,70,254,215,72,32,32,112,198,253,253,60,0,0,0,0,0,0,0,0,0,0,134,253,253,253,253,251,205,244,201,3,0,0,0,0,0,0,0,0,0,0,2,41,111,111,111,30,8,218,189,0,0,0,0,0,0,0,0,0,0,0,0,0,0,0,0,0,57,253,140,0,0,0,0,0,0,0,0,0,0,0,0,0,0,0,0,0,112,254,111,0,0,0,0,0,0,0,0,0,0,0,0,0,0,0,0,0,112,253,111,0,0,0,0,0,0,0,0,0,0,0,0,0,0,0,0,0,112,253,71,0,0,0,0,0,0,0,0,0,0,0,0,0,0,0,0,0,156,253,31,0,0,0,0,0,0,4
0,0,0,0,0,0,0,0,0,64,255,255,255,0,0,0,0,0,0,0,0,0,0,0,0,0,0,0,0,255,255,255,128,0,0,0,0,0,0,0,0,0,0,0,0,0,0,0,64,255,255,255,0,0,0,0,0,0,0,0,0,0,0,0,0,0,0,64,255,255,255,64,0,0,0,0,0,0,0,0,0,0,0,0,0,0,0,191,255,255,128,0,0,0,0,0,0,0,0,0,0,0,0,0,0,0,191,255,255,255,0,0,0,0,0,0,0,0,0,0,0,0,0,0,0,64,255,255,255,0,0,0,0,0,0,0,0,0,0,0,0,0,0,0,64,255,255,255,191,0,0,0,0,0,0,0,0,0,0,0,0,0,0,0,128,255,255,191,0,0,0,0,0,0,0,0,0,0,0,0,0,0,0,0,191,255,255,128,0,0,0,0,0,0,0,64,64,0,0,0,0,0,0,0,255,255,255,128,0,0,0,0,0,64,191,255,255,191,0,0,0,0,0,0,255,255,255,128,0,0,0,64,191,255,255,255,255,255,0,0,0,0,0,0,191,255,255,255,64,128,191,255,255,255,255,255,255,255,0,0,0,0,0,0,64,255,255,255,255,255,255,255,255,255,255,255,255,128,0,0,0,0,0,0,0,128,255,255,255,255,255,255,255,255,255,255,128,0,0,0,0,0,0,0,0,0,255,255,255,255,255,255,255,255,255,255,128,0,0,0,0,0,0,0,0,0,255,255,255,255,255,255,128,128,128,0,0,0,0,0,0,0,0,0,0,0,255,255,191,0,0,0,0,0,0,0,0,0,0,0,0,0,0,0,0,0,255,128,0,0,0,0,0,0,0,0,0,0,0,0,0,0,0,0,0,0,0,0,0,0,0,0,0,0,0,0,0,0,0,0,6
0,0,0,0,0,0,0,0,0,0,0,0,0,0,0,0,0,0,0,0,0,0,0,0,0,0,0,0,154,253,69,0,0,0,0,0,0,0,0,0,0,0,0,0,0,0,0,76,253,252,187,7,0,0,45,107,26,0,0,0,0,0,0,0,0,0,0,150,253,252,252,28,0,0,197,252,113,0,0,0,0,0,0,0,0,0,89,237,253,252,127,3,0,51,246,252,213,0,0,0,0,0,0,0,0,7,204,253,255,222,25,0,29,216,253,253,151,0,0,0,0,0,0,0,7,101,252,252,234,65,0,0,141,252,252,227,0,0,0,0,0,0,0,0,29,252,252,252,100,0,0,89,229,252,252,103,0,0,0,0,0,0,0,0,179,252,252,151,0,0,0,113,253,252,214,15,0,0,0,0,0,0,0,126,254,253,253,140,0,0,10,229,254,253,106,0,0,0,0,0,0,0,82,243,253,252,252,215,157,57,172,252,253,252,187,169,170,82,0,0,0,0,197,252,253,252,252,252,253,252,252,252,253,252,252,252,253,215,19,0,0,51,246,252,253,252,252,252,253,252,252,252,253,252,252,252,253,252,56,0,0,51,247,253,251,225,235,253,254,253,253,253,254,253,253,253,251,150,25,0,0,0,66,184,75,0,28,84,103,252,252,252,134,84,171,96,75,0,0,0,0,0,0,0,0,0,0,0,29,252,252,214,0,0,0,0,0,0,0,0,0,0,0,0,0,0,0,0,79,252,252,90,0,0,0,0,0,0,0,0,0,0,0,0,0,0,0,13,254,253,253,28,0,0,0,0,0,0,0,0,0,0,0,0,0,0,0,113,253,252,170,9,0,0,0,0,0,0,0,0,0,0,0,0,0,0,0,113,253,233,37,0,0,0,0,0,0,0,0,0,4
0,0,0,0,0,0,0,0,0,0,0,0,0,0,0,0,0,0,0,0,0,0,0,0,0,0,0,0,0,0,0,0,0,0,0,0,0,0,0,0,0,0,0,0,0,0,0,23,131,220,225,131,32,0,0,0,0,0,0,0,0,0,0,0,0,0,0,112,254,254,254,254,220,137,34,8,0,0,0,0,0,0,0,0,0,3,38,217,254,254,254,254,254,254,254,214,95,2,0,0,0,0,0,0,0,44,254,254,250,229,248,236,131,206,250,254,254,98,0,0,0,0,0,0,31,216,254,249,119,0,73,24,0,0,135,254,254,213,88,0,0,0,0,3,165,254,254,217,31,0,0,0,0,0,75,249,254,254,159,2,0,0,0,41,254,254,254,226,109,0,0,0,0,0,0,136,254,254,254,12,0,0,3,165,254,254,204,28,0,0,0,0,0,0,0,94,254,255,254,12,0,0,13,254,254,254,93,0,0,0,0,0,0,0,0,122,254,254,230,9,0,0,13,254,254,247,70,0,0,0,0,0,0,0,65,245,254,254,112,0,0,0,13,254,254,223,0,0,0,0,0,0,0,0,122,254,254,174,5,0,0,0,13,254,254,223,0,0,0,0,0,0,0,101,245,254,254,112,0,0,0,0,13,254,254,233,30,0,0,58,173,206,144,245,254,254,74,5,0,0,0,0,13,254,254,254,209,30,42,242,254,254,254,254,224,122,5,0,0,0,0,0,8,214,254,254,254,231,225,254,254,254,254,179,45,0,0,0,0,0,0,0,0,27,213,254,254,254,254,254,230,154,57,6,0,0,0,0,0,0,0,0,0,0,14,40,148,148,125,24,18,0,0,0,0,0,0,0,0,0,0,0,0,0,0,0,0,0,0,0,0,0,0,0,0,0,0,0,0,0,0
0,0,0,0,0,0,0,0,0,0,0,33,252,225,38,0,0,0,0,0,0,0,0,0,0,0,0,0,0,0,0,195,254,155,0,0,0,0,0,0,0,0,0,0,0,0,0,0,0,0,15,218,243,44,0,0,0,0,0,0,0,0,0,0,0,0,0,0,0,3,147,254,163,0,0,0,0,0,0,0,0,0,0,0,0,0,0,0,0,6,254,254,83,0,0,0,0,0,0,0,0,0,0,0,0,0,0,0,0,138,254,210,3,0,0,0,0,0,0,0,0,0,0,0,0,0,0,0,39,239,254,52,0,0,0,0,0,0,0,0,0,0,0,0,0,0,0,7,180,254,213,11,0,0,0,0,0,0,0,0,0,0,0,0,0,0,0,76,254,252,44,0,0,15,42,12,0,0,0,0,0,0,0,0,0,0,0,199,254,213,0,35,131,189,254,210,56,0,0,0,0,0,0,0,0,0,167,253,221,69,53,225,254,244,227,254,230,11,0,0,0,0,0,0,0,9,201,254,160,38,254,254,150,47,22,232,248,58,0,0,0,0,0,0,0,87,255,238,76,224,254,115,11,0,24,218,234,0,0,0,0,0,0,0,0,235,254,134,63,254,219,17,39,105,216,254,135,0,0,0,0,0,0,0,72,252,254,139,71,254,247,219,239,254,236,108,4,0,0,0,0,0,0,0,31,242,254,254,254,254,254,254,245,197,50,0,0,0,0,0,0,0,0,0,0,96,223,254,254,252,150,110,39,0,0,0,0,0,0,0,0,0,0,0,0,0,0,0,0,0,0,0,0,0,0,0,0,0,0,0,0,0,0,0,0,0,0,0,0,0,0,0,0,0,0,0,0,0,0,0,0,0,0,0,0,0,0,0,0,0,0,0,0,0,0,0,0,0,0,0,6
0,0,0,0,0,0,0,0,0,0,61,227,253,253,253,80,0,0,0,0,0,0,0,0,0,0,0,0,0,36,253,252,252,252,252,243,48,0,0,0,0,0,0,0,0,0,0,0,6,206,253,252,242,237,252,197,145,0,0,0,0,0,0,0,0,0,0,0,64,252,243,110,42,64,252,176,0,0,0,0,0,0,0,0,0,0,0,0,152,252,167,0,0,152,252,211,0,0,0,0,0,0,0,0,0,0,0,0,169,253,107,0,4,183,253,194,0,0,0,0,0,0,0,0,0,0,0,0,169,252,106,0,101,252,252,27,0,0,0,0,0,0,0,0,0,0,0,0,117,252,203,52,234,252,190,0,0,0,0,0,0,0,0,0,0,0,0,0,64,252,239,232,221,119,14,0,0,0,0,0,0,0,0,0,0,0,0,0,64,252,253,252,82,0,0,0,0,0,0,0,0,0,0,0,0,0,0,0,82,253,255,204,9,0,0,0,0,0,0,0,0,0,0,0,0,0,0,131,232,252,253,196,7,0,0,0,0,0,0,0,0,0,0,0,0,39,206,249,205,126,253,252,29,0,0,0,0,0,0,0,0,0,0,16,152,253,205,129,0,0,227,252,126,0,0,0,0,0,0,0,0,0,0,152,252,236,37,0,0,0,104,252,170,0,0,0,0,0,0,0,0,0,0,152,253,124,0,0,0,0,18,217,253,102,0,0,0,0,0,0,0,0,0,64,252,243,83,0,0,0,0,190,252,189,0,0,0,0,0,0,0,0,0,6,109,245,246,179,127,83,22,195,252,189,0,0,0,0,0,0,0,0,0,0,0,67,189,247,252,252,253,252,252,189,0,0,0,0,0,0,0,0,0,0,0,0,0,38,68,147,253,252,252,145,0,0,0,0,0,0,8
0,0,0,0,0,0,0,0,0,0,0,0,0,0,0,0,0,0,0,0,44,192,105,105,105,105,105,105,105,105,255,218,105,105,74,0,0,0,0,0,105,252,252,252,252,252,252,252,252,252,253,252,252,252,239,191,28,0,0,0,37,211,246,252,238,237,237,96,202,237,89,124,246,252,252,252,197,8,0,0,0,0,87,132,15,0,0,0,0,0,0,29,205,252,252,252,118,0,0,0,0,0,0,0,0,0,0,0,0,0,224,230,252,252,252,181,14,0,0,0,0,0,0,0,0,0,0,29,144,178,253,244,222,151,74,22,0,0,0,0,0,0,0,0,0,0,72,245,252,252,253,113,0,0,0,0,0,0,0,0,0,0,0,0,0,29,245,252,252,199,14,3,0,0,0,0,0,0,0,0,0,0,0,0,0,25,231,252,252,217,194,193,193,193,193,193,115,45,37,0,0,0,0,0,0,0,134,252,252,252,253,252,252,252,252,252,252,252,207,0,0,0,0,0,0,0,0,0,0,89,0,124,61,149,149,149,204,253,227,43,0,0,0,0,0,0,0,0,0,0,0,0,0,0,0,8,162,252,241,79,0,0,0,0,0,0,0,0,0,0,0,0,0,0,0,127,252,252,207,0,0,0,0,0,0,0,0,0,0,0,0,0,0,0,36,213,252,252,207,0,0,0,0,0,0,0,0,0,0,0,0,0,49,145,232,252,252,181,58,0,0,0,0,0,0,0,0,0,0,0,13,66,226,252,252,252,236,12,0,0,0,0,8,71,0,0,0,0,0,0,183,252,252,252,252,156,56,0,0,0,0,0,156,245,194,90,168,238,238,238,253,252,252,209,119,4,0,0,0,0,0,0,47,207,246,252,252,252,252,252,208,207,111,31,0,0,0,0,0,0,3
0,0,0,0,0,0,0,0,0,0,0,0,0,0,0,0,0,0,0,0,0,0,0,0,0,0,0,0,0,0,0,0,0,0,0,0,0,0,0,0,0,0,0,0,0,0,0,0,0,0,0,0,0,0,0,0,0,0,0,0,0,0,0,0,0,0,9,3,0,0,12,13,13,13,106,255,254,162,93,2,0,0,0,0,0,28,223,171,145,145,243,253,254,253,253,253,253,253,253,94,0,0,0,0,0,49,253,253,253,253,253,253,253,217,217,224,253,253,200,14,0,0,0,0,0,49,253,253,214,205,205,147,81,0,0,72,253,253,145,0,0,0,0,0,0,37,207,172,14,0,0,0,0,6,136,230,253,236,37,0,0,0,0,0,0,0,15,14,0,0,0,0,4,148,253,253,253,88,0,0,0,0,0,0,0,0,0,0,0,0,0,0,111,253,253,237,82,12,0,0,0,0,0,0,0,0,0,0,0,0,0,47,180,253,239,69,0,0,0,0,0,0,0,0,0,0,0,0,0,0,0,173,254,253,107,0,0,0,0,0,0,0,0,0,0,0,0,0,0,47,173,253,249,121,5,0,0,0,0,0,0,0,0,0,0,0,0,0,51,238,254,254,174,0,0,0,0,0,0,0,0,0,0,0,0,0,0,54,233,253,253,184,0,0,0,0,0,0,0,0,0,0,0,0,0,0,38,231,253,253,168,51,0,0,0,0,0,0,0,0,0,0,0,0,0,33,190,253,253,211,19,0,0,0,0,0,0,0,0,0,0,0,0,0,38,155,253,253,163,10,0,0,0,0,0,0,0,0,0,0,0,0,0,54,231,253,253,163,12,0,0,0,0,0,0,0,0,0,0,0,0,0,10,233,253,253,163,12,0,0,0,0,0,0,0,0,0,0,0,0,7
0,0,0,0,0,0,0,0,0,0,0,0,0,0,0,0,0,0,0,0,0,0,0,0,0,0,0,0,0,0,0,0,0,0,0,0,0,63,255,253,0,0,0,0,0,0,0,21,155,31,0,0,0,0,0,0,11,175,253,252,0,0,0,0,0,0,16,181,252,128,0,0,0,0,0,0,140,252,253,252,0,0,0,0,0,1,191,252,252,252,84,0,0,0,0,42,221,252,253,252,0,0,0,0,16,191,252,252,252,252,144,0,0,0,47,232,252,252,253,220,0,0,0,21,181,252,252,252,252,210,20,0,0,42,233,252,252,252,253,138,0,0,16,181,252,252,252,252,252,108,0,0,47,221,253,252,252,252,154,10,0,0,109,252,252,252,252,252,252,108,0,42,221,252,253,252,252,252,0,0,0,0,110,253,253,253,253,253,253,253,255,253,253,253,255,253,237,62,0,0,0,0,78,242,252,252,252,252,252,252,253,252,252,252,253,231,71,0,0,0,0,0,0,103,215,215,215,226,252,252,253,252,252,252,237,71,0,0,0,0,0,0,0,0,0,0,0,31,211,252,253,252,252,252,144,0,0,0,0,0,0,0,0,0,0,0,0,73,253,253,255,253,237,144,0,0,0,0,0,0,0,0,0,0,0,0,0,197,252,252,253,252,174,0,0,0,0,0,0,0,0,0,0,0,0,1,181,242,252,252,253,179,20,0,0,0,0,0,0,0,0,0,0,0,0,84,252,252,252,252,253,35,0,0,0,0,0,0,0,0,0,0,0,0,16,191,253,253,253,253,208,20,0,0,0,0,0,0,0,0,0,0,0,0,37,252,252,252,252,210,20,0,0,0,0,0,0,0,0,0,0,0,0,0,11,154,252,252,246,92,0,0,0,0,0,0,0,0,0,0,4
0,0,0,0,0,0,0,0,0,0,155,254,254,219,11,0,0,0,0,0,0,0,0,0,0,0,0,0,0,27,240,205,240,254,33,0,0,0,0,0,0,0,0,0,0,0,0,0,0,36,242,89,217,254,113,0,0,0,0,0,0,0,0,0,0,0,0,0,0,0,22,0,182,254,146,0,0,0,0,0,0,0,0,0,0,0,0,0,0,0,0,0,133,254,195,0,0,0,0,0,0,0,0,0,0,0,0,0,0,0,0,0,133,254,195,0,0,0,0,0,0,0,0,0,0,0,0,0,0,0,0,0,133,254,195,0,0,0,0,0,0,0,0,0,0,0,0,0,0,0,0,0,173,254,155,0,0,0,0,0,0,0,0,0,0,0,0,0,0,0,0,38,247,254,99,0,0,0,0,0,0,0,0,0,0,0,0,0,0,0,0,46,254,244,24,0,0,0,0,0,0,0,0,0,0,0,0,0,0,0,9,142,254,199,29,51,128,133,110,2,0,0,0,0,0,0,0,0,0,0,60,254,254,247,239,254,254,254,254,135,0,0,0,0,0,0,0,7,70,154,239,254,254,254,240,195,42,29,29,11,0,0,0,0,0,26,134,232,254,254,254,242,174,63,19,0,0,0,0,0,0,0,0,4,160,242,254,254,254,254,243,71,0,0,0,0,0,0,0,0,0,0,6,214,254,248,174,140,254,254,138,0,0,0,0,0,0,0,0,0,0,2,163,254,218,39,146,247,254,168,3,0,0,0,0,0,0,0,0,0,0,3,229,254,190,198,254,245,126,2,0,0,0,0,0,0,0,0,0,0,0,0,39,254,254,254,182,50,0,0,0,0,0,0,0,0,0,0,0,0,0,0,0,0,0,0,0,0,0,0,0,0,0,0,0,0,0,0,0,0,2
0,0,0,0,0,0,0,0,0,0,0,0,0,0,0,0,0,0,0,0,0,0,0,0,0,0,0,0,0,0,0,0,0,0,0,0,0,0,0,0,0,0,0,0,0,0,0,0,0,29,198,170,86,0,0,0,0,0,0,0,0,0,0,0,0,0,0,0,29,226,255,255,255,57,0,0,0,0,0,0,0,0,0,0,0,0,0,0,141,255,170,57,255,198,0,0,0,0,0,0,0,0,0,0,0,0,0,0,255,226,0,0,170,255,198,0,0,0,0,0,0,0,0,0,0,0,0,141,255,114,0,0,198,255,255,0,0,0,0,0,0,0,0,0,0,0,0,255,255,0,0,29,255,255,170,0,0,0,0,0,0,0,0,0,0,0,0,255,255,0,0,226,255,255,57,0,0,0,0,0,0,0,0,0,0,0,0,255,170,0,198,255,255,226,0,0,0,0,0,0,0,0,0,0,0,0,0,255,170,141,255,255,255,114,0,0,0,0,0,0,0,0,0,0,0,0,0,226,255,255,226,255,255,29,0,0,0,0,0,0,0,0,0,0,0,0,0,86,198,170,86,255,226,0,0,0,0,0,0,0,0,0,0,0,0,0,0,0,0,0,198,255,114,0,0,0,0,0,0,0,0,0,0,0,0,0,0,0,0,0,255,255,0,0,0,0,0,0,0,0,0,0,0,0,0,0,0,0,0,86,255,141,0,0,0,0,0,0,0,0,0,0,0,0,0,0,0,0,0,141,255,29,0,0,0,0,0,0,0,0,0,0,0,0,0,0,0,0,0,255,255,0,0,0,0,0,0,0,0,0,0,0,0,0,0,0,0,0,57,255,170,0,0,0,0,0,0,0,0,0,0,0,0,0,0,0,0,0,86,255,141,0,0,0,0,0,0,0,0,0,9
0,0,0,0,0,0,0,0,0,0,0,0,0,0,0,0,0,0,0,0,0,0,0,0,0,0,0,0,204,253,56,0,0,0,0,0,0,0,0,0,0,0,0,0,0,0,0,26,253,240,43,0,0,0,0,0,0,0,0,0,0,0,0,0,0,0,0,113,253,196,0,0,0,0,67,10,0,0,0,0,0,0,0,0,0,0,0,163,253,96,0,0,0,51,246,128,0,0,0,0,0,0,0,0,0,0,98,253,251,75,0,0,0,120,253,253,13,0,0,0,0,0,0,0,0,0,197,252,225,0,0,0,19,225,252,252,113,0,0,0,0,0,0,0,0,45,240,252,187,0,0,0,29,252,252,252,25,0,0,0,0,0,0,0,13,194,252,252,63,0,0,0,29,252,252,252,0,0,0,0,0,0,0,0,41,253,253,140,0,0,0,0,92,253,253,241,0,0,0,0,0,0,0,0,216,252,252,215,170,119,169,169,216,252,252,139,0,0,0,0,0,0,0,89,253,252,252,252,253,252,252,252,253,252,252,103,0,0,0,0,0,0,0,113,253,252,164,139,128,53,139,139,203,252,214,15,0,0,0,0,0,0,0,51,101,0,0,0,0,0,0,0,204,253,168,0,0,0,0,0,0,0,0,0,0,0,0,0,0,0,0,0,253,252,168,0,0,0,0,0,0,0,0,0,0,0,0,0,0,0,0,0,253,252,130,0,0,0,0,0,0,0,0,0,0,0,0,0,0,0,0,0,253,252,56,0,0,0,0,0,0,0,0,0,0,0,0,0,0,0,0,114,255,253,56,0,0,0,0,0,0,0,0,0,0,0,0,0,0,0,0,113,253,252,56,0,0,0,0,0,0,0,0,0,0,0,0,0,0,0,0,113,253,233,37,0,0,0,0,0,4
0,0,0,0,0,0,0,0,0,0,0,0,0,0,0,0,0,0,0,0,0,0,0,0,0,0,0,0,0,0,0,19,34,126,144,168,254,254,254,221,0,0,0,0,0,0,0,0,0,50,163,221,253,253,253,253,253,253,253,204,0,0,0,0,0,0,0,5,120,242,253,254,253,253,201,154,154,53,44,12,0,0,0,0,0,0,47,186,253,253,244,218,92,10,5,0,0,0,0,0,0,0,0,0,0,37,173,253,253,178,50,0,0,0,0,0,0,0,0,0,0,0,0,0,0,166,253,250,145,14,0,0,0,0,0,0,0,0,0,0,0,0,0,0,20,242,253,194,0,0,0,0,0,0,0,0,0,0,0,0,0,0,0,0,0,146,253,242,0,0,0,0,0,0,0,0,0,0,0,0,0,0,0,0,0,56,253,251,74,0,0,0,0,0,0,0,0,0,0,0,0,0,0,0,0,8,158,253,234,106,0,0,0,0,0,0,0,0,0,0,0,0,0,0,0,0,0,219,254,254,254,144,67,6,0,0,0,0,0,0,0,0,0,0,0,0,0,37,144,236,253,255,253,190,37,0,0,0,0,0,0,0,0,0,0,0,0,0,0,33,92,211,253,253,212,0,0,0,0,0,0,0,0,0,0,0,0,0,0,0,0,6,180,253,231,0,0,0,0,0,0,0,0,0,0,0,0,0,0,0,0,71,227,253,207,0,0,0,0,0,0,0,0,0,0,0,0,0,0,0,78,254,253,219,31,0,0,0,0,0,0,0,0,0,0,0,0,1,31,155,251,254,168,32,0,0,0,0,0,0,0,0,61,155,26,0,35,150,253,253,253,195,30,0,0,0,0,0,0,0,0,25,234,253,219,188,239,253,253,230,128,0,0,0,0,0,0,0,0,0,5
0,0,0,0,0,0,0,0,0,0,0,0,100,231,0,0,0,0,0,0,0,0,0,0,0,0,0,0,0,0,0,47,206,246,61,0,0,0,0,0,0,0,0,0,0,0,0,0,0,0,0,110,252,252,88,0,0,0,0,0,0,0,0,0,0,0,0,0,0,0,18,216,252,252,88,0,0,0,0,0,0,0,0,0,0,0,0,0,0,0,106,252,252,238,31,0,0,0,0,0,0,0,0,0,0,0,0,0,0,0,143,252,252,192,0,0,0,0,0,0,0,0,0,0,0,0,0,0,0,0,196,252,252,20,0,0,0,0,0,0,0,0,0,0,0,0,0,0,0,20,253,252,252,10,0,0,0,0,0,0,0,0,0,0,0,0,0,0,0,111,253,252,222,7,0,0,0,0,0,0,0,0,0,0,0,0,0,0,0,206,253,252,153,0,0,0,0,0,0,0,0,0,0,0,0,0,0,0,11,225,255,216,19,0,0,0,0,0,0,0,0,0,0,0,0,0,0,0,107,252,253,186,0,0,0,0,0,0,0,0,0,0,0,0,0,0,0,0,187,252,253,143,0,0,0,0,0,0,0,0,0,0,0,0,0,0,0,43,250,252,236,37,0,0,0,0,0,0,0,0,0,0,0,0,0,0,3,137,252,252,148,0,0,0,0,0,0,0,0,0,0,0,0,0,0,0,98,252,252,252,24,0,0,0,0,0,0,0,0,0,0,0,0,0,0,0,127,252,252,99,0,0,0,0,0,0,0,0,0,0,0,0,0,0,0,16,235,252,239,27,0,0,0,0,0,0,0,0,0,0,0,0,0,0,0,89,252,252,141,0,0,0,0,0,0,0,0,0,0,0,0,0,0,0,0,50,195,214,9,0,0,0,0,0,0,0,0,0,0,0,1
0,0,0,0,0,0,0,0,0,0,0,0,0,0,0,0,0,0,0,0,0,0,0,0,0,0,0,0,5,75,174,199,199,246,255,175,141,56,0,0,0,0,0,0,0,0,0,38,206,254,254,234,229,229,237,254,254,245,77,0,0,0,0,0,0,0,0,216,254,192,56,12,0,0,17,85,169,245,244,85,0,0,0,0,0,0,66,250,250,14,0,0,0,0,0,0,0,153,254,254,0,0,0,0,0,0,97,254,205,0,0,0,0,0,0,0,83,236,254,177,0,0,0,0,0,0,113,254,169,0,0,0,0,0,23,155,248,244,102,9,0,0,0,0,0,0,61,254,169,0,0,0,1,72,192,254,213,52,0,0,0,0,0,0,0,0,61,254,225,0,0,3,142,254,254,181,46,0,0,0,0,0,0,0,0,0,35,245,251,44,38,158,254,254,152,1,0,0,0,0,0,0,0,0,0,0,0,157,254,237,254,254,232,121,4,0,0,0,0,0,0,0,0,0,0,0,0,157,254,254,254,186,19,0,0,0,0,0,0,0,0,0,0,0,0,13,154,252,254,254,254,73,0,0,0,0,0,0,0,0,0,0,0,0,0,124,254,254,178,107,254,183,0,0,0,0,0,0,0,0,0,0,0,0,119,253,254,148,3,6,180,253,68,0,0,0,0,0,0,0,0,0,0,57,238,254,146,6,0,0,61,254,76,0,0,0,0,0,0,0,0,0,16,216,254,222,18,0,0,3,128,254,104,0,0,0,0,0,0,0,0,0,133,254,254,85,0,0,0,57,254,220,21,0,0,0,0,0,0,0,0,0,174,254,204,7,0,0,84,232,247,78,0,0,0,0,0,0,0,0,0,0,174,254,243,189,149,224,253,244,68,0,0,0,0,0,0,0,0,0,8
0,0,0,0,42,231,254,255,234,149,14,0,0,0,0,0,0,0,0,0,0,0,0,0,112,251,191,253,254,254,232,79,0,0,0,0,0,0,0,0,0,0,0,0,20,112,0,26,47,194,245,252,161,17,0,0,0,0,0,0,0,0,0,0,0,0,0,0,0,0,44,200,254,199,4,0,0,0,0,0,0,0,0,0,0,0,0,0,0,0,0,4,150,254,79,0,0,0,0,0,0,0,0,0,0,0,0,0,0,0,0,0,3,221,132,0,0,0,0,0,0,0,0,0,0,0,0,0,0,0,0,0,2,198,157,0,0,0,0,0,0,0,0,0,0,0,0,21,5,0,0,0,87,254,98,0,0,0,0,0,0,0,0,0,0,0,0,238,238,237,237,237,249,215,44,0,0,0,0,0,0,0,0,0,0,0,0,219,254,254,254,254,157,40,0,0,0,0,0,0,0,0,0,0,0,0,0,13,44,92,190,254,220,52,0,0,0,0,0,0,0,0,0,0,0,0,0,0,0,0,28,165,254,235,51,0,0,0,0,0,0,0,0,0,0,0,0,0,0,0,0,5,170,254,188,1,0,0,0,0,0,0,0,0,0,0,0,0,0,0,0,0,66,254,254,50,0,0,0,0,0,0,0,0,0,0,0,0,0,0,0,0,1,118,254,111,0,0,0,0,0,0,0,0,0,0,0,0,0,0,0,0,0,81,254,192,0,0,0,0,0,0,0,0,142,216,100,15,0,0,0,0,15,139,254,140,0,0,0,0,0,0,0,0,191,254,254,223,123,38,38,123,223,254,190,5,0,0,0,0,0,0,0,0,36,185,249,254,254,254,254,254,242,123,24,0,0,0,0,0,0,0,0,0,0,0,52,188,222,254,169,76,21,0,0,0,0,0,0,0,3
0,0,0,0,0,0,0,0,0,0,0,0,0,0,0,0,0,0,0,0,0,0,0,0,0,0,0,0,0,0,0,0,0,0,0,0,0,0,0,0,0,0,0,0,0,0,0,0,0,0,0,0,0,0,0,0,0,0,0,0,0,0,0,0,0,0,0,0,0,0,0,0,0,0,0,0,0,0,0,0,88,20,5,0,0,0,0,0,0,0,0,0,0,0,0,0,0,0,0,0,253,253,193,117,79,24,0,0,0,0,0,0,0,0,37,79,94,101,0,0,253,253,253,254,253,240,234,234,235,234,234,234,234,235,243,253,253,253,0,0,58,148,193,254,253,253,253,253,254,253,253,253,253,254,253,253,253,253,0,0,0,0,0,0,46,98,98,98,99,98,98,8,0,0,43,254,254,96,0,0,0,0,0,0,0,0,0,0,0,0,0,0,0,0,118,253,253,58,0,0,0,0,0,0,0,0,0,0,0,0,0,0,0,41,211,253,128,18,0,0,0,0,0,0,0,0,0,0,0,0,0,0,0,74,253,253,19,0,0,0,0,0,0,0,0,0,0,0,0,0,0,0,0,156,253,192,5,0,0,0,0,0,0,0,0,0,0,0,0,0,0,0,0,255,254,116,0,0,0,0,0,0,0,0,0,0,0,0,0,0,0,0,8,254,251,72,0,0,0,0,0,0,0,0,0,0,0,0,0,0,0,0,68,254,239,24,0,0,0,0,0,0,0,0,0,0,0,0,0,0,0,0,68,254,242,36,0,0,0,0,0,0,0,0,0,0,0,0,0,0,0,0,195,254,233,0,0,0,0,0,0,0,0,0,0,0,0,0,0,0,0,10,209,255,136,0,0,0,0,0,0,0,0,0,0,0,0,0,0,0,0,40,253,254,218,0,0,0,0,0,7
0,0,0,0,0,0,0,0,0,64,118,254,253,253,253,253,253,253,174,0,0,0,0,0,0,0,0,0,55,218,253,255,253,253,253,253,253,253,174,0,0,0,0,0,0,0,25,206,240,253,253,254,253,225,62,229,253,253,174,0,0,0,0,0,16,99,194,253,253,253,253,232,154,47,0,61,215,253,174,0,0,0,0,0,40,253,253,253,253,167,97,75,0,0,0,0,60,97,67,0,0,0,0,0,206,253,253,251,172,18,0,0,0,0,0,0,0,0,0,0,0,0,0,55,240,253,253,172,0,0,0,0,0,0,0,0,0,0,0,0,0,0,0,176,253,253,253,38,0,0,0,0,0,0,0,0,0,0,0,0,0,0,92,235,253,253,131,9,0,0,0,0,0,0,0,0,0,0,0,0,0,0,119,255,254,254,97,0,0,0,0,0,0,0,0,0,0,0,0,0,0,0,118,253,253,253,97,0,0,0,0,119,118,118,9,0,0,0,0,0,0,0,118,253,253,253,97,0,0,96,176,254,253,253,181,176,68,0,0,0,0,0,118,253,253,253,242,84,235,244,253,254,253,253,253,253,242,66,0,0,0,0,118,253,253,253,253,253,253,253,253,254,253,253,253,253,253,233,0,0,0,0,45,205,253,253,253,253,253,253,253,218,97,97,242,253,253,233,0,0,0,0,0,27,222,253,253,253,253,253,253,246,215,215,250,253,240,64,0,0,0,0,0,0,28,204,253,253,253,253,253,254,253,253,253,253,97,0,0,0,0,0,0,0,0,45,116,232,253,253,253,254,253,253,253,253,97,0,0,0,0,0,0,0,0,0,0,49,57,163,253,254,253,253,71,57,22,0,0,0,0,0,0,0,0,0,0,0,0,0,0,0,0,0,0,0,0,0,0,0,6
0,0,0,0,0,0,0,0,0,0,67,244,254,191,108,13,0,0,0,0,0,0,0,0,0,0,0,0,29,132,244,254,254,254,254,182,26,0,0,0,0,0,0,0,0,0,0,48,225,254,254,245,170,150,204,254,203,46,0,0,0,0,0,0,0,0,26,216,254,254,235,20,0,0,16,195,254,214,11,0,0,0,0,0,0,0,137,254,254,236,14,0,0,0,0,9,117,206,66,0,0,0,0,0,0,23,240,254,241,54,0,0,0,0,0,0,0,0,0,0,0,0,0,0,0,114,254,254,159,0,0,0,0,0,0,0,0,0,0,0,0,0,0,0,0,114,254,254,131,0,0,0,0,0,0,0,0,0,0,0,0,0,0,0,0,158,254,254,51,0,0,0,0,0,0,0,0,0,0,0,0,0,0,0,18,224,254,254,37,0,0,0,0,0,0,0,0,0,0,0,0,0,0,0,48,254,254,255,128,136,220,170,160,132,30,0,0,0,0,0,0,0,0,0,97,254,254,254,254,254,255,254,254,254,238,91,0,0,0,0,0,2,49,131,229,254,254,251,234,150,56,70,150,213,253,222,35,0,0,0,0,66,254,254,254,254,254,235,25,0,0,0,0,0,110,254,225,34,0,0,0,24,186,178,95,71,254,254,37,0,0,0,0,0,4,193,254,103,0,0,0,0,0,0,0,11,213,254,156,0,0,0,0,0,0,121,254,103,0,0,0,0,0,0,0,0,57,251,245,47,0,0,0,0,16,223,254,103,0,0,0,0,0,0,0,0,0,121,245,247,92,57,57,85,205,254,254,82,0,0,0,0,0,0,0,0,0,0,161,254,255,254,254,254,254,251,194,5,0,0,0,0,0,0,0,0,0,0,8,135,219,254,254,225,159,113,0,0,0,0,6
0,0,0,0,0,0,0,0,0,0,0,0,0,0,0,0,0,0,0,0,0,0,0,0,0,0,0,0,0,0,0,0,0,0,0,0,0,0,0,0,0,0,0,0,0,0,0,0,0,0,0,0,0,0,0,0,0,0,13,8,0,0,0,0,0,0,0,0,0,0,0,0,26,100,108,108,166,198,247,225,0,0,0,0,0,0,0,0,0,0,27,169,246,253,253,253,253,254,253,253,0,0,0,0,0,0,0,0,0,56,20,101,113,113,113,113,113,101,42,42,0,0,0,0,0,0,0,0,117,254,112,0,0,0,0,0,0,0,0,0,0,0,0,0,0,0,0,15,227,250,33,0,0,0,0,0,0,0,0,0,0,0,0,0,0,0,0,94,253,197,4,0,0,0,0,0,0,0,0,0,0,0,0,0,0,0,8,230,253,146,0,0,0,0,0,0,0,0,0,0,0,0,0,0,0,0,71,254,253,216,47,0,0,0,0,0,0,0,0,0,0,0,0,0,0,13,231,255,254,254,218,31,0,0,0,0,0,0,0,0,0,0,0,0,0,11,200,236,63,156,253,179,0,0,0,0,0,0,0,0,0,0,0,0,0,0,16,32,0,13,243,253,36,0,0,0,0,0,0,0,0,0,0,0,0,0,0,0,0,0,220,253,79,0,0,0,0,0,0,0,0,0,0,0,0,0,0,0,0,16,243,253,122,0,0,0,0,0,0,0,0,0,19,5,0,0,0,0,4,154,254,234,40,0,0,0,0,0,0,0,0,0,199,185,155,155,155,226,226,247,240,110,0,0,0,0,0,0,0,0,0,0,119,197,197,197,228,254,234,181,38,0,0,0,0,0,0,0,0,0,0,0,0,0,0,0,8,14,9,0,0,0,0,0,0,0,0,0,0,0,5
0,0,0,0,0,0,0,0,0,0,0,0,0,0,0,0,136,253,207,13,0,0,0,0,0,0,0,0,0,0,0,0,0,0,0,47,227,252,197,10,0,0,0,0,0,0,0,0,0,0,0,0,0,0,0,181,252,252,81,0,0,0,0,0,0,0,0,0,0,0,0,0,0,0,33,229,252,236,29,0,0,0,0,0,0,0,0,0,0,0,0,0,0,9,155,252,252,139,0,0,0,0,0,0,0,0,0,0,0,0,0,0,7,156,252,252,197,12,0,0,0,0,0,0,0,0,0,0,0,0,0,0,123,252,252,252,139,0,0,0,0,0,0,0,0,0,0,0,0,0,0,11,237,252,252,252,60,0,0,0,0,0,0,0,0,0,0,0,0,0,0,173,252,252,231,58,6,0,0,0,0,0,0,0,0,0,0,0,0,0,58,253,252,252,89,0,0,0,0,0,0,0,0,0,0,0,0,0,0,64,248,255,252,149,0,0,0,0,0,0,0,0,0,0,0,0,0,0,68,242,252,253,159,0,0,0,0,0,0,0,0,0,0,0,0,0,11,77,239,252,252,211,41,0,0,0,0,0,0,0,0,0,0,0,0,0,96,252,252,252,206,0,0,0,0,0,0,0,0,0,0,0,0,0,0,130,235,252,252,145,4,0,0,0,0,0,0,0,0,0,0,0,0,11,96,235,252,252,143,6,0,0,0,0,0,0,0,0,0,0,0,0,9,166,252,252,252,212,92,49,0,0,0,0,0,0,0,0,0,0,0,0,128,252,252,252,252,252,169,89,0,0,0,0,0,0,0,0,0,0,0,0,145,252,252,252,221,104,4,0,0,0,0,0,0,0,0,0,0,0,0,0,88,252,229,45,8,0,0,0,0,0,0,0,0,0,0,0,0,0,1
0,0,0,0,0,0,0,0,0,18,159,25,0,0,0,0,0,0,0,0,0,0,0,0,0,0,0,0,0,29,253,212,29,0,0,0,0,0,0,0,0,0,0,0,0,0,0,0,0,29,253,254,122,0,0,0,0,0,0,0,0,0,0,0,0,0,0,0,0,92,253,254,122,0,0,0,0,0,0,0,0,0,0,0,0,0,0,0,0,123,253,254,173,0,0,0,0,0,0,0,0,0,0,0,0,0,0,0,0,123,253,254,215,0,0,0,0,0,0,0,0,0,0,0,0,0,0,0,0,123,253,254,215,0,0,0,0,0,0,0,0,0,0,0,0,0,0,0,0,123,253,254,194,0,0,0,0,0,0,0,0,0,0,0,0,0,0,0,0,123,253,254,122,0,0,0,0,0,0,0,0,0,0,0,0,0,0,0,0,123,253,254,122,0,0,0,0,0,0,0,0,0,0,0,0,0,0,0,0,123,254,255,98,0,0,0,0,0,0,0,0,0,0,0,0,0,0,0,0,123,253,254,28,0,0,0,0,0,0,0,0,0,0,0,0,0,0,0,0,123,253,251,27,0,0,0,0,0,0,0,0,0,0,0,0,0,0,0,0,185,253,188,0,0,0,0,0,0,0,0,0,0,0,0,0,0,0,0,11,223,253,170,0,0,0,0,0,0,0,0,0,0,0,0,0,0,0,0,57,253,253,171,0,0,0,0,0,0,0,0,0,0,0,0,0,0,0,0,57,253,253,188,0,0,0,0,0,0,0,0,0,0,0,0,0,0,0,0,57,253,253,212,11,0,0,0,0,0,0,0,0,0,0,0,0,0,0,0,51,249,253,167,0,0,0,0,0,0,0,0,0,0,0,0,0,0,0,0,0,181,218,0,0,0,0,0,0,0,0,0,1
0,0,0,0,0,0,0,0,0,0,0,0,0,0,0,0,0,0,0,0,0,0,0,0,0,0,0,0,0,0,31,196,254,61,0,0,0,0,0,0,0,0,0,0,0,0,0,0,0,0,29,189,253,57,0,0,0,0,0,0,0,0,0,0,0,0,0,0,0,0,0,130,253,39,0,0,0,0,0,0,0,0,0,0,0,0,0,0,0,0,24,228,253,39,0,0,0,0,0,0,0,0,0,0,0,0,0,0,0,0,50,253,212,13,0,0,0,0,0,0,0,0,0,0,0,0,0,0,0,0,50,253,193,0,0,0,0,0,0,0,0,0,0,0,0,0,0,0,0,0,84,253,160,0,0,0,0,0,0,0,0,0,0,0,0,0,0,0,0,0,149,253,80,0,0,0,0,0,0,0,0,0,0,0,0,0,0,0,0,0,149,248,0,0,0,0,0,0,0,0,0,0,0,0,0,0,0,0,0,0,209,248,0,0,0,0,0,0,0,0,0,0,0,0,0,0,0,0,0,40,251,248,0,0,0,0,0,0,0,0,0,0,0,0,0,0,0,0,0,95,253,248,0,0,0,0,0,0,0,0,0,0,0,0,0,0,0,0,0,95,253,164,0,0,0,0,0,0,0,0,0,0,0,0,0,0,0,0,0,95,253,122,0,0,0,0,0,0,0,0,0,0,0,0,0,0,0,0,0,183,249,45,0,0,0,0,0,0,0,0,0,0,0,0,0,0,0,0,60,236,203,0,0,0,0,0,0,0,0,0,0,0,0,0,0,0,0,0,139,253,150,0,0,0,0,0,0,0,0,0,0,0,0,0,0,0,0,0,139,253,69,0,0,0,0,0,0,0,0,0,0,0,0,0,0,0,0,0,139,254,4,0,0,0,0,0,0,0,0,0,1
0,0,0,0,0,0,0,0,0,0,0,0,0,0,0,0,0,0,0,0,0,0,0,0,0,0,0,0,0,0,0,0,0,0,0,0,0,0,0,0,0,0,0,0,0,0,0,0,0,0,0,0,0,0,0,0,0,0,0,0,0,0,0,0,0,0,16,119,234,254,255,254,195,16,0,0,0,0,0,0,0,0,0,0,0,16,194,253,249,166,109,108,232,126,0,0,0,0,0,0,0,0,0,0,0,131,253,208,33,0,0,0,217,250,75,0,0,0,0,0,0,0,0,0,72,254,229,40,0,0,0,43,245,253,233,40,0,0,0,0,0,0,0,0,124,254,133,0,0,0,0,120,253,253,253,91,0,0,0,0,0,0,0,0,182,255,50,0,0,0,0,145,254,190,233,92,0,0,0,0,0,0,0,0,181,254,18,0,0,0,0,229,253,60,13,7,0,0,0,0,0,0,0,0,135,254,148,37,8,27,186,250,253,54,0,0,0,0,0,0,0,0,0,0,20,170,245,253,210,238,235,251,253,54,0,0,0,0,0,0,0,0,0,0,0,0,42,72,72,72,0,235,253,54,0,0,0,0,0,0,0,0,0,0,0,0,0,0,0,0,0,204,254,54,0,0,0,0,0,0,0,0,0,0,0,0,0,0,0,0,0,151,253,54,0,0,0,0,0,0,0,0,0,0,0,0,0,0,0,0,0,68,253,144,0,0,0,0,0,0,0,0,0,0,0,0,0,0,0,0,0,55,253,235,0,0,0,0,0,0,0,0,0,0,0,0,0,0,0,0,0,16,227,241,26,0,0,0,0,0,0,0,0,0,0,0,0,0,0,0,0,0,218,254,72,0,0,0,0,0,0,0,0,0,0,0,0,0,0,0,0,0,165,253,72,0,0,0,0,0,9
0,0,0,0,0,0,0,96,121,175,102,102,52,0,0,0,0,0,0,0,0,0,0,0,0,31,202,252,254,254,254,254,229,202,95,0,0,0,0,0,0,0,0,0,0,39,254,254,254,254,254,254,254,254,248,147,22,0,0,0,0,0,0,0,0,39,254,254,254,206,161,170,254,254,254,254,189,0,0,0,0,0,0,0,0,39,254,254,231,30,0,6,61,104,242,254,240,188,0,0,0,0,0,0,0,125,254,254,223,0,0,0,0,0,86,254,254,251,81,0,0,0,0,0,32,214,254,254,77,0,0,0,0,0,11,208,254,254,146,0,0,0,0,0,113,254,254,192,19,0,0,0,0,0,0,32,208,254,146,0,0,0,0,0,248,254,254,169,0,0,0,0,0,0,0,0,63,255,146,0,0,0,0,0,248,254,254,123,0,0,0,0,0,0,0,0,63,254,146,0,0,0,0,104,253,254,254,14,0,0,0,0,0,0,0,0,171,254,146,0,0,0,0,147,254,254,254,14,0,0,0,0,0,0,8,125,235,254,146,0,0,0,0,147,254,254,131,2,0,0,0,0,0,0,59,254,254,252,107,0,0,0,3,154,254,254,116,0,0,0,0,0,8,153,227,254,251,137,0,0,0,0,47,254,254,237,63,0,0,0,0,82,184,254,254,254,122,0,0,0,0,0,47,254,254,216,0,0,0,33,110,243,254,254,251,122,6,0,0,0,0,0,47,254,254,241,78,60,163,210,254,254,254,205,87,0,0,0,0,0,0,0,47,254,254,254,254,254,254,254,254,254,201,17,0,0,0,0,0,0,0,0,9,135,253,254,254,254,254,254,238,92,24,0,0,0,0,0,0,0,0,0,0,0,98,218,254,254,254,174,70,0,0,0,0,0,0,0,0,0,0
0,0,0,0,0,0,0,86,254,244,126,25,0,0,0,0,0,0,0,0,0,0,0,0,0,0,0,85,254,254,254,237,128,23,0,0,0,0,0,0,0,0,0,0,0,0,0,19,243,254,111,175,253,224,4,0,0,0,0,0,0,0,0,0,0,0,0,0,151,254,159,0,125,234,60,0,0,0,0,0,0,0,0,0,0,0,0,0,64,254,212,0,0,188,0,0,0,0,0,0,0,0,0,0,0,0,0,0,53,251,254,8,0,123,141,207,116,0,0,0,0,0,0,0,0,0,0,0,0,150,254,148,100,237,254,254,110,0,0,0,0,0,0,0,0,0,0,0,0,32,254,254,254,230,134,16,2,0,0,0,0,0,0,0,0,0,0,0,7,89,254,254,235,43,0,0,0,0,0,0,0,0,0,0,0,0,0,0,127,254,254,254,230,21,0,0,0,0,0,0,0,0,0,0,0,0,0,110,254,187,25,231,255,175,0,0,0,0,0,0,0,0,0,0,0,0,116,246,189,4,0,42,239,253,75,0,0,0,0,0,0,0,0,0,0,76,243,219,26,0,0,0,188,254,160,1,0,0,0,0,0,0,0,0,0,141,248,84,0,0,0,0,58,237,254,47,0,0,0,0,0,0,0,0,0,229,147,0,0,0,0,0,0,198,254,113,0,0,0,0,0,0,0,0,0,236,140,0,0,0,0,0,0,198,254,113,0,0,0,0,0,0,0,0,0,236,140,0,0,0,0,0,0,198,254,113,0,0,0,0,0,0,0,0,0,144,243,66,0,0,0,0,114,252,188,11,0,0,0,0,0,0,0,0,0,39,186,241,196,123,157,218,250,203,44,0,0,0,0,0,0,0,0,0,0,0,30,131,215,254,254,254,169,60,0,0,0,0,0,0,8
0,0,0,0,0,0,0,3,134,234,253,217,187,143,87,163,17,0,0,0,0,0,0,0,0,0,35,203,253,223,106,19,0,0,0,0,0,0,0,0,0,0,0,0,0,30,175,253,153,7,0,0,0,0,0,0,0,0,0,0,0,0,0,0,0,80,253,227,78,0,0,0,0,0,0,0,0,0,0,0,0,0,0,0,18,235,253,45,0,0,0,0,0,0,0,0,0,0,0,0,0,0,0,0,124,253,167,2,0,0,0,0,0,0,0,0,0,0,0,0,0,0,0,0,133,244,45,0,0,0,0,0,0,0,0,0,0,0,0,0,0,0,0,0,215,215,17,0,0,0,0,0,0,0,0,0,0,0,0,0,0,0,0,0,243,253,103,0,0,0,0,0,0,0,0,0,0,0,0,0,0,0,0,0,182,254,165,0,0,0,0,0,0,0,0,0,0,0,0,0,0,0,0,0,133,253,165,0,0,0,0,0,0,0,0,0,0,0,0,0,0,0,0,0,90,253,238,18,0,0,0,0,0,0,0,0,0,0,0,0,0,0,0,0,1,160,253,47,200,243,147,244,166,133,124,18,0,0,0,0,0,0,0,0,0,20,218,253,253,253,253,230,253,253,253,234,109,0,0,0,0,0,0,0,0,0,82,246,253,253,253,168,197,238,253,253,196,8,0,0,0,0,0,0,0,0,0,127,253,253,253,254,182,18,31,211,253,75,0,0,0,0,0,0,0,0,0,5,126,253,253,255,155,45,45,181,253,131,0,0,0,0,0,0,0,0,0,0,12,100,210,254,253,253,253,253,226,44,0,0,0,0,0,0,0,0,0,0,0,0,15,47,143,186,195,143,45,0,0,0,0,0,0,0,0,0,0,0,0,0,0,0,0,0,0,0,0,0,0,0,6
0,0,0,0,0,0,0,0,0,0,0,96,255,69,0,0,0,0,0,0,0,0,0,0,0,0,0,0,0,0,0,95,253,195,0,0,0,0,0,0,0,0,0,0,0,0,0,0,0,0,0,95,253,217,0,0,0,0,0,0,0,0,0,0,0,0,0,0,0,0,0,95,253,124,0,0,0,0,0,0,0,0,0,0,0,0,0,0,0,0,0,136,253,124,0,0,0,0,0,0,0,0,0,0,0,0,0,0,0,0,0,213,253,124,0,0,0,0,0,0,0,0,0,0,0,0,0,0,0,0,2,214,253,10,0,0,0,0,0,0,0,0,0,0,0,0,0,0,0,0,89,253,243,5,0,0,0,0,0,0,0,0,0,0,0,0,0,0,0,10,205,253,141,0,0,0,0,0,0,0,0,0,0,0,0,0,0,0,10,105,253,231,53,0,0,0,0,0,0,0,0,0,0,0,0,0,0,0,42,253,253,123,0,0,0,0,0,0,0,0,0,0,0,0,0,0,0,0,86,253,224,26,0,0,0,0,0,0,0,0,0,0,0,0,0,0,0,11,201,253,69,0,0,0,0,0,0,0,0,0,0,0,0,0,0,0,0,85,253,253,59,0,0,0,0,0,0,0,0,0,0,0,0,0,0,0,1,155,253,219,25,0,0,0,0,0,0,0,0,0,0,0,0,0,0,0,29,253,246,103,0,0,0,0,0,0,0,0,0,0,0,0,0,0,0,0,210,253,212,0,0,0,0,0,0,0,0,0,0,0,0,0,0,0,0,85,251,253,119,0,0,0,0,0,0,0,0,0,0,0,0,0,0,0,0,107,253,233,13,0,0,0,0,0,0,0,0,0,0,0,0,0,0,0,0,107,251,68,0,0,0,0,0,0,0,0,0,0,0,0,1
0,0,0,0,0,0,0,0,0,0,0,0,0,0,0,0,0,0,0,0,0,0,0,0,0,0,0,0,0,0,0,0,0,0,0,0,0,0,0,0,0,0,0,0,0,0,0,0,0,0,0,0,0,0,0,0,0,0,0,0,0,0,0,0,0,0,0,0,0,0,0,51,128,212,254,186,0,0,0,0,0,0,0,0,0,43,138,138,139,189,230,247,254,253,253,236,0,0,0,0,0,0,0,76,208,232,253,253,254,253,253,244,171,243,253,160,0,0,0,0,0,0,0,59,161,160,160,160,161,77,69,44,26,239,253,128,0,0,0,0,0,0,0,0,0,0,0,0,0,0,0,0,162,254,230,0,0,0,0,0,0,0,0,0,0,0,0,0,0,0,0,0,178,253,145,0,0,0,0,0,0,0,0,0,0,0,0,0,0,0,0,51,254,253,96,0,0,0,0,0,0,0,0,0,0,0,0,0,0,0,0,184,254,185,13,0,0,0,0,0,0,0,0,0,0,0,0,0,0,0,15,229,254,115,0,0,0,0,0,0,0,0,0,0,0,0,0,0,0,0,157,253,199,19,0,0,0,0,0,0,0,0,0,0,0,0,0,0,0,22,228,253,84,0,0,0,0,0,0,0,0,0,0,0,0,0,0,0,0,147,253,219,0,0,0,0,0,0,0,0,0,0,0,0,0,0,0,0,19,237,254,103,0,0,0,0,0,0,0,0,0,0,0,0,0,0,0,0,136,253,240,31,0,0,0,0,0,0,0,0,0,0,0,0,0,0,0,0,254,253,145,0,0,0,0,0,0,0,0,0,0,0,0,0,0,0,0,34,254,253,46,0,0,0,0,0,0,0,0,0,0,0,0,0,0,0,0,93,255,254,46,0,0,0,0,0,0,0,0,0,7
0,0,0,0,0,0,0,0,0,0,0,0,0,0,0,0,46,182,118,0,0,0,0,0,0,0,0,0,0,0,0,0,0,0,0,45,227,253,22,0,0,0,0,0,0,0,0,0,5,100,26,0,0,0,83,228,232,67,4,0,0,0,0,0,0,0,0,47,235,253,124,0,3,100,233,232,47,0,0,0,0,0,0,0,0,0,13,173,253,220,137,0,130,253,232,47,0,0,0,0,0,0,0,0,0,0,56,253,245,22,0,126,255,230,52,0,0,0,0,0,0,0,0,0,0,0,5,199,248,55,128,251,239,98,0,0,0,0,0,0,0,0,0,0,0,0,0,89,253,253,253,234,134,0,0,0,0,0,0,0,0,0,0,0,0,0,0,23,238,253,253,110,0,0,0,0,0,0,0,0,0,0,0,0,0,0,0,39,242,253,253,81,0,0,0,0,0,0,0,0,0,0,0,0,0,0,8,159,253,221,246,206,0,0,0,0,0,0,0,0,0,0,0,0,0,0,132,253,242,0,188,253,78,0,0,0,0,0,0,0,0,0,0,0,0,9,200,253,108,0,188,253,111,0,0,0,0,0,0,0,0,0,0,0,0,138,253,158,1,0,188,253,111,0,0,0,0,0,0,0,0,0,0,0,0,243,241,43,0,0,188,253,87,0,0,0,0,0,0,0,0,0,0,0,0,243,198,0,0,35,239,215,0,0,0,0,0,0,0,0,0,0,0,0,0,243,97,0,6,193,253,143,0,0,0,0,0,0,0,0,0,0,0,0,0,243,117,45,150,253,220,70,0,0,0,0,0,0,0,0,0,0,0,0,0,243,253,253,253,206,46,0,0,0,0,0,0,0,0,0,0,0,0,0,0,89,215,253,195,13,0,0,0,0,0,0,0,0,0,0,8
227,216,228,252,244,215,225,253,238,206,219,205,251,216,207,208,248,231,224,253,247,205,240,222,225,211,207,211,215,205,229,221,245,245,219,246,231,225,215,210,205,204,254,202,240,240,200,221,218,249,240,236,216,251,205,245,228,241,217,244,200,241,221,219,254,214,235,221,202,215,251,232,204,216,228,237,206,221,241,253,206,218,206,233,210,216,253,203,243,212,214,239,216,254,202,247,247,212,200,200,209,234,211,200,229,235,215,249,218,227,218,237,230,205,245,245,200,228,218,232,208,246,201,223,221,223,239,254,221,237,242,216,243,217,222,216,205,206,205,221,244,233,243,210,251,237,217,219,251,211,235,241,224,227,242,210,242,216,206,239,251,231,236,236,215,201,209,243,205,202,254,204,201,239,240,246,211,246,204,235,232,211,211,202,235,243,230,233,243,240,223,238,234,224,232,220,247,235,221,249,222,212,212,216,241,244,208,200,234,228,223,214,215,211,248,227,247,245,236,245,228,227,243,231,249,240,220,250,239,254,206,224,202,207,207,209,229,241,222,210,228,243,215,221,233,252,254,206,200,225,216,217,250,216,231,249,201,243,201,233,216,238,252,227,218,217,251,228,212,200,238,239,238,219,250,222,240,243,223,235,205,206,232,212,245,208,232,244,203,216,214,239,227,228,243,221,237,250,201,229,226,248,223,217,254,218,231,221,211,216,253,243,227,245,237,246,213,214,212,209,236,219,230,254,240,220,207,221,236,252,216,235,250,243,254,242,224,241,248,241,232,218,246,236,211,246,224,248,211,203,235,211,209,219,204,227,251,232,241,225,227,208,229,241,247,249,215,206,244,215,206,225,215,204,239,202,236,220,244,227,227,235,232,225,237,234,234,244,224,238,253,253,205,230,208,235,253,212,236,250,8
0,0,0,0,0,0,0,0,0,0,0,0,0,0,0,0,0,0,0,0,0,0,0,0,0,0,0,0,0,0,0,0,0,0,0,5,199,233,24,0,0,0,0,0,0,0,0,15,0,0,0,0,0,0,0,104,254,245,32,0,0,0,0,0,0,0,70,219,33,0,0,0,0,0,2,153,254,197,0,0,0,0,0,0,0,13,229,254,131,0,0,0,0,0,76,254,254,134,0,0,0,0,0,0,0,107,254,222,23,0,0,0,0,0,159,254,254,51,0,0,0,0,0,0,4,194,254,197,0,0,0,0,0,104,250,254,184,2,0,0,0,0,0,0,114,254,254,165,0,0,0,0,7,229,254,254,137,0,0,0,0,0,0,102,243,254,203,42,0,0,0,0,156,254,254,179,3,43,0,0,0,0,65,241,254,254,133,0,0,0,0,5,204,254,254,96,0,226,157,0,0,64,239,254,254,254,232,167,84,0,0,108,254,254,183,12,0,151,246,49,0,227,254,254,254,254,254,254,254,219,161,244,254,254,89,30,129,254,247,49,50,247,254,200,70,70,153,238,254,254,254,254,254,254,228,238,254,254,211,0,0,133,112,19,0,0,0,34,102,223,254,254,254,254,254,254,247,223,43,0,0,0,0,0,0,0,0,0,9,177,254,254,219,147,178,102,25,0,0,0,0,0,0,0,0,0,0,0,29,254,254,247,53,0,0,0,0,0,0,0,0,0,0,0,0,0,0,0,147,254,254,209,0,0,0,0,0,0,0,0,0,0,0,0,0,0,0,72,243,254,255,56,0,0,0,0,0,0,0,0,0,0,0,0,0,0,51,247,254,254,170,1,0,0,0,0,0,0,0,0,0,0,0,0,0,0,85,254,254,254,14,0,0,0,0,0,0,0,0,0,4
0,0,0,0,0,0,0,0,0,5,200,218,5,0,0,0,0,0,0,0,0,0,0,0,0,0,0,0,0,124,254,123,0,0,0,0,0,0,0,0,0,0,0,0,0,0,0,0,66,243,209,0,0,0,0,0,0,0,0,0,0,0,0,0,0,0,0,0,181,254,63,0,0,0,0,0,0,0,0,0,0,0,0,0,0,0,0,72,254,155,2,0,0,0,0,0,0,0,0,0,0,0,0,0,0,0,9,226,234,44,0,0,0,0,0,0,0,0,0,0,0,0,0,0,0,0,89,254,144,0,0,0,0,0,0,0,0,0,0,0,0,0,0,0,0,0,221,243,43,0,0,0,0,0,0,0,0,0,0,0,0,0,0,0,0,66,251,166,0,0,0,0,0,1,80,161,112,0,0,0,0,0,0,0,0,172,246,35,0,0,0,0,11,155,254,254,229,0,0,0,0,0,0,0,0,187,225,0,0,0,0,11,149,254,197,165,247,27,0,0,0,0,0,0,8,242,171,0,0,0,0,105,254,193,20,35,254,55,0,0,0,0,0,0,56,254,152,0,0,0,4,245,215,26,0,39,253,52,0,0,0,0,0,0,56,254,118,0,0,0,105,254,123,0,0,155,223,0,0,0,0,0,0,0,47,252,151,0,0,0,205,254,22,2,109,250,171,0,0,0,0,0,0,0,0,235,238,36,21,21,210,228,136,198,254,202,46,0,0,0,0,0,0,0,0,153,254,254,254,254,254,254,254,254,224,19,0,0,0,0,0,0,0,0,0,0,0,0,0,0,0,0,0,0,0,0,0,0,0,0,0,0,0,0,0,0,0,0,0,0,0,0,0,0,0,0,0,0,0,0,0,0,0,0,0,0,0,0,0,0,0,0,0,0,0,0,0,0,0,0,6
0,0,0,0,0,0,0,110,252,252,251,169,0,0,0,0,0,0,0,0,0,0,0,0,0,0,75,211,252,252,247,89,0,0,0,0,0,0,0,0,0,0,0,0,0,26,216,252,252,252,238,0,0,0,0,0,0,0,0,0,0,0,0,0,0,116,252,252,252,245,106,0,0,0,0,0,0,0,0,0,0,0,0,0,20,221,252,252,252,197,0,0,0,0,0,0,0,0,0,0,0,0,0,0,115,252,252,252,252,93,0,0,0,0,0,0,0,0,0,0,0,0,0,68,243,252,252,252,248,83,0,0,27,27,77,160,160,62,9,0,0,0,0,114,252,252,252,252,214,28,146,146,253,252,252,252,252,252,156,0,0,0,0,240,252,252,252,252,252,252,252,252,253,252,252,252,252,252,233,49,0,0,0,241,253,253,253,253,253,253,253,253,255,253,253,253,253,253,253,226,0,0,0,240,252,252,252,252,252,252,246,145,197,252,252,252,252,252,252,225,0,0,0,240,252,252,252,252,252,192,80,0,13,26,26,168,252,252,252,235,0,0,0,240,252,252,252,235,81,15,0,0,0,0,0,81,252,252,252,229,0,0,0,240,252,252,252,213,21,0,0,0,0,0,25,84,119,217,252,190,0,0,0,240,252,252,252,252,207,186,110,54,118,186,211,252,252,252,222,24,0,0,0,148,252,252,252,252,252,252,252,252,253,252,252,252,252,252,191,0,0,0,0,39,222,252,252,252,252,252,252,252,253,252,252,252,245,197,29,0,0,0,0,0,40,218,249,252,252,252,252,252,253,252,247,196,78,0,0,0,0,0,0,0,0,0,95,147,252,252,174,119,120,119,75,0,0,0,0,0,0,0,0,0,0,0,0,0,0,0,0,0,0,0,0,0,0,0,0,0,6
0,0,0,0,0,0,0,0,36,242,107,0,0,0,0,0,0,0,16,73,0,0,0,0,0,0,0,0,127,254,252,171,146,127,55,127,178,172,240,254,0,0,0,0,0,0,0,27,190,54,49,217,254,233,230,230,185,128,127,49,0,0,0,0,0,0,0,32,220,21,0,0,54,23,20,20,0,0,0,0,0,0,0,0,0,0,0,170,102,0,0,0,0,0,0,0,0,0,0,0,0,0,0,0,0,0,59,182,7,0,0,0,0,0,0,0,0,0,0,0,0,0,0,0,0,0,111,124,0,0,0,0,0,0,0,0,0,0,0,0,0,0,0,0,0,16,244,82,24,37,8,0,0,0,0,0,0,0,0,0,0,0,0,0,0,97,254,254,234,254,211,167,51,2,0,0,0,0,0,0,0,0,0,0,0,200,254,255,234,241,254,254,255,83,0,0,0,0,0,0,0,0,0,0,0,40,59,27,7,0,7,92,182,230,82,0,0,0,0,0,0,0,0,0,0,0,0,0,0,0,0,0,0,132,211,0,0,0,0,0,0,0,0,0,0,0,0,0,0,0,0,0,0,16,192,0,0,0,0,0,0,0,6,100,0,0,0,0,0,0,0,0,0,132,178,0,0,0,0,0,0,0,21,5,0,0,0,0,0,0,0,0,0,204,127,0,0,0,0,0,0,0,74,200,0,0,0,0,0,0,0,0,131,248,101,0,0,0,0,0,0,0,106,250,73,0,0,0,0,0,83,210,254,99,3,0,0,0,0,0,0,0,37,199,203,56,37,37,37,128,246,241,69,3,0,0,0,0,0,0,0,0,0,107,254,254,254,254,254,254,167,61,0,0,0,0,0,0,0,0,0,0,0,16,118,202,254,254,201,85,16,0,0,0,0,0,0,0,0,0,5
0,0,0,0,0,0,0,0,0,0,0,0,0,0,0,0,0,0,0,0,0,0,0,0,0,0,0,0,0,0,41,152,193,254,253,254,253,234,51,0,0,0,0,0,0,0,0,0,0,163,243,253,252,253,252,192,232,253,232,0,0,0,0,0,0,0,0,11,132,254,253,254,253,254,213,41,82,255,253,0,0,0,0,0,0,0,0,173,252,253,252,253,171,50,10,0,82,253,252,0,0,0,0,0,0,0,62,254,253,224,162,183,0,0,0,0,163,255,131,0,0,0,0,0,0,21,203,253,212,20,0,20,0,0,0,123,243,213,10,0,0,0,0,0,0,52,253,254,50,0,0,0,0,11,173,254,233,41,0,0,0,0,0,0,0,51,252,253,50,0,0,21,102,213,252,233,91,0,0,0,0,0,0,0,0,52,253,254,172,152,193,254,253,254,213,41,0,0,0,0,0,0,0,0,0,51,252,253,252,253,252,253,252,91,10,0,0,0,0,0,0,0,0,0,0,0,142,254,253,254,233,123,0,0,0,0,0,0,0,0,0,0,0,0,0,0,142,253,252,253,232,203,122,0,0,0,0,0,0,0,0,0,0,0,0,92,253,254,253,254,233,254,253,82,0,0,0,0,0,0,0,0,0,0,82,253,252,253,252,253,70,213,252,203,0,0,0,0,0,0,0,0,0,11,213,254,233,21,183,183,41,92,253,203,0,0,0,0,0,0,0,0,0,132,252,233,50,0,0,0,142,253,252,40,0,0,0,0,0,0,0,0,0,173,253,183,0,31,132,214,253,244,81,0,0,0,0,0,0,0,0,0,0,253,252,162,102,233,252,253,212,81,0,0,0,0,0,0,0,0,0,0,0,153,253,255,253,254,253,203,61,0,0,0,0,0,0,0,0,0,8
0,0,0,0,0,0,0,0,0,0,0,0,72,163,255,152,16,0,0,0,0,0,0,0,0,0,0,0,0,0,0,71,240,253,253,253,188,14,0,0,0,0,0,0,0,0,0,0,0,8,202,249,253,253,253,253,253,198,67,0,0,0,0,0,0,0,0,0,38,200,253,253,253,209,196,253,253,253,196,0,0,0,0,0,0,0,0,43,226,253,253,221,124,16,79,253,253,253,186,0,0,0,0,0,0,0,84,227,253,253,253,79,0,0,150,253,253,216,29,0,0,0,0,0,0,5,170,253,253,223,52,1,0,0,133,253,253,48,0,0,0,0,0,0,0,141,253,253,224,34,0,0,0,0,79,253,253,61,0,0,0,0,0,0,69,241,253,227,40,0,0,0,0,0,45,243,253,139,0,0,0,0,0,52,246,253,250,110,0,0,0,0,0,0,0,228,253,203,0,0,0,0,30,219,253,253,155,0,0,0,0,0,0,0,0,188,253,251,75,0,0,0,155,253,253,242,70,0,0,0,0,0,0,0,0,66,253,253,152,0,0,72,251,253,253,103,0,0,0,0,0,0,0,0,0,6,191,253,196,0,6,156,253,253,161,5,0,0,0,0,0,0,0,0,0,0,171,253,196,0,47,253,253,253,20,0,0,0,0,0,0,0,0,0,0,7,197,253,196,0,24,226,253,253,29,0,0,0,0,0,0,0,0,3,21,167,253,253,145,0,0,170,253,253,211,100,40,52,0,0,0,39,68,175,253,253,253,219,30,0,0,90,245,253,253,253,239,245,218,218,218,238,253,253,253,253,251,92,0,0,0,0,14,127,226,253,253,253,253,253,253,253,253,253,236,188,68,0,0,0,0,0,0,0,35,149,192,149,149,149,149,149,149,52,32,0,0,0,0,0,0
0,0,0,0,0,0,0,0,0,0,8,78,148,148,148,148,148,48,0,0,0,0,0,0,0,0,0,0,0,36,201,252,252,252,252,253,252,247,120,14,0,0,0,0,0,0,0,0,112,241,253,252,252,238,231,236,252,252,252,95,0,0,0,0,0,0,0,0,142,252,243,189,136,28,0,14,163,247,252,173,0,0,0,0,0,0,0,0,11,129,79,0,0,0,0,0,36,241,252,252,0,0,0,0,0,0,0,0,0,0,0,0,0,0,0,25,227,253,253,86,0,0,0,0,0,0,0,0,0,0,0,0,0,0,0,25,226,252,252,42,0,0,0,0,0,0,0,0,0,0,0,0,0,0,9,192,252,252,98,4,0,0,0,0,54,64,64,6,0,0,0,0,0,0,106,253,252,252,84,0,0,0,9,176,246,253,252,152,0,0,0,0,0,141,228,253,252,59,14,0,0,0,128,253,236,254,253,253,227,148,0,0,39,253,253,255,151,0,0,0,0,29,213,196,54,63,205,252,252,252,173,85,213,252,252,151,16,0,0,0,0,137,252,84,0,0,51,223,245,252,253,252,252,252,155,0,0,0,0,0,11,206,221,63,0,0,0,0,126,252,253,252,252,252,147,0,0,0,0,0,130,252,126,0,0,0,0,107,239,252,253,252,252,252,235,212,211,193,0,0,123,253,152,0,0,25,123,245,253,253,230,131,206,253,253,255,239,158,35,0,253,252,28,85,128,227,252,252,252,217,27,0,6,133,168,151,42,0,0,0,147,252,236,252,252,253,252,252,212,29,0,0,0,0,0,0,0,0,0,0,87,252,252,252,252,190,153,84,28,0,0,0,0,0,0,0,0,0,0,0,7,42,42,42,42,0,0,0,0,0,0,0,0,0,0,0,0,0,0,0,2
0,0,0,0,0,0,0,0,0,0,0,0,0,0,0,0,0,0,0,0,0,0,0,0,0,0,0,0,0,0,0,0,0,0,0,0,0,0,0,0,0,0,0,0,0,0,0,0,10,97,156,201,254,238,36,0,0,0,0,0,0,0,0,0,0,0,0,44,175,253,254,253,253,253,58,0,0,0,0,0,0,0,0,0,0,0,44,229,253,253,235,174,199,253,88,0,0,0,0,0,0,0,0,0,0,10,213,253,247,101,15,0,130,253,208,0,0,0,0,0,0,0,0,0,0,134,253,222,94,0,0,16,235,253,215,0,0,0,0,0,0,0,0,0,0,255,254,116,0,0,0,103,254,254,58,0,0,0,0,0,0,0,0,0,0,254,253,78,0,0,65,247,253,250,54,0,0,0,0,0,0,0,0,0,0,254,253,78,43,116,254,253,253,213,0,0,0,0,0,0,0,0,0,0,0,201,253,240,244,253,254,253,253,124,0,0,0,0,0,0,0,0,0,0,0,81,253,253,253,215,178,253,253,41,0,0,0,0,0,0,0,0,0,0,0,0,83,98,45,0,141,254,235,15,0,0,0,0,0,0,0,0,0,0,0,0,0,0,0,46,254,253,167,0,0,0,0,0,0,0,0,0,0,0,0,0,0,0,0,98,254,239,24,0,0,0,0,0,0,0,0,0,0,0,0,0,0,0,7,197,254,218,0,0,0,0,0,0,0,0,0,0,0,0,0,0,0,0,77,253,254,99,0,0,0,0,0,0,0,0,0,0,0,0,0,0,0,0,159,254,196,0,0,0,0,0,0,0,0,0,0,0,0,0,0,0,0,7,235,253,150,0,0,0,0,0,0,0,0,0,0,0,0,0,0,0,0,109,253,253,98,0,0,0,0,0,0,0,0,0,9
0,0,0,0,0,0,0,0,0,0,0,0,0,0,0,0,0,0,0,0,0,0,0,0,0,0,0,0,0,0,0,0,0,0,0,0,0,0,0,0,0,0,0,0,0,0,0,0,0,0,32,136,221,254,254,186,0,0,0,0,0,0,0,0,0,0,0,0,47,147,241,253,254,253,253,253,85,0,0,0,0,0,0,0,0,5,66,182,254,248,230,162,138,92,253,244,17,0,0,0,0,0,0,0,26,155,253,253,161,64,0,0,0,114,253,194,0,0,0,0,0,0,0,26,221,254,214,25,0,0,0,0,128,212,254,195,0,0,0,0,0,0,0,110,254,211,29,0,0,0,5,181,254,253,253,160,0,0,0,0,0,0,0,184,247,37,0,0,0,72,195,253,254,253,253,160,0,0,0,0,0,0,0,184,235,50,43,93,185,247,244,128,186,253,253,94,0,0,0,0,0,0,0,160,254,254,254,254,254,124,0,26,254,254,171,0,0,0,0,0,0,0,0,9,140,206,198,81,23,2,5,189,254,253,88,0,0,0,0,0,0,0,0,0,0,0,0,0,0,0,74,253,254,173,9,0,0,0,0,0,0,0,0,0,0,0,0,0,0,17,224,253,254,48,0,0,0,0,0,0,0,0,0,0,0,0,0,0,0,164,254,254,127,0,0,0,0,0,0,0,0,0,0,0,0,0,0,0,38,243,253,219,9,0,0,0,0,0,0,0,0,0,0,0,0,0,0,0,187,253,251,63,0,0,0,0,0,0,0,0,0,0,0,0,0,0,0,34,254,253,162,0,0,0,0,0,0,0,0,0,0,0,0,0,0,0,7,170,255,241,34,0,0,0,0,0,0,0,0,0,0,0,0,0,0,0,40,253,254,73,0,0,0,0,0,0,0,0,0,0,9
0,0,0,0,0,0,0,0,175,255,71,0,0,0,0,0,0,0,0,0,0,0,0,0,0,0,0,0,174,253,194,3,0,0,0,0,0,0,0,0,0,0,0,0,0,0,0,0,174,253,253,61,0,0,0,0,0,0,0,0,0,0,0,0,0,0,0,0,174,253,253,74,0,0,0,0,0,0,0,0,0,0,0,0,0,0,0,0,174,253,253,185,0,0,0,0,0,0,0,0,0,0,0,0,0,0,0,0,174,253,253,185,0,0,0,0,0,0,0,0,0,0,0,0,0,0,0,0,174,253,253,197,10,0,0,0,0,0,0,0,0,0,0,0,0,0,0,0,174,253,253,253,55,0,0,0,0,0,0,0,0,0,0,0,0,0,0,0,86,253,253,253,55,0,0,0,0,0,0,0,0,0,0,0,0,0,0,0,38,235,253,253,55,0,0,0,0,0,0,0,0,0,0,0,0,0,0,0,0,180,253,253,149,0,0,0,0,0,0,0,0,0,0,0,0,0,0,0,0,180,253,253,179,0,0,0,0,0,0,0,0,0,0,0,0,0,0,0,0,80,253,253,179,0,0,0,0,0,0,0,0,0,0,0,0,0,0,0,0,56,253,253,179,0,0,0,0,0,0,0,0,0,0,0,0,0,0,0,0,56,253,253,206,18,0,0,0,0,0,0,0,0,0,0,0,0,0,0,0,56,253,253,253,49,0,0,0,0,0,0,0,0,0,0,0,0,0,0,0,33,225,253,253,161,0,0,0,0,0,0,0,0,0,0,0,0,0,0,0,53,249,253,253,172,0,0,0,0,0,0,0,0,0,0,0,0,0,0,0,3,131,253,253,172,0,0,0,0,0,0,0,0,0,0,0,0,0,0,0,0,32,223,217,89,0,0,0,0,0,0,1
0,0,0,70,252,252,253,206,0,0,0,0,0,0,0,0,0,0,0,0,0,0,0,164,252,252,253,164,0,0,0,0,0,0,0,0,0,0,0,0,0,0,74,215,252,252,128,8,0,0,0,0,0,0,0,0,0,0,0,0,0,0,162,253,253,243,0,0,0,0,0,0,0,0,0,0,0,0,0,0,0,5,178,252,252,117,0,0,0,0,0,0,0,0,0,0,0,0,0,0,0,55,252,252,252,22,0,0,0,0,0,0,0,0,0,0,0,0,0,0,0,138,252,252,176,4,0,0,0,0,0,0,17,93,93,144,93,93,25,0,0,138,252,252,108,0,0,0,0,0,0,22,234,252,252,252,253,252,205,21,0,149,253,184,0,0,0,0,0,19,128,202,253,253,253,253,255,253,253,117,0,180,252,183,0,0,0,0,45,236,252,253,252,252,252,252,253,252,252,252,0,107,252,183,0,0,0,13,120,252,252,253,252,252,252,189,184,227,252,252,0,24,252,183,0,0,62,215,252,252,252,253,193,77,45,4,0,67,252,252,0,24,252,215,116,11,138,252,252,252,252,75,8,0,0,0,0,151,252,252,0,11,203,253,253,201,202,253,253,253,253,24,138,191,128,201,149,253,222,224,0,0,80,240,252,252,253,252,252,252,252,212,252,252,252,252,253,252,187,58,0,0,0,82,240,252,253,252,252,252,252,247,227,252,227,79,205,121,19,0,0,0,0,0,80,160,211,252,252,252,210,199,186,77,82,0,21,0,0,0,0,0,0,0,0,0,13,75,22,117,75,11,11,0,0,0,0,0,0,0,0,0,0,0,0,0,0,0,0,0,0,0,0,0,0,0,0,0,0,0,0,0,0,0,0,0,0,0,0,0,0,0,0,0,0,0,0,0,0,0,6
0,0,0,0,21,217,252,252,252,252,252,252,248,76,10,0,0,0,0,0,0,0,0,4,126,252,252,252,252,252,252,252,253,252,96,0,0,0,0,0,0,0,0,106,252,252,252,252,252,234,146,227,253,252,183,16,0,0,0,0,0,0,9,222,252,252,252,252,191,45,0,121,253,252,252,84,0,0,0,0,0,0,9,187,252,252,252,252,76,0,0,87,219,252,252,189,21,0,0,0,0,0,0,17,180,236,167,76,9,0,0,0,231,252,252,213,14,0,0,0,0,0,0,0,6,29,0,0,0,0,0,0,104,252,252,222,28,0,0,0,0,0,0,0,0,0,0,0,0,0,0,0,122,252,252,208,7,0,0,0,0,0,0,0,0,0,0,0,0,0,0,0,132,252,252,227,35,0,0,0,0,0,0,0,0,0,0,0,0,0,0,64,255,253,253,141,0,0,0,0,0,0,0,0,0,0,0,0,0,0,0,64,253,252,252,141,0,0,0,0,0,0,0,0,0,0,0,0,0,0,16,197,253,252,212,32,0,0,0,0,0,0,0,0,0,0,0,0,0,0,131,252,253,252,153,0,0,0,0,0,0,0,9,181,181,181,152,61,61,107,246,252,253,235,27,0,0,0,0,0,0,0,47,252,252,252,252,252,252,252,252,252,253,193,0,0,0,0,0,0,0,0,231,252,252,252,252,252,252,252,252,252,253,225,130,69,0,0,0,0,0,0,92,252,252,252,252,252,252,252,252,252,253,252,252,245,217,182,97,97,0,0,24,252,252,252,252,252,252,252,252,252,253,252,252,252,252,252,252,252,0,0,1,11,161,252,252,217,131,28,11,69,195,252,252,252,252,252,252,252,0,0,0,0,0,0,0,0,0,0,0,0,0,0,0,0,0,0,0,0,2
230,202,219,236,231,231,244,210,234,238,218,215,238,238,202,209,252,215,226,243,234,230,247,203,214,228,239,240,227,244,217,218,230,215,212,212,216,221,213,254,241,206,232,254,202,223,209,207,210,238,242,208,210,243,247,220,249,230,249,240,226,229,241,248,208,214,214,224,224,235,236,212,228,207,229,242,244,203,247,228,204,202,214,236,236,229,232,236,219,249,225,252,217,234,208,234,230,228,205,213,220,226,245,207,241,243,236,218,217,207,218,206,232,206,222,218,234,254,216,248,231,224,237,211,224,228,230,247,223,203,201,241,251,237,223,253,229,229,208,211,207,228,232,207,245,219,221,205,220,232,202,223,208,217,205,202,242,228,241,200,247,228,254,214,252,221,235,222,214,239,253,232,216,244,249,233,200,218,251,229,254,236,241,224,211,240,207,234,224,243,229,219,225,241,220,247,227,232,248,247,207,210,219,237,222,225,244,219,227,240,207,242,249,213,232,216,238,228,232,248,216,210,219,223,248,214,213,209,204,220,233,237,216,215,237,202,254,239,249,224,252,206,222,251,213,215,233,211,226,237,254,224,234,225,254,238,251,225,246,249,251,208,231,252,249,216,211,217,205,245,238,207,219,236,226,215,249,221,238,241,244,248,213,230,207,212,233,239,229,241,247,232,222,238,214,227,228,225,222,220,211,247,228,254,251,236,204,212,218,234,216,238,239,218,218,242,205,230,230,209,217,254,237,226,240,232,200,218,222,227,228,235,208,230,212,246,239,213,212,211,219,222,228,235,217,248,254,214,251,218,249,213,247,223,211,221,214,205,209,207,245,203,212,248,239,241,206,201,251,239,230,228,217,215,228,235,231,237,225,234,220,226,229,240,245,223,212,230,223,235,206,226,229,240,231,229,225,233,224,238,2
0,0,0,0,0,0,0,0,0,0,0,0,0,0,0,0,0,0,0,0,0,0,0,0,0,0,0,0,0,0,8,25,43,43,25,0,0,0,0,0,0,0,0,0,0,0,0,43,112,190,201,226,252,252,147,0,0,0,0,0,0,0,0,0,9,39,162,242,252,235,214,126,242,247,134,0,0,0,0,0,0,0,0,70,204,253,252,221,119,14,0,0,227,98,0,0,22,64,64,64,0,0,150,239,252,236,112,21,0,0,0,0,35,0,45,107,199,155,147,103,25,183,253,225,124,0,0,0,0,0,8,43,148,253,253,194,71,0,0,0,157,252,201,21,0,0,0,0,0,116,201,252,252,196,80,0,0,0,0,0,253,252,29,0,0,0,0,20,197,249,250,152,29,7,0,0,0,0,0,0,227,252,74,0,0,0,22,202,252,155,70,0,0,0,0,0,0,0,0,0,60,252,249,211,167,124,225,252,155,7,0,0,0,0,0,0,0,0,0,0,0,36,203,239,253,255,253,253,253,253,193,148,148,122,43,36,15,4,0,0,0,0,0,42,142,253,189,168,168,203,253,252,252,252,252,243,211,186,28,0,0,0,0,0,115,253,63,0,0,9,21,21,109,91,170,232,240,251,239,135,0,0,0,0,185,253,63,0,0,0,0,0,0,0,0,0,35,86,231,217,0,0,0,0,106,253,186,9,0,0,0,0,0,0,0,0,0,0,169,252,0,0,0,0,0,175,253,200,67,0,0,0,0,0,0,0,15,192,253,191,0,0,0,0,0,29,196,252,237,190,129,85,43,0,36,103,211,252,196,54,0,0,0,0,0,0,7,170,231,249,253,252,242,232,241,253,210,118,7,0,0,0,0,0,0,0,0,0,0,70,102,189,194,210,189,84,56,0,0,0,8
0,0,0,0,0,0,0,85,168,244,254,254,254,254,233,10,0,0,0,0,0,0,0,0,0,9,125,251,254,254,254,208,67,99,254,121,0,0,0,0,0,0,0,0,0,105,254,254,249,128,46,3,0,1,123,181,0,0,0,0,0,0,0,0,28,234,254,254,143,0,0,0,0,0,2,27,0,0,0,0,0,0,0,0,58,254,254,150,12,0,0,0,0,0,0,0,0,0,0,0,0,0,0,0,134,254,203,4,0,0,0,0,0,0,0,0,0,0,0,0,0,0,0,42,251,243,55,0,0,0,0,0,0,0,0,0,0,0,0,0,0,0,0,92,254,229,0,0,0,0,0,0,0,0,0,0,0,0,0,0,0,0,0,92,254,229,0,0,0,0,0,0,0,0,0,0,0,0,0,0,0,0,0,92,254,229,0,0,0,0,6,0,0,0,0,0,0,0,0,0,0,0,0,92,254,229,0,95,173,173,185,155,173,108,0,0,0,0,0,0,0,0,0,92,254,229,0,212,254,254,254,254,254,250,235,144,4,0,0,0,0,0,0,19,247,240,70,51,252,254,244,202,184,239,254,254,192,28,0,0,0,0,0,0,153,254,224,61,72,86,5,0,0,15,90,202,254,218,26,0,0,0,0,0,58,248,254,249,108,12,0,0,0,0,0,7,233,254,91,0,0,0,0,0,0,139,254,254,254,214,88,5,0,0,0,2,231,254,91,0,0,0,0,0,0,9,124,251,254,254,254,248,163,163,163,189,254,252,67,0,0,0,0,0,0,0,0,84,204,220,239,254,254,254,254,254,254,187,0,0,0,0,0,0,0,0,0,0,0,0,35,104,128,150,197,190,143,14,0,0,0,0,0,0,0,0,0,0,0,0,0,0,0,0,0,0,0,0,0,0,6
0,0,0,0,0,0,0,0,0,0,0,0,0,0,0,0,0,0,0,0,0,0,0,0,0,0,0,0,0,0,0,0,0,0,0,0,0,0,0,0,0,0,0,0,0,0,0,0,0,0,3,38,175,233,254,159,0,0,0,0,0,0,0,0,0,0,0,0,0,29,148,254,253,253,248,241,29,0,0,0,0,0,0,0,0,0,0,6,52,144,253,254,235,133,44,92,11,14,45,0,0,0,0,0,0,0,17,162,253,253,242,110,17,0,0,0,17,180,238,13,0,0,0,0,0,47,230,253,221,107,33,0,0,0,0,20,177,253,253,16,0,0,0,5,97,232,253,242,99,0,0,0,0,0,76,217,253,253,203,8,0,0,0,89,253,244,180,36,0,0,0,0,41,100,246,253,253,203,22,0,0,0,10,226,253,169,0,0,0,0,43,150,246,253,253,242,129,11,0,0,0,0,67,253,232,30,50,93,177,237,247,254,253,253,253,112,0,0,0,0,0,0,99,253,253,248,250,253,253,253,226,254,253,253,168,2,0,0,0,0,0,0,11,225,254,254,254,247,176,59,30,255,248,131,19,0,0,0,0,0,0,0,0,8,111,89,73,10,0,34,175,254,241,40,0,0,0,0,0,0,0,0,0,0,0,0,0,0,7,218,253,242,64,0,0,0,0,0,0,0,0,0,0,0,0,0,0,27,203,253,242,117,0,0,0,0,0,0,0,0,0,0,0,0,0,0,24,205,253,253,119,0,0,0,0,0,0,0,0,0,0,0,0,0,0,22,181,253,219,72,2,0,0,0,0,0,0,0,0,0,0,0,0,0,37,184,253,221,85,0,0,0,0,0,0,0,0,0,0,0,0,0,0,36,222,253,253,174,0,0,0,0,0,0,0,0,0,0,0,0,9
0,0,0,0,0,0,0,0,0,67,81,160,195,160,79,0,0,0,0,0,0,0,0,0,0,0,30,142,226,254,254,254,228,237,252,150,0,0,0,0,0,0,0,0,0,0,90,252,250,56,56,56,19,32,179,203,4,0,0,0,0,0,0,0,0,0,0,152,78,0,0,0,0,0,114,254,9,0,0,0,0,0,0,0,0,0,0,0,0,0,0,0,0,62,244,123,1,0,0,0,0,0,0,0,0,0,0,0,0,0,0,0,69,233,224,14,0,0,0,0,0,0,0,0,0,0,0,0,0,0,0,39,229,189,14,0,0,0,0,0,0,0,0,0,0,0,0,0,22,57,154,249,209,11,0,0,0,0,0,0,0,0,0,0,0,0,0,0,175,254,254,254,243,112,16,0,0,0,0,0,0,0,0,0,0,0,0,0,84,160,159,198,254,254,210,0,0,0,0,0,0,0,0,0,0,0,0,0,0,0,0,0,0,83,255,156,3,0,0,0,0,0,0,0,0,0,0,0,0,0,0,0,0,6,149,254,9,0,0,0,0,0,0,0,0,0,0,0,0,0,0,0,0,0,19,254,83,0,0,0,0,0,0,0,0,0,0,0,0,0,0,0,0,0,19,254,75,0,0,0,0,0,0,0,0,0,0,0,0,0,0,0,0,9,167,254,9,0,0,0,0,0,0,0,0,0,0,0,0,0,0,0,34,174,252,203,5,0,0,0,0,0,0,0,0,0,0,0,0,0,0,70,201,254,171,0,0,0,0,0,0,62,151,151,109,57,147,151,151,151,235,252,237,128,2,0,0,0,0,0,0,174,254,254,254,254,254,254,254,247,211,93,26,0,0,0,0,0,0,0,0,31,159,194,159,159,159,149,66,49,0,0,0,0,0,0,0,0,0,0,3
0,0,0,0,0,0,0,0,0,0,0,0,0,0,0,0,0,0,0,0,0,0,0,0,0,0,0,3,47,92,172,255,254,218,90,0,0,0,0,0,0,0,0,0,0,10,94,188,253,253,253,253,253,253,247,95,0,0,0,0,0,0,0,6,71,194,253,253,253,253,217,177,215,245,253,251,25,0,0,0,0,0,0,114,253,253,253,248,170,82,0,0,0,192,253,253,25,0,0,0,0,0,0,140,253,253,224,35,0,0,0,11,145,249,253,181,2,0,0,0,0,0,0,140,253,253,253,179,26,0,15,186,253,253,245,83,0,0,0,0,0,0,0,17,188,253,253,253,234,223,229,253,253,248,82,0,0,0,0,0,0,0,0,0,29,140,209,253,253,253,253,253,243,83,0,0,0,0,0,0,0,0,0,0,0,1,17,229,253,253,253,253,170,2,0,0,0,0,0,0,0,0,0,0,0,112,253,253,253,253,253,253,253,126,0,0,0,0,0,0,0,0,0,0,108,249,253,253,229,111,93,253,253,236,53,0,0,0,0,0,0,0,0,21,225,253,253,227,39,0,1,45,217,253,238,59,0,0,0,0,0,0,0,116,253,253,228,45,0,0,0,0,11,207,253,235,56,0,0,0,0,0,0,140,253,243,52,0,0,0,0,0,0,48,190,253,229,11,0,0,0,0,0,55,233,253,151,0,0,0,0,0,0,0,52,231,253,177,11,0,0,0,0,0,136,253,246,130,8,0,0,0,0,0,0,89,253,253,44,0,0,0,0,0,27,142,253,253,200,127,54,0,0,0,0,47,201,253,112,0,0,0,0,0,0,4,108,231,253,253,246,218,218,218,218,186,253,253,125,0,0,0,0,0,0,0,0,6,160,244,253,253,253,253,253,253,253,253,74,0,8
0,0,0,0,0,0,0,0,0,0,84,221,252,185,4,0,0,0,0,0,0,0,0,0,0,0,0,0,0,27,253,252,252,84,0,0,0,0,0,0,0,0,0,0,0,0,0,0,27,211,253,252,190,14,0,0,0,0,0,0,0,0,0,0,0,0,0,0,126,253,255,239,62,0,0,0,0,0,0,0,0,0,0,0,0,0,0,52,232,252,253,89,0,0,0,0,0,0,0,0,0,0,0,0,0,0,0,180,252,252,153,5,0,0,0,0,0,0,0,0,0,0,0,0,0,0,57,246,252,226,0,0,0,0,0,0,0,0,0,0,0,0,0,0,0,0,173,252,226,42,0,0,0,0,0,0,0,0,0,0,0,0,0,0,0,25,227,253,190,0,0,0,0,0,0,0,0,0,0,0,0,0,0,0,0,157,252,252,110,0,0,0,0,0,0,0,0,0,0,0,0,0,0,0,0,253,252,180,12,110,128,206,223,96,0,0,0,0,0,0,0,0,0,0,0,253,252,152,134,252,253,252,252,231,55,0,0,0,0,0,0,0,0,0,0,253,252,249,239,252,253,252,252,252,191,0,0,0,0,0,0,0,0,0,0,255,253,253,253,236,212,141,250,253,253,0,0,0,0,0,0,0,0,0,0,174,252,252,252,182,62,143,247,252,252,0,0,0,0,0,0,0,0,0,0,30,212,252,252,252,242,247,252,252,190,0,0,0,0,0,0,0,0,0,0,0,28,212,252,252,253,252,252,210,14,0,0,0,0,0,0,0,0,0,0,0,0,21,113,235,253,217,94,31,0,0,0,0,0,0,0,0,0,0,0,0,0,0,0,0,0,0,0,0,0,0,0,0,0,0,0,0,0,0,0,0,0,0,0,0,0,0,0,0,0,0,0,0,0,0,6
0,0,0,0,0,0,0,0,0,15,129,171,171,171,245,255,205,11,0,0,0,0,0,0,0,0,0,0,2,180,254,254,254,254,254,254,227,11,0,0,0,0,0,0,0,0,0,0,34,254,234,158,115,75,75,75,31,0,0,0,0,0,0,0,0,0,0,0,127,254,69,0,0,0,0,0,0,0,0,0,0,0,0,0,0,0,0,0,200,219,12,0,0,0,0,0,0,0,0,0,0,0,0,0,0,0,0,31,241,98,0,0,0,0,0,0,0,0,0,0,0,0,0,0,0,0,0,149,254,50,0,0,0,0,0,0,0,0,0,0,0,0,0,0,0,0,0,196,227,11,0,0,0,0,0,0,0,0,0,0,0,0,0,0,0,0,21,242,153,0,0,0,0,0,0,0,0,0,0,0,0,0,0,0,0,0,94,254,156,9,0,0,0,0,0,0,0,0,0,0,0,0,0,0,0,0,94,254,254,221,104,8,0,0,0,0,0,0,0,0,0,0,0,0,0,0,21,242,254,254,254,180,36,0,0,0,0,0,0,0,0,0,0,0,0,0,0,35,154,243,254,254,237,47,0,0,0,0,0,0,0,0,0,0,0,20,0,0,0,63,190,254,254,220,16,0,0,0,0,0,0,0,0,0,6,192,36,0,0,0,4,137,245,254,105,0,0,0,0,0,0,0,0,0,0,188,203,35,0,0,0,0,195,254,113,0,0,0,0,0,0,0,0,0,0,87,254,232,89,14,0,13,194,254,34,0,0,0,0,0,0,0,0,0,0,15,235,254,254,244,242,244,254,195,11,0,0,0,0,0,0,0,0,0,0,0,78,236,254,254,254,254,238,25,0,0,0,0,0,0,0,0,0,0,0,0,0,40,163,254,254,168,15,0,0,0,0,0,0,0,5
0,0,0,0,0,0,0,0,0,0,0,41,223,253,171,213,151,0,0,0,0,0,0,0,0,0,0,0,0,0,62,254,233,142,20,21,61,0,0,0,0,0,0,0,0,0,0,0,0,0,142,253,70,0,0,0,0,0,0,0,0,0,0,0,0,0,0,0,0,31,233,244,40,0,0,0,0,0,0,0,0,0,0,0,0,0,0,0,0,173,252,81,0,0,0,0,0,0,0,0,0,0,0,0,0,0,0,0,123,254,233,0,0,0,0,0,0,0,0,0,0,0,0,0,0,0,0,21,223,233,50,0,0,0,0,0,0,0,0,0,0,0,0,0,0,0,0,152,253,142,0,0,0,0,0,0,0,0,0,0,0,0,0,0,0,0,41,233,252,20,0,0,0,0,0,0,0,0,0,0,0,0,0,0,0,0,163,254,151,0,0,0,0,0,0,0,0,0,0,0,0,0,0,0,0,41,243,253,70,0,82,102,183,203,162,41,0,0,0,0,0,0,0,0,0,113,253,183,21,132,253,244,203,234,253,203,0,0,0,0,0,0,0,0,0,152,252,122,203,253,171,40,0,30,212,203,0,0,0,0,0,0,0,0,0,152,253,152,253,142,0,0,0,11,213,203,0,0,0,0,0,0,0,0,0,152,212,51,232,142,0,0,0,173,252,162,0,0,0,0,0,0,0,0,0,153,253,0,0,0,0,52,173,255,192,41,0,0,0,0,0,0,0,0,0,152,252,41,0,21,102,253,252,172,30,0,0,0,0,0,0,0,0,0,0,123,243,255,253,255,253,224,122,0,0,0,0,0,0,0,0,0,0,0,0,0,81,151,232,233,111,20,0,0,0,0,0,0,0,0,0,0,0,0,0,0,0,0,0,0,0,0,0,0,0,0,0,0,0,0,6
0,0,0,0,0,0,0,0,0,0,0,0,17,79,150,255,224,29,0,0,0,0,0,0,0,0,0,0,0,9,36,135,244,253,253,253,244,45,0,0,0,0,0,0,0,0,0,5,73,191,253,253,253,253,247,200,94,0,0,0,0,0,0,0,0,0,0,57,253,253,253,253,222,177,57,0,0,0,0,0,0,0,0,0,0,0,102,233,253,253,226,121,26,0,0,0,0,0,0,0,0,0,0,0,0,0,125,253,253,145,20,0,0,0,0,0,0,0,0,0,0,0,0,0,0,0,9,196,253,251,207,81,1,0,0,0,0,0,0,0,0,0,0,0,0,0,0,22,233,253,253,253,100,12,0,0,0,0,0,0,0,0,0,0,0,0,0,0,16,176,244,253,253,144,18,0,0,0,0,0,0,0,0,0,0,0,0,0,0,0,113,253,253,253,195,21,0,0,0,0,0,0,0,0,0,0,0,0,0,0,18,59,200,253,253,215,54,0,0,0,0,0,0,0,0,0,0,0,0,0,0,0,18,205,253,253,194,20,0,0,0,0,0,85,209,231,231,102,0,0,0,0,0,18,206,253,253,105,0,0,0,0,168,252,253,248,183,55,0,0,0,0,0,0,32,253,253,170,0,0,0,0,171,253,253,209,21,0,0,0,0,0,0,0,44,253,253,170,0,0,0,0,85,241,253,253,152,21,0,0,0,0,0,30,217,253,241,84,0,0,0,0,0,86,241,253,253,203,66,20,20,66,66,217,253,253,103,0,0,0,0,0,0,0,85,244,253,253,253,217,217,253,253,253,244,94,15,0,0,0,0,0,0,0,0,31,95,253,253,253,253,253,253,201,80,0,0,0,0,0,0,0,0,0,0,0,1,28,135,218,217,135,28,9,0,0,0,0,0,0,5
0,0,0,0,0,0,0,0,0,0,151,254,254,8,0,0,0,0,0,0,0,0,0,0,0,0,0,0,0,0,184,254,254,91,0,0,0,0,0,0,0,0,0,0,0,0,0,0,0,10,223,254,254,96,0,0,0,0,0,0,0,0,0,0,0,0,0,0,0,18,254,254,254,81,0,0,0,0,0,0,0,0,0,0,0,0,0,0,0,30,254,254,146,2,0,0,0,0,0,0,0,0,0,0,0,0,0,0,0,145,254,254,88,0,0,0,0,0,0,0,0,0,0,0,0,0,0,3,128,239,254,254,88,0,0,0,0,0,0,0,0,0,0,0,0,88,128,179,254,254,254,254,88,0,0,0,0,0,0,0,0,0,0,0,0,228,254,254,254,254,254,254,88,0,0,0,0,0,0,0,0,0,0,0,0,98,175,133,49,106,254,254,89,0,0,0,0,0,0,0,0,0,0,0,0,0,0,0,0,21,254,254,88,0,0,0,0,0,0,0,0,0,0,0,0,0,0,0,0,2,189,254,88,0,0,0,0,0,0,0,0,0,0,0,0,0,0,0,0,0,57,254,238,75,0,0,0,0,0,0,0,0,0,0,0,0,0,0,0,0,2,171,254,183,0,0,0,0,0,0,0,0,0,0,0,0,0,0,0,0,0,88,254,208,15,24,24,31,0,0,0,0,0,0,0,0,0,4,27,63,178,220,254,239,214,236,236,246,112,0,0,0,0,0,0,10,64,186,254,254,254,254,255,254,243,218,148,136,34,0,0,0,0,0,0,140,254,254,254,250,242,157,157,133,29,0,0,0,0,0,0,0,0,0,0,140,254,211,157,46,0,0,0,0,0,0,0,0,0,0,0,0,0,0,0,0,0,0,0,0,0,0,0,0,0,0,0,0,0,0,1
0,0,0,0,0,0,0,0,0,0,0,0,0,225,253,253,59,0,0,0,0,0,0,0,0,0,0,0,0,0,0,6,157,253,253,246,20,0,0,0,0,0,0,0,0,0,0,0,0,0,8,155,253,253,241,81,0,0,0,0,0,0,0,0,0,0,0,0,0,0,72,253,253,253,159,0,0,0,0,0,0,0,0,0,0,0,0,0,0,54,245,253,253,238,46,0,0,0,0,0,0,0,0,0,0,0,0,0,14,184,254,253,253,102,0,0,0,0,0,0,0,0,0,0,0,0,0,14,179,253,254,253,145,3,0,0,0,0,0,0,0,0,0,0,0,0,5,184,253,253,254,224,25,0,0,0,0,0,0,0,0,0,0,0,0,12,139,254,254,254,222,34,0,0,0,0,0,0,0,0,0,0,0,0,0,89,253,253,253,176,34,47,158,177,153,15,0,0,0,0,0,0,0,0,22,202,253,253,253,95,163,240,253,253,253,146,0,0,0,0,0,0,0,22,207,253,253,253,253,249,254,253,253,253,253,165,0,0,0,0,0,0,0,205,253,253,251,208,253,253,254,253,253,253,253,93,0,0,0,0,0,0,35,247,253,253,204,45,253,253,254,253,253,253,210,12,0,0,0,0,0,0,100,253,253,253,185,54,253,253,254,253,253,189,55,0,0,0,0,0,0,0,39,247,253,253,253,253,253,253,255,253,173,47,0,0,0,0,0,0,0,0,0,73,227,253,253,253,253,253,244,147,12,0,0,0,0,0,0,0,0,0,0,0,46,143,196,253,220,143,29,0,0,0,0,0,0,0,0,0,0,0,0,0,0,0,0,0,0,0,0,0,0,0,0,0,0,0,0,0,0,0,0,0,0,0,0,0,0,0,0,0,0,0,0,0,0,0,0,0,6
0,0,0,0,0,0,0,0,0,0,0,0,0,0,0,0,0,0,0,0,0,0,0,0,7,0,0,0,0,0,0,0,0,154,27,0,0,0,0,0,0,0,0,0,175,0,0,0,0,0,0,0,0,118,87,0,0,0,0,0,0,0,0,0,252,50,0,0,0,0,0,0,0,76,195,0,0,0,0,0,0,0,0,0,254,83,0,0,0,0,0,0,0,40,231,12,0,0,0,0,0,0,0,0,207,65,0,0,0,0,0,0,0,13,228,74,0,0,0,0,0,0,0,13,255,76,0,0,0,0,0,0,0,0,155,98,0,0,0,0,0,0,0,79,244,27,0,0,0,0,0,0,0,0,137,139,0,0,0,0,0,0,0,79,235,0,0,0,0,0,0,0,0,0,137,175,0,0,0,0,0,0,0,79,236,0,0,0,0,0,0,0,0,0,137,176,0,0,0,0,0,0,0,79,235,0,0,0,0,0,0,0,0,0,101,175,0,0,0,0,0,0,0,37,245,32,32,41,60,59,78,137,108,14,59,193,0,0,0,0,0,0,0,0,182,239,245,248,224,175,175,104,176,149,167,254,25,0,0,0,0,0,0,0,31,43,0,0,0,0,0,0,0,0,55,253,79,0,0,0,0,0,0,0,0,0,0,0,0,0,0,0,0,0,0,235,79,0,0,0,0,0,0,0,0,0,0,0,0,0,0,0,0,0,14,239,79,0,0,0,0,0,0,0,0,0,0,0,0,0,0,0,0,0,59,254,79,0,0,0,0,0,0,0,0,0,0,0,0,0,0,0,0,0,55,253,49,0,0,0,0,0,0,0,0,0,0,0,0,0,0,0,0,0,46,249,0,0,0,0,0,0,0,0,0,0,0,0,0,0,0,0,0,0,28,219,0,0,0,0,4
0,0,0,0,0,0,0,0,0,0,0,0,0,3,58,231,254,100,0,0,0,0,0,0,0,0,0,0,0,0,0,0,0,128,253,253,246,30,0,0,0,0,0,0,0,0,0,0,0,0,0,0,127,252,253,253,247,39,0,0,0,0,0,0,0,0,0,0,0,0,37,210,252,251,231,249,253,109,0,0,0,0,0,0,0,0,0,0,0,25,254,253,232,132,0,199,253,209,0,0,0,0,0,0,0,0,0,0,62,223,254,230,101,0,0,113,253,209,0,0,0,0,0,0,0,0,1,99,239,253,229,49,0,0,0,47,243,209,0,0,0,0,0,0,0,16,150,253,253,234,0,0,0,0,0,0,232,209,0,0,0,0,0,0,17,187,253,253,162,37,0,0,0,0,0,66,248,209,0,0,0,0,0,0,104,253,253,166,9,0,0,0,0,0,0,137,253,209,0,0,0,0,0,86,254,254,166,0,0,0,0,0,0,0,8,207,255,147,0,0,0,0,0,210,253,201,16,0,0,0,0,0,0,6,155,253,217,30,0,0,0,0,127,252,207,10,0,0,0,0,0,0,0,157,253,253,89,0,0,0,0,0,210,242,47,0,0,0,0,0,0,16,157,253,253,197,11,0,0,0,0,44,238,159,0,0,0,0,0,0,46,227,253,253,241,43,0,0,0,0,0,67,253,121,0,0,0,0,0,126,231,253,253,236,43,0,0,0,0,0,0,67,253,175,12,12,16,189,232,251,255,250,199,24,0,0,0,0,0,0,0,55,246,253,253,253,253,253,253,253,210,107,0,0,0,0,0,0,0,0,0,0,176,253,253,253,253,253,230,128,0,0,0,0,0,0,0,0,0,0,0,0,13,138,215,253,249,143,51,0,0,0,0,0,0,0,0,0,0,0,0
0,0,0,0,0,0,0,0,0,0,0,0,0,0,0,0,62,241,87,0,0,0,0,0,0,0,0,0,0,0,0,0,0,0,0,42,239,227,16,0,0,0,0,0,0,0,0,0,0,0,0,0,0,0,0,119,253,221,27,0,0,0,0,0,0,0,0,0,0,0,0,0,0,0,0,234,253,88,0,0,0,0,0,0,0,0,0,0,0,0,0,0,0,7,155,254,181,11,0,0,0,0,0,0,0,0,0,0,0,0,0,0,0,110,254,228,12,0,0,0,0,0,0,0,0,0,0,0,0,0,0,0,73,191,253,140,8,0,0,0,0,0,0,0,0,0,0,0,0,0,0,8,210,253,207,0,0,0,0,0,0,0,0,0,0,0,0,0,0,0,6,166,253,199,35,0,0,0,0,0,0,0,0,0,0,0,0,0,0,0,106,253,240,93,0,0,0,0,0,0,0,0,0,0,0,0,0,0,0,149,255,212,58,0,0,0,0,0,0,0,0,0,0,0,0,0,0,0,134,248,254,56,0,0,0,0,0,0,0,0,0,0,0,0,0,0,0,90,233,240,101,3,0,0,0,0,0,0,0,0,0,0,0,0,0,0,89,245,251,86,0,0,0,0,0,0,0,0,0,0,0,0,0,0,0,85,248,253,105,0,0,0,0,0,0,0,0,0,0,0,0,0,0,6,106,255,238,91,0,0,0,0,0,0,0,0,0,0,0,0,0,0,0,58,253,254,146,13,0,0,0,0,0,0,0,0,0,0,0,0,0,8,95,245,253,191,9,0,0,0,0,0,0,0,0,0,0,0,0,0,0,55,253,253,207,0,0,0,0,0,0,0,0,0,0,0,0,0,0,0,0,87,253,175,21,0,0,0,0,0,0,0,0,0,0,0,0,0,0,0,1
0,0,0,0,0,0,0,0,0,0,0,0,0,0,0,0,0,0,0,0,0,0,0,0,0,0,0,0,0,0,0,0,0,0,0,0,0,0,0,0,0,0,0,0,0,0,0,0,0,0,0,0,56,97,97,66,0,0,0,0,0,0,0,0,0,0,0,0,0,21,76,165,236,253,253,240,87,0,0,0,0,0,0,0,0,0,0,24,178,209,253,253,253,253,253,235,227,170,21,0,0,0,0,0,0,2,106,207,253,225,192,82,82,82,151,97,98,243,191,16,0,0,0,0,29,157,253,247,117,19,0,0,0,0,104,89,0,97,253,116,0,0,0,100,214,253,186,70,0,0,0,0,0,0,104,34,0,42,253,186,0,0,75,252,238,135,3,0,0,0,0,0,0,0,59,19,0,24,212,253,0,35,213,234,67,0,0,0,0,0,0,0,0,0,0,0,0,0,110,253,0,133,253,87,0,0,0,0,0,0,0,0,0,0,0,0,0,12,158,216,86,248,197,17,0,0,0,0,0,0,0,0,0,0,0,0,0,68,249,94,207,253,177,0,0,0,0,0,0,0,0,0,0,0,0,0,7,187,217,0,254,253,177,0,0,0,0,0,0,0,0,0,0,0,0,3,142,230,41,0,187,253,214,30,0,0,0,0,0,0,0,0,0,0,51,166,253,144,0,0,6,235,253,61,0,0,0,0,0,0,0,0,3,104,239,253,64,4,0,0,0,115,253,228,116,0,0,0,0,0,16,172,221,253,219,126,8,0,0,0,0,21,95,238,246,192,63,63,63,100,210,253,218,125,32,0,0,0,0,0,0,0,0,87,212,212,212,252,239,212,112,75,32,0,0,0,0,0,0,0,0,0,0,0,0,0,0,94,62,0,0,0,0,0,0,0,0,0,0,0,0
0,0,0,0,0,0,0,1,164,254,231,17,0,0,0,0,0,0,0,0,0,0,0,0,0,0,0,54,254,254,174,9,0,0,0,0,0,0,0,0,0,0,0,0,0,0,0,207,254,224,26,0,0,0,0,0,0,0,0,0,0,0,0,0,0,0,84,254,254,101,0,0,0,0,0,0,0,0,0,0,0,0,0,0,0,0,154,254,216,5,0,0,0,0,0,0,0,0,0,0,0,0,0,0,0,0,233,254,104,0,0,0,3,81,30,0,0,0,0,0,0,0,0,0,0,43,249,163,0,0,0,57,213,254,223,10,0,0,0,0,0,0,0,0,0,122,254,80,0,0,75,244,254,254,254,188,0,0,0,0,0,0,0,0,0,117,220,4,0,36,244,254,254,242,215,234,0,0,0,0,0,0,0,0,0,142,220,4,0,152,254,254,187,33,9,251,51,0,0,0,0,0,0,0,0,70,254,34,77,227,254,204,12,0,29,254,132,0,0,0,0,0,0,0,0,61,254,85,226,254,205,46,0,0,114,254,116,0,0,0,0,0,0,0,0,21,241,253,254,242,35,0,0,0,224,254,62,0,0,0,0,0,0,0,0,0,177,248,253,83,0,0,0,38,253,253,56,0,0,0,0,0,0,0,0,0,119,181,57,0,0,0,50,227,254,188,0,0,0,0,0,0,0,0,0,0,14,232,52,0,0,81,241,254,248,14,0,0,0,0,0,0,0,0,0,0,0,148,241,193,219,249,254,254,140,0,0,0,0,0,0,0,0,0,0,0,0,10,210,254,254,254,237,60,1,0,0,0,0,0,0,0,0,0,0,0,0,0,40,214,255,186,27,0,0,0,0,0,0,0,0,0,0,0,0,0,0,0,0,0,0,0,0,0,0,0,0,0,0,0,6
0,0,0,0,0,0,0,0,0,0,0,0,0,0,0,0,0,0,0,0,0,0,116,174,254,255,147,125,125,125,99,0,0,0,0,0,0,0,0,0,0,109,253,253,253,253,253,253,253,253,252,248,248,164,118,109,0,0,0,0,0,235,253,253,253,253,253,253,253,253,253,253,253,253,253,252,105,0,0,0,0,75,149,82,35,19,127,149,149,227,253,253,253,253,253,253,110,0,0,0,0,0,0,0,0,0,0,0,0,19,73,253,253,253,253,246,68,0,0,0,0,0,0,0,0,0,0,0,0,22,192,253,253,253,253,186,0,0,0,0,0,0,0,0,0,0,0,0,0,170,253,253,253,242,155,16,0,0,0,0,0,0,0,0,0,0,0,0,0,189,253,253,253,221,0,0,0,0,0,0,0,0,0,0,0,0,0,0,0,189,253,253,253,247,189,30,0,0,0,0,0,0,0,0,0,0,0,0,0,74,201,253,253,253,253,137,0,0,0,0,0,0,0,0,0,0,0,0,0,0,41,235,253,253,253,248,83,0,0,0,0,0,0,0,0,0,0,0,0,0,0,73,236,253,253,253,110,0,0,0,0,0,0,0,0,0,0,0,0,0,0,0,146,253,253,253,110,0,0,0,0,0,0,0,0,0,0,0,0,0,0,0,13,193,253,253,177,0,0,0,0,0,0,0,0,0,0,0,0,0,0,0,6,175,253,251,96,0,0,0,0,0,0,0,0,0,0,0,0,0,19,50,171,253,253,220,0,0,0,0,0,0,0,0,18,20,20,20,54,150,224,253,253,253,251,96,0,0,0,0,0,0,0,63,240,253,253,253,253,253,253,253,253,235,99,0,0,0,0,0,0,0,0,228,253,253,253,253,253,253,253,252,226,102,0,0,0,0,0,0,3
0,0,0,0,0,0,0,15,124,194,255,254,227,101,12,0,0,0,0,0,0,0,0,0,0,33,154,235,253,253,253,253,253,253,216,31,0,0,0,0,0,0,0,0,0,54,253,253,231,197,82,82,123,253,253,141,0,0,0,0,0,0,0,0,0,109,253,253,59,0,0,0,15,65,190,141,0,0,0,0,0,0,0,0,0,54,253,253,29,0,0,0,0,0,18,26,0,0,59,89,0,0,0,0,0,31,226,253,178,5,0,0,0,0,0,48,113,225,243,253,0,0,0,0,0,0,42,228,253,238,3,0,2,6,106,237,253,253,227,99,0,0,0,0,0,0,0,40,226,253,191,87,168,253,253,253,241,160,39,0,0,0,0,0,0,0,0,0,90,252,253,253,253,253,218,159,46,0,0,0,0,0,0,0,0,0,0,0,103,250,253,253,253,199,13,0,0,0,0,0,0,0,0,0,0,0,0,105,247,253,253,253,253,236,32,0,0,0,0,0,0,0,0,0,0,20,183,246,253,251,147,60,181,253,175,9,0,0,0,0,0,0,0,0,0,161,253,253,206,27,0,0,33,228,253,130,0,0,0,0,0,0,0,0,151,252,253,202,72,0,0,0,0,195,253,199,3,0,0,0,0,0,0,0,154,253,245,41,0,0,0,0,7,202,253,253,5,0,0,0,0,0,0,0,154,253,182,0,0,0,0,8,96,253,253,232,4,0,0,0,0,0,0,0,154,253,200,12,0,63,77,195,253,253,253,141,0,0,0,0,0,0,0,0,154,253,253,211,201,251,253,253,253,253,183,40,0,0,0,0,0,0,0,0,38,221,253,253,253,253,253,253,230,152,25,0,0,0,0,0,0,0,0,0,0,37,135,232,148,135,135,61,13,0,0,0,0,0,0,0,8
0,0,0,0,0,0,0,0,0,0,0,0,0,0,0,0,0,0,54,254,0,0,0,0,0,0,0,0,0,0,0,0,0,0,0,0,0,47,231,242,0,0,0,0,0,0,0,0,0,0,43,0,0,0,0,0,11,184,253,193,0,0,0,0,0,0,0,0,6,155,237,0,0,0,0,0,140,253,229,7,0,0,0,0,0,0,0,34,174,250,112,0,0,0,0,91,248,235,49,0,0,0,0,0,0,0,7,140,253,193,0,0,0,0,30,194,247,128,0,0,0,0,0,0,0,0,84,253,241,73,0,0,0,8,141,253,215,15,0,0,0,0,0,0,0,22,212,253,139,0,0,0,0,107,253,235,74,0,0,0,0,0,0,0,3,150,253,236,56,0,0,0,94,227,251,118,10,0,0,0,0,0,0,0,122,253,238,86,0,0,0,31,254,253,161,0,0,0,0,0,0,0,0,25,243,254,123,0,0,0,0,175,255,183,0,0,0,0,0,0,0,0,0,152,252,216,74,71,15,0,147,250,205,9,0,0,0,0,0,0,0,0,0,107,253,253,253,253,239,236,248,253,248,236,236,157,133,11,0,0,0,0,0,8,141,253,253,253,253,253,253,253,237,200,200,200,200,95,0,0,0,0,0,0,9,35,80,185,253,253,203,62,24,0,0,0,0,0,0,0,0,0,0,0,0,0,79,231,253,153,27,0,0,0,0,0,0,0,0,0,0,0,0,0,0,33,186,253,202,34,0,0,0,0,0,0,0,0,0,0,0,0,0,0,11,208,253,244,70,0,0,0,0,0,0,0,0,0,0,0,0,0,0,0,145,253,251,96,0,0,0,0,0,0,0,0,0,0,0,0,0,0,0,0,122,253,119,0,0,0,0,0,0,0,0,0,0,0,0,0,4
0,0,0,0,0,0,0,0,0,0,0,0,0,0,0,0,0,0,0,0,0,0,0,0,0,0,0,0,0,0,0,0,0,0,0,0,0,0,0,0,0,0,0,0,0,0,45,172,251,227,255,169,39,0,0,0,0,0,0,0,0,0,0,0,0,22,231,253,253,253,254,253,248,104,0,0,0,0,0,0,0,0,0,0,11,178,253,242,102,78,105,189,249,249,32,0,0,0,0,0,0,0,0,0,44,253,244,58,0,0,0,0,76,239,131,0,0,0,0,0,0,0,0,0,37,245,253,122,0,0,0,0,47,241,247,38,0,0,0,0,0,0,0,0,0,91,246,250,207,63,0,10,224,253,247,37,0,0,0,0,0,0,0,0,0,0,51,207,253,253,202,215,253,253,215,15,0,0,0,0,0,0,0,0,0,0,0,5,128,175,241,253,253,249,84,0,0,0,0,0,0,0,0,0,0,0,0,0,0,0,52,250,253,197,0,0,0,0,0,0,0,0,0,0,0,0,0,0,0,0,110,253,253,83,0,0,0,0,0,0,0,0,0,0,0,0,0,0,0,0,224,254,254,26,0,0,0,0,0,0,0,0,0,0,0,0,0,0,0,25,254,253,169,1,0,0,0,0,0,0,0,0,0,0,0,0,0,0,3,158,254,236,19,0,0,0,0,0,0,0,0,0,0,0,0,0,0,0,27,253,254,164,0,0,0,0,0,0,0,0,0,0,0,0,0,0,0,0,112,253,254,20,0,0,0,0,0,0,0,0,0,0,0,0,0,0,0,15,241,253,215,5,0,0,0,0,0,0,0,0,0,0,0,0,0,0,0,67,253,253,67,0,0,0,0,0,0,0,0,0,0,0,0,0,0,0,27,238,253,216,0,0,0,0,0,0,0,0,0,0,9
0,0,0,0,0,0,0,0,0,0,0,0,0,0,0,0,0,0,0,0,0,0,0,0,0,0,0,0,0,73,170,70,0,0,0,0,0,0,0,0,0,0,0,0,0,0,0,0,96,219,254,229,12,0,0,0,0,0,0,0,0,0,0,0,0,0,0,25,175,254,254,254,18,0,0,0,0,0,0,0,0,0,0,0,0,0,2,174,254,254,254,254,125,0,0,0,0,0,0,0,0,0,0,0,0,0,128,254,254,254,254,254,125,0,0,0,0,0,0,0,0,0,0,0,2,46,241,254,251,106,254,254,222,0,0,0,0,0,0,0,0,0,0,0,44,254,254,254,146,14,237,254,237,17,0,0,0,0,0,0,0,0,0,2,162,254,254,180,14,0,80,254,254,87,0,0,0,0,0,0,0,0,0,60,254,254,249,50,0,0,55,254,254,143,105,136,206,126,17,0,0,0,0,115,254,254,246,21,19,62,183,254,254,254,254,254,254,232,174,0,0,0,0,154,254,254,254,154,148,254,254,254,254,254,254,205,88,32,0,0,0,0,0,112,254,254,254,254,254,254,254,254,254,254,117,8,0,0,0,0,0,0,0,5,205,254,254,254,254,199,195,242,254,254,156,0,0,0,0,0,0,0,0,0,9,48,48,48,48,4,0,159,254,254,69,0,0,0,0,0,0,0,0,0,0,0,0,0,0,0,0,93,254,254,71,2,0,0,0,0,0,0,0,0,0,0,0,0,0,0,0,93,254,255,254,85,0,0,0,0,0,0,0,0,0,0,0,0,0,0,0,16,198,254,254,119,27,62,0,0,0,0,0,0,0,0,0,0,0,0,0,0,24,254,254,252,251,135,2,0,0,0,0,0,0,0,0,0,0,0,0,0,16,200,254,254,208,13,0,0,4
0,0,0,0,0,0,0,0,0,0,0,0,0,0,0,0,0,0,0,0,0,0,0,0,0,0,0,0,0,0,0,0,0,0,0,0,0,0,0,0,0,0,0,0,0,0,0,0,0,0,0,0,0,0,0,0,0,0,0,0,0,0,0,0,0,0,128,191,128,255,255,191,128,128,128,0,0,0,0,0,0,0,0,128,255,255,255,255,255,255,255,255,255,255,255,255,128,0,0,0,0,0,64,255,255,255,191,128,128,128,128,255,255,255,255,255,255,0,0,0,0,0,128,255,191,0,0,0,0,0,0,128,255,255,255,255,128,0,0,0,0,0,128,255,128,0,0,0,0,0,0,0,128,191,255,255,64,0,0,0,0,0,128,255,128,0,0,0,0,0,0,0,0,128,255,255,0,0,0,0,0,0,128,255,191,0,0,0,0,0,0,0,0,191,255,255,0,0,0,0,0,0,0,255,255,191,0,0,0,0,0,0,128,255,255,191,0,0,0,0,0,0,0,128,255,255,191,128,0,0,128,191,255,255,255,128,0,0,0,0,0,0,0,0,64,255,255,255,255,255,255,255,255,255,255,128,0,0,0,0,0,0,0,0,0,0,128,128,128,128,128,128,0,191,255,128,0,0,0,0,0,0,0,0,0,0,0,0,0,0,0,0,0,255,255,128,0,0,0,0,0,0,0,0,0,0,0,0,0,0,0,0,0,255,255,128,0,0,0,0,0,0,0,0,0,0,0,0,0,0,0,0,0,255,255,0,0,0,0,0,0,0,0,0,0,0,0,0,0,0,0,0,64,255,255,0,0,0,0,0,0,0,0,0,0,0,0,0,0,0,0,0,128,255,255,0,0,0,0,0,0,0,0,0,0,0,0,0,0,0,0,0,0,255,255,128,0,0,0,0,9
0,0,0,0,0,0,0,0,0,0,0,0,0,0,0,0,0,0,0,0,0,0,0,0,0,0,0,140,176,0,0,0,0,0,0,0,0,0,0,0,0,0,0,0,0,0,50,248,167,0,0,0,0,0,0,0,0,0,44,182,0,0,0,0,0,0,90,247,54,0,0,0,0,0,0,0,0,7,200,117,0,0,0,0,0,0,209,234,0,0,0,0,0,0,0,0,0,163,241,61,0,0,0,0,0,76,254,121,0,0,0,0,0,0,0,0,84,245,137,0,0,0,0,0,10,172,219,15,0,0,0,0,0,0,0,0,218,242,30,0,0,0,0,0,123,254,68,0,0,0,0,0,0,0,0,46,255,106,0,0,0,0,0,25,211,185,0,0,0,0,0,0,0,0,13,184,236,27,0,0,0,0,0,131,254,103,0,0,0,0,0,0,0,0,55,254,91,0,0,0,0,0,8,206,185,14,0,0,0,0,0,0,8,128,227,254,0,0,0,0,0,0,103,254,95,46,60,59,59,59,97,157,202,232,254,171,0,0,0,0,0,0,215,254,180,245,254,254,254,254,238,212,91,98,235,32,0,0,0,0,0,19,227,254,254,223,116,78,78,78,18,0,14,230,214,0,0,0,0,0,0,50,248,226,109,12,0,0,0,0,0,0,111,254,71,0,0,0,0,0,0,0,88,18,0,0,0,0,0,0,0,0,193,193,5,0,0,0,0,0,0,0,0,0,0,0,0,0,0,0,0,60,254,116,0,0,0,0,0,0,0,0,0,0,0,0,0,0,0,0,0,105,244,42,0,0,0,0,0,0,0,0,0,0,0,0,0,0,0,0,0,156,234,0,0,0,0,0,0,0,0,0,0,0,0,0,0,0,0,0,0,156,245,95,0,0,0,0,0,0,4
0,0,0,0,0,0,0,0,0,0,0,0,0,26,191,191,255,90,0,0,0,0,0,0,0,0,0,0,0,0,0,86,210,231,252,252,253,167,0,0,0,0,0,0,0,0,0,0,0,7,135,253,252,252,252,252,253,233,153,0,0,0,0,0,0,0,0,0,7,131,252,253,252,252,252,252,253,252,195,0,0,0,0,0,0,0,0,48,165,252,252,253,252,252,252,252,253,252,118,0,0,0,0,0,0,0,51,159,253,253,253,255,253,253,253,253,255,168,0,0,0,0,0,0,0,0,238,252,252,252,252,253,223,136,100,252,253,167,0,0,0,0,0,0,7,135,253,252,252,252,252,133,37,0,169,252,253,136,0,0,0,0,0,0,123,252,253,252,252,249,145,0,0,0,169,252,253,122,0,0,0,0,0,0,169,252,253,252,252,145,0,0,0,32,215,252,253,167,0,0,0,0,0,26,207,253,255,215,110,0,0,0,0,198,253,253,255,27,0,0,0,0,0,104,252,252,253,167,0,0,0,0,123,246,252,252,152,3,0,0,0,0,0,197,252,252,253,136,0,0,0,32,225,252,252,252,140,0,0,0,0,0,57,234,252,252,253,27,0,19,107,216,243,252,252,252,47,0,0,0,0,0,85,252,252,252,253,74,140,215,252,253,252,252,252,173,0,0,0,0,0,0,86,253,253,253,255,253,253,253,253,255,253,253,178,63,0,0,0,0,0,0,85,252,252,252,253,252,252,252,252,253,252,233,56,0,0,0,0,0,0,0,19,177,252,252,253,252,252,252,252,253,233,74,0,0,0,0,0,0,0,0,0,19,177,239,253,252,252,252,236,225,148,0,0,0,0,0,0,0,0,0,0,0,0,140,253,204,112,112,50,0,0,0,0,0,0,0,0,0,0
0,0,0,0,0,0,0,0,0,0,0,0,0,0,0,0,0,0,0,0,0,0,0,0,0,0,0,0,0,63,150,254,255,44,0,0,0,0,0,0,0,0,0,0,0,0,0,0,71,238,253,253,254,108,0,0,0,0,0,0,0,0,0,0,0,0,0,95,244,253,253,240,228,108,0,16,102,192,22,0,0,0,0,0,0,2,116,254,253,250,163,61,16,62,75,222,253,254,179,0,0,0,0,0,0,51,253,254,253,120,0,0,0,129,243,253,253,254,198,0,0,0,0,0,11,183,254,255,115,0,0,0,157,254,254,254,169,92,72,0,0,0,0,0,37,253,253,166,2,0,50,177,254,253,245,153,5,0,0,0,0,0,0,0,37,253,253,82,3,45,226,253,254,212,76,0,0,0,0,0,0,0,0,0,37,253,253,254,203,245,253,253,151,23,0,0,0,0,0,0,0,0,0,0,24,233,253,254,253,253,253,253,0,0,0,0,0,0,0,0,0,0,0,0,0,7,124,228,254,254,254,254,137,5,0,0,0,0,0,0,0,0,0,0,0,0,0,215,253,245,202,253,254,70,0,0,0,0,0,0,0,0,0,0,0,0,92,254,245,56,3,165,254,193,6,0,0,0,0,0,0,0,0,0,0,8,212,254,89,0,0,0,176,253,114,0,0,0,0,0,0,0,0,0,0,19,253,228,12,0,0,0,47,247,216,0,0,0,0,0,0,0,0,0,0,19,254,182,0,0,0,0,21,241,217,0,0,0,0,0,0,0,0,0,0,19,253,197,4,0,24,87,209,253,216,0,0,0,0,0,0,0,0,0,0,10,217,254,220,217,233,253,254,253,171,0,0,0,0,0,0,0,0,0,0,0,110,254,253,253,253,253,254,184,40,0,0,0,0,0,8
0,0,0,0,0,0,0,0,0,0,0,0,0,0,0,0,0,0,0,0,0,0,0,0,0,0,0,0,0,0,0,0,0,0,0,0,0,0,0,0,0,0,0,0,0,0,0,0,0,0,0,0,0,0,0,0,0,0,0,0,0,0,0,0,0,0,0,5,59,132,190,133,132,57,0,0,0,0,0,0,0,0,0,0,0,0,7,158,252,252,252,253,252,237,122,19,0,0,0,0,0,0,0,0,0,9,156,252,252,252,252,253,252,252,252,229,55,0,0,0,0,0,0,0,10,155,252,252,210,95,84,90,208,252,252,252,180,0,0,0,0,0,0,0,49,252,252,162,10,0,0,0,7,184,252,252,232,34,0,0,0,0,0,0,140,252,217,25,0,0,0,0,7,184,252,252,231,34,0,0,0,0,0,0,169,252,252,214,159,85,85,200,158,252,252,252,180,0,0,0,0,0,0,0,66,252,252,252,252,252,252,253,252,252,252,229,54,0,0,0,0,0,0,0,28,221,252,252,252,252,252,253,252,252,231,52,0,0,0,0,0,0,0,0,0,37,131,131,131,131,131,195,252,235,49,0,0,0,0,0,0,0,0,0,0,0,0,0,0,0,128,255,253,153,0,0,0,0,0,0,0,0,0,0,0,0,0,0,0,11,242,253,250,87,0,0,0,0,0,0,0,0,0,0,0,0,0,0,0,183,252,252,137,0,0,0,0,0,0,0,0,0,0,0,0,0,0,0,65,244,252,218,0,0,0,0,0,0,0,0,0,0,0,0,0,0,0,21,191,252,223,35,0,0,0,0,0,0,0,0,0,0,0,0,0,0,0,85,252,252,98,0,0,0,0,0,0,0,0,0,0,0,0,0,0,0,25,198,252,124,3,0,0,0,0,0,0,0,0,0,9
216,208,217,222,226,239,226,252,222,232,201,228,236,219,216,233,206,245,226,209,248,202,246,232,240,203,235,206,252,222,249,251,207,210,204,221,248,218,227,252,218,252,215,241,242,220,248,225,205,250,201,244,227,233,239,230,218,236,226,225,208,239,233,243,202,241,225,210,254,241,225,228,215,254,249,205,209,216,242,220,243,211,218,202,237,236,231,221,252,228,238,227,234,232,221,226,229,204,230,204,202,243,218,211,248,252,252,245,242,243,244,200,245,219,251,230,216,242,214,200,226,210,229,219,249,216,222,246,251,234,227,240,200,246,244,213,214,231,230,208,220,245,237,218,237,230,225,203,203,229,246,210,250,248,247,224,235,247,223,229,253,206,205,202,244,204,201,211,215,240,251,243,227,233,219,207,219,237,219,206,206,210,203,214,235,215,203,231,209,229,207,232,228,214,200,200,209,242,232,203,237,211,226,252,234,253,248,238,201,232,245,218,239,216,234,203,222,201,215,222,212,224,234,252,219,253,209,245,224,235,232,228,247,211,232,226,248,217,209,204,217,229,233,227,235,246,247,231,243,228,212,245,252,218,235,223,209,217,251,213,231,211,215,219,245,207,209,237,241,234,205,230,215,231,202,242,219,212,239,232,228,203,214,232,233,213,213,222,241,217,228,217,221,252,235,242,221,248,233,219,234,232,207,212,214,203,228,236,247,205,224,221,242,230,228,219,232,200,218,218,230,243,226,203,232,231,251,245,200,225,233,210,249,208,225,216,219,201,245,250,234,202,252,221,201,237,235,235,218,204,238,243,214,241,247,237,220,237,247,236,211,205,250,240,204,245,227,216,212,253,220,224,241,220,206,211,205,250,245,202,251,224,249,248,206,231,219,227,222,246,244,224,201,227,252,240,220,249,251,217,4
0,0,0,0,0,0,0,0,0,0,0,0,0,0,0,0,0,0,0,0,0,0,0,0,0,0,0,0,0,0,0,0,0,0,0,0,0,0,0,0,0,0,0,0,0,0,0,0,0,0,0,0,0,0,0,0,0,0,0,0,0,0,0,0,0,0,0,62,156,156,239,254,254,140,0,0,0,0,0,0,0,0,0,0,0,2,20,168,253,254,253,253,253,253,193,18,0,0,0,0,0,0,0,0,19,167,253,253,253,175,129,78,240,253,254,107,0,0,0,0,0,0,7,77,239,253,240,146,19,0,0,43,244,253,254,135,0,0,0,0,0,0,40,253,254,245,70,0,0,0,8,183,253,253,254,61,0,0,0,0,0,0,159,254,255,76,0,0,0,14,112,254,254,254,196,0,0,0,0,0,0,0,234,253,204,6,0,0,16,112,253,253,253,253,113,0,0,0,0,0,0,0,234,253,195,0,0,58,235,254,247,229,253,253,98,0,0,0,0,0,0,0,143,253,204,47,129,244,253,192,35,187,253,253,98,0,0,0,0,0,0,0,62,253,254,253,253,200,80,0,20,253,253,253,60,0,0,0,0,0,0,0,0,0,99,98,30,0,0,0,20,254,254,254,0,0,0,0,0,0,0,0,0,0,0,0,0,0,0,0,20,253,253,253,0,0,0,0,0,0,0,0,0,0,0,0,0,0,0,0,20,253,253,253,0,0,0,0,0,0,0,0,0,0,0,0,0,0,0,0,20,253,253,237,0,0,0,0,0,0,0,0,0,0,0,0,0,0,0,0,20,253,253,155,0,0,0,0,0,0,0,0,0,0,0,0,0,0,0,0,20,254,254,133,0,0,0,0,0,0,0,0,0,0,0,0,0,0,0,0,20,253,253,103,0,0,0,0,0,0,9
0,0,0,0,0,0,0,0,0,0,0,0,0,0,0,0,0,0,0,0,0,0,0,0,0,0,0,0,0,0,0,0,0,0,0,0,0,0,0,0,0,0,0,17,209,254,255,254,163,130,130,130,130,22,0,0,0,0,0,0,0,0,0,15,196,249,253,253,253,253,253,253,253,210,17,0,0,0,0,0,0,0,0,0,0,74,111,111,202,235,240,253,253,253,30,0,0,0,0,0,0,0,0,0,0,0,0,0,0,0,31,225,253,253,30,0,0,0,0,0,0,0,0,0,0,0,0,0,0,0,0,205,253,253,30,0,0,0,0,0,0,0,0,0,0,0,0,0,0,0,0,205,253,253,30,0,0,0,0,0,0,0,0,0,0,0,0,0,0,0,13,213,253,253,30,0,0,0,0,0,0,0,0,0,0,0,0,0,0,0,75,253,253,253,30,0,0,0,0,0,0,0,0,0,0,0,0,0,0,0,75,253,253,187,9,0,0,0,0,0,0,0,0,0,0,0,0,0,0,0,75,253,253,160,0,0,0,0,0,0,0,0,0,0,0,0,0,0,0,0,169,253,253,66,0,0,0,0,0,0,0,0,0,0,0,0,0,0,0,21,215,253,253,37,0,0,0,0,0,0,0,0,0,0,0,0,0,0,0,69,253,253,253,37,0,0,0,0,0,0,0,0,0,0,0,0,0,0,0,69,253,253,253,37,0,0,0,0,0,0,0,0,0,0,0,0,0,0,0,69,253,253,179,6,0,0,0,0,0,0,0,0,0,0,0,0,0,0,0,118,253,253,166,0,0,0,0,0,0,0,0,0,0,0,0,0,0,0,0,192,253,253,166,0,0,0,0,0,0,0,0,0,0,0,0,0,0,0,0,77,253,253,209,18,0,0,0,0,0,0,7
0,0,0,0,0,0,0,0,0,0,0,0,0,0,0,0,0,0,0,0,0,0,0,0,0,0,0,0,0,0,0,0,0,0,0,0,0,0,0,0,0,0,0,0,0,51,70,7,0,0,0,0,49,220,26,0,0,0,0,0,0,0,0,9,197,247,224,52,0,0,0,9,174,168,9,0,0,0,0,0,0,0,0,164,234,71,17,0,0,0,0,47,253,119,0,0,0,0,0,0,0,0,26,239,137,0,0,0,0,0,0,47,253,69,0,0,0,0,0,0,0,0,51,248,163,0,0,0,0,0,0,47,247,50,0,0,0,0,0,0,0,0,0,214,242,38,0,0,0,0,0,97,230,0,0,0,0,0,0,0,0,0,0,42,232,220,57,3,0,0,0,138,230,0,0,0,0,0,0,0,0,0,0,0,107,253,254,190,142,93,93,180,230,0,0,0,76,93,93,93,0,0,0,0,0,68,151,197,254,254,255,254,254,254,255,254,254,228,236,184,0,0,0,0,0,0,0,5,23,23,120,253,189,115,115,31,23,15,17,0,0,0,0,0,0,0,0,0,0,0,70,253,96,0,0,0,0,0,0,0,0,0,0,0,0,0,0,0,0,0,70,219,13,0,0,0,0,0,0,0,0,0,0,0,0,0,0,0,0,0,95,207,0,0,0,0,0,0,0,0,0,0,0,0,0,0,0,0,0,0,178,190,0,0,0,0,0,0,0,0,0,0,0,0,0,0,0,0,0,43,254,115,0,0,0,0,0,0,0,0,0,0,0,0,0,0,0,0,0,93,254,48,0,0,0,0,0,0,0,0,0,0,0,0,0,0,0,0,0,93,210,9,0,0,0,0,0,0,0,0,0,0,0,0,0,0,0,0,0,93,184,0,0,0,0,0,0,0,0,0,4
0,0,85,252,252,112,0,0,0,0,0,0,0,0,0,0,0,0,0,0,0,0,19,209,252,221,111,0,0,0,0,0,0,0,0,0,0,0,0,0,0,0,0,197,252,252,47,0,0,0,0,0,0,0,0,0,0,0,0,0,0,0,0,197,252,252,0,0,0,0,0,0,0,0,0,0,0,0,0,0,0,0,0,198,253,253,0,0,0,0,0,0,0,0,0,0,0,0,0,0,0,0,0,197,252,252,0,0,0,0,0,0,0,0,0,48,147,225,97,0,0,0,0,197,252,252,0,0,0,0,0,0,0,13,73,227,253,252,227,47,0,0,0,197,252,236,0,0,0,0,0,0,0,150,252,252,253,252,195,0,0,0,0,197,236,50,0,0,0,0,0,0,48,227,252,252,253,252,195,0,0,0,0,198,237,50,0,0,0,0,0,0,226,228,153,253,255,253,196,0,0,0,0,197,252,237,0,0,0,0,0,0,72,52,29,252,253,252,70,0,0,0,0,197,252,252,111,0,0,0,0,0,0,0,138,252,253,233,43,0,0,0,0,103,252,252,140,0,0,0,0,0,0,54,224,252,178,56,0,0,0,0,0,25,205,252,140,0,0,0,0,0,48,227,252,252,140,0,0,0,0,0,0,0,108,253,255,90,0,0,0,51,159,253,253,253,0,0,0,0,0,0,0,0,19,214,253,243,116,85,85,159,252,252,242,89,0,0,0,0,0,0,0,0,0,31,222,252,252,252,252,253,252,239,96,0,0,0,0,0,0,0,0,0,0,0,38,84,215,252,252,253,252,102,0,0,0,0,0,0,0,0,0,0,0,0,0,0,88,205,252,253,127,25,0,0,0,0,0,0,0,0,0,0,0,0,0,0,0,0,0,0,0,0,0,0,0,0,0,0,6
0,0,0,0,0,0,0,0,0,0,0,0,0,0,0,0,0,0,0,0,0,0,0,0,0,0,0,0,0,0,0,0,0,0,0,0,0,0,0,0,0,0,160,92,0,0,0,0,0,0,0,0,0,0,0,0,0,0,0,0,0,0,197,242,66,0,0,0,0,0,0,0,0,0,6,0,0,0,0,0,0,0,102,254,241,143,33,25,52,25,84,107,144,189,194,14,0,0,0,0,0,0,8,110,238,254,254,254,254,254,254,254,254,243,254,96,0,0,0,0,0,0,0,0,42,149,159,213,213,213,154,130,94,132,254,48,0,0,0,0,0,0,0,0,0,0,0,0,0,0,0,0,7,202,254,86,0,0,0,0,0,0,0,0,0,0,0,0,0,0,0,0,105,254,211,5,0,0,0,0,0,0,0,0,0,0,0,0,0,0,0,0,163,254,156,0,0,0,0,0,0,0,0,0,0,0,0,0,0,0,0,40,232,242,34,0,0,0,0,0,0,0,0,0,0,0,0,0,0,0,0,107,254,133,0,0,0,0,0,0,0,0,0,0,0,0,0,0,0,0,1,191,253,74,0,0,0,0,0,0,0,0,0,0,0,0,0,0,0,0,76,254,162,0,0,0,0,0,0,0,0,0,0,0,0,0,0,0,0,12,190,243,54,0,0,0,0,0,0,0,0,0,0,0,0,0,0,0,0,128,254,165,0,0,0,0,0,0,0,0,0,0,0,0,0,0,0,0,0,186,254,147,0,0,0,0,0,0,0,0,0,0,0,0,0,0,0,0,43,254,250,119,0,0,0,0,0,0,0,0,0,0,0,0,0,0,0,0,101,255,237,0,0,0,0,0,0,0,0,0,0,0,0,0,0,0,0,0,185,254,163,0,0,0,0,0,0,0,0,0,7
0,0,0,0,0,0,0,0,0,0,0,0,27,250,254,254,36,0,0,0,0,0,0,0,0,0,0,0,0,0,0,10,181,254,254,208,16,0,0,0,0,0,0,0,0,0,0,0,0,0,5,146,254,254,254,36,0,0,0,0,0,0,0,0,0,0,0,0,0,0,40,254,254,254,154,5,0,0,0,0,0,0,0,0,0,0,0,0,0,37,220,254,254,220,5,0,0,0,0,0,0,0,0,0,0,0,0,0,20,174,254,254,251,27,0,0,0,0,0,0,0,0,0,0,0,0,61,128,140,254,254,249,86,0,0,0,0,0,0,0,0,0,0,0,0,0,0,120,253,254,247,88,0,0,0,0,0,0,0,0,0,0,0,0,0,0,46,242,254,254,207,0,0,0,0,0,0,0,0,0,0,0,0,0,0,5,197,254,254,233,39,25,9,0,0,0,0,0,0,0,0,0,0,0,0,85,254,254,254,169,72,242,213,110,1,0,0,0,0,0,0,0,0,0,10,213,254,254,211,89,254,254,254,254,130,8,0,0,0,0,0,0,0,0,140,254,254,232,81,244,254,254,195,138,254,111,0,0,0,0,0,0,0,35,253,254,254,105,83,254,254,213,3,105,254,215,10,0,0,0,0,0,0,119,254,254,176,41,239,254,243,93,176,247,254,224,16,0,0,0,0,0,0,30,227,254,213,196,254,254,254,254,254,254,254,141,0,0,0,0,0,0,0,0,86,238,254,254,254,254,254,254,254,228,86,5,0,0,0,0,0,0,0,0,0,24,153,254,251,225,151,114,61,0,0,0,0,0,0,0,0,0,0,0,0,0,0,219,196,0,0,0,0,0,0,0,0,0,0,0,0,0,0,0,0,0,0,0,0,0,0,0,0,0,0,0,0,0,0,0,6
0,0,0,0,0,0,0,0,0,0,0,0,0,0,0,0,0,0,0,0,0,0,0,0,0,0,0,0,0,0,0,0,0,0,0,0,0,79,228,31,0,0,0,0,0,0,0,0,0,0,0,0,0,0,0,0,26,128,240,43,0,0,0,0,0,0,0,0,38,185,66,0,0,0,0,67,210,143,43,0,0,0,0,0,0,0,0,89,225,253,196,0,0,0,26,222,202,63,0,0,0,0,0,0,0,29,216,244,125,239,75,0,0,29,216,244,125,0,0,0,0,0,0,0,76,216,214,56,0,38,0,0,76,216,214,56,0,0,0,0,0,0,0,0,163,253,109,0,0,0,0,0,200,231,43,0,0,0,0,0,0,0,0,76,237,128,9,0,0,0,0,126,249,75,0,0,0,0,0,0,0,0,32,229,253,0,0,0,0,0,70,253,178,0,0,0,0,0,0,0,0,0,44,240,202,0,0,0,0,0,169,252,28,0,0,19,32,0,0,0,0,0,26,222,252,198,172,85,85,198,234,252,103,198,197,215,228,185,28,0,0,0,0,59,139,253,252,252,252,253,252,214,139,140,139,139,139,28,9,0,0,0,0,0,0,0,0,0,13,255,209,25,0,0,0,0,0,0,0,0,0,0,0,0,0,0,0,0,138,234,28,0,0,0,0,0,0,0,0,0,0,0,0,0,0,0,0,154,246,137,0,0,0,0,0,0,0,0,0,0,0,0,0,0,0,0,0,197,202,13,0,0,0,0,0,0,0,0,0,0,0,0,0,0,0,16,166,206,63,0,0,0,0,0,0,0,0,0,0,0,0,0,0,0,0,54,252,93,0,0,0,0,0,0,0,0,0,0,0,0,0,0,0,0,38,178,170,13,0,0,0,0,0,0,0,0,0,0,0,0,4
0,0,0,0,0,0,0,0,0,0,48,241,114,0,0,0,0,0,0,0,0,0,0,0,0,0,0,0,0,0,160,252,113,0,0,0,0,0,0,0,0,0,0,0,0,0,0,0,0,19,215,252,113,0,0,0,0,0,0,0,0,0,0,0,0,0,0,0,0,57,252,252,113,0,0,0,0,0,0,0,0,0,0,0,0,0,0,0,0,57,253,253,51,0,0,0,0,0,0,0,0,0,0,0,0,0,0,0,0,57,252,252,0,0,0,0,0,0,0,0,0,0,0,0,0,0,0,0,0,144,252,252,0,0,0,0,0,0,0,0,0,0,0,0,0,0,0,0,0,169,252,252,0,0,0,0,0,0,0,0,0,0,0,0,0,0,0,0,0,170,253,128,0,0,0,0,0,0,0,0,0,0,0,0,0,0,0,0,19,225,252,28,0,0,0,0,0,0,0,0,0,0,0,0,0,0,0,0,66,252,252,28,0,0,0,0,0,0,0,0,0,0,0,0,0,0,0,0,141,252,252,28,0,0,0,0,0,0,0,0,0,0,0,0,0,0,0,0,141,253,168,0,0,0,0,0,0,0,0,0,0,0,0,0,0,0,0,0,166,252,142,0,0,0,0,0,0,0,0,0,0,0,0,0,0,0,0,38,253,252,56,0,0,0,0,0,0,0,0,0,0,0,0,0,0,0,0,113,253,202,6,0,0,0,0,0,0,0,0,0,0,0,0,0,0,0,0,114,255,197,0,0,0,0,0,0,0,0,0,0,0,0,0,0,0,0,0,113,253,208,38,0,0,0,0,0,0,0,0,0,0,0,0,0,0,0,0,113,253,252,168,0,0,0,0,0,0,0,0,0,0,0,0,0,0,0,0,13,203,252,68,0,0,0,0,0,0,0,0,0,1
0,0,0,0,0,0,0,0,0,0,0,0,0,0,0,0,0,0,0,0,0,0,0,0,0,0,0,0,0,0,0,0,0,0,0,0,0,0,0,0,0,0,0,0,0,0,0,0,0,0,36,125,221,254,255,234,125,48,0,0,0,0,0,0,0,0,0,0,0,37,223,253,253,253,253,253,253,236,48,74,0,0,0,0,0,0,0,41,154,245,253,253,227,142,142,217,253,253,246,248,0,0,0,0,0,0,0,212,253,253,224,116,15,0,0,103,253,253,253,253,0,0,0,0,0,0,139,250,220,48,18,0,0,21,99,202,253,253,253,248,0,0,0,0,0,0,228,220,41,0,0,0,69,192,253,253,253,253,199,87,0,0,0,0,0,0,228,162,0,0,25,119,244,253,253,253,253,187,16,0,0,0,0,0,0,0,228,237,209,209,221,253,253,253,175,45,45,17,0,0,0,0,0,0,0,0,228,253,253,253,253,253,199,88,16,0,0,0,0,0,0,0,0,0,0,81,248,253,253,253,235,154,15,0,0,0,0,0,0,0,0,0,0,0,114,216,253,253,253,195,46,0,0,0,0,0,0,0,0,0,0,0,0,179,250,253,253,253,253,191,11,0,0,0,0,0,0,0,0,0,0,0,87,252,253,253,212,207,246,253,51,0,0,0,0,0,0,0,0,0,0,0,125,253,253,163,9,0,128,253,72,0,0,0,0,0,0,0,0,0,0,0,208,253,182,7,0,0,85,253,181,0,0,0,0,0,0,0,0,0,0,0,255,253,142,0,0,0,86,253,181,0,0,0,0,0,0,0,0,0,0,0,177,253,151,20,10,13,96,253,105,0,0,0,0,0,0,0,0,0,0,0,118,253,253,253,197,214,237,209,23,0,0,0,0,0,0,0,0,0,8
0,0,0,0,0,0,0,0,0,9,82,196,253,253,217,7,19,0,0,0,0,0,0,0,0,0,0,0,7,156,253,253,253,136,32,8,23,0,0,0,0,0,0,0,0,0,0,3,159,253,253,253,220,15,0,0,0,0,0,0,0,0,0,0,0,0,45,165,253,253,253,253,54,0,0,0,0,0,0,0,0,0,0,0,0,0,107,253,253,252,164,94,2,0,0,0,0,0,0,0,0,0,0,0,0,0,118,253,251,137,0,0,0,0,0,0,0,0,0,0,0,0,0,0,0,76,243,253,210,0,0,0,0,0,0,0,0,0,0,0,0,0,0,0,0,207,253,249,34,0,0,0,0,0,0,0,0,0,0,0,0,0,0,0,55,243,253,156,0,0,0,24,78,78,2,0,0,0,0,0,0,0,0,0,72,253,253,30,0,16,123,225,253,253,208,95,33,0,0,0,0,0,0,0,179,253,156,1,64,191,253,253,253,253,253,253,239,64,0,0,0,0,0,53,252,253,147,6,251,253,245,205,80,5,16,248,253,186,0,0,0,0,0,54,253,253,147,6,253,248,68,0,0,0,7,209,253,188,0,0,0,0,0,54,253,253,147,6,253,220,15,0,0,0,35,253,253,166,0,0,0,0,0,54,253,253,174,35,136,229,204,93,66,118,219,253,188,20,0,0,0,0,0,11,164,253,253,228,201,234,253,253,253,253,253,191,19,0,0,0,0,0,0,0,10,213,253,253,253,253,253,253,253,253,196,15,0,0,0,0,0,0,0,0,0,14,122,248,253,253,253,217,135,83,9,0,0,0,0,0,0,0,0,0,0,0,0,0,0,0,0,0,0,0,0,0,0,0,0,0,0,0,0,0,0,0,0,0,0,0,0,0,0,0,0,0,0,0,0,0,6
0,0,0,0,0,0,0,0,0,0,0,0,0,0,0,0,0,0,0,0,0,0,0,1,10,95,171,236,255,215,89,1,0,0,0,0,0,0,0,0,0,0,3,126,254,254,239,162,162,174,252,103,2,0,0,0,0,0,0,0,0,0,6,232,243,124,19,0,0,0,149,254,37,0,0,0,0,36,99,1,0,0,8,249,186,0,0,0,0,0,158,236,23,0,0,0,115,249,194,3,0,0,0,179,249,91,0,0,0,4,212,201,0,0,0,116,248,241,33,0,0,0,0,53,247,249,94,6,0,22,214,58,0,6,119,248,247,35,0,0,0,0,0,0,81,246,254,172,24,0,0,0,16,187,254,216,50,0,0,0,0,0,0,0,0,47,214,254,200,45,0,18,204,254,205,31,0,0,0,0,0,0,0,0,0,0,22,182,254,246,136,216,254,158,6,0,0,0,0,0,0,0,0,0,0,0,0,6,123,246,254,254,157,6,0,0,0,0,0,0,0,0,0,0,0,0,0,0,86,246,254,254,52,0,0,0,0,0,0,0,0,0,0,0,0,0,0,49,228,246,148,246,234,45,0,0,0,0,0,0,0,0,0,0,0,0,32,227,254,99,0,113,246,218,16,0,0,0,0,0,0,0,0,0,0,0,182,254,158,6,0,0,178,254,162,6,0,0,0,0,0,0,0,0,0,40,248,216,23,0,0,0,22,235,254,25,0,0,0,0,0,0,0,0,0,181,254,92,0,0,0,0,0,96,254,124,0,0,0,0,0,0,0,0,0,164,254,113,15,0,0,0,0,55,254,191,0,0,0,0,0,0,0,0,0,47,235,254,167,65,0,0,15,141,254,166,0,0,0,0,0,0,0,0,0,0,78,236,254,253,246,246,248,254,254,55,0,0,0,0,8
0,0,0,0,0,0,0,0,0,0,0,0,0,0,0,0,0,0,0,0,0,0,0,0,0,0,0,0,0,0,0,0,0,0,0,0,0,0,0,0,0,0,0,0,0,0,0,21,56,97,155,240,188,40,0,0,0,0,0,0,0,0,0,0,21,111,111,204,254,254,254,254,254,129,0,0,0,0,0,0,0,0,0,20,237,254,254,254,254,254,254,254,254,155,0,0,0,0,0,0,0,0,0,123,254,254,220,134,213,134,134,181,254,190,0,0,0,0,0,0,0,0,6,159,254,200,50,0,0,0,0,16,254,229,0,0,0,0,0,0,0,0,21,254,254,237,65,0,0,0,0,16,254,252,68,0,0,0,0,0,0,0,13,223,254,254,42,0,0,0,0,5,193,254,108,0,0,0,0,0,0,0,21,254,254,254,15,0,0,0,0,3,183,254,174,0,0,0,0,0,0,0,13,225,254,254,15,0,0,0,0,4,190,254,174,0,0,0,0,0,0,0,0,33,155,171,6,0,0,0,0,0,170,254,174,0,0,0,0,0,0,0,0,0,0,0,0,0,0,0,0,0,170,254,174,0,0,0,0,0,0,0,0,0,0,0,0,0,0,0,0,10,223,254,174,0,0,0,0,0,0,0,0,0,0,0,0,0,0,0,0,16,254,254,174,0,0,0,0,0,0,0,0,0,0,0,0,0,0,0,0,110,254,254,108,0,0,0,0,0,0,0,0,0,0,0,0,0,0,0,6,219,254,254,75,0,0,0,0,0,0,0,0,0,0,0,0,0,0,0,61,254,254,247,51,0,0,0,0,0,0,0,0,0,0,0,0,0,0,1,127,254,254,176,0,0,0,0,0,0,0,0,0,0,0,0,0,0,0,6,254,254,254,129,0,0,0,0,0,0,7
0,0,0,0,0,0,51,245,254,254,254,241,58,0,0,0,0,0,0,0,0,0,0,0,0,0,89,253,253,204,216,254,204,12,0,0,0,0,0,0,0,0,0,0,0,0,132,253,173,12,19,254,253,135,0,0,0,0,0,0,0,0,0,0,0,5,204,253,99,0,0,73,198,140,0,0,0,0,0,0,0,0,0,0,0,56,253,251,78,0,0,0,0,0,0,0,0,0,0,0,0,0,0,0,0,56,253,204,0,0,0,0,0,0,0,0,0,0,0,0,0,0,0,0,0,152,253,131,0,0,0,0,0,0,0,0,0,0,0,0,0,0,0,0,0,56,253,201,45,79,155,141,14,0,0,0,0,0,0,0,0,0,0,0,0,56,253,253,253,253,253,254,208,66,0,0,0,0,0,0,0,0,0,0,0,32,143,244,234,143,143,206,253,197,111,39,0,0,0,0,0,0,0,0,0,0,0,0,0,0,0,0,59,249,255,158,8,0,0,0,0,0,0,0,0,0,0,0,0,0,0,0,0,108,251,253,84,0,0,0,0,0,0,0,0,0,0,0,0,0,0,0,0,0,151,253,165,0,0,0,0,0,0,0,0,0,0,16,52,0,0,0,0,0,75,253,165,0,0,0,0,0,0,0,0,0,20,199,99,0,0,0,0,0,95,253,165,0,0,0,0,0,0,0,0,0,89,253,99,0,0,0,0,0,220,253,165,0,0,0,0,0,0,0,0,0,89,253,99,0,0,0,3,146,253,251,110,0,0,0,0,0,0,0,0,0,89,253,174,45,45,108,181,253,253,130,0,0,0,0,0,0,0,0,0,0,23,204,253,253,253,254,253,189,119,23,0,0,0,0,0,0,0,0,0,0,0,69,210,253,253,192,114,6,0,0,0,0,0,0,5
0,0,0,0,0,0,0,0,0,0,0,0,0,0,0,0,0,0,0,0,0,0,0,0,0,0,80,118,118,118,13,0,0,0,4,118,118,118,118,118,0,0,0,0,29,201,247,253,253,253,113,133,234,234,234,253,253,253,253,253,0,0,0,29,203,253,253,253,253,253,253,253,253,253,251,177,177,177,70,40,0,0,0,97,253,253,253,253,225,198,198,198,172,61,60,0,0,0,0,0,0,0,0,97,253,253,211,82,40,0,0,0,0,0,0,0,0,0,0,0,0,0,0,97,253,220,33,0,0,0,0,0,0,0,0,0,0,0,0,0,0,0,0,97,253,226,114,0,0,0,0,0,0,0,0,0,0,0,0,0,0,0,0,55,236,253,252,248,176,63,0,0,0,0,0,0,0,0,0,0,0,0,0,0,64,232,253,253,253,242,104,66,0,0,0,0,0,0,0,0,0,0,0,0,0,36,66,184,220,253,253,240,106,24,0,0,0,0,0,0,0,0,0,0,0,0,0,0,107,226,253,253,253,194,21,0,0,0,0,0,0,0,0,0,0,0,0,0,0,39,136,233,253,253,199,15,0,0,0,0,0,0,0,0,0,0,0,0,0,0,0,30,211,253,253,200,8,0,0,0,0,0,0,0,0,0,0,0,0,0,0,0,25,210,253,253,80,0,0,0,0,0,0,57,0,0,0,0,0,0,0,0,20,201,253,253,150,0,0,0,0,0,221,186,14,0,0,0,0,0,30,121,226,253,253,213,27,0,0,0,0,0,255,253,208,95,136,63,133,199,218,253,253,253,214,28,0,0,0,0,0,0,213,250,253,253,253,253,253,253,253,253,223,123,32,0,0,0,0,0,0,0,0,88,136,232,232,232,232,232,184,96,26,0,0,0,0,0,0,0,5
0,0,0,0,0,0,0,0,0,0,0,0,0,0,0,0,0,0,0,0,0,0,0,0,0,0,0,0,0,0,0,0,0,0,0,0,0,0,0,0,0,0,28,59,59,59,59,59,59,164,253,209,32,0,0,0,0,0,0,0,0,0,117,251,251,251,251,251,251,251,251,253,188,36,0,0,0,0,0,0,0,0,117,251,251,251,251,251,251,251,251,253,251,76,0,0,0,0,0,0,0,0,99,212,248,251,251,251,251,251,251,253,251,76,0,0,0,0,0,0,0,0,0,0,143,153,153,153,153,153,153,253,205,47,0,0,0,0,0,0,0,0,0,0,0,0,0,0,0,0,0,253,134,0,0,0,0,0,0,0,0,0,0,0,0,0,0,0,0,0,0,253,134,0,0,0,0,0,0,0,0,0,0,0,0,0,0,0,0,0,0,253,170,24,0,0,0,0,0,0,0,0,0,0,22,136,136,136,136,136,136,253,251,170,136,136,136,126,0,0,0,0,0,0,39,251,251,251,251,251,251,253,251,251,251,251,251,246,134,0,0,0,0,0,40,253,253,253,253,253,253,255,253,253,253,253,253,253,253,116,0,0,0,0,39,251,251,251,251,251,251,253,251,251,251,251,251,251,251,115,0,0,0,0,12,76,184,116,251,251,251,253,251,251,223,76,76,76,130,115,0,0,0,0,0,0,11,4,18,124,242,198,18,18,15,0,0,0,6,9,0,0,0,0,0,0,0,0,0,0,194,194,0,0,0,0,0,0,0,0,0,0,0,0,0,0,0,0,0,0,194,194,0,0,0,0,0,0,0,0,0,0,0,0,0,0,0,0,0,0,179,244,115,0,0,0,0,0,0,0,0,0,0,0,0,0,0,0,0,0,0,253,170,24,0,0,0,0,0,0,7
0,0,0,0,0,0,0,0,0,0,0,0,0,0,0,0,0,0,0,0,0,0,0,0,0,0,0,0,0,0,0,0,0,0,0,0,0,0,0,0,0,0,0,0,0,0,0,0,0,0,0,0,0,0,0,0,0,0,0,0,0,0,0,0,0,0,0,0,0,0,60,140,158,211,254,254,255,177,0,0,0,0,0,0,0,0,0,37,132,221,252,254,254,254,254,254,254,249,0,0,0,0,0,0,0,0,99,226,254,254,254,179,162,110,103,120,254,214,0,0,0,0,0,0,0,83,252,254,254,182,82,1,0,0,0,73,216,3,0,0,0,0,0,0,6,205,254,208,38,12,0,0,0,0,54,227,88,0,0,0,0,0,0,0,91,254,254,131,0,0,0,0,60,87,192,254,93,0,0,0,0,0,0,0,153,254,254,192,149,149,149,227,251,254,254,254,27,0,0,0,0,0,0,0,48,229,254,254,254,254,254,254,254,254,242,112,4,0,0,0,0,0,0,0,0,36,145,220,254,196,187,254,254,240,65,0,0,0,0,0,0,0,0,0,0,0,0,8,14,20,196,254,254,102,0,0,0,0,0,0,0,0,0,0,0,0,0,0,9,193,254,254,178,11,0,0,0,0,0,0,0,0,0,0,0,0,0,0,49,254,254,185,26,0,0,0,0,0,0,0,0,0,0,0,0,0,0,10,175,254,245,40,0,0,0,0,0,0,0,0,0,0,0,0,0,0,0,57,254,254,90,0,0,0,0,0,0,0,0,0,0,0,0,0,0,0,25,215,254,230,10,0,0,0,0,0,0,0,0,0,0,0,0,0,0,4,184,254,251,110,0,0,0,0,0,0,0,0,0,0,0,0,0,0,0,101,254,254,194,0,0,0,0,0,0,0,0,0,0,0,9
0,0,0,0,0,0,0,0,38,219,253,193,18,0,0,0,0,0,0,0,0,0,0,0,0,53,165,208,224,252,252,253,180,21,0,0,0,0,0,0,0,0,0,0,0,223,252,252,252,252,252,253,252,97,0,0,0,0,0,0,0,0,0,0,0,223,252,252,252,252,181,253,252,237,0,0,0,0,0,0,0,0,0,0,36,232,252,252,252,212,12,122,252,237,0,0,0,0,0,0,0,0,0,0,120,252,252,252,241,95,0,210,252,237,0,0,0,0,0,0,0,0,0,0,120,252,252,252,162,24,134,253,252,237,0,0,0,0,0,0,0,0,0,0,7,225,252,252,247,240,252,253,252,242,48,0,0,0,0,0,0,0,0,0,0,223,252,252,252,252,252,253,252,252,224,136,0,0,0,0,0,0,0,0,0,135,252,252,252,252,252,253,252,252,252,221,131,0,0,0,0,0,0,0,0,31,210,253,253,253,253,255,191,253,253,253,253,119,0,0,0,0,0,0,0,198,252,252,252,252,252,44,18,53,220,252,252,118,0,0,0,0,0,0,78,242,252,252,252,252,243,0,0,0,42,233,252,126,1,0,0,0,0,8,182,252,252,252,139,132,55,0,0,0,0,223,252,252,14,0,0,0,0,15,252,252,225,29,2,0,0,0,0,0,36,232,252,212,10,0,0,0,0,15,252,252,225,14,0,0,0,0,25,39,213,252,252,118,0,0,0,0,0,15,252,252,252,189,87,0,80,134,231,252,252,252,236,56,0,0,0,0,0,1,127,252,252,252,247,238,246,253,252,252,252,225,56,0,0,0,0,0,0,0,28,230,252,252,252,252,252,253,241,207,136,41,0,0,0,0,0,0,0,0,0,92,208,252,252,252,163,104,79,0,0,0,0,0,0,0,8
219,224,247,211,209,203,251,228,238,228,210,201,221,229,201,206,212,247,219,241,236,254,248,238,224,251,207,244,238,251,243,247,210,228,229,204,235,208,223,203,210,206,219,220,210,216,227,243,235,210,254,210,225,226,236,210,254,203,233,247,231,239,245,225,238,206,219,211,216,212,220,205,253,229,235,207,202,224,211,217,221,235,249,254,237,205,245,224,216,220,208,219,226,238,253,250,243,217,218,227,225,252,233,227,217,243,233,227,216,213,207,213,222,246,221,227,238,227,243,225,214,213,221,251,222,211,225,234,250,218,231,210,238,202,215,208,244,238,238,254,210,220,202,217,241,254,222,229,236,212,231,213,237,242,209,208,242,234,245,233,246,206,236,239,234,212,241,202,206,221,253,223,208,228,225,213,239,226,241,224,228,236,238,227,215,230,239,240,248,248,207,228,245,254,229,248,225,232,214,231,254,223,216,217,217,218,243,231,223,247,221,253,212,249,216,225,205,246,242,251,254,208,239,225,249,251,248,217,213,238,246,254,254,235,235,212,243,239,241,214,243,206,201,240,201,244,225,210,209,226,236,216,248,222,239,245,236,221,227,216,214,237,232,215,237,242,230,226,206,219,216,209,223,215,203,229,245,221,252,242,232,227,243,201,241,228,243,230,237,211,225,253,227,228,249,232,214,247,246,245,216,245,222,213,211,218,239,230,234,240,252,208,207,216,213,230,225,245,248,201,253,249,214,230,236,212,210,230,250,209,226,214,225,208,216,251,231,200,209,252,200,216,204,251,250,203,249,231,232,238,237,206,235,210,246,218,235,212,238,221,216,249,209,243,210,223,236,241,215,224,226,249,208,247,233,246,208,252,229,243,235,237,231,211,243,244,249,220,254,233,204,206,233,244,238,242,217,229,202,243,1
0,0,0,0,0,0,0,0,0,0,64,255,191,128,64,0,0,0,0,0,0,0,0,0,0,0,64,128,255,191,191,255,255,255,255,191,0,0,0,0,0,0,0,0,0,64,255,255,255,255,255,255,191,255,255,255,255,0,0,0,0,0,0,0,0,128,255,255,0,0,0,0,0,0,128,191,255,191,0,0,0,0,0,0,0,128,255,255,0,0,0,0,0,0,0,128,255,255,0,0,0,0,0,0,0,64,255,255,0,0,0,0,0,0,0,191,255,191,0,0,0,0,0,0,0,0,191,255,191,0,0,0,0,128,255,255,255,0,0,0,0,0,0,0,0,0,64,255,255,191,0,191,255,255,255,191,64,0,0,0,0,0,0,0,0,0,0,64,255,255,255,255,255,255,255,64,0,0,0,0,0,0,0,0,0,0,0,128,255,255,255,255,191,0,128,0,0,0,0,0,0,0,0,0,0,0,191,255,255,255,255,255,191,0,0,0,0,0,0,0,0,0,0,0,0,191,255,255,191,0,0,255,255,255,0,0,0,0,0,0,0,0,0,0,64,255,255,128,0,0,0,0,255,255,128,0,0,0,0,0,0,0,0,0,255,255,128,0,0,0,0,0,64,255,255,64,0,0,0,0,0,0,0,128,255,255,64,0,0,0,0,0,0,64,255,128,0,0,0,0,0,0,0,128,255,255,0,0,0,0,0,0,0,0,255,255,0,0,0,0,0,0,0,128,255,255,64,0,0,0,0,0,0,64,255,255,0,0,0,0,0,0,0,128,255,255,255,191,128,0,0,0,64,255,255,128,0,0,0,0,0,0,0,0,64,255,255,255,255,255,255,255,255,255,128,0,0,0,0,0,0,0,0,0,0,64,128,255,255,255,255,255,191,64,0,0,0,0,0,0,8
0,0,0,0,0,0,0,0,0,0,0,58,247,253,103,0,0,0,0,0,0,0,0,0,0,0,0,0,0,0,0,247,252,252,214,28,0,0,0,0,0,0,0,0,0,0,0,0,0,0,0,253,252,252,172,0,0,0,0,0,0,0,0,0,0,0,0,0,0,0,0,253,252,252,60,0,0,0,0,0,0,0,0,0,0,0,0,0,0,4,137,253,252,252,39,0,0,0,0,0,0,0,0,0,0,0,0,0,0,42,252,253,252,252,39,0,0,0,0,0,0,0,0,0,0,0,0,0,0,146,252,253,252,188,13,0,0,0,0,0,0,0,0,0,0,0,0,0,0,146,252,253,252,158,0,0,0,0,0,0,0,0,0,0,0,0,0,0,2,152,252,253,252,158,0,0,0,0,0,0,0,0,0,0,0,0,0,0,27,252,252,253,252,89,0,0,0,0,0,0,0,0,0,0,0,0,0,0,91,253,253,255,253,26,0,0,0,0,0,0,0,0,0,0,0,0,0,17,199,252,252,253,150,2,0,0,0,0,0,0,0,0,0,0,0,0,0,41,252,252,252,253,145,0,0,0,0,0,0,0,0,0,0,0,0,0,0,41,252,252,252,253,104,0,0,0,0,0,0,0,0,0,0,0,0,0,0,41,252,252,252,253,13,0,0,0,0,0,0,0,0,0,0,0,0,0,12,155,252,252,252,228,10,0,0,0,0,0,0,0,0,0,0,0,0,0,54,252,252,252,252,133,0,0,0,0,0,0,0,0,0,0,0,0,0,0,54,252,252,252,252,49,0,0,0,0,0,0,0,0,0,0,0,0,0,0,23,206,252,252,252,0,0,0,0,0,0,0,0,0,0,0,0,0,0,0,0,103,252,252,252,0,0,0,0,0,0,0,0,0,1
0,0,0,0,0,0,0,0,0,0,0,0,0,0,0,0,0,0,0,0,0,0,0,0,0,0,0,0,0,0,0,0,0,0,0,0,0,0,0,0,0,0,0,0,0,0,0,0,0,0,0,0,0,0,0,0,0,0,0,0,0,0,0,0,0,95,254,89,0,0,0,0,0,0,0,0,126,255,147,0,0,0,0,0,0,187,254,250,127,74,11,0,0,0,39,163,252,254,240,0,0,0,0,0,87,247,254,254,254,254,232,196,195,198,244,254,254,254,143,0,0,0,0,87,245,254,242,130,149,218,230,233,253,229,254,254,254,187,10,0,0,0,38,232,254,253,92,0,0,0,19,23,52,17,184,254,236,46,0,0,0,3,229,254,254,144,0,0,0,0,0,0,0,32,249,254,176,0,0,0,0,125,254,254,208,21,0,0,0,0,0,0,0,141,254,217,11,0,0,0,0,208,254,244,40,0,0,0,0,0,0,0,93,252,254,119,0,0,0,0,0,92,195,74,0,0,0,0,0,0,0,31,218,254,191,2,0,0,0,0,0,0,0,0,0,0,0,0,0,0,0,124,254,254,61,0,0,0,0,0,0,0,0,0,0,0,0,0,0,0,58,224,254,187,2,0,0,0,0,0,0,0,0,0,0,0,0,0,0,0,128,254,244,40,0,0,0,0,0,0,0,0,0,0,0,0,0,0,0,66,241,254,158,0,0,0,0,0,0,0,0,0,0,0,0,0,0,0,0,134,254,242,24,0,0,0,0,0,0,0,0,0,0,0,0,0,0,0,16,228,254,157,0,0,0,0,0,0,0,0,0,0,0,0,0,0,0,0,109,254,236,26,0,0,0,0,0,0,0,0,0,0,0,0,0,0,0,0,193,254,177,0,0,0,0,0,0,0,0,0,7
0,0,0,0,0,0,0,0,0,0,0,0,0,0,0,0,0,0,0,0,0,0,0,0,0,0,0,0,0,0,0,0,0,0,25,213,255,53,0,0,0,0,0,0,0,0,0,0,0,0,0,0,0,2,163,253,253,53,0,0,0,0,0,0,0,0,0,0,0,0,0,0,0,93,253,253,253,53,0,0,0,0,0,0,0,0,0,0,0,0,0,0,0,219,253,240,97,14,0,0,0,0,0,0,0,0,0,0,0,0,0,0,133,252,253,206,0,0,0,0,0,0,0,0,0,0,0,0,0,0,0,85,251,253,253,102,0,0,0,0,0,0,0,0,0,0,0,0,0,0,38,228,253,253,167,4,0,0,0,0,0,0,0,0,0,0,0,0,0,0,143,253,253,247,47,0,0,0,0,0,0,0,0,0,0,0,0,0,0,57,232,253,253,147,0,0,0,0,0,0,0,0,0,0,0,0,0,0,30,231,253,253,199,4,0,0,0,0,0,0,0,0,0,0,0,0,0,8,161,253,253,224,16,0,0,0,0,0,0,0,0,0,0,0,0,0,0,124,253,253,224,45,0,0,0,0,0,0,0,0,0,0,0,0,0,0,59,243,253,253,69,0,0,0,0,0,0,0,0,0,0,0,0,0,0,11,241,253,251,131,2,0,0,0,0,0,0,0,0,0,0,0,0,0,11,228,253,251,187,0,0,0,0,0,0,0,0,0,0,0,0,0,0,14,175,253,253,152,0,0,0,0,0,0,0,0,0,0,0,0,0,0,0,157,253,253,133,31,0,0,0,0,0,0,0,0,0,0,0,0,0,0,43,240,253,130,3,0,0,0,0,0,0,0,0,0,0,0,0,0,0,0,155,253,176,4,0,0,0,0,0,0,0,0,0,0,0,0,0,0,1
0,0,0,0,0,0,0,0,0,0,0,0,0,0,0,0,0,0,0,0,0,0,0,0,0,0,0,0,0,0,0,0,0,0,0,0,0,0,0,0,0,0,0,0,0,0,0,55,67,17,77,160,161,160,234,226,160,84,44,0,0,0,0,0,0,0,25,231,254,233,254,254,254,254,254,254,254,254,244,226,0,0,0,0,0,0,86,254,254,254,254,254,245,244,170,150,150,150,150,150,0,0,0,0,0,0,204,254,254,181,167,85,0,0,0,0,0,0,0,0,0,0,0,0,0,88,252,254,206,4,0,0,0,0,0,0,0,0,0,0,0,0,0,0,85,238,254,252,87,0,0,0,0,0,0,0,0,0,0,0,0,0,0,0,104,254,254,203,0,0,0,0,0,0,0,0,0,0,0,0,0,0,0,0,104,254,254,243,151,151,71,36,0,0,0,0,0,0,0,0,0,0,0,0,58,244,254,254,254,254,254,240,193,59,0,0,0,0,0,0,0,0,0,0,0,44,135,101,66,66,76,159,254,206,21,0,0,0,0,0,0,0,0,0,0,0,0,0,0,0,0,0,85,247,212,22,0,0,0,0,0,0,0,0,0,0,0,0,0,0,0,0,0,142,254,133,0,0,0,0,0,0,0,0,0,0,0,0,0,0,0,0,6,171,254,105,0,0,0,0,0,0,0,0,0,0,0,0,0,0,0,29,223,254,254,120,0,0,0,0,0,0,13,76,0,0,0,0,0,0,0,147,254,254,231,38,0,0,0,0,0,0,97,238,88,0,0,0,0,0,97,217,254,237,84,0,0,0,0,0,0,0,0,101,223,117,7,0,0,107,243,254,255,216,0,0,0,0,0,0,0,0,0,16,199,254,193,151,182,250,254,254,215,53,0,0,0,0,0,0,5
0,0,0,0,0,0,0,0,0,0,0,0,0,0,0,0,0,0,0,0,0,0,0,0,0,0,0,0,0,0,0,0,0,0,0,0,0,0,0,0,0,0,0,0,0,0,0,0,0,0,0,0,0,0,0,0,0,0,0,0,0,0,0,0,0,62,166,253,245,78,43,105,148,148,148,148,18,0,0,0,0,0,0,0,0,185,253,252,252,252,252,253,252,252,252,252,185,0,0,0,0,0,0,0,0,202,253,252,252,252,252,253,252,252,252,252,211,0,0,0,0,0,0,0,0,35,200,252,221,189,189,190,110,142,252,252,211,0,0,0,0,0,0,0,0,0,7,42,21,0,0,0,0,153,252,252,211,0,0,0,0,0,0,0,0,0,0,0,0,0,0,0,0,233,253,253,89,0,0,0,0,0,0,0,0,0,0,0,0,0,0,0,100,247,252,173,0,0,0,0,0,0,0,0,0,0,0,0,0,0,0,22,221,252,252,138,0,0,0,0,0,0,0,0,0,0,0,0,0,0,0,114,252,252,236,31,0,0,0,0,0,0,0,0,0,0,0,0,0,0,89,236,252,244,66,0,0,0,0,0,0,0,0,0,0,0,0,0,0,29,219,255,253,109,0,0,0,0,0,0,0,0,0,0,0,0,0,0,0,169,252,253,189,5,0,0,0,0,0,0,0,0,0,0,0,0,0,0,82,246,252,232,40,0,0,0,0,0,0,0,0,0,0,0,0,0,0,22,237,252,252,115,0,0,0,0,0,0,0,0,0,0,0,0,0,0,18,199,252,252,164,0,0,0,0,0,0,0,0,0,0,0,0,0,0,0,105,253,253,216,18,0,0,0,0,0,0,0,0,0,0,0,0,0,0,80,227,252,252,110,0,0,0,0,0,0,0,0,0,0,7
0,0,0,0,0,0,0,0,0,0,36,214,253,189,0,0,0,0,0,0,0,0,0,0,0,0,0,0,0,0,96,251,251,236,71,0,0,0,0,0,0,0,0,0,0,0,0,0,0,0,96,251,251,219,47,0,0,0,0,0,0,0,0,0,0,0,0,0,0,0,234,251,251,188,0,0,0,0,0,0,0,0,0,0,0,0,0,0,0,0,253,251,251,188,0,0,0,0,0,0,0,0,0,0,0,0,0,0,0,159,255,253,253,31,0,0,0,0,0,0,0,0,0,0,0,0,0,0,8,170,253,251,156,8,0,0,0,0,0,0,0,0,0,0,0,0,0,0,64,251,253,251,126,0,0,0,0,0,0,0,0,0,0,0,0,0,0,0,64,251,253,251,126,0,0,0,0,0,0,0,0,0,0,0,0,0,0,0,64,251,253,251,126,0,0,0,0,0,0,0,0,0,0,0,0,0,0,0,64,253,255,253,126,0,0,0,0,0,0,0,0,0,0,0,0,0,0,0,84,251,253,251,126,0,0,0,0,0,0,0,0,0,0,0,0,0,16,127,236,251,253,235,63,0,0,0,0,0,0,0,0,0,0,0,0,0,32,251,251,251,253,180,0,0,0,0,0,0,0,0,0,0,0,0,0,0,32,251,251,251,253,62,0,0,0,0,0,0,0,0,0,0,0,0,0,0,92,253,253,253,219,39,0,0,0,0,0,0,0,0,0,0,0,0,0,72,236,251,251,251,138,0,0,0,0,0,0,0,0,0,0,0,0,0,0,96,251,251,251,251,0,0,0,0,0,0,0,0,0,0,0,0,0,0,0,12,197,251,251,211,0,0,0,0,0,0,0,0,0,0,0,0,0,0,0,0,91,251,211,35,0,0,0,0,0,0,0,0,0,0,1
0,0,0,0,0,0,0,0,0,0,0,191,173,12,0,0,0,0,0,0,0,0,0,0,0,0,0,0,0,0,72,236,251,51,0,0,0,0,0,0,0,0,0,0,0,0,0,0,0,0,96,251,251,188,0,0,0,0,0,0,0,0,0,0,0,0,0,0,0,0,134,251,251,188,0,0,0,0,0,0,0,0,0,0,0,0,0,0,0,0,253,251,251,188,0,0,0,0,0,0,0,0,0,0,0,0,0,0,0,60,255,253,253,189,0,0,0,0,0,0,0,0,0,0,0,0,0,0,8,170,253,251,251,69,0,0,0,0,0,0,0,0,0,0,0,0,0,0,64,251,253,251,251,31,0,0,0,0,0,0,0,0,0,0,0,0,0,0,202,251,253,251,219,23,0,0,0,0,0,0,0,0,0,0,0,0,0,0,221,251,253,251,126,0,0,0,0,0,0,0,0,0,0,0,0,0,0,0,223,253,255,241,79,0,0,0,0,0,0,0,0,0,0,0,0,0,0,0,221,251,253,220,0,0,0,0,0,0,0,0,0,0,0,0,0,0,0,64,236,251,253,220,0,0,0,0,0,0,0,0,0,0,0,0,0,0,0,127,251,251,253,81,0,0,0,0,0,0,0,0,0,0,0,0,0,0,0,127,251,251,253,62,0,0,0,0,0,0,0,0,0,0,0,0,0,0,12,174,253,253,100,0,0,0,0,0,0,0,0,0,0,0,0,0,0,0,52,251,251,251,131,8,0,0,0,0,0,0,0,0,0,0,0,0,0,0,190,251,251,251,205,31,0,0,0,0,0,0,0,0,0,0,0,0,0,0,150,251,251,251,19,0,0,0,0,0,0,0,0,0,0,0,0,0,0,0,12,173,251,152,0,0,0,0,0,0,0,0,0,0,1
0,0,0,0,0,0,0,0,100,225,254,160,38,0,0,0,0,0,0,0,0,0,0,0,0,0,101,225,252,253,253,253,250,142,0,0,0,0,0,0,0,0,0,0,0,88,251,253,253,253,253,253,253,214,0,0,0,0,0,0,0,0,0,0,0,92,253,253,253,253,253,253,253,214,0,0,0,0,0,0,0,0,0,0,0,57,239,253,253,253,253,253,253,163,0,0,0,0,0,0,0,0,0,0,0,0,27,32,141,253,253,253,253,130,0,0,0,0,0,0,0,0,0,0,0,0,0,111,246,253,253,253,253,247,131,33,0,0,0,0,0,0,0,0,0,0,71,245,253,253,253,253,253,253,253,212,32,0,0,0,0,0,0,0,0,0,61,241,253,253,253,253,253,253,253,253,140,0,0,0,0,0,0,0,0,0,0,88,188,88,58,58,82,232,253,253,234,0,0,0,0,0,0,0,0,0,0,0,0,0,0,0,0,73,253,253,234,0,0,0,0,0,0,0,0,0,0,0,0,0,0,0,0,67,253,253,234,0,0,0,0,0,0,0,0,0,0,0,0,0,0,0,32,228,253,253,210,0,0,0,0,0,0,0,0,0,0,0,0,0,0,0,133,253,253,229,88,0,0,0,0,0,0,0,0,0,0,0,0,0,0,24,186,253,253,97,0,0,0,0,0,0,0,11,144,156,46,19,0,21,57,226,253,253,233,37,0,0,0,0,0,0,0,115,253,253,253,221,150,230,253,253,253,250,136,0,0,0,0,0,0,0,0,228,253,253,253,253,253,253,253,253,251,203,0,0,0,0,0,0,0,0,0,102,253,253,253,253,253,253,252,220,96,0,0,0,0,0,0,0,0,0,0,0,111,123,123,163,253,253,128,0,0,0,0,0,0,0,0,0,3
0,0,0,0,0,0,0,0,0,0,0,0,0,0,0,0,0,0,0,0,0,0,0,0,0,0,36,115,253,253,253,255,253,173,96,36,0,0,0,0,0,0,0,0,0,20,214,251,251,251,251,253,251,251,251,212,20,0,0,0,0,0,0,0,32,205,253,251,251,251,251,253,251,251,251,251,206,32,0,0,0,0,0,0,64,251,253,251,251,251,251,229,196,251,251,251,253,62,0,0,0,0,0,0,64,251,253,251,251,251,251,59,12,173,251,251,253,62,0,0,0,0,0,0,40,218,255,253,253,253,253,0,0,0,0,0,0,0,0,0,0,0,0,0,0,39,253,251,251,251,251,0,0,0,0,0,0,0,0,0,0,0,0,0,0,0,253,251,251,251,251,0,0,0,0,0,0,0,0,0,0,0,0,0,0,0,253,251,251,251,251,40,0,0,0,0,0,0,0,0,0,0,0,0,0,0,253,251,251,251,251,218,138,0,0,0,0,0,0,0,0,0,0,0,0,0,255,253,253,253,253,255,253,173,12,0,0,0,0,0,0,0,0,0,0,0,122,224,235,248,251,253,251,251,157,12,0,0,0,0,0,0,0,0,0,0,0,16,63,111,204,253,251,251,251,94,0,0,0,0,0,0,0,0,0,0,0,0,0,0,19,114,251,251,251,94,0,0,0,0,0,0,0,0,0,0,0,0,0,0,0,96,251,251,251,94,0,0,0,0,0,0,0,0,0,60,195,84,48,72,0,96,253,253,253,95,0,0,0,0,0,0,0,0,0,158,253,244,221,236,190,214,251,251,251,94,0,0,0,0,0,0,0,0,0,79,253,251,251,251,251,253,251,251,251,94,0,0,0,0,0,0,0,0,0,0,213,251,251,251,251,253,251,219,148,12,0,0,0,0,5
0,0,0,0,0,0,0,132,254,254,254,254,97,0,0,0,0,0,0,0,0,0,0,0,0,0,26,234,254,254,254,238,43,0,0,0,0,0,0,0,0,0,0,0,0,0,186,254,254,254,254,98,0,0,0,0,0,0,0,0,0,0,0,0,0,31,228,254,254,254,217,9,0,0,0,0,0,0,0,0,0,0,0,0,2,131,254,254,254,254,97,0,0,0,0,0,0,0,0,0,0,0,0,0,54,254,254,254,254,153,0,0,0,0,0,0,0,0,0,0,0,0,0,0,54,254,254,254,249,0,0,0,0,0,0,0,0,0,0,0,0,0,0,0,137,254,254,254,249,0,0,0,0,0,0,0,0,0,0,0,0,0,0,0,172,254,254,254,121,0,0,0,0,0,0,0,0,0,0,0,0,0,0,14,203,254,254,254,11,0,0,23,96,139,214,153,96,78,0,0,0,0,0,36,254,254,254,254,14,61,188,237,254,254,254,254,254,250,172,0,0,0,0,18,212,254,254,254,250,252,254,254,254,254,254,254,254,254,253,168,0,0,0,0,158,254,254,254,254,254,254,248,225,136,244,254,255,254,254,157,0,0,0,0,54,254,254,254,254,254,149,68,37,180,254,254,254,254,212,19,0,0,0,0,54,254,254,254,254,254,210,184,238,254,254,254,254,220,53,0,0,0,0,0,37,194,254,254,254,254,254,254,254,254,254,254,245,84,0,0,0,0,0,0,0,10,35,182,254,254,254,254,254,217,101,35,31,0,0,0,0,0,0,0,0,0,0,58,135,146,199,254,218,86,0,0,0,0,0,0,0,0,0,0,0,0,0,0,0,0,0,0,0,0,0,0,0,0,0,0,0,0,0,0,0,0,0,0,0,0,0,0,0,0,0,0,0,0,0,0,6
0,0,0,0,0,0,0,0,0,0,0,0,0,0,0,0,0,0,0,0,0,0,0,0,0,0,0,0,0,0,0,0,0,0,0,0,0,0,0,0,0,0,0,0,0,0,0,0,0,0,37,141,224,201,156,23,0,0,0,0,0,0,0,0,0,0,0,0,34,192,239,253,253,253,253,180,0,0,0,0,0,0,0,0,0,0,7,109,247,253,254,253,253,253,253,195,0,0,0,0,0,0,0,0,0,10,131,253,253,253,229,133,223,253,253,195,0,0,0,0,0,0,0,0,0,97,253,253,253,177,60,95,253,253,253,195,0,0,0,0,0,0,0,0,23,217,254,254,169,0,0,118,254,254,193,0,0,0,0,0,0,0,0,0,98,254,253,253,34,0,0,200,253,253,73,0,0,0,0,0,0,0,0,0,68,254,253,253,241,175,176,241,253,240,40,0,0,0,0,0,0,0,0,0,0,186,253,253,253,253,254,253,253,213,0,0,0,0,0,0,0,0,0,16,23,14,103,185,253,253,254,253,253,101,0,0,0,0,0,0,0,0,0,16,23,0,0,0,0,99,255,254,205,8,0,0,0,0,0,0,0,0,0,0,0,0,0,0,0,180,254,253,174,0,0,0,0,0,0,0,0,0,0,0,0,0,0,0,13,213,254,253,107,0,0,0,0,0,0,0,0,0,0,0,0,0,0,0,55,253,254,250,66,0,0,0,0,0,0,0,0,0,0,0,0,0,0,0,136,253,254,195,0,0,0,0,0,0,0,0,0,0,0,0,0,0,0,0,235,254,255,136,0,0,0,0,0,0,0,0,0,0,0,0,0,0,0,74,250,253,254,53,0,0,0,0,0,0,0,0,0,0,0,0,0,0,7,199,253,253,183,12,0,0,0,0,0,0,0,0,9
233,254,212,217,200,200,241,223,253,233,215,215,213,211,248,254,224,204,226,227,254,210,222,223,223,216,206,252,218,214,204,207,223,221,234,246,234,205,217,226,244,245,229,222,243,203,218,224,253,242,211,235,202,214,254,215,232,224,218,220,254,207,228,216,246,211,212,221,254,228,201,252,207,208,201,208,218,250,245,228,246,206,247,223,204,223,247,230,230,244,254,254,252,201,207,227,242,206,206,236,226,213,239,234,226,200,243,226,249,201,243,254,245,247,230,254,230,229,247,212,228,234,248,253,243,224,254,215,224,221,220,211,250,252,201,215,211,237,232,228,229,201,252,230,220,204,251,238,248,231,243,208,229,254,226,212,201,223,214,212,201,219,234,200,228,204,253,245,236,229,247,219,247,248,231,204,224,251,203,234,204,249,243,222,227,224,223,220,223,236,206,232,208,223,206,211,209,234,209,209,221,236,224,243,249,242,247,234,252,251,250,202,211,230,243,225,208,239,244,223,248,216,212,250,253,215,215,200,219,234,235,202,215,227,210,216,246,242,214,231,250,241,224,233,241,217,212,240,240,248,230,212,234,225,215,226,220,231,254,214,229,253,221,225,225,225,245,218,221,248,217,236,204,201,237,236,223,208,208,246,210,216,219,228,238,213,219,202,219,228,245,215,227,254,208,229,208,234,209,233,247,208,244,241,229,231,231,208,230,232,213,248,226,225,221,224,246,217,236,236,247,234,232,207,207,208,200,218,221,237,216,218,206,249,214,215,243,241,213,210,233,244,214,218,239,225,233,219,207,208,220,235,216,253,222,212,235,222,236,209,226,234,225,208,230,205,215,200,213,210,222,233,254,214,239,239,219,217,226,227,247,240,233,252,214,200,254,252,213,245,205,237,244,254,222,247,236,220,201,251,9
0,0,0,0,0,0,0,0,0,0,0,0,0,0,0,0,0,0,0,0,0,0,0,0,0,38,133,232,254,254,254,250,122,11,0,0,0,0,0,0,0,0,0,0,0,182,253,253,253,253,253,254,253,238,123,19,0,0,0,0,0,0,0,0,7,192,253,253,175,96,96,160,220,253,253,230,123,7,0,0,0,0,0,0,129,253,253,196,12,0,0,0,9,102,237,253,253,128,0,0,0,0,0,0,169,253,253,82,0,0,0,0,0,0,72,236,253,229,26,0,0,0,0,28,234,253,163,12,0,0,0,0,0,0,0,90,253,253,128,0,0,0,0,135,253,233,40,0,0,0,0,0,0,0,0,61,253,253,156,0,0,0,10,194,253,193,0,0,0,0,0,0,0,0,0,61,253,253,156,0,0,0,25,253,253,83,0,0,0,0,0,0,0,0,0,61,253,253,156,0,0,0,25,253,253,72,0,0,0,0,0,0,0,0,0,61,253,253,99,0,0,0,25,254,254,135,0,0,0,0,0,0,0,0,0,62,254,254,36,0,0,0,25,253,253,193,0,0,0,0,0,0,0,0,0,130,253,253,36,0,0,0,10,194,253,201,9,0,0,0,0,0,0,0,31,226,253,200,14,0,0,0,0,134,253,253,83,0,0,0,0,0,0,0,49,253,253,168,0,0,0,0,0,11,193,253,233,34,0,0,0,0,0,0,49,253,253,82,0,0,0,0,0,0,64,233,253,205,62,0,0,0,0,0,84,253,253,48,0,0,0,0,0,0,0,84,253,253,235,97,4,0,0,0,170,253,253,48,0,0,0,0,0,0,0,9,156,253,253,253,220,155,98,98,202,253,191,7,0,0,0,0,0,0,0,0,7,122,186,253,253,254,253,253,253,253,128,0,0,0,0
0,0,0,0,0,0,0,0,66,253,253,253,161,5,0,0,0,0,0,0,0,0,0,0,0,0,0,0,66,253,253,253,211,38,0,0,0,0,0,0,0,0,0,0,0,0,0,0,88,253,253,253,154,0,0,0,0,0,0,0,0,0,0,0,0,0,0,69,241,253,253,253,154,0,0,0,0,0,0,0,0,0,0,0,0,0,42,235,253,253,253,108,25,0,0,0,0,0,0,0,0,0,0,0,0,0,50,253,253,253,207,37,0,0,0,0,0,0,0,0,0,0,0,0,0,0,93,253,253,253,171,0,0,0,0,0,0,0,0,0,0,0,0,0,0,77,238,253,253,253,221,156,156,156,86,0,0,0,0,0,0,0,0,0,11,165,253,253,253,253,253,253,253,253,250,220,40,0,0,0,0,0,0,0,33,253,253,253,253,253,253,253,253,253,253,253,122,0,0,0,0,0,0,0,33,253,253,253,253,253,253,253,253,253,253,253,173,13,0,0,0,0,0,0,33,253,253,253,253,253,253,253,253,253,253,253,253,32,0,0,0,0,0,0,33,253,253,253,253,253,215,216,253,253,253,253,193,18,0,0,0,0,0,0,33,253,253,253,253,253,237,238,253,253,253,253,122,0,0,0,0,0,0,0,33,253,253,253,253,253,253,253,253,253,253,231,59,0,0,0,0,0,0,0,33,253,253,253,253,253,253,253,253,253,227,58,0,0,0,0,0,0,0,0,14,177,253,253,253,253,253,253,253,253,138,0,0,0,0,0,0,0,0,0,0,8,168,253,253,253,253,202,116,15,9,0,0,0,0,0,0,0,0,0,0,0,18,89,195,190,199,29,0,0,0,0,0,0,0,0,0,0,0,0,0,0,0,0,0,0,0,0,0,0,0,0,0,0,0,0,6
0,0,0,0,0,0,0,0,0,0,0,0,0,0,0,0,0,34,241,73,0,0,0,0,0,0,0,0,0,0,0,0,0,0,0,0,52,219,253,95,0,0,0,0,0,0,0,0,0,0,0,0,0,0,0,75,250,253,204,4,0,0,0,0,0,0,0,0,0,0,0,0,0,0,0,193,254,212,8,0,0,0,0,0,0,0,0,0,0,0,0,0,0,0,36,224,245,40,0,0,0,0,0,0,0,0,0,0,0,0,0,0,0,38,219,254,98,0,0,0,0,0,0,0,0,0,0,0,0,0,0,0,15,172,253,235,36,0,0,0,0,0,0,0,0,0,0,35,6,0,0,0,87,253,233,50,0,0,0,0,0,0,0,0,0,0,59,243,89,0,0,15,212,253,121,0,0,0,0,0,0,0,0,0,14,119,214,253,89,0,0,119,253,200,25,0,0,0,0,0,0,0,0,60,214,254,255,254,135,105,105,255,254,227,157,179,62,0,0,0,0,0,172,251,253,253,254,253,253,253,253,254,253,253,253,253,153,0,0,0,0,0,209,253,246,238,208,225,239,253,253,239,163,116,89,45,5,0,0,0,0,0,111,129,32,0,0,0,51,253,253,57,0,0,0,0,0,0,0,0,0,0,0,0,0,0,0,0,177,253,143,0,0,0,0,0,0,0,0,0,0,0,0,0,0,0,0,74,250,182,9,0,0,0,0,0,0,0,0,0,0,0,0,0,0,0,8,184,249,46,0,0,0,0,0,0,0,0,0,0,0,0,0,0,0,0,127,249,93,0,0,0,0,0,0,0,0,0,0,0,0,0,0,0,0,58,236,136,0,0,0,0,0,0,0,0,0,0,0,0,0,0,0,0,0,75,192,27,0,0,0,0,0,0,0,0,0,0,0,0,4
0,0,0,0,0,0,0,37,223,253,252,221,118,39,0,0,0,0,0,0,0,0,0,0,0,0,0,135,253,253,253,253,253,225,97,0,0,0,0,0,0,0,0,0,0,0,79,250,253,226,149,82,221,253,251,90,0,0,0,0,0,0,0,0,0,0,53,236,253,71,0,0,59,253,253,97,0,0,0,0,0,0,0,0,0,0,0,94,32,8,0,0,46,253,253,97,0,0,0,0,0,0,0,0,0,0,0,0,0,0,0,0,90,253,242,65,0,0,0,0,0,0,0,0,0,0,0,0,0,0,0,0,176,253,220,0,0,0,0,0,0,0,0,0,0,0,0,0,0,0,0,15,198,253,117,0,0,0,0,0,0,0,0,0,0,0,0,0,0,0,0,87,253,223,21,0,0,0,0,0,0,0,0,0,0,0,0,0,0,0,75,235,253,184,0,0,0,0,0,0,0,0,0,0,0,0,0,0,0,14,202,253,220,24,0,0,0,0,0,0,0,0,0,0,0,0,0,0,13,166,253,253,117,0,0,0,0,0,0,0,0,0,0,0,0,0,0,13,167,253,244,121,26,0,0,0,0,0,0,0,0,0,0,0,0,0,28,102,253,253,177,0,0,0,0,0,0,0,0,0,0,0,12,81,156,156,239,253,253,219,51,27,8,0,0,0,0,0,0,0,0,10,189,253,253,253,253,253,253,253,253,253,181,130,20,18,0,0,0,0,0,112,253,253,253,253,249,200,110,143,240,243,253,253,253,242,143,136,0,0,0,0,238,253,253,251,97,0,0,0,0,24,117,136,247,247,237,111,0,0,0,0,54,244,203,79,0,0,0,0,0,0,0,0,0,0,0,0,0,0,0,0,0,0,0,0,0,0,0,0,0,0,0,0,0,0,0,0,0,0,2
0,0,0,0,0,0,0,0,0,0,0,0,0,0,0,0,0,0,0,0,0,0,0,0,0,0,0,0,0,0,0,0,0,0,0,0,0,0,0,0,0,0,0,0,0,0,0,0,0,0,0,0,20,110,146,204,255,254,194,106,0,0,0,0,0,0,0,0,0,38,100,184,220,253,253,245,177,177,177,83,0,0,0,0,0,0,1,27,151,237,253,253,239,69,32,29,0,0,0,0,0,0,0,0,0,33,145,253,253,251,187,102,7,0,0,0,0,0,0,0,0,0,0,0,68,237,253,253,108,60,0,0,0,0,0,0,0,0,140,137,0,0,0,61,243,253,239,68,7,0,0,0,0,0,0,0,0,143,253,178,0,0,15,228,245,170,10,0,0,0,0,0,0,0,0,27,124,237,212,29,0,0,159,253,128,0,0,0,0,0,0,0,0,58,128,226,253,253,76,0,0,33,243,251,59,0,14,7,13,17,86,125,226,246,253,253,249,104,1,0,0,0,161,253,199,162,240,201,232,253,253,234,199,189,253,248,103,0,0,0,0,0,16,189,253,253,253,253,222,161,93,34,8,199,253,147,0,0,0,0,0,0,0,7,16,16,16,16,10,0,0,57,233,248,148,1,0,0,0,0,0,0,0,0,0,0,0,0,0,0,36,235,253,123,0,0,0,0,0,0,0,0,0,0,0,0,0,0,0,48,177,253,194,17,0,0,0,0,0,0,0,0,0,0,0,0,0,0,0,91,253,253,66,0,0,0,0,0,0,0,0,0,0,0,0,0,0,0,60,247,253,117,5,0,0,0,0,0,0,0,0,0,0,0,0,0,0,0,177,253,164,9,0,0,0,0,0,0,0,0,0,0,0,0,0,0,0,42,227,237,2,0,0,0,0,0,0,0,0,0,9
216,210,218,208,203,219,208,219,240,230,206,239,241,248,253,233,228,226,241,238,207,221,221,242,218,245,202,224,216,203,223,228,206,208,202,243,247,247,237,224,212,249,206,235,237,251,225,253,243,227,200,232,206,205,226,248,243,252,242,231,230,231,213,207,239,200,209,254,204,216,250,211,253,231,222,233,223,202,211,213,209,240,243,200,219,219,230,228,202,221,246,232,228,230,250,254,238,217,254,206,201,214,238,207,235,247,216,207,229,201,218,241,228,203,250,216,237,211,209,228,236,245,226,236,204,250,203,211,215,240,213,254,229,251,216,243,236,229,219,235,241,214,237,238,251,229,248,216,211,233,222,244,204,219,224,233,250,202,216,220,241,222,237,208,201,224,238,218,232,249,249,223,242,235,213,234,251,204,221,234,219,202,235,219,214,200,200,210,240,214,246,217,245,230,250,232,213,233,238,201,203,217,200,207,217,213,223,242,212,235,245,237,236,242,230,247,218,233,253,210,216,228,236,207,221,243,224,220,208,204,233,246,254,229,228,241,240,224,234,210,209,204,236,228,227,219,208,252,229,220,227,209,241,211,200,227,231,242,202,208,221,214,253,201,210,220,202,209,232,200,214,231,233,242,248,243,201,235,243,233,214,249,216,229,214,248,234,211,254,210,219,202,220,219,235,250,200,253,214,221,223,205,231,248,239,235,251,242,234,241,209,234,237,227,226,252,249,251,216,201,210,218,201,227,225,219,213,217,201,247,227,254,226,221,239,219,220,200,244,227,232,226,224,200,244,213,235,236,232,243,220,242,228,203,223,232,238,242,220,213,236,254,230,204,201,242,207,223,252,228,252,209,214,251,221,226,251,247,233,234,204,253,204,251,226,221,201,207,203,230,224,224,240,246,237,230,211,202,203,212,6
0,0,0,0,0,0,0,0,0,0,0,0,0,0,0,0,0,0,0,0,0,0,0,0,0,0,0,0,0,0,0,0,0,0,0,0,0,0,0,0,0,0,0,0,0,0,0,0,0,0,184,253,253,211,89,0,0,0,0,0,0,0,0,0,0,0,0,0,70,240,253,252,252,252,249,63,0,0,0,0,0,0,0,0,0,0,15,178,241,252,253,252,252,252,252,185,0,0,0,0,0,0,0,0,0,46,219,252,252,252,253,218,201,252,252,244,192,72,0,0,0,0,0,0,53,176,252,252,252,217,53,31,20,221,252,252,252,232,28,0,0,0,0,17,211,252,252,246,191,31,0,0,0,213,252,252,252,232,28,0,0,0,65,198,252,252,245,120,0,0,0,0,86,240,252,252,252,204,0,0,0,0,178,252,252,218,78,0,0,0,13,84,243,252,252,252,248,83,0,0,0,70,241,252,252,122,0,0,0,8,128,252,252,252,252,252,205,0,0,0,0,240,252,252,252,66,0,0,78,196,253,252,252,252,252,252,79,0,0,0,0,241,253,253,253,253,253,253,253,253,255,253,253,253,253,228,42,0,0,0,0,68,241,252,252,252,252,252,252,252,202,190,252,252,252,72,0,0,0,0,0,0,73,237,252,252,252,252,197,89,14,107,252,252,252,66,0,0,0,0,0,0,0,33,39,39,39,39,17,0,0,219,252,252,231,45,0,0,0,0,0,0,0,0,0,0,0,0,0,0,32,243,252,252,150,0,0,0,0,0,0,0,0,0,0,0,0,0,0,0,121,252,252,235,42,0,0,0,0,0,0,0,0,0,0,0,0,0,0,0,141,252,252,172,0,0,0,0,0,0,0,0,0,0,0,0,0,0,0,0,253,252,252,172,0,0,0,0,0,0,9
0,0,0,0,0,0,0,0,0,0,0,0,0,0,0,0,0,0,0,0,0,0,0,0,0,0,0,0,0,0,0,0,0,0,0,0,0,0,0,0,0,0,0,0,0,0,0,0,0,0,0,0,0,0,0,0,12,96,72,0,0,0,0,0,0,0,0,0,0,0,0,0,0,0,0,32,158,251,236,91,0,0,0,0,0,128,127,63,0,0,48,127,63,0,80,253,251,251,251,251,0,8,64,202,221,253,251,236,221,221,234,251,236,221,240,253,251,251,235,89,0,131,251,251,251,253,251,251,251,251,253,251,251,251,251,253,251,251,188,0,96,253,253,253,253,255,241,158,158,158,159,158,158,182,253,255,253,205,19,0,214,251,251,243,220,63,54,0,0,0,0,0,0,182,251,253,227,31,0,0,173,251,251,188,0,0,0,0,0,0,0,0,0,221,251,253,220,0,0,0,12,31,31,23,0,0,0,0,0,0,0,8,143,248,251,129,27,0,0,0,0,0,0,0,0,0,0,0,0,0,0,131,251,251,251,0,0,0,0,0,0,0,0,0,0,0,0,0,0,0,0,191,253,253,253,0,0,0,0,0,0,0,0,0,0,0,0,0,0,20,92,236,251,223,121,0,0,0,0,0,0,0,0,0,0,0,0,0,0,158,253,251,251,110,0,0,0,0,0,0,0,0,0,0,0,0,0,32,202,240,253,243,109,23,0,0,0,0,0,0,0,0,0,0,0,0,0,48,232,251,253,220,0,0,0,0,0,0,0,0,0,0,0,0,0,0,20,206,253,253,255,133,96,72,0,0,0,0,0,0,0,0,0,0,0,12,52,221,251,251,241,200,62,47,0,0,0,0,0,0,0,0,0,0,0,96,251,251,251,251,79,0,0,0,0,0,0,0,0,0,7
0,0,0,0,0,0,0,0,0,0,0,0,0,0,0,0,0,0,0,0,0,0,0,0,0,0,0,0,0,0,0,0,3,17,17,17,17,17,6,0,0,0,0,0,0,0,0,0,0,1,31,141,197,254,249,237,235,254,125,0,0,0,0,0,0,0,0,0,0,54,230,254,254,224,86,19,24,217,198,0,0,0,0,0,0,0,0,0,0,132,254,236,165,25,0,10,97,242,118,0,0,0,0,0,0,0,0,0,0,44,118,24,0,0,0,142,254,180,0,0,0,0,0,0,0,0,0,0,110,118,0,0,45,111,222,250,217,28,0,0,0,0,0,0,0,0,0,0,72,111,206,230,248,254,241,117,100,6,0,0,0,0,0,0,0,0,0,22,158,254,254,254,254,254,251,131,0,0,0,0,0,0,0,0,0,0,0,128,254,254,254,254,153,24,40,204,35,0,0,0,0,0,0,0,0,0,0,75,164,162,83,22,0,0,50,255,24,0,0,0,0,0,0,0,0,0,0,0,0,0,0,0,0,0,87,250,23,0,0,0,0,0,0,0,0,0,0,0,0,0,0,0,0,39,243,188,0,0,0,0,31,0,0,0,0,0,0,0,0,0,0,4,55,224,237,47,0,0,0,0,157,0,0,0,0,0,0,0,0,0,3,116,254,247,103,0,0,0,0,0,85,13,0,0,0,0,0,47,103,187,216,249,194,50,0,0,0,0,0,0,254,230,222,222,222,222,222,252,254,254,207,77,0,0,0,0,0,0,0,0,88,188,196,232,254,254,232,192,109,78,7,0,0,0,0,0,0,0,0,0,0,0,3,11,16,16,11,1,0,0,0,0,0,0,0,0,0,0,0,0,0,0,0,0,0,0,0,0,0,0,0,0,0,0,0,0,0,0,0,0,3
0,0,0,0,0,0,0,0,0,0,0,0,0,16,203,255,90,0,0,0,0,0,0,0,0,0,0,0,0,0,0,0,0,16,203,253,89,0,0,0,0,0,0,0,0,0,0,0,0,0,0,0,0,101,227,253,89,0,0,0,0,0,0,0,0,0,0,0,0,0,0,0,38,178,252,178,56,0,0,0,0,0,0,0,0,0,0,0,0,0,0,0,57,252,252,203,15,0,0,0,0,0,0,0,0,0,0,0,0,0,0,0,198,253,253,192,12,0,0,0,0,0,0,0,0,0,0,0,0,0,0,123,246,252,204,27,3,0,0,0,0,0,0,0,0,0,0,0,0,0,26,231,252,245,165,0,0,0,0,0,0,0,0,0,0,0,0,0,0,16,128,252,252,223,63,0,0,0,0,0,0,0,0,0,0,0,0,0,0,140,253,252,252,161,0,0,0,0,0,0,0,0,0,0,0,0,0,0,29,253,255,253,196,0,0,0,0,0,0,0,0,0,0,0,0,0,0,32,200,252,253,252,118,0,0,0,0,0,0,0,0,0,0,0,0,0,0,123,234,252,253,186,43,0,0,0,0,0,0,0,0,0,0,0,0,0,57,187,252,252,190,59,0,0,0,0,0,0,0,0,0,0,0,0,0,63,178,252,252,252,112,12,0,0,0,0,0,0,0,0,0,0,0,0,0,114,253,253,253,112,0,0,0,0,0,0,0,0,0,0,0,0,0,0,126,238,252,252,148,12,0,0,0,0,0,0,0,0,0,0,0,0,0,54,227,253,252,176,49,0,0,0,0,0,0,0,0,0,0,0,0,0,0,91,252,253,226,49,0,0,0,0,0,0,0,0,0,0,0,0,0,0,0,75,189,253,27,0,0,0,0,0,0,0,0,0,0,0,0,0,1
0,0,0,0,0,0,0,0,0,0,0,0,29,253,141,0,0,0,0,0,0,0,0,0,0,0,0,0,0,0,0,19,181,252,140,0,0,0,0,0,0,0,0,0,0,0,0,0,0,0,0,57,252,252,110,0,0,0,0,0,0,0,0,0,0,0,0,0,0,0,0,73,252,236,0,0,0,0,0,0,0,0,0,0,0,0,0,0,0,0,0,197,252,112,0,0,0,0,0,0,0,0,0,0,0,0,0,0,0,0,147,253,253,112,0,0,0,0,0,0,0,0,0,0,0,0,0,0,0,0,225,252,226,12,0,0,0,0,0,0,0,0,0,0,0,0,0,0,0,89,246,252,114,0,0,0,0,0,0,0,0,0,0,0,0,0,0,0,0,113,252,245,74,0,0,0,0,0,0,0,0,0,0,0,0,0,0,0,0,191,252,195,0,0,0,0,0,0,0,0,0,0,0,0,0,0,0,0,0,255,253,133,0,0,0,0,0,0,0,0,0,0,0,48,48,0,0,0,126,253,252,55,0,0,0,0,0,0,0,0,0,0,0,110,31,0,0,0,140,253,252,55,0,0,0,0,0,0,0,0,0,0,0,0,0,0,0,19,215,253,195,19,0,0,0,0,0,0,0,0,0,0,0,0,0,0,0,29,252,253,89,0,0,0,0,0,0,0,0,0,0,0,0,0,0,0,0,92,253,255,27,0,0,0,0,0,0,0,0,0,0,0,0,0,0,0,19,196,252,215,18,0,0,0,0,0,0,0,0,0,0,0,0,0,0,0,57,252,252,110,0,0,0,0,0,0,0,0,0,0,0,0,0,0,0,0,57,252,252,0,0,0,0,0,0,0,0,0,0,0,0,0,0,0,0,0,57,252,173,0,0,0,0,0,0,0,0,0,0,0,1
0,0,0,0,0,0,0,0,0,0,0,0,0,0,0,0,0,0,0,0,0,0,0,0,0,0,0,0,0,0,0,0,0,0,0,0,0,0,0,0,0,0,0,0,0,0,0,0,0,0,0,0,2,17,17,17,17,7,0,0,0,0,0,0,0,0,0,0,0,0,0,0,95,253,253,253,253,167,7,0,0,0,0,0,0,0,0,0,0,33,145,197,239,253,253,253,253,253,152,12,0,0,0,0,0,0,0,113,124,249,253,253,253,253,253,253,253,253,253,168,0,0,0,39,129,213,213,249,253,253,251,203,208,253,253,253,253,253,253,253,0,0,60,228,253,253,253,127,114,204,110,0,12,114,114,114,236,253,253,253,0,5,144,253,253,165,24,3,0,15,0,0,0,0,0,35,230,253,253,253,0,118,253,253,253,40,0,0,0,0,0,0,0,0,26,206,253,253,253,151,0,180,253,242,91,2,0,0,0,0,0,0,0,38,216,253,253,253,181,3,62,230,253,215,0,0,0,0,0,0,1,9,25,209,253,253,251,245,67,0,91,253,253,56,0,0,0,0,0,0,73,253,253,253,253,253,195,0,0,0,213,253,253,56,0,0,0,7,25,184,232,253,253,253,206,65,50,0,0,0,254,253,253,56,0,0,64,151,253,253,253,253,242,138,27,0,0,0,0,0,255,253,253,88,122,205,231,253,253,253,252,148,44,0,0,0,0,0,0,0,254,253,253,253,253,253,253,253,253,210,118,0,0,0,0,0,0,0,0,0,111,253,253,253,253,253,221,153,32,22,0,0,0,0,0,0,0,0,0,0,38,106,167,253,253,128,48,0,0,0,0,0,0,0,0,0,0,0,0,0,0,0,7,15,15,3,0,0,0,0,0,0,0,0,0,0,0,0,0,0,0
0,0,0,0,0,0,0,0,0,2,36,212,253,253,169,0,0,0,0,0,0,0,0,0,0,0,0,0,76,163,253,253,253,253,60,0,0,0,0,0,0,0,0,0,0,0,0,0,122,254,253,253,253,253,140,0,0,0,0,0,0,0,0,0,0,0,0,0,122,254,247,134,204,253,233,34,0,0,0,0,0,0,0,0,0,0,0,0,29,118,54,11,108,253,253,48,0,0,0,0,0,0,0,0,0,0,0,0,0,0,0,78,253,253,229,32,0,0,0,0,0,0,0,0,0,0,0,0,0,5,109,240,253,253,77,0,0,0,0,0,0,0,0,0,0,0,0,100,167,232,253,253,253,146,6,0,0,0,0,0,0,0,0,0,0,82,242,252,253,254,253,253,253,72,0,0,0,0,0,0,0,0,0,0,0,207,254,254,249,244,242,250,255,167,32,0,0,0,0,0,0,0,0,0,0,194,253,231,62,0,0,68,194,253,129,0,0,0,0,0,0,0,0,0,0,33,96,9,0,0,0,0,49,253,191,7,0,0,0,0,0,0,0,0,0,0,0,0,0,0,0,0,49,253,253,48,0,0,0,0,0,0,0,0,0,0,0,0,0,0,0,9,155,253,236,37,0,0,0,0,0,0,0,0,0,0,0,0,0,0,7,156,253,253,180,0,0,0,0,0,0,0,0,0,0,0,0,37,86,92,210,253,253,253,83,0,0,0,0,0,0,0,146,218,218,218,218,233,253,254,253,253,235,128,9,0,0,0,0,0,0,0,118,253,253,253,253,253,253,254,253,185,59,0,0,0,0,0,0,0,0,0,49,253,253,253,253,253,253,128,11,5,0,0,0,0,0,0,0,0,0,0,0,0,0,0,0,0,0,0,0,0,0,0,0,0,0,0,0,0,3
0,0,0,0,0,0,0,0,0,0,0,0,0,0,0,0,0,0,0,0,0,0,0,0,0,0,0,0,0,0,0,0,0,0,0,0,0,0,0,0,0,0,0,0,0,0,0,0,0,16,78,181,181,120,37,32,0,0,0,0,0,0,0,0,0,1,1,1,1,109,252,252,252,253,252,236,62,0,0,0,0,0,0,0,63,170,252,252,252,253,220,143,143,144,237,252,252,110,15,0,0,0,0,73,237,252,231,179,179,180,128,0,0,0,72,231,252,253,180,21,0,0,11,191,252,236,71,0,0,0,0,0,0,0,0,72,236,253,252,175,0,0,73,252,252,62,0,0,0,0,0,0,0,0,0,0,144,253,252,236,0,0,135,253,191,0,0,0,0,0,0,0,0,0,0,0,0,192,253,253,0,32,227,252,108,0,0,0,0,0,0,0,0,0,0,0,0,15,222,252,0,212,252,252,108,0,0,0,0,0,0,0,0,0,0,0,0,16,222,246,0,253,252,252,108,0,0,0,0,0,0,0,0,0,0,0,84,191,252,215,0,255,253,217,0,0,0,0,0,0,0,0,0,0,32,129,253,255,253,154,0,253,252,247,93,0,0,0,0,0,0,11,73,218,227,252,252,253,148,10,0,253,252,252,211,119,37,37,16,0,53,191,252,253,252,246,215,72,10,0,0,170,252,252,252,252,252,252,190,145,175,252,252,108,108,92,0,0,0,0,0,0,42,160,253,253,253,253,253,255,253,175,62,0,0,0,0,0,0,0,0,0,0,5,35,35,159,179,179,180,138,10,0,0,0,0,0,0,0,0,0,0,0,0,0,0,0,0,0,0,0,0,0,0,0,0,0,0,0,0,0,0,0,0,0,0,0,0,0,0,0,0,0,0,0,0,0,0,0,0,0
238,226,221,231,204,231,200,240,242,200,229,247,228,217,246,203,208,235,233,217,235,219,202,237,236,213,248,223,233,252,218,211,243,240,231,244,254,244,231,240,213,249,221,206,221,227,224,251,212,211,253,222,201,245,201,242,245,245,219,243,221,211,205,220,237,216,209,238,212,207,233,231,209,230,215,211,238,217,215,252,200,247,253,225,231,227,223,238,241,229,218,234,234,227,243,200,226,244,210,205,220,231,201,238,216,230,235,202,215,231,234,210,252,234,226,234,214,212,232,252,237,238,227,237,208,254,228,242,251,207,202,217,228,231,206,250,220,239,215,253,212,253,215,220,222,226,238,224,234,218,209,206,253,216,232,249,200,242,226,209,235,238,207,234,237,224,226,247,203,227,203,233,218,223,206,241,208,235,210,226,221,202,248,236,238,249,225,244,217,228,200,232,212,228,238,221,210,246,216,206,223,206,205,218,215,253,200,219,208,213,213,243,239,201,211,200,236,229,212,224,224,231,245,254,242,213,207,206,227,227,239,224,230,230,221,230,234,220,254,230,225,243,247,247,215,209,236,220,208,204,208,210,234,251,221,206,202,218,205,243,230,204,228,239,238,234,216,225,249,241,206,207,229,237,240,220,232,235,238,248,224,249,240,224,210,217,211,230,244,210,227,223,235,254,210,252,202,225,238,232,214,202,240,206,205,201,217,236,216,221,213,202,220,250,229,230,208,225,233,234,222,208,236,253,219,212,219,229,223,254,205,219,218,232,219,240,206,214,205,228,239,223,203,254,221,236,232,230,243,211,218,237,216,217,246,254,242,254,251,248,207,243,224,236,229,224,236,237,222,226,229,253,249,231,217,247,210,204,201,248,214,229,221,233,222,227,221,242,253,220,202,221,251,216,245,245,213,227,218,249,5
0,0,0,0,0,0,0,0,0,0,0,0,0,0,0,0,0,0,0,0,0,0,0,0,0,0,0,0,0,0,0,0,0,0,0,0,0,0,0,0,0,0,0,0,0,0,0,0,0,0,0,0,0,0,0,0,0,0,0,0,0,0,0,0,0,0,110,125,125,192,125,125,125,125,125,45,0,0,0,0,0,0,0,0,0,0,223,254,254,254,255,254,254,254,254,251,223,0,0,0,0,0,0,0,0,0,165,254,254,165,143,143,223,254,254,254,228,0,0,0,0,0,0,0,0,0,7,63,110,4,0,0,63,254,254,241,134,0,0,0,0,0,0,0,0,0,0,0,0,0,0,0,171,254,239,69,0,0,0,0,0,0,0,0,0,0,0,0,0,0,0,52,246,238,71,0,0,0,0,0,0,0,0,0,0,0,0,0,0,0,56,225,254,164,0,0,0,0,0,0,0,0,0,0,0,0,0,0,0,23,192,254,170,14,0,0,0,0,0,0,0,0,0,0,0,0,0,0,0,110,254,238,51,0,0,0,0,0,0,0,0,0,0,0,0,0,0,0,0,203,238,78,0,0,0,0,0,0,0,0,0,0,0,0,0,0,0,0,90,242,189,0,0,0,0,0,0,0,0,0,0,0,0,0,0,0,0,62,242,240,83,0,0,0,0,0,0,0,0,0,0,0,0,0,0,0,0,42,231,182,0,0,0,0,0,0,0,0,0,0,0,0,0,0,0,0,15,179,254,162,0,0,0,0,0,0,0,0,0,0,0,0,0,0,0,0,93,254,187,19,0,0,0,0,0,0,0,0,0,0,0,0,0,0,0,0,173,254,45,0,0,0,0,0,0,0,0,0,0,0,0,0,0,0,0,69,242,248,42,0,0,0,0,0,0,0,0,0,0,0,7
0,0,0,0,0,0,0,0,0,0,0,0,0,0,0,0,0,0,0,0,0,0,0,0,0,0,0,0,0,0,0,0,0,0,0,0,0,0,0,0,0,0,0,0,81,253,253,161,134,246,121,121,6,0,0,0,0,0,0,0,0,0,0,0,81,252,252,252,252,252,252,253,240,240,197,23,0,0,0,0,0,0,0,0,9,61,158,223,242,213,252,253,252,252,252,196,25,0,0,0,0,0,0,0,0,0,0,27,35,23,39,103,206,252,252,252,66,0,0,0,0,0,0,0,0,0,0,0,0,0,0,0,142,252,252,199,14,0,0,0,0,0,0,0,0,0,12,17,0,0,0,0,240,252,252,87,0,0,0,0,0,0,0,15,153,173,190,198,173,96,41,104,248,252,252,53,0,0,0,0,0,0,0,84,248,252,252,252,252,252,252,253,252,252,252,74,27,27,10,0,0,0,0,0,90,140,238,248,252,252,252,253,252,252,252,252,252,252,100,0,0,0,0,0,0,0,0,82,203,252,252,253,252,252,252,252,252,252,225,0,0,0,0,0,0,0,0,0,27,253,253,255,253,253,253,253,253,253,163,0,0,0,0,0,0,0,0,17,192,252,252,202,19,13,13,13,13,13,5,0,0,0,0,0,0,0,20,189,252,252,202,14,0,0,0,0,0,0,0,0,0,0,0,0,0,0,96,252,252,248,82,0,0,0,0,0,0,0,0,0,0,0,0,0,0,89,238,252,231,50,0,0,0,0,0,0,0,0,0,0,0,0,0,0,88,238,252,243,108,0,0,0,0,0,0,0,0,0,0,0,0,0,0,15,219,252,252,121,0,0,0,0,0,0,0,0,0,0,0,0,0,0,68,194,252,252,204,29,0,0,0,0,0,0,0,0,0,0,0,0,7
0,0,0,0,0,0,0,0,5,167,242,161,0,0,0,0,0,0,0,0,0,0,0,0,0,0,0,0,79,253,203,20,0,0,0,0,0,0,0,0,0,0,0,0,0,0,0,59,246,244,52,0,0,0,0,0,0,0,0,0,0,0,0,0,0,0,0,128,253,123,0,0,0,0,0,0,0,0,0,0,0,0,0,0,0,0,56,249,238,9,0,0,0,0,0,0,0,0,0,0,0,0,0,0,0,4,181,253,113,0,0,0,0,0,0,0,0,0,0,0,0,0,0,0,0,57,253,188,6,0,0,0,0,0,0,0,0,0,0,0,0,0,0,0,0,181,253,165,0,0,0,0,0,78,111,53,0,0,0,0,0,0,0,0,0,244,254,55,0,0,11,82,207,254,254,255,230,106,3,0,0,0,0,0,0,243,253,55,0,41,172,253,246,187,143,183,201,253,22,0,0,0,0,0,0,243,253,55,10,237,223,106,38,0,0,0,56,253,156,0,0,0,0,0,0,243,253,55,128,250,65,0,0,0,0,0,56,253,242,0,0,0,0,0,0,243,253,79,232,209,0,0,0,0,0,0,56,253,218,0,0,0,0,0,0,205,253,196,240,209,0,0,0,0,0,8,173,253,45,0,0,0,0,0,0,21,211,253,253,250,69,7,0,0,10,177,251,117,2,0,0,0,0,0,0,0,65,201,253,253,253,210,155,155,237,250,116,0,0,0,0,0,0,0,0,0,0,23,123,253,253,253,254,253,223,113,0,0,0,0,0,0,0,0,0,0,0,0,2,33,115,143,192,143,39,0,0,0,0,0,0,0,0,0,0,0,0,0,0,0,0,0,0,0,0,0,0,0,0,0,0,0,0,0,0,0,0,0,0,0,0,0,0,0,0,0,0,0,0,0,6
0,0,0,0,0,0,0,7,118,253,207,86,0,0,0,0,0,0,0,0,0,0,0,0,0,0,0,141,254,254,254,249,63,0,0,0,0,0,0,0,0,0,0,0,0,0,0,112,254,254,254,254,124,27,0,0,0,0,0,0,0,0,0,0,0,0,0,120,254,170,61,219,254,89,0,0,0,0,0,0,0,0,0,0,0,0,24,222,254,126,0,207,254,201,75,0,0,0,0,0,0,0,0,0,0,0,35,254,254,6,0,207,254,254,110,0,0,0,0,0,0,0,0,0,0,0,35,254,254,6,0,207,254,254,110,0,0,0,0,0,0,0,0,0,0,0,35,254,254,189,111,228,254,254,110,0,0,0,0,0,0,0,0,0,0,0,4,115,254,254,254,254,254,230,12,0,0,0,0,0,0,0,0,0,0,0,0,11,185,185,185,242,254,227,0,0,0,0,0,0,0,0,0,0,0,0,0,0,0,0,18,216,254,227,0,0,0,0,0,0,0,0,0,0,0,0,0,2,28,163,197,255,254,227,0,0,0,0,0,0,0,0,0,0,0,0,1,96,254,254,254,254,254,228,3,0,0,0,0,0,0,0,0,0,0,0,103,254,254,200,174,254,254,254,110,0,0,0,0,0,0,0,0,0,0,0,173,254,254,13,91,254,254,254,244,104,6,0,0,0,0,0,0,0,0,0,173,254,140,1,210,254,239,226,254,254,92,11,0,0,0,0,0,0,0,14,193,254,124,88,249,254,172,51,228,254,254,142,0,0,0,0,0,0,0,47,241,254,216,212,254,243,57,0,122,213,252,230,39,0,0,0,0,0,0,0,173,254,254,254,254,100,0,0,0,0,147,234,50,0,0,0,0,0,0,0,80,199,254,194,117,22,0,0,0,0,0,0,0,0,2
0,0,0,0,0,0,0,0,0,0,0,0,0,0,0,0,0,0,0,0,0,0,0,0,0,0,0,0,0,0,0,0,0,0,0,0,0,0,0,0,0,0,0,0,0,0,0,0,0,0,0,0,0,0,0,0,0,0,0,0,0,0,0,0,0,0,0,0,0,0,51,132,214,253,254,172,254,172,21,0,0,0,0,0,0,0,163,203,203,203,253,252,253,252,253,252,253,252,61,0,0,0,0,0,0,123,254,253,254,233,142,102,102,142,214,253,255,253,0,0,0,0,0,82,203,243,253,252,172,30,0,0,0,0,51,252,253,171,0,0,0,62,214,253,254,253,254,233,82,0,0,0,0,0,173,253,255,50,0,0,0,142,253,252,253,252,172,30,0,0,0,0,0,123,253,252,213,10,0,0,0,41,102,102,102,20,0,0,0,0,0,0,11,173,254,253,41,0,0,0,0,0,0,0,0,0,0,0,0,0,0,0,132,252,253,171,0,0,0,0,0,0,0,0,0,0,0,0,0,0,0,82,254,253,224,20,0,0,0,0,0,0,0,0,0,0,0,0,0,0,62,223,253,212,81,0,0,0,0,0,0,0,0,0,0,0,0,0,0,0,173,253,244,40,0,0,0,0,0,0,0,0,0,0,0,0,0,0,0,41,253,252,122,0,0,0,0,0,0,0,0,0,0,0,0,0,0,0,51,253,254,172,0,0,0,0,0,0,0,0,0,0,0,0,0,0,0,0,173,252,233,30,0,0,0,0,0,0,0,0,0,0,0,0,0,0,0,163,254,213,41,0,0,0,0,0,0,0,0,0,0,0,0,0,0,0,82,243,253,130,0,0,0,0,0,0,0,0,0,0,0,0,0,0,0,0,173,253,224,20,0,0,0,0,0,0,0,0,0,0,7
0,0,0,0,0,0,0,0,0,0,0,0,0,0,0,0,0,0,0,0,0,0,0,0,0,0,0,0,0,0,0,0,0,0,0,0,0,0,0,0,0,0,0,0,0,0,0,0,0,0,0,0,0,0,0,0,0,0,0,0,0,0,0,0,0,0,0,120,241,143,47,0,0,0,0,0,47,57,0,0,0,0,0,0,0,0,62,245,253,253,247,210,145,100,55,55,247,249,33,0,0,0,0,0,0,0,208,253,234,219,253,254,253,253,253,253,254,199,18,0,0,0,0,0,0,79,254,253,55,4,87,170,235,237,253,253,222,10,0,0,0,0,0,0,7,207,254,233,23,0,0,0,0,37,253,253,84,0,0,0,0,0,0,0,135,254,255,109,0,0,0,0,0,153,254,254,0,0,0,0,0,0,0,21,230,253,238,20,0,0,0,0,51,250,253,117,0,0,0,0,0,0,0,37,253,253,104,0,0,0,0,0,145,253,237,11,0,0,0,0,0,0,0,21,215,169,20,0,0,0,0,58,249,253,156,0,0,0,0,0,0,0,0,0,0,0,0,0,0,0,0,106,253,227,16,0,0,0,0,0,0,0,0,0,0,0,0,0,0,0,27,222,254,191,0,0,0,0,0,0,0,0,0,0,0,0,0,0,0,0,91,254,253,75,0,0,0,0,0,0,0,0,0,0,0,0,0,0,0,3,179,254,206,5,0,0,0,0,0,0,0,0,0,0,0,0,0,0,0,58,253,254,159,0,0,0,0,0,0,0,0,0,0,0,0,0,0,0,0,141,253,228,37,0,0,0,0,0,0,0,0,0,0,0,0,0,0,0,50,234,254,182,0,0,0,0,0,0,0,0,0,0,0,0,0,0,0,0,146,253,253,78,0,0,0,0,0,0,0,0,7
0,0,0,0,0,0,0,0,10,130,167,255,254,254,161,81,26,0,0,0,0,0,0,0,0,0,0,0,33,160,252,253,253,253,253,253,224,73,0,0,0,0,0,0,0,0,0,0,0,0,69,114,127,217,250,253,253,228,26,0,0,0,0,0,0,0,0,0,0,0,0,0,0,0,61,193,253,253,89,0,0,0,0,0,0,0,0,0,0,0,0,0,0,0,3,180,253,248,42,0,0,0,0,0,0,0,0,0,0,0,0,0,0,0,124,253,253,196,0,0,0,0,0,0,0,0,0,0,0,0,3,16,29,194,250,253,193,62,0,0,0,0,0,0,0,0,0,0,0,50,136,253,253,253,248,122,13,0,0,0,0,0,0,0,0,0,2,53,213,245,253,253,253,253,190,0,0,0,0,0,0,0,0,0,0,0,63,253,253,253,253,253,253,253,233,0,0,22,0,0,0,0,0,0,0,0,106,253,253,253,156,77,242,253,233,0,0,21,0,0,123,23,0,0,0,0,27,150,109,26,1,15,241,253,173,0,0,0,0,0,253,114,0,0,0,0,0,0,0,0,0,89,253,253,51,0,0,0,0,0,253,168,0,0,0,0,0,0,0,0,6,194,253,253,25,0,0,0,0,0,253,228,21,0,0,0,0,0,0,0,117,253,253,197,8,0,0,0,0,0,194,253,167,11,0,0,0,0,0,58,241,253,238,47,0,0,0,0,0,0,69,251,253,201,21,0,0,2,89,237,253,253,195,0,0,0,0,0,0,0,0,109,253,253,156,23,37,118,253,253,247,171,17,0,0,0,0,0,0,0,0,14,127,249,253,253,253,253,253,208,42,0,0,0,0,0,0,0,0,0,0,0,0,107,253,204,149,108,86,10,0,0,0,0,0,0,0,0,0,0,3
0,0,0,0,0,0,0,0,0,38,67,82,210,227,253,253,253,253,143,0,0,0,0,0,0,0,0,0,92,236,253,235,253,253,253,205,154,72,25,0,0,0,0,0,0,16,85,44,102,232,231,188,112,10,10,6,0,0,0,0,0,0,0,0,83,208,253,104,0,0,0,0,0,0,0,0,0,0,0,0,0,0,0,20,218,253,238,43,0,0,0,0,0,0,0,0,0,0,0,0,0,0,0,157,253,234,18,0,0,0,0,0,0,0,0,0,0,0,0,0,0,0,14,219,199,9,0,0,0,0,0,0,0,0,0,0,0,0,0,0,0,0,16,227,165,0,14,112,140,189,188,144,184,164,78,41,0,0,0,0,0,0,0,166,242,221,227,253,253,254,253,166,245,253,253,238,134,0,0,0,0,0,13,216,254,254,234,139,111,63,111,19,59,87,88,165,255,177,0,0,0,0,17,230,253,139,30,0,0,0,0,0,0,0,0,9,228,230,23,0,0,0,0,123,180,4,0,0,0,0,0,0,0,0,0,0,64,253,125,0,0,0,0,3,7,0,0,0,0,0,0,0,0,0,0,0,22,219,143,0,41,0,0,0,0,0,0,0,0,0,0,0,0,0,0,0,0,188,143,0,239,108,89,89,19,0,0,0,0,0,0,0,0,0,0,0,16,211,143,0,163,253,244,253,237,227,122,40,12,0,0,0,0,0,0,1,150,253,143,0,26,99,13,99,137,228,236,253,253,155,78,45,45,45,45,150,253,253,124,0,0,0,0,0,0,29,40,205,253,254,253,253,253,253,253,253,253,196,9,0,0,0,0,0,0,0,0,24,81,143,172,253,253,253,253,253,137,51,0,0,0,0,0,0,0,0,0,0,0,0,0,0,0,0,0,0,0,0,0,0,5
0,0,0,0,0,0,0,0,0,0,0,0,0,0,0,0,0,0,0,0,0,0,0,0,0,0,0,0,0,0,0,0,0,0,0,0,0,0,0,0,0,0,0,0,0,0,0,74,180,255,240,101,73,0,0,0,0,0,0,0,0,0,0,0,0,0,96,239,253,253,253,253,239,188,0,0,0,0,0,0,0,0,0,0,0,81,247,253,253,253,253,253,253,246,80,0,0,0,0,0,0,0,0,0,95,250,253,253,253,253,253,253,253,253,137,0,0,0,0,0,0,0,0,71,239,253,253,253,253,229,253,253,253,253,137,0,0,0,0,0,0,0,0,177,253,253,253,253,181,45,211,253,253,253,137,0,0,0,0,0,0,0,0,247,253,253,253,79,7,125,249,253,253,253,137,0,0,0,0,0,0,0,0,247,253,253,191,19,0,231,253,253,253,253,137,0,0,0,0,0,0,0,0,247,253,253,168,0,69,243,253,253,253,253,137,0,0,0,0,0,0,0,0,247,253,253,194,97,243,253,253,253,253,253,172,12,0,0,0,0,0,0,0,138,253,253,253,253,253,253,253,253,253,253,253,38,0,0,0,0,0,0,0,93,253,253,253,253,253,253,253,253,253,253,253,113,0,0,0,0,0,0,0,11,53,222,253,253,253,253,190,138,253,253,253,191,0,0,0,0,0,0,0,0,0,46,229,238,238,190,25,117,251,253,253,191,0,0,0,0,0,0,0,0,0,0,0,0,0,0,0,0,224,253,253,191,0,0,0,0,0,0,0,0,0,0,0,0,0,0,0,0,224,253,253,206,23,0,0,0,0,0,0,0,0,0,0,0,0,0,0,0,219,253,253,253,92,0,0,0,0,0,0,0,0,0,0,0,0,0,0,0,70,253,253,253,92,0,0,0,9
0,0,0,0,0,0,0,0,0,0,0,0,0,0,0,0,0,0,0,0,0,0,0,0,0,0,0,0,0,193,233,18,0,0,0,0,0,0,0,0,0,0,0,0,0,0,0,0,15,231,254,133,0,0,0,0,0,0,0,0,0,0,0,0,0,0,0,0,76,255,254,253,64,0,0,0,0,0,0,0,0,0,0,0,0,0,0,11,226,254,109,40,11,0,0,0,0,0,0,0,0,0,0,0,0,0,0,80,254,219,10,0,1,23,1,0,0,0,0,0,0,0,0,0,0,0,0,196,254,175,0,0,71,254,166,12,0,0,0,0,0,0,0,0,0,0,59,253,235,49,0,0,125,254,202,75,0,0,0,0,0,0,0,0,0,0,111,254,196,0,0,0,184,254,10,0,0,0,0,0,0,0,0,0,0,6,221,254,113,0,0,11,225,254,9,0,0,0,0,0,0,0,0,0,0,89,254,217,19,0,0,18,254,254,9,0,0,0,0,0,0,0,0,0,0,141,254,172,0,6,43,162,254,254,83,0,0,0,0,0,0,0,0,0,10,216,254,99,102,165,254,254,254,214,25,0,0,0,0,0,0,0,0,0,56,254,254,230,254,254,251,254,251,24,0,0,0,0,0,0,0,0,0,0,46,233,254,254,236,127,46,254,250,0,0,0,0,0,0,0,0,0,0,0,0,73,98,98,13,0,32,254,250,0,0,0,0,0,0,0,0,0,0,0,0,0,0,0,0,0,51,254,168,0,0,0,0,0,0,0,0,0,0,0,0,0,0,0,0,0,122,254,146,0,0,0,0,0,0,0,0,0,0,0,0,0,0,0,0,0,122,254,71,0,0,0,0,0,0,0,0,0,0,0,0,0,0,0,0,0,122,241,18,0,0,0,0,0,0,0,4
0,0,0,0,0,0,0,0,66,254,254,254,95,0,0,0,0,0,0,0,0,0,0,0,0,0,3,127,239,254,251,153,50,0,0,0,0,0,0,0,0,0,0,0,0,0,128,254,254,254,175,0,0,0,0,0,0,0,0,0,0,0,0,0,3,168,252,254,250,111,10,0,0,0,0,0,0,0,0,0,0,0,0,0,21,254,254,254,109,0,0,0,0,0,0,0,0,0,0,0,0,0,0,0,92,254,254,158,1,0,0,0,0,0,0,0,0,0,0,0,0,0,0,0,220,254,231,17,0,0,0,0,0,0,0,0,0,0,0,0,0,0,0,59,241,254,127,0,0,0,0,0,0,0,0,0,0,0,0,0,0,0,9,237,254,254,83,0,0,0,25,25,6,5,0,0,0,0,0,0,0,0,11,254,254,237,19,0,0,23,251,254,254,249,132,31,0,0,0,0,0,0,11,254,254,179,0,0,25,207,254,254,254,254,254,225,84,2,0,0,0,0,8,230,254,200,35,0,207,254,254,253,184,216,254,254,254,75,0,0,0,0,0,110,251,254,173,0,240,254,250,68,0,20,157,252,254,250,57,0,0,0,0,0,189,254,246,180,250,254,204,0,0,0,0,154,254,254,104,0,0,0,0,0,65,244,254,254,254,254,211,35,9,36,36,182,254,255,65,0,0,0,0,0,0,74,246,254,254,254,254,253,205,254,254,254,254,254,65,0,0,0,0,0,0,0,60,143,252,254,254,254,254,254,254,254,254,146,3,0,0,0,0,0,0,0,0,0,52,131,174,173,154,154,154,154,84,5,0,0,0,0,0,0,0,0,0,0,0,0,0,0,0,0,0,0,0,0,0,0,0,0,0,0,0,0,0,0,0,0,0,0,0,0,0,0,0,0,0,0,6
0,0,0,0,0,0,0,0,0,0,0,0,0,0,0,0,0,0,0,0,0,0,0,0,0,0,0,0,0,0,0,0,0,0,0,0,0,0,0,0,0,0,0,0,0,0,0,0,0,0,0,0,0,0,0,0,0,0,0,0,0,0,0,0,17,107,227,255,215,156,75,21,0,0,0,0,0,0,0,0,0,0,0,56,191,253,253,253,254,248,252,202,21,0,0,0,0,0,0,0,0,0,17,228,253,253,253,253,192,37,74,229,207,48,0,0,0,0,0,0,0,1,120,254,254,243,233,245,241,59,0,46,227,244,81,0,0,0,0,0,0,11,253,254,231,49,0,72,254,238,34,0,42,229,236,52,0,0,0,0,0,62,253,251,80,0,0,40,253,253,61,0,0,80,254,246,18,0,0,0,0,111,253,200,0,0,0,40,254,253,77,0,0,47,244,253,53,0,0,0,0,111,253,133,0,0,0,96,253,253,49,0,0,0,76,253,140,11,0,0,0,34,253,171,0,0,32,222,254,235,31,0,0,0,26,253,254,65,0,0,0,1,95,246,181,161,251,253,253,184,0,0,0,0,1,181,254,64,0,0,0,0,0,51,217,248,250,249,134,21,0,0,0,0,0,100,254,106,0,0,0,0,0,0,0,0,32,6,0,0,0,0,0,0,0,81,254,164,0,0,0,0,0,0,0,0,0,0,0,0,0,0,0,0,0,44,245,199,4,0,0,0,0,0,0,0,0,0,0,0,0,0,0,0,0,0,234,224,7,0,0,0,0,0,0,0,0,0,0,0,0,0,0,0,0,0,235,254,88,0,0,0,0,0,0,0,0,0,0,0,0,0,0,0,0,0,234,253,9,0,0,0,0,0,0,0,0,0,0,0,0,0,0,0,0,0,235,254,9,0,9
0,0,0,0,0,0,0,0,0,15,254,147,6,0,0,0,0,0,0,0,0,0,0,0,0,0,0,0,0,111,253,252,44,0,0,0,0,0,0,0,0,0,0,0,0,0,0,0,0,111,253,252,44,0,0,0,0,0,0,0,0,0,0,0,0,0,0,0,0,14,253,252,44,0,0,0,0,0,0,0,0,0,0,0,0,0,0,0,0,39,253,252,44,0,0,0,0,0,0,0,0,0,0,0,0,0,0,0,0,0,253,252,129,0,0,0,0,0,0,0,0,0,0,0,0,0,0,0,0,54,253,252,153,0,0,0,0,0,0,0,0,0,0,0,0,0,0,0,0,111,253,252,134,0,0,0,0,0,0,0,0,0,0,0,0,0,0,0,0,111,253,252,44,0,0,0,0,0,0,0,0,0,0,0,0,0,0,0,0,206,253,252,44,0,0,0,0,0,0,0,0,0,0,0,0,0,0,0,11,225,255,187,0,0,0,0,0,0,0,0,0,0,0,0,0,0,0,0,78,252,253,110,0,0,0,0,0,0,0,0,0,0,0,0,0,0,0,0,78,252,253,77,0,0,0,0,0,0,0,0,0,0,0,0,0,0,0,0,135,252,250,70,0,0,0,0,0,0,0,0,0,0,0,0,0,0,0,10,201,252,220,0,0,0,0,0,0,0,0,0,0,0,0,0,0,0,0,45,252,252,96,0,0,0,0,0,0,0,0,0,0,0,0,0,0,0,0,145,252,252,0,0,0,0,0,0,0,0,0,0,0,0,0,0,0,0,0,154,252,252,0,0,0,0,0,0,0,0,0,0,0,0,0,0,0,0,0,154,252,219,0,0,0,0,0,0,0,0,0,0,0,0,0,0,0,0,0,154,252,95,0,0,0,0,0,0,0,0,0,0,1
0,0,0,0,0,0,0,0,0,0,0,0,0,0,0,0,0,0,0,0,0,0,0,0,0,0,0,0,0,0,0,0,0,0,0,0,0,0,0,0,0,0,0,0,0,0,0,0,0,0,0,0,0,0,0,0,0,0,0,0,0,0,0,0,0,0,0,0,0,0,0,0,0,0,47,67,173,177,177,177,0,0,0,0,0,0,0,0,0,0,0,0,135,211,240,253,253,253,253,253,0,0,0,0,0,0,0,5,23,124,152,243,252,255,248,231,126,121,121,117,0,0,0,0,0,22,66,185,253,253,253,253,253,209,65,0,0,0,0,0,0,0,0,0,62,202,253,253,253,211,145,89,242,73,0,0,0,0,0,0,0,0,0,2,180,253,252,170,45,11,0,0,19,0,0,0,0,0,0,0,0,0,0,13,207,253,235,35,0,0,0,0,0,0,0,0,0,0,0,0,0,0,0,0,177,253,253,239,188,50,0,0,0,0,0,0,0,0,0,0,0,0,0,0,23,125,201,253,253,238,134,0,0,0,0,0,0,0,0,0,0,0,0,0,0,0,0,73,149,252,235,52,0,0,0,0,0,0,0,0,0,0,0,0,0,0,0,0,0,155,253,176,0,0,0,0,0,0,0,0,0,0,0,0,0,0,0,0,0,122,253,210,15,0,0,0,0,0,0,0,0,0,0,0,0,0,0,0,0,122,253,216,17,0,0,0,0,0,0,0,0,0,0,0,0,0,0,0,0,122,253,236,26,0,0,0,0,0,0,0,0,0,0,51,27,0,0,0,70,216,253,176,0,0,0,0,0,0,0,0,0,0,0,240,161,122,131,232,249,253,232,44,0,0,0,0,0,0,0,0,0,0,0,77,253,253,253,253,253,208,82,0,0,0,0,0,0,0,0,0,5
0,0,0,0,0,0,0,0,0,0,0,0,0,0,0,0,0,0,0,0,0,0,0,0,0,0,0,18,59,183,255,185,108,3,0,0,0,0,0,0,0,0,0,0,0,0,57,205,253,253,253,253,253,95,0,0,0,0,0,0,0,0,0,0,0,41,245,253,253,253,253,253,253,218,0,0,0,0,0,0,0,0,0,0,4,212,253,253,206,102,102,171,226,232,0,0,0,30,44,1,0,0,0,0,41,253,253,211,25,0,0,0,24,59,0,32,139,233,253,40,0,0,0,4,166,253,253,129,0,0,0,0,0,6,83,217,253,253,253,225,0,0,0,76,253,253,238,22,0,0,0,0,79,206,253,253,253,253,253,247,0,0,0,76,253,253,235,144,71,0,6,156,241,253,253,253,207,139,59,52,0,0,0,72,251,253,253,253,249,233,188,253,253,252,237,149,14,0,0,0,0,0,0,0,80,156,240,253,253,253,253,253,253,94,0,0,0,0,0,0,0,0,0,0,0,0,40,233,253,253,253,253,220,10,0,0,0,0,0,0,0,0,0,0,0,0,132,252,253,253,253,253,169,2,0,0,0,0,0,0,0,0,0,0,0,0,189,253,253,208,249,253,253,88,0,0,0,0,0,0,0,0,0,0,0,0,189,253,214,12,145,253,253,124,0,0,0,0,0,0,0,0,0,0,0,24,224,253,205,0,21,253,253,170,0,0,0,0,0,0,0,0,0,0,0,44,253,253,205,0,45,253,253,124,0,0,0,0,0,0,0,0,0,0,0,8,200,253,224,60,223,253,253,80,0,0,0,0,0,0,0,0,0,0,0,0,175,253,253,252,253,253,149,1,0,0,0,0,0,0,0,0,0,0,0,0,59,246,253,253,253,185,16,0,0,0,0,0,0,0,8
0,0,0,0,0,0,0,0,0,0,0,0,0,0,0,0,0,0,0,0,0,0,0,0,0,0,0,0,0,0,0,0,0,0,0,0,0,0,0,0,0,0,0,0,0,0,0,0,0,0,0,0,0,0,0,0,0,0,0,0,0,0,0,0,0,0,0,0,0,0,11,121,204,254,255,220,129,0,0,0,0,0,0,0,0,0,0,0,0,62,219,253,225,163,107,189,251,112,0,0,0,0,0,0,0,0,0,0,42,230,241,98,0,0,0,0,129,121,0,0,0,0,0,0,0,0,0,38,228,240,63,0,0,19,127,21,0,0,0,0,0,0,0,0,0,0,0,144,254,83,0,0,0,130,254,61,0,0,0,0,0,0,0,0,0,0,36,248,150,1,0,0,29,230,244,39,0,0,0,0,0,0,0,0,0,0,54,254,122,0,0,54,209,254,114,0,0,0,0,0,0,0,0,0,0,0,18,214,211,172,232,251,254,196,12,0,0,0,0,0,0,0,0,0,0,0,0,54,172,186,166,252,253,82,0,0,0,0,0,0,0,0,0,0,0,0,0,0,0,0,79,253,169,0,0,0,0,0,0,0,0,0,0,0,0,0,0,0,0,9,214,233,46,0,0,0,0,0,0,0,0,0,0,0,0,0,0,0,0,114,254,153,0,0,0,0,0,0,0,0,0,0,0,0,0,0,0,0,23,239,232,10,0,0,0,0,0,0,0,0,0,0,0,0,0,0,0,0,167,254,97,0,0,0,0,0,0,0,0,0,0,0,0,0,0,0,0,66,250,177,4,0,0,0,0,0,0,0,0,0,0,0,0,0,0,0,0,166,254,66,0,0,0,0,0,0,0,0,0,0,0,0,0,0,0,0,59,253,186,4,0,0,0,0,0,0,0,0,0,0,9
0,0,0,0,0,31,254,239,24,0,0,0,0,0,0,0,0,0,0,0,0,0,0,0,0,188,254,142,0,0,0,0,0,0,0,0,0,0,0,0,0,0,0,0,0,195,254,99,0,0,0,0,0,0,0,0,0,0,0,0,0,0,0,0,62,254,218,15,0,0,0,0,0,0,0,0,0,0,0,0,0,0,0,0,182,253,113,0,0,0,0,0,0,0,0,0,0,0,0,0,0,0,0,0,234,253,68,0,0,0,0,0,0,0,0,0,0,0,0,0,0,0,0,13,237,200,0,0,0,0,0,0,0,0,0,0,0,0,0,0,0,0,0,79,253,155,0,0,0,0,0,0,0,0,0,0,0,0,0,0,0,0,0,117,254,81,0,0,0,0,0,0,28,127,66,59,46,0,0,0,0,0,0,79,253,155,0,0,0,0,0,13,203,253,253,253,245,199,6,0,0,0,0,79,253,155,0,0,0,0,0,224,253,228,205,174,223,253,78,0,0,0,0,79,253,245,0,0,0,0,106,254,242,43,8,0,66,253,129,0,0,0,0,18,238,253,76,0,0,16,217,254,121,0,0,0,59,253,174,0,0,0,0,0,115,254,232,84,0,40,254,255,39,0,0,0,156,254,152,0,0,0,0,0,21,218,254,235,117,168,253,122,6,0,11,132,239,153,12,0,0,0,0,0,0,30,193,253,253,253,253,206,175,175,217,253,235,57,0,0,0,0,0,0,0,0,5,102,184,235,253,254,253,253,247,176,15,0,0,0,0,0,0,0,0,0,0,0,0,32,170,254,170,118,56,0,0,0,0,0,0,0,0,0,0,0,0,0,0,0,0,0,0,0,0,0,0,0,0,0,0,0,0,0,0,0,0,0,0,0,0,0,0,0,0,0,0,0,0,0,6
0,0,0,0,0,0,0,0,0,0,0,0,0,0,0,0,0,0,0,0,0,0,0,0,0,0,0,0,0,0,0,0,0,0,0,0,0,0,0,0,0,0,0,4,9,9,9,9,1,3,9,9,9,9,9,9,7,6,0,0,4,105,180,214,254,254,254,254,185,204,254,254,254,254,254,254,237,228,157,3,78,254,254,254,254,254,254,254,246,237,254,254,246,254,254,254,240,251,254,69,172,254,254,254,184,57,57,57,41,19,57,57,39,57,57,57,26,200,170,23,239,254,234,76,170,0,0,0,0,0,0,0,0,0,0,0,0,0,0,0,254,254,160,6,34,0,0,0,0,0,0,0,0,0,0,0,0,0,0,0,254,254,198,58,11,0,0,0,0,0,0,0,0,0,0,0,0,0,0,0,254,254,254,254,234,230,185,148,148,69,22,0,0,0,0,0,0,0,0,0,48,184,254,254,254,254,254,254,254,254,244,206,148,65,0,0,0,0,0,0,0,1,8,19,90,90,90,137,171,225,254,254,254,253,206,53,0,0,0,0,0,0,0,0,0,0,0,0,0,0,56,140,199,253,255,254,191,38,0,0,0,0,0,0,0,0,0,0,0,0,0,0,0,68,195,251,254,211,17,0,0,0,0,0,0,0,0,0,0,0,0,0,0,0,0,114,243,254,190,12,0,0,0,0,0,0,0,0,0,0,0,0,0,0,0,0,96,251,254,101,0,0,0,0,0,0,42,124,100,2,0,0,0,0,0,0,0,163,254,211,0,0,0,0,0,0,124,254,254,135,16,0,0,0,0,0,0,148,254,254,0,0,0,0,0,0,8,169,254,254,230,108,52,0,0,0,96,233,254,190,0,0,0,0,0,0,0,7,99,252,254,254,251,230,230,230,251,254,235,40,5
0,0,0,0,0,0,0,0,0,0,0,0,0,0,0,0,0,0,0,0,0,0,0,0,0,0,0,37,112,163,222,234,163,61,0,0,0,0,0,0,0,0,0,0,20,114,164,244,253,253,254,253,253,245,119,0,0,0,0,0,0,0,0,10,204,254,253,253,237,151,127,127,189,253,240,124,0,0,0,0,0,0,0,51,253,254,253,146,31,0,0,0,40,223,253,181,0,0,0,0,0,0,0,19,253,254,233,23,0,0,0,0,0,109,253,233,13,0,0,0,0,0,0,14,233,255,166,0,0,0,0,0,0,110,254,208,7,0,0,0,0,0,0,0,13,166,59,0,0,0,0,0,0,193,253,181,0,0,0,0,0,0,0,0,0,0,0,0,0,0,0,0,6,207,253,181,0,0,0,0,0,0,0,0,0,0,0,0,0,0,0,0,76,253,253,174,0,0,0,0,0,0,0,0,0,0,0,0,0,0,0,0,159,253,253,91,0,0,0,0,0,0,0,0,0,0,0,0,0,0,0,16,228,254,163,0,0,0,0,0,0,0,0,0,0,0,0,0,0,0,0,158,253,249,63,0,0,0,0,0,0,0,0,0,0,0,0,0,0,27,121,250,247,104,0,0,0,0,0,0,0,0,0,0,0,0,4,97,180,238,254,253,151,0,0,0,0,0,0,0,0,0,0,0,0,0,152,253,253,253,254,253,242,71,0,0,0,0,0,0,0,0,0,0,0,157,254,254,254,254,255,254,254,247,47,0,0,0,0,0,0,0,0,0,20,254,253,253,253,214,109,191,253,253,156,0,0,0,0,0,0,0,0,0,155,254,253,247,138,11,0,92,248,253,240,46,0,0,0,0,0,0,0,0,52,235,182,59,0,0,0,0,146,253,253,124,0,0,0,0,2
0,0,0,0,0,0,0,0,0,83,255,167,0,0,0,0,0,0,0,0,0,0,0,0,0,0,0,0,3,107,248,181,0,0,0,0,0,0,0,0,0,0,0,0,0,0,0,0,89,254,202,31,0,0,0,0,0,0,0,0,0,0,0,0,0,0,0,111,249,98,2,0,0,0,0,0,0,0,0,0,0,0,0,0,0,12,127,238,180,0,0,0,0,14,140,161,12,0,0,0,0,0,0,0,20,165,254,183,12,0,0,0,0,139,254,254,120,0,0,0,0,0,0,0,170,254,203,44,0,0,0,0,0,196,231,137,86,0,0,0,0,0,0,156,253,199,55,0,0,0,0,0,72,250,148,0,0,0,0,0,0,0,52,234,235,55,0,0,0,0,0,0,173,254,148,0,0,0,0,0,0,0,216,254,87,0,0,0,0,0,0,3,188,254,58,0,0,0,0,0,0,48,246,254,10,0,0,0,0,0,0,15,254,235,30,0,0,0,0,0,0,0,221,254,205,128,51,46,72,0,0,81,254,181,0,0,0,0,21,38,0,0,27,185,253,254,247,246,252,235,144,225,254,227,139,139,139,177,240,231,0,0,0,0,110,230,244,248,244,244,246,254,254,254,254,254,252,248,244,146,0,0,0,0,0,0,0,33,0,0,17,222,232,93,86,86,73,33,0,0,0,0,0,0,0,0,0,0,0,0,44,249,162,0,0,0,0,0,0,0,0,0,0,0,0,0,0,0,0,0,49,254,81,0,0,0,0,0,0,0,0,0,0,0,0,0,0,0,0,0,85,254,81,0,0,0,0,0,0,0,0,0,0,0,0,0,0,0,0,0,49,254,81,0,0,0,0,0,0,0,0,0,0,0,0,0,0,0,0,0,12,218,81,0,0,0,0,0,0,0,4
0,0,0,0,0,0,0,0,0,0,0,0,0,0,0,0,0,0,0,0,11,99,169,254,254,254,254,254,255,218,93,10,0,0,0,0,0,0,0,0,154,253,253,253,253,253,253,253,253,253,253,209,20,0,0,0,0,0,0,0,154,253,253,253,253,253,253,253,253,253,253,253,203,0,0,0,0,0,0,0,56,182,182,86,65,65,65,65,141,253,253,253,241,0,0,0,0,0,0,0,0,0,0,0,0,0,0,76,239,253,253,253,241,0,0,0,0,0,0,0,0,0,0,88,107,164,225,243,253,253,253,206,85,0,0,0,0,0,0,0,0,0,0,207,253,253,253,253,253,253,253,196,9,6,0,0,0,0,0,0,0,0,0,207,253,253,253,253,253,253,253,253,253,240,65,7,0,0,0,0,0,0,0,77,199,212,212,231,222,253,253,253,253,253,253,185,66,6,0,0,0,0,0,0,0,0,0,36,18,76,76,128,197,253,253,253,253,141,4,0,0,0,0,0,0,0,0,0,0,0,0,0,3,72,227,253,253,253,109,0,0,0,0,0,0,0,0,0,0,0,0,0,0,0,27,150,253,253,179,0,0,0,0,0,0,0,0,0,0,0,0,0,0,0,0,66,253,253,253,0,0,0,0,0,0,0,0,0,0,0,0,0,0,0,3,184,253,253,253,0,0,0,0,0,0,0,0,0,0,0,0,0,0,0,117,253,253,253,184,0,0,0,0,0,20,2,0,0,0,0,0,22,53,166,223,253,253,253,135,0,0,0,0,23,199,184,66,66,66,66,164,214,253,253,253,253,253,197,46,0,0,0,0,60,244,253,253,253,253,253,253,253,253,253,253,253,187,24,0,0,0,0,0,0,178,253,253,253,253,253,253,253,253,253,187,68,8,0,0,0,3
0,0,0,0,0,0,0,0,0,0,0,0,0,0,0,0,0,0,0,0,0,0,0,0,0,0,0,0,0,0,0,0,0,19,237,163,0,0,0,0,0,0,0,0,0,0,0,0,0,0,0,0,0,120,253,251,63,0,0,0,0,0,0,0,0,57,191,30,0,0,0,0,0,170,253,225,13,0,0,0,0,0,0,0,0,70,253,205,0,0,0,0,0,254,253,137,0,0,0,0,0,0,0,0,0,162,254,230,0,0,0,0,185,254,254,113,0,0,0,0,0,0,0,0,0,161,253,230,0,0,0,13,222,254,227,21,0,0,0,0,0,0,0,0,0,237,253,230,0,0,0,74,253,254,131,0,0,0,0,0,0,0,0,0,0,186,253,246,184,93,93,224,253,254,215,184,151,0,0,0,0,0,0,0,0,136,254,254,254,254,254,254,254,254,254,222,151,0,0,0,0,0,0,0,0,32,207,253,253,254,253,253,253,199,98,13,0,0,0,0,0,0,0,0,0,0,9,88,137,138,243,253,244,17,0,0,0,0,0,0,0,0,0,0,0,0,0,0,0,51,247,253,128,0,0,0,0,0,0,0,0,0,0,0,0,0,0,0,0,162,254,247,50,0,0,0,0,0,0,0,0,0,0,0,0,0,0,0,0,245,253,213,0,0,0,0,0,0,0,0,0,0,0,0,0,0,0,0,76,254,253,96,0,0,0,0,0,0,0,0,0,0,0,0,0,0,0,9,184,254,236,29,0,0,0,0,0,0,0,0,0,0,0,0,0,0,0,24,254,255,182,0,0,0,0,0,0,0,0,0,0,0,0,0,0,0,26,182,253,254,64,0,0,0,0,0,0,0,0,0,0,0,0,0,0,0,47,253,253,146,4,0,0,0,0,0,0,0,0,0,4
0,0,0,0,0,0,0,0,0,0,0,0,0,0,0,0,0,0,0,0,0,0,0,0,0,0,0,0,0,19,29,79,141,166,253,253,154,253,216,28,0,0,0,0,0,0,19,107,170,225,252,252,253,252,252,252,253,252,252,139,0,0,0,0,0,45,215,252,253,252,252,252,253,252,252,252,253,214,224,43,0,0,0,0,0,57,252,252,253,252,252,252,253,177,139,139,128,15,19,0,0,0,0,0,0,120,253,253,255,209,113,63,0,0,0,0,0,0,0,0,0,0,0,0,0,169,252,252,253,84,0,0,0,0,0,0,0,0,0,0,0,0,0,0,0,169,252,252,106,19,0,0,0,0,0,0,0,0,0,0,0,0,0,0,0,169,252,252,101,0,0,0,0,0,0,0,0,0,0,0,0,0,0,0,0,157,253,253,254,253,216,91,13,0,0,0,0,0,0,0,0,0,0,0,0,19,122,196,253,252,252,252,207,144,38,0,0,0,0,0,0,0,0,0,0,0,0,0,56,130,168,205,253,252,234,147,0,0,0,0,0,0,0,0,0,0,0,0,0,0,0,13,40,215,252,252,163,38,0,0,16,22,0,0,0,0,0,0,0,0,0,0,0,0,51,151,254,178,31,0,141,234,169,69,26,0,0,0,0,0,0,0,0,0,0,0,253,252,130,0,141,252,252,252,113,0,0,0,0,0,0,0,0,0,0,0,253,252,168,0,79,215,252,252,163,0,0,0,0,0,0,0,0,0,0,151,253,252,118,0,0,26,210,253,254,178,53,29,13,0,0,0,29,104,229,253,254,184,0,0,0,0,28,234,253,252,252,252,207,169,169,169,253,252,252,252,222,65,0,0,0,0,0,50,56,56,171,252,253,252,252,252,253,252,252,177,76,0,0,0,5
0,0,0,0,0,0,0,0,0,0,0,0,0,0,0,0,0,0,0,0,0,0,0,0,0,0,0,5,162,253,253,128,6,0,0,0,0,0,0,0,0,0,0,0,0,0,19,158,252,252,252,253,179,10,0,0,0,0,0,0,0,0,0,0,0,55,230,252,252,252,252,253,252,193,70,0,0,0,0,0,0,0,0,0,56,229,252,252,252,252,252,253,252,252,236,71,0,0,0,0,0,0,0,0,169,252,252,252,229,192,221,253,252,252,252,206,15,0,0,0,0,0,0,0,169,252,252,96,37,0,29,161,252,252,252,252,60,0,0,0,0,0,0,0,169,252,252,48,0,0,81,231,252,252,252,203,12,0,0,0,0,0,0,0,169,252,252,48,0,139,251,253,252,252,234,119,0,0,0,0,0,0,0,0,118,252,252,193,155,250,252,253,252,184,59,0,0,0,0,0,0,0,0,0,49,252,252,252,252,252,252,253,171,5,0,0,0,0,0,0,0,0,0,0,0,119,253,253,253,253,253,255,184,58,4,0,0,0,0,0,0,0,0,0,0,26,207,252,252,252,252,253,252,252,180,53,0,0,0,0,0,0,0,0,0,0,28,223,252,252,252,253,252,252,252,229,55,0,0,0,0,0,0,0,0,0,0,205,252,252,91,84,95,234,252,252,193,10,0,0,0,0,0,0,0,0,0,205,252,252,11,0,0,100,252,252,252,48,0,0,0,0,0,0,0,0,0,205,252,252,46,0,19,230,252,252,197,12,0,0,0,0,0,0,0,0,0,108,252,252,230,206,209,252,252,252,139,0,0,0,0,0,0,0,0,0,0,12,176,252,252,253,252,252,252,200,9,0,0,0,0,0,0,0,0,0,0,0,56,242,252,253,252,252,179,52,0,0,0,0,8
0,0,0,0,0,0,0,0,0,227,253,253,253,230,213,11,0,0,0,0,0,0,0,0,0,0,0,0,0,227,253,243,129,253,253,118,0,0,0,0,0,0,0,0,0,0,0,0,0,73,156,140,9,179,253,150,0,0,0,0,0,0,0,0,0,0,0,0,0,0,0,0,0,137,253,155,2,0,0,0,0,0,0,0,0,0,0,0,0,0,0,0,0,7,253,253,34,0,0,0,0,0,0,0,0,0,0,0,0,0,0,0,0,7,253,253,34,0,0,0,0,0,0,0,0,0,0,0,0,0,0,0,0,130,253,217,22,0,0,0,0,0,0,0,0,0,0,0,0,0,0,0,23,233,253,150,0,0,0,0,0,0,0,0,0,0,0,0,0,27,0,0,54,253,253,150,0,0,0,0,0,0,0,0,0,0,0,86,165,213,46,6,174,253,240,60,0,0,0,0,0,0,0,0,2,26,144,194,246,252,224,165,253,249,56,0,0,0,0,0,0,0,0,0,123,253,239,0,0,227,253,253,253,179,0,0,0,0,0,0,0,0,0,73,250,239,68,0,0,227,253,253,253,165,0,0,0,82,104,169,0,0,32,208,253,174,0,43,217,250,253,253,253,252,153,83,83,217,217,31,0,0,205,253,176,60,70,227,253,231,154,80,232,253,253,253,253,253,178,0,0,83,247,253,196,229,253,232,152,49,0,0,64,213,253,236,212,104,22,0,0,118,253,253,253,250,225,47,0,0,0,0,0,3,96,57,0,0,0,0,0,118,253,253,253,144,0,0,0,0,0,0,0,0,0,0,0,0,0,0,0,0,0,0,0,0,0,0,0,0,0,0,0,0,0,0,0,0,0,0,0,0,0,0,0,0,0,0,0,0,0,0,0,0,0,0,0,0,0,0,2
0,0,0,0,0,0,0,0,0,0,0,0,0,0,0,0,0,0,112,254,0,0,0,0,0,0,0,0,0,0,0,0,0,0,0,0,0,75,252,253,0,0,0,0,0,0,0,0,0,0,0,0,0,0,0,0,32,217,253,250,0,0,0,0,0,0,0,0,0,0,0,0,0,0,0,0,128,253,248,63,0,0,0,0,0,61,132,73,0,0,0,0,0,0,0,90,233,253,151,0,0,0,0,0,26,219,253,193,0,0,0,0,0,0,5,198,253,253,5,0,0,0,0,4,215,253,253,158,0,0,0,0,0,26,185,253,213,97,2,0,0,0,0,43,253,253,213,89,0,0,0,0,0,21,222,253,106,0,0,0,0,0,169,242,253,219,24,0,0,0,0,0,20,238,253,129,7,0,0,0,0,71,228,253,253,253,27,0,0,0,0,20,118,253,209,47,0,0,0,0,0,254,253,253,253,253,151,0,0,0,0,93,253,253,48,0,0,0,0,0,0,199,238,232,235,253,253,105,22,9,123,221,244,106,3,0,0,0,0,0,0,50,24,0,15,211,253,253,253,175,223,253,253,197,81,60,60,60,2,0,0,0,0,0,0,36,145,216,253,253,253,253,253,253,253,253,253,128,1,0,0,0,0,0,0,0,0,23,203,253,253,244,125,119,119,14,10,2,0,0,0,0,0,0,0,0,0,111,253,253,188,52,0,0,0,0,0,0,0,0,0,0,0,0,0,0,98,237,253,203,55,0,0,0,0,0,0,0,0,0,0,0,0,0,0,0,135,253,242,20,0,0,0,0,0,0,0,0,0,0,0,0,0,0,0,58,246,253,91,0,0,0,0,0,0,0,0,0,0,0,0,0,0,0,0,12,185,212,9,0,0,0,0,0,0,0,0,0,0,0,4
0,0,0,0,0,0,0,11,132,254,253,123,0,0,0,0,0,0,0,0,0,0,0,0,0,0,0,173,252,253,252,223,20,0,0,0,0,0,0,0,0,0,0,0,0,0,21,254,253,142,142,163,0,0,0,113,152,41,0,0,0,0,0,0,0,21,203,253,90,0,0,0,0,0,123,253,252,203,0,0,0,0,0,0,0,173,253,183,0,0,0,0,0,0,203,254,253,255,131,0,0,0,0,0,82,253,252,102,0,0,0,0,0,0,122,253,252,253,252,0,0,0,0,11,213,254,233,0,0,0,0,0,0,0,0,0,41,234,253,62,0,0,0,132,252,233,50,0,0,0,0,0,0,0,0,0,0,112,252,102,0,0,21,214,253,41,0,0,0,0,0,0,0,0,0,0,0,52,253,163,0,0,102,253,252,0,0,0,0,0,0,0,0,0,0,0,0,51,252,162,0,0,203,254,131,0,0,0,0,0,0,0,0,0,0,0,0,173,253,82,0,0,203,213,10,0,0,0,0,0,0,0,0,0,0,0,41,253,252,0,0,0,203,203,0,0,0,0,0,0,0,0,0,0,0,0,123,254,131,0,0,0,203,203,0,0,0,0,0,0,0,0,0,0,0,82,243,233,30,0,0,0,203,254,50,0,0,0,0,0,0,0,0,0,41,214,253,183,0,0,0,0,162,253,131,0,0,0,0,0,0,0,0,62,223,253,171,61,0,0,0,0,0,234,253,92,10,0,0,0,0,52,152,254,253,142,0,0,0,0,0,0,0,112,252,253,212,102,102,163,203,233,252,233,111,20,0,0,0,0,0,0,0,0,123,234,253,254,253,254,253,203,122,0,0,0,0,0,0,0,0,0,0,0,0,30,131,172,171,91,50,0,0,0,0,0,0,0,0,0,0
0,0,0,0,0,0,0,0,0,0,0,0,0,0,0,0,0,0,0,0,0,0,0,0,0,0,0,0,0,0,0,0,0,0,0,0,0,0,0,0,0,0,0,0,0,0,0,26,141,110,0,0,0,0,198,253,0,0,0,0,0,0,0,0,0,0,82,243,253,234,38,0,0,38,234,252,0,0,0,0,0,0,0,0,0,19,215,252,244,93,13,0,0,95,252,252,0,0,0,0,0,0,0,0,13,194,252,252,75,0,0,0,0,169,252,151,0,0,0,0,0,0,0,0,204,253,244,75,0,0,0,0,16,216,253,140,0,0,0,0,0,0,0,0,253,252,168,0,0,0,0,0,29,252,252,139,0,0,0,0,0,0,0,0,253,252,80,0,0,0,0,0,66,252,252,52,0,0,0,0,0,0,0,0,253,252,56,0,0,0,0,0,141,252,214,15,0,0,0,0,0,0,0,0,255,253,178,16,0,0,0,0,204,253,168,0,0,0,0,0,0,0,0,0,153,252,252,215,51,0,0,0,253,252,142,0,0,0,0,0,0,0,0,0,19,224,252,252,247,197,110,85,253,252,56,0,0,0,0,0,0,0,0,0,0,19,153,252,253,252,252,252,253,202,6,0,0,0,0,0,0,0,0,0,0,0,0,0,126,231,253,253,251,75,0,0,0,0,0,0,0,0,0,0,0,0,0,0,0,19,215,252,225,0,0,0,0,0,0,0,0,0,0,0,0,0,0,0,0,45,240,252,137,0,0,0,0,0,0,0,0,0,0,0,0,0,0,0,0,107,252,252,63,0,0,0,0,0,0,0,0,0,0,0,0,0,0,0,0,170,253,253,0,0,0,0,0,0,0,0,0,0,0,0,0,0,0,0,0,169,252,252,0,0,0,0,0,0,0,0,4
0,0,0,0,0,0,0,0,0,0,0,61,148,245,253,253,254,183,4,0,0,0,0,0,0,0,0,0,0,27,176,253,252,252,252,252,253,252,135,0,0,0,0,0,0,0,0,0,64,153,249,253,252,180,126,126,236,252,231,35,0,0,0,0,0,0,0,57,211,252,252,253,126,7,0,0,14,163,95,0,0,0,0,0,0,0,62,199,252,252,252,86,11,0,0,0,0,0,0,0,0,0,0,0,11,130,254,253,250,158,0,0,0,0,0,18,148,148,236,111,0,0,0,0,16,221,253,252,231,0,0,0,0,0,22,199,253,252,252,237,0,0,0,11,197,249,253,201,27,0,0,0,52,180,237,252,253,252,233,100,0,0,0,22,252,252,243,47,0,0,0,0,120,252,252,252,253,231,51,0,0,0,0,110,252,252,35,0,0,0,0,80,225,252,252,252,129,28,0,0,0,0,0,128,253,253,62,0,0,0,36,255,253,253,243,79,0,0,0,0,0,0,0,162,252,252,71,0,0,57,225,253,252,166,47,0,0,0,0,0,0,0,0,215,252,252,66,6,82,246,252,253,122,2,0,0,0,0,0,0,0,0,0,16,231,252,253,189,246,252,252,172,21,0,0,0,0,0,0,0,0,0,0,0,81,252,253,252,252,226,59,0,0,0,0,0,0,0,0,0,0,0,0,22,139,253,254,253,253,253,122,36,0,0,0,0,0,0,0,0,0,0,64,213,252,252,253,252,252,252,252,243,83,0,0,0,0,0,0,0,0,0,190,252,252,252,253,252,252,252,252,241,154,0,0,0,0,0,0,0,0,29,232,252,252,252,253,252,221,162,84,35,0,0,0,0,0,0,0,0,0,7,121,200,252,252,147,68,21,0,0,0,0,0,0,0,0,0,0,0,8
0,0,0,0,0,0,0,0,0,0,0,0,0,50,236,253,253,163,0,0,0,0,0,0,0,0,0,0,0,0,0,0,13,229,252,252,252,162,0,0,0,0,0,0,0,0,0,0,0,0,0,0,112,252,252,252,252,153,0,0,0,0,0,0,0,0,0,0,0,0,0,0,164,252,252,252,188,8,0,0,0,0,0,0,0,0,0,0,0,0,0,98,242,252,252,225,14,0,0,0,0,0,0,0,0,0,0,0,0,0,75,239,252,252,252,117,0,0,0,0,0,0,0,0,0,0,0,0,0,0,105,252,252,252,212,35,0,0,0,0,0,0,0,0,0,0,0,0,0,0,245,252,252,252,125,0,0,0,0,0,0,0,0,0,0,0,0,0,8,132,253,252,252,252,29,0,0,0,0,0,0,0,0,0,0,0,0,0,45,252,253,252,252,181,12,0,0,0,0,0,0,0,0,0,0,0,0,0,107,253,255,253,247,79,0,0,0,0,0,0,0,0,0,0,0,0,0,110,242,252,253,252,114,0,0,0,0,0,0,0,0,0,0,0,0,0,8,239,252,252,253,204,31,0,0,0,0,0,0,0,0,0,0,0,0,15,189,252,252,252,204,23,0,0,0,0,0,0,0,0,0,0,0,0,0,162,252,252,252,252,17,0,0,0,0,0,0,0,0,0,0,0,0,0,9,187,252,252,220,74,0,0,0,0,0,0,0,0,0,0,0,0,0,0,153,252,252,252,207,0,0,0,0,0,0,0,0,0,0,0,0,0,0,113,250,252,252,220,46,0,0,0,0,0,0,0,0,0,0,0,0,0,38,221,252,252,252,48,0,0,0,0,0,0,0,0,0,0,0,0,0,36,216,252,252,252,252,14,0,0,0,0,0,0,0,0,0,0,0,0,1
0,0,0,0,0,21,132,168,186,255,240,168,156,45,0,0,0,0,0,0,0,0,0,48,187,251,254,254,254,254,240,214,254,242,119,0,0,0,0,0,0,0,154,248,254,254,236,161,95,20,7,42,254,254,235,18,0,0,0,0,0,0,227,254,254,161,17,0,0,0,0,39,254,254,254,60,0,0,0,0,0,0,38,128,228,183,0,0,0,0,0,39,254,254,247,45,0,0,0,0,0,0,0,0,13,16,0,0,0,0,0,119,254,254,228,0,0,0,0,0,0,0,0,0,0,0,0,0,0,0,25,227,254,247,90,0,0,0,0,0,0,0,0,0,0,0,0,0,0,0,166,254,254,223,0,0,0,0,0,0,0,0,0,0,0,0,0,0,0,26,236,254,247,94,0,0,0,0,0,0,0,0,0,0,0,0,0,0,27,182,254,254,204,0,0,0,0,0,0,0,0,0,0,0,0,0,0,9,113,254,254,234,39,0,0,0,0,0,0,0,0,0,0,0,0,0,0,98,254,254,233,84,0,0,0,0,0,0,0,0,0,0,0,0,0,8,101,231,254,254,103,0,0,0,0,0,0,0,0,0,0,0,0,0,0,104,254,254,254,208,9,0,0,0,0,0,0,0,0,0,0,0,0,0,30,224,254,254,207,29,0,0,0,0,0,0,0,0,0,0,0,0,0,0,139,254,254,231,69,0,0,0,0,0,0,0,0,0,0,0,0,0,0,0,237,254,254,197,0,0,0,0,0,0,0,18,65,18,100,35,0,0,0,0,92,253,254,238,181,107,81,52,96,134,181,237,254,254,250,128,0,0,0,0,0,145,252,254,254,254,254,254,254,254,254,254,252,216,73,0,0,0,0,0,0,0,47,129,214,254,254,254,254,254,186,130,49,0,0,0,2
0,0,0,0,0,0,0,0,0,0,0,0,0,0,0,0,0,0,0,0,0,0,0,0,0,0,0,0,0,0,0,0,0,0,0,0,0,0,0,0,0,0,0,0,0,0,0,8,106,199,255,244,174,57,0,0,0,0,0,0,0,0,0,0,0,0,69,222,235,171,142,142,212,237,12,0,0,0,0,0,0,0,0,0,0,53,235,150,21,0,0,0,88,253,16,0,0,0,0,0,0,0,0,0,0,12,28,0,0,0,0,38,223,177,2,0,0,0,0,0,0,0,0,0,0,0,0,0,0,0,5,205,213,27,0,0,0,0,0,0,0,0,0,0,0,0,0,0,0,10,205,232,30,0,0,0,0,0,0,0,0,0,0,0,0,0,0,0,38,225,202,36,0,0,0,0,0,0,0,0,0,0,0,0,0,0,0,24,213,223,40,0,0,0,0,0,0,0,0,0,0,0,0,0,0,0,28,183,237,46,0,0,0,0,0,0,0,0,0,0,0,0,0,0,0,0,112,253,66,0,0,0,0,0,0,0,0,0,0,0,0,0,0,0,0,0,107,254,209,101,15,0,0,0,0,0,0,0,0,0,0,0,0,0,0,0,8,103,187,241,250,93,0,0,0,0,0,0,0,0,0,0,0,0,0,0,0,0,0,30,159,247,79,0,0,0,0,0,0,0,0,0,0,0,0,0,0,0,0,0,2,178,222,18,0,0,0,0,0,0,0,0,0,0,0,0,0,0,0,0,0,27,238,31,0,0,0,0,0,0,0,0,0,0,0,0,0,0,0,0,0,0,207,32,0,0,0,0,0,0,0,0,0,0,0,0,0,0,0,0,0,14,227,31,0,0,0,0,0,0,0,0,0,0,0,0,15,0,0,0,3,148,159,6,0,0,0,0,0,0,3
0,0,0,0,0,0,0,0,0,0,0,0,0,0,0,0,0,0,0,0,0,0,0,0,0,0,0,0,0,0,0,0,0,0,136,165,253,200,25,0,0,0,0,0,0,0,0,0,27,61,0,0,0,29,230,252,252,252,59,0,0,0,0,0,0,0,0,0,0,0,0,0,19,205,252,252,252,97,21,0,0,0,0,0,0,0,0,0,0,0,0,29,205,252,252,252,188,8,0,0,0,0,0,0,0,0,0,0,0,0,0,42,225,252,252,252,118,0,0,0,0,0,0,0,0,0,0,0,0,0,0,8,174,252,252,213,35,0,0,0,0,0,0,0,0,0,0,0,0,0,0,139,252,252,212,35,0,0,0,0,0,0,0,0,0,0,0,0,0,0,91,224,252,252,125,0,0,0,0,0,0,0,0,0,0,0,0,0,0,115,253,252,249,136,7,0,0,0,0,0,0,0,0,0,0,0,0,0,27,209,253,252,237,0,0,0,0,0,0,0,0,0,0,0,0,0,0,38,219,253,255,228,53,0,0,0,0,0,0,0,0,0,0,0,0,0,32,216,252,252,228,59,0,0,0,0,0,0,0,0,0,0,0,0,0,20,210,252,252,154,53,0,0,0,0,0,0,0,0,0,0,0,0,0,36,135,252,252,230,55,0,0,0,0,0,0,0,0,0,0,0,0,0,0,206,252,252,225,145,0,0,0,0,0,0,0,0,0,0,0,0,0,2,101,243,252,236,143,0,0,0,0,0,0,0,0,0,0,0,0,0,0,95,252,252,236,56,0,0,0,0,0,0,0,0,0,0,0,0,0,0,22,195,252,225,56,0,0,0,0,0,0,0,0,0,0,0,0,0,0,0,60,252,252,63,0,0,0,0,0,0,0,0,0,0,0,0,0,0,0,1
0,0,0,0,0,0,0,0,0,0,64,191,255,128,0,0,0,0,0,0,0,0,0,0,0,0,0,128,255,255,255,255,255,255,128,0,0,0,0,0,0,0,0,0,0,0,128,255,255,255,255,255,255,255,255,128,0,0,0,0,0,0,0,0,0,191,255,255,255,255,255,255,255,255,255,255,191,0,0,0,0,0,0,0,255,255,255,255,255,191,128,255,255,255,255,255,255,128,0,0,0,0,0,128,255,255,255,255,64,0,0,128,255,0,128,255,255,255,64,0,0,0,64,255,255,255,255,0,0,0,0,0,0,0,0,64,255,255,255,64,0,0,128,255,255,191,0,0,0,0,0,0,0,0,0,0,191,255,255,255,0,0,255,255,255,128,0,0,0,0,0,0,0,0,0,0,0,191,255,255,0,0,255,255,255,64,0,0,0,0,0,0,0,0,0,0,0,128,255,255,0,0,255,255,191,0,0,0,0,0,0,0,0,0,0,0,0,128,255,255,0,64,255,255,128,0,0,0,0,0,0,0,0,0,0,0,0,191,255,255,0,255,255,255,128,0,0,0,0,0,0,0,0,0,0,0,255,255,255,255,0,128,255,255,128,0,0,0,0,0,0,0,0,0,0,128,255,255,255,191,0,128,255,255,255,0,0,0,0,0,0,0,0,0,191,255,255,255,191,0,0,0,255,255,255,128,0,0,0,0,0,0,64,191,255,255,255,191,0,0,0,0,191,255,255,255,128,128,128,128,128,128,255,255,255,255,191,0,0,0,0,0,128,255,255,255,255,255,255,255,255,255,255,255,191,64,0,0,0,0,0,0,0,128,255,255,255,255,255,255,255,255,255,128,64,0,0,0,0,0,0,0,0,0,0,128,191,255,255,255,191,128,0,0,0,0,0,0,0,0,0
0,0,0,0,0,0,0,0,0,137,254,52,0,0,0,0,0,0,0,0,0,0,0,0,0,0,0,0,0,17,254,90,0,0,0,0,0,0,0,0,0,0,0,0,0,0,0,0,0,17,254,133,0,0,0,0,0,0,0,0,0,0,0,0,0,0,0,0,0,17,254,204,0,0,0,0,0,0,0,0,0,0,0,0,0,0,0,0,0,17,254,214,0,0,0,0,0,0,0,0,0,0,0,0,0,0,0,0,0,18,254,135,0,0,0,0,0,0,0,0,0,0,0,0,0,0,0,0,0,98,254,103,0,0,0,0,0,0,0,0,0,0,0,0,0,0,0,0,0,98,254,52,0,0,0,0,0,0,0,0,0,0,0,0,0,0,0,0,0,98,254,52,0,0,0,0,0,0,0,0,0,0,0,0,0,0,0,0,0,98,254,52,0,0,0,0,0,0,0,0,0,0,0,0,0,0,0,0,0,144,254,52,0,0,0,0,0,0,0,0,0,0,0,0,0,0,0,0,0,178,254,52,0,0,0,0,0,0,0,0,0,0,0,0,0,0,0,0,0,178,254,51,0,0,0,0,0,0,0,0,0,0,0,0,0,0,0,0,0,178,226,0,0,0,0,0,0,0,0,0,0,0,0,0,0,0,0,0,0,178,226,0,0,0,0,0,0,0,0,0,0,0,0,0,0,0,0,0,0,178,226,0,0,0,0,0,0,0,0,0,0,0,0,0,0,0,0,0,0,178,251,45,0,15,92,0,0,0,0,0,0,0,0,0,0,0,0,0,0,130,254,197,150,228,109,0,0,0,0,0,0,0,0,0,0,0,0,0,0,10,128,238,255,161,6,0,0,0,0,0,0,0,0,0,0,0,0,0,0,0,0,0,0,0,0,0,0,0,0,0,1
0,0,0,0,0,0,0,0,0,0,0,0,0,0,218,217,0,0,0,0,0,0,0,0,0,0,0,0,0,0,0,0,0,94,247,215,0,0,0,0,0,0,0,0,0,0,0,0,0,0,0,0,21,212,252,215,0,0,0,0,0,0,0,0,0,0,0,0,0,0,0,0,144,253,252,132,0,0,0,0,0,0,0,0,0,0,0,0,0,0,0,0,144,253,220,41,0,0,0,0,0,0,0,0,0,0,0,0,0,0,0,32,237,253,55,0,0,0,0,0,0,0,0,0,0,0,0,0,0,0,53,191,252,253,35,0,0,0,0,0,0,0,0,0,0,0,0,0,0,0,73,252,252,191,15,0,0,0,0,0,0,0,0,0,0,0,0,0,0,0,218,253,253,84,0,0,0,0,0,0,0,0,0,0,0,0,0,0,0,135,247,252,128,0,0,0,0,0,0,0,0,0,0,0,0,0,0,0,21,253,252,205,31,0,0,0,0,0,0,0,0,0,0,0,0,0,0,105,206,253,252,71,0,0,0,0,0,0,0,0,0,0,0,0,0,0,0,182,253,255,180,0,0,0,0,0,0,0,0,0,0,0,0,0,0,0,63,242,252,222,45,0,0,0,0,0,0,0,0,0,0,0,0,0,0,0,176,252,252,41,0,0,0,0,0,0,0,0,0,0,0,0,0,0,0,63,237,252,252,0,0,0,0,0,0,0,0,0,0,0,0,0,0,0,0,110,253,253,108,0,0,0,0,0,0,0,0,0,0,0,0,0,0,0,0,109,252,252,108,0,0,0,0,0,0,0,0,0,0,0,0,0,0,0,0,109,252,252,108,0,0,0,0,0,0,0,0,0,0,0,0,0,0,0,0,47,232,252,108,0,0,0,0,0,0,0,0,0,0,0,1
0,0,0,0,0,0,0,0,0,0,0,254,110,0,0,0,0,0,0,0,0,0,0,0,0,0,0,0,0,0,0,254,77,0,0,0,0,0,0,0,0,0,0,0,0,0,0,0,0,0,59,254,77,0,0,0,0,0,0,0,0,0,0,0,0,0,0,0,0,0,111,247,60,0,0,0,0,0,0,0,0,0,0,0,0,0,0,0,0,28,209,221,0,0,0,0,0,0,0,0,0,0,0,0,0,0,0,0,0,78,253,116,0,0,0,0,0,0,0,0,0,0,0,0,0,0,0,0,0,145,253,0,0,0,0,0,0,0,0,0,0,0,0,0,0,0,0,0,33,237,253,189,91,0,0,0,0,0,0,0,0,0,0,0,0,0,0,0,141,253,253,254,245,87,0,0,0,0,0,0,0,0,0,0,0,0,0,7,211,254,81,78,244,154,0,0,0,0,0,0,0,0,0,0,0,0,0,12,253,199,10,0,177,223,7,0,0,0,0,0,0,0,0,0,0,0,0,104,253,176,0,0,177,253,54,0,0,0,0,0,0,0,0,0,0,0,0,180,253,166,0,0,177,253,112,0,0,0,0,0,0,0,0,0,0,0,0,208,253,90,0,15,210,253,10,0,0,0,0,0,0,0,0,0,0,0,0,122,253,176,0,65,237,253,10,0,0,0,0,0,0,0,0,0,0,0,0,122,253,176,10,197,250,108,1,0,0,0,0,0,0,0,0,0,0,0,0,55,253,223,241,255,168,0,0,0,0,0,0,0,0,0,0,0,0,0,0,3,146,253,253,210,54,0,0,0,0,0,0,0,0,0,0,0,0,0,0,0,25,176,157,63,0,0,0,0,0,0,0,0,0,0,0,0,0,0,0,0,0,0,0,0,0,0,0,0,0,0,0,0,6
0,0,0,0,0,0,0,0,0,0,0,0,0,0,0,0,0,0,0,0,0,0,0,0,0,0,0,79,159,205,254,255,254,180,78,0,0,0,0,0,0,0,0,0,0,0,115,245,253,253,253,254,253,253,244,65,0,0,0,0,0,0,0,0,0,20,225,253,251,233,149,150,233,251,253,185,0,0,0,0,0,0,0,0,0,48,253,253,168,0,0,0,0,72,253,206,0,0,0,0,0,0,0,0,0,83,253,253,68,0,0,0,0,20,190,206,0,0,0,0,0,0,0,0,0,48,253,253,183,10,0,0,149,225,253,241,35,0,0,0,0,0,0,0,0,14,220,253,253,206,85,23,234,253,253,206,0,0,0,0,0,0,0,0,0,0,56,236,253,253,253,247,253,253,236,56,0,0,0,0,0,0,0,0,0,0,0,58,203,253,253,254,253,241,89,0,0,0,0,0,0,0,0,0,0,0,0,0,185,253,253,254,253,223,32,0,0,0,0,0,0,0,0,0,0,0,0,110,254,254,205,171,254,254,191,12,0,0,0,0,0,0,0,0,0,0,24,217,253,213,7,8,130,253,253,102,0,0,0,0,0,0,0,0,0,0,113,253,251,91,0,0,77,253,253,112,0,0,0,0,0,0,0,0,0,0,113,253,196,0,0,0,194,253,230,44,0,0,0,0,0,0,0,0,0,0,165,253,196,0,0,55,241,253,126,0,0,0,0,0,0,0,0,0,0,18,224,253,196,3,54,236,253,241,47,0,0,0,0,0,0,0,0,0,0,0,207,253,236,187,253,254,253,84,0,0,0,0,0,0,0,0,0,0,0,0,117,253,253,253,253,254,70,2,0,0,0,0,0,0,0,0,0,0,0,0,24,217,253,253,232,72,4,0,0,0,0,0,0,0,8
0,0,0,0,0,0,0,0,0,0,0,0,0,116,170,254,117,0,0,0,0,0,0,0,0,0,0,0,0,0,0,128,242,253,253,253,250,190,0,0,0,0,0,0,0,0,0,0,0,0,62,241,254,253,169,47,26,21,0,0,0,0,0,0,0,0,0,0,0,23,237,253,216,46,4,0,0,0,0,0,0,0,0,0,0,0,0,0,11,157,253,218,28,0,0,0,0,0,0,0,0,0,0,0,0,0,0,0,139,253,253,120,0,0,0,0,0,0,0,0,0,0,0,0,0,0,0,37,228,253,244,38,0,0,0,0,0,0,0,0,0,0,0,0,0,0,0,138,253,253,155,0,0,0,0,0,0,0,0,0,0,0,0,0,0,0,40,226,253,238,45,0,0,0,0,0,0,0,0,0,0,0,0,0,0,0,68,253,253,226,0,0,0,0,0,0,0,0,0,0,0,0,0,0,0,0,68,254,254,240,51,0,0,0,0,0,0,0,0,0,0,0,0,0,0,0,68,253,253,253,239,51,0,0,0,0,0,0,0,0,0,0,0,0,0,0,117,253,253,253,253,240,50,0,0,0,0,0,0,0,0,0,0,0,0,0,201,253,219,54,219,253,236,11,0,0,0,0,0,0,0,0,0,0,0,0,165,253,224,25,38,222,254,146,43,0,0,0,0,0,0,0,0,0,0,0,18,204,253,122,0,134,254,253,131,0,0,0,0,0,0,0,0,0,0,0,0,187,253,245,97,153,255,253,26,0,0,0,0,0,0,0,0,0,0,0,0,173,253,253,253,253,255,185,10,0,0,0,0,0,0,0,0,0,0,0,0,23,198,248,253,253,255,139,0,0,0,0,0,0,0,0,0,0,0,0,0,0,0,76,197,253,191,6,0,0,0,0,0,0,6
0,0,0,0,0,0,0,0,0,0,0,28,92,175,255,227,75,0,0,0,0,0,0,0,0,0,0,0,0,21,138,235,254,254,254,254,203,0,0,0,0,0,0,0,0,0,0,0,84,234,254,254,191,126,234,254,144,0,0,0,0,0,0,0,0,28,127,210,253,254,181,59,2,102,254,237,56,0,0,0,0,0,0,0,95,234,254,219,127,38,2,0,8,223,254,172,0,0,0,0,0,0,0,0,153,254,254,36,0,0,0,0,146,254,250,57,0,0,0,0,0,0,0,0,6,91,73,1,0,0,0,9,220,254,131,0,0,0,0,0,0,0,0,0,0,0,0,0,0,0,0,138,254,227,29,0,0,0,0,0,0,0,0,0,0,0,0,0,0,0,16,222,254,115,0,0,0,0,0,0,0,0,0,0,0,0,0,0,0,0,193,254,192,13,0,0,0,0,0,0,0,0,0,0,0,0,0,0,2,77,251,242,46,0,0,0,0,0,0,0,0,0,0,0,0,0,0,0,20,254,254,78,0,0,0,0,0,0,0,0,0,0,0,0,0,0,0,30,184,254,140,4,0,0,0,0,0,0,0,0,0,0,0,0,0,0,4,169,254,216,8,0,0,0,0,0,20,64,0,0,0,0,0,0,0,0,114,254,241,26,0,0,0,0,31,100,213,126,0,0,0,0,0,0,0,73,247,246,90,0,0,0,27,128,220,254,204,6,0,0,0,0,0,0,2,159,254,165,49,168,197,197,235,254,250,158,27,0,0,0,0,0,0,0,120,254,254,254,254,254,254,254,208,133,19,0,0,0,0,0,0,0,0,0,203,254,254,247,220,189,106,28,9,0,0,0,0,0,0,0,0,0,0,0,213,244,126,49,0,0,0,0,0,0,0,0,0,0,0,0,2
0,0,0,0,0,0,0,0,0,0,0,0,0,0,0,0,0,0,0,0,0,0,0,0,0,0,0,93,255,254,137,0,0,0,0,0,0,0,0,0,0,0,0,0,0,0,0,157,253,253,234,24,0,0,0,0,0,0,0,0,0,0,0,0,0,0,0,14,182,253,253,201,18,0,0,0,0,0,0,0,0,0,0,0,0,0,0,0,4,232,253,253,30,0,0,0,0,0,0,0,0,0,0,0,0,0,0,0,0,231,253,253,30,0,0,0,0,0,0,0,0,0,0,0,0,0,0,0,0,147,253,253,115,0,0,0,0,0,0,0,0,0,0,0,0,0,0,0,0,78,253,253,183,0,0,0,0,0,0,0,0,0,0,0,0,0,0,0,0,68,244,253,183,0,0,0,0,0,0,0,0,0,0,0,0,0,0,0,0,0,177,253,183,0,0,0,0,0,0,0,0,0,0,0,0,0,0,0,0,0,177,253,183,0,0,0,0,0,0,0,0,0,0,0,0,0,0,0,0,55,230,253,183,0,0,0,0,0,0,0,0,0,0,0,0,0,0,0,0,78,253,253,183,0,0,0,0,0,0,0,0,0,0,0,0,0,0,0,0,78,253,253,183,0,0,0,0,0,0,0,0,0,0,0,0,0,0,0,0,78,253,253,81,0,0,0,0,0,0,0,0,0,0,0,0,0,0,0,0,147,253,253,30,0,0,0,0,0,0,0,0,0,0,0,0,0,0,0,0,231,253,253,30,0,0,0,0,0,0,0,0,0,0,0,0,0,0,0,0,231,253,249,29,0,0,0,0,0,0,0,0,0,0,0,0,0,0,0,0,231,253,129,0,0,0,0,0,0,0,0,0,0,0,0,0,0,0,0,0,231,253,156,7,0,0,0,0,0,0,0,1
0,0,0,0,0,0,0,0,0,0,0,0,0,0,0,0,0,0,0,0,0,0,0,0,0,0,0,0,0,0,0,19,47,126,206,255,152,16,0,0,0,0,0,0,0,0,0,0,0,2,116,219,253,253,253,253,253,163,0,0,0,0,0,0,0,0,0,0,0,163,253,253,253,205,71,156,253,251,35,0,0,0,0,0,0,0,0,0,47,243,253,253,206,69,0,79,253,253,36,0,0,0,0,0,0,0,0,68,239,253,253,149,11,0,0,79,253,253,36,0,0,0,0,0,0,0,0,120,253,253,187,16,0,0,0,108,253,206,11,0,0,0,0,0,0,0,0,120,253,249,12,0,0,0,15,215,253,137,0,0,0,0,0,0,0,0,18,195,253,154,0,0,0,0,57,253,248,63,0,0,0,0,0,0,0,0,160,253,201,7,0,0,0,2,223,253,186,0,0,0,0,0,0,0,0,59,224,250,110,0,0,0,0,71,250,253,25,0,0,0,0,0,0,0,67,249,253,155,0,0,0,0,17,177,251,221,15,0,0,0,0,0,0,0,185,253,253,118,0,0,0,0,161,253,253,253,68,0,0,0,0,0,0,28,237,253,253,31,0,0,0,0,249,253,243,133,7,0,0,0,0,0,0,22,226,253,88,2,0,0,0,0,249,243,68,0,0,0,0,0,0,0,0,37,253,245,54,0,0,0,0,103,252,133,0,0,0,0,0,0,0,0,0,37,253,227,0,0,0,1,85,228,182,32,0,0,0,0,0,0,0,0,0,37,253,245,53,5,94,173,253,199,37,0,0,0,0,0,0,0,0,0,0,37,253,253,156,165,253,253,158,8,0,0,0,0,0,0,0,0,0,0,0,14,188,253,253,253,253,201,0,0,0,0,0,0,0,0,0,0,0
0,0,0,0,0,0,0,0,0,0,255,253,227,42,0,0,0,0,0,0,0,0,0,0,0,0,0,0,0,0,253,251,251,142,0,0,0,0,0,0,0,0,0,0,0,0,0,0,0,0,253,251,251,142,0,0,0,0,0,0,0,0,0,0,0,0,0,0,0,0,253,251,251,142,0,0,0,0,0,0,0,0,0,0,0,0,0,0,0,130,253,251,251,142,0,0,0,0,0,0,0,0,0,0,0,0,0,0,0,182,255,253,253,143,0,0,0,0,0,0,0,0,0,0,0,0,0,0,0,180,253,251,251,142,0,0,0,0,0,0,0,0,0,0,0,0,0,0,0,180,253,251,246,123,0,0,0,0,0,0,0,0,0,0,0,0,0,0,0,180,253,251,215,0,0,0,0,0,0,0,0,0,0,0,0,0,0,0,0,180,253,251,215,0,0,0,0,0,0,0,0,0,0,0,0,0,0,0,32,202,255,253,87,0,0,0,0,0,0,0,0,0,0,0,0,0,0,21,190,251,253,251,215,0,0,0,0,0,0,0,0,0,0,0,0,0,0,37,251,251,253,251,60,0,0,0,0,0,0,0,0,0,0,0,0,0,0,37,251,251,253,251,35,0,0,0,0,0,0,0,0,0,0,0,0,0,0,166,251,251,253,147,10,0,0,0,0,0,0,0,0,0,0,0,0,0,0,218,253,253,255,108,0,0,0,0,0,0,0,0,0,0,0,0,0,0,84,236,251,251,253,107,0,0,0,0,0,0,0,0,0,0,0,0,0,11,160,251,251,251,190,15,0,0,0,0,0,0,0,0,0,0,0,0,0,73,251,251,251,251,103,0,0,0,0,0,0,0,0,0,0,0,0,0,0,21,71,226,251,251,0,0,0,0,0,0,0,0,0,0,1
0,0,0,0,0,0,0,0,0,0,0,0,0,0,0,0,0,0,0,0,0,0,0,0,0,0,0,0,0,128,128,255,191,128,255,255,128,64,0,0,0,0,0,0,0,0,0,64,255,255,255,255,255,255,255,255,255,191,64,0,0,0,0,0,0,0,191,255,255,255,255,255,255,255,255,255,255,255,128,0,0,0,0,0,0,191,255,255,255,255,255,255,255,255,255,255,255,255,191,0,0,0,0,0,0,255,255,255,255,255,128,128,191,255,255,255,255,255,255,0,0,0,0,0,0,255,255,255,128,0,0,64,191,255,255,255,255,255,255,0,0,0,0,0,0,255,255,255,0,0,128,255,255,255,255,255,255,255,128,0,0,0,0,0,0,255,255,255,191,64,255,255,255,255,255,191,128,0,0,0,0,0,0,0,0,191,255,255,255,255,255,255,255,255,64,0,0,0,0,0,0,0,0,0,0,64,255,255,255,255,255,255,64,0,0,0,0,0,0,0,0,0,0,0,0,0,64,255,255,255,255,255,0,0,0,0,0,0,0,0,0,0,0,0,0,0,0,255,255,255,255,255,128,0,0,0,0,0,0,0,0,0,0,0,0,0,128,255,255,255,255,255,191,0,0,0,0,0,0,0,0,0,0,0,0,0,255,255,255,191,191,255,255,128,0,0,0,0,0,0,0,0,0,0,0,191,255,255,255,0,64,255,255,191,0,0,0,0,0,0,0,0,0,0,0,255,255,255,64,0,0,255,255,255,0,0,0,0,0,0,0,0,0,0,0,255,255,255,255,255,255,255,255,255,0,0,0,0,0,0,0,0,0,0,0,255,255,255,255,255,255,255,255,191,0,0,0,0,0,0,0,0,0,0,0,255,255,255,255,255,255,255,191,64,0,0,0,0,0,0,8
0,0,0,0,0,0,0,0,0,62,166,253,253,253,253,135,0,0,0,0,0,0,0,0,0,0,0,0,38,234,253,252,252,252,252,246,208,12,0,0,0,0,0,0,0,0,0,0,54,252,253,239,237,237,250,252,252,168,47,0,0,0,0,0,0,0,64,120,221,252,204,23,0,0,118,217,252,252,207,0,0,0,0,0,0,0,134,252,252,252,17,0,0,0,0,134,252,252,246,92,0,0,0,0,0,0,39,214,245,252,119,6,0,0,0,48,252,252,252,103,0,0,0,0,0,0,0,0,193,252,253,123,0,0,120,217,252,252,252,103,0,0,0,0,0,0,0,0,37,215,253,248,141,160,250,252,252,252,209,6,0,0,0,0,0,0,0,0,35,167,253,252,252,252,252,252,252,156,48,0,0,0,0,0,0,0,0,53,228,252,253,252,252,252,252,146,103,6,0,0,0,0,0,0,31,123,253,253,253,253,255,253,253,204,17,0,0,0,0,0,0,0,48,208,221,252,252,252,252,216,253,252,252,132,0,0,0,0,0,0,0,48,221,252,252,252,244,184,88,36,253,252,252,132,0,0,0,0,0,0,50,229,252,252,252,167,63,0,0,0,253,252,252,132,0,0,0,0,0,0,148,252,252,216,133,9,0,0,14,162,253,252,252,132,0,0,0,0,0,0,235,252,241,39,0,0,0,0,150,252,253,252,241,39,0,0,0,0,0,0,105,252,245,71,0,0,72,134,224,252,253,220,111,0,0,0,0,0,0,0,105,252,252,245,238,238,245,252,252,252,253,139,0,0,0,0,0,0,0,0,25,192,252,252,252,252,252,252,252,252,146,10,0,0,0,0,0,0,0,0,0,25,112,252,252,252,252,252,137,103,0,0,0,0,0,0,0,0,0,0,8
0,0,0,0,0,0,0,14,145,230,106,0,0,0,0,0,0,0,0,0,0,0,0,0,0,0,0,74,254,254,253,116,0,0,0,0,0,0,0,0,0,0,0,0,0,0,0,74,254,229,180,253,108,0,0,0,0,0,0,0,0,0,0,0,0,0,0,20,232,254,74,254,155,0,0,0,0,0,0,0,0,0,0,0,0,0,0,0,213,254,42,164,155,0,0,0,0,0,0,0,0,0,0,0,0,0,0,0,121,254,71,156,155,0,26,74,74,167,149,41,0,0,0,0,0,0,0,0,29,254,151,83,137,93,235,254,243,187,92,32,0,0,0,0,0,0,0,0,16,254,253,125,237,254,207,94,25,0,0,0,0,0,0,0,0,0,0,0,9,217,254,254,252,129,10,0,0,0,0,0,0,0,0,0,0,0,0,0,32,221,254,254,92,0,0,0,0,0,0,0,0,0,0,0,0,0,0,59,227,254,254,254,52,0,0,0,0,0,0,0,0,0,0,0,0,0,75,220,195,201,231,254,154,0,0,0,0,0,0,0,0,0,0,0,0,0,167,229,49,22,177,254,155,0,0,0,0,0,0,0,0,0,0,0,0,45,202,241,25,0,12,254,249,4,0,0,0,0,0,0,0,0,0,0,0,116,246,84,0,0,6,254,254,5,0,0,0,0,0,0,0,0,0,0,42,248,220,0,0,0,109,254,254,5,0,0,0,0,0,0,0,0,0,0,99,254,125,0,0,45,225,254,160,2,0,0,0,0,0,0,0,0,0,0,52,254,128,3,67,242,254,201,8,0,0,0,0,0,0,0,0,0,0,0,29,239,245,188,254,240,108,0,0,0,0,0,0,0,0,0,0,0,0,0,0,69,246,255,162,71,0,0,0,0,0,0,0,0,0,0,8
0,0,0,0,0,10,197,252,252,194,19,0,0,0,0,0,0,0,0,0,0,0,0,0,0,128,252,252,202,13,0,0,0,0,0,0,0,0,0,0,0,0,0,0,0,204,253,253,28,0,0,0,0,0,0,0,0,0,0,0,0,0,0,0,101,253,252,233,22,0,0,0,0,0,0,0,0,0,0,0,0,0,0,0,225,253,233,62,0,0,0,0,0,0,0,0,0,0,0,0,0,0,0,0,225,253,196,0,0,0,0,0,0,0,0,0,0,0,0,0,0,0,0,0,226,251,75,0,0,0,0,0,0,29,29,29,4,0,0,0,0,0,0,57,243,200,0,0,0,0,0,0,151,253,252,252,178,26,0,0,0,0,0,123,252,113,0,0,0,0,19,172,246,253,252,252,252,210,28,0,0,0,0,197,252,113,0,0,0,76,231,252,252,253,252,252,252,253,133,0,0,0,0,198,253,114,0,0,63,254,253,253,241,101,0,0,226,254,197,0,0,0,0,197,252,113,0,0,188,253,252,252,65,0,0,0,225,253,171,0,0,0,0,159,252,150,0,0,225,253,252,252,153,86,28,67,246,253,84,0,0,0,0,85,252,250,125,0,225,253,252,252,252,253,209,210,252,228,9,0,0,0,0,0,201,255,253,216,241,254,253,253,253,254,253,253,253,151,0,0,0,0,0,0,0,228,252,252,252,253,252,252,252,253,252,252,227,0,0,0,0,0,0,0,0,31,149,252,252,253,252,252,252,253,252,186,43,0,0,0,0,0,0,0,0,0,7,65,139,203,252,252,151,140,115,6,0,0,0,0,0,0,0,0,0,0,0,0,0,0,0,0,0,0,0,0,0,0,0,0,0,0,0,0,0,0,0,0,0,0,0,0,0,0,0,0,0,0,0,0,6
0,0,0,0,0,0,0,0,0,0,0,0,0,0,0,0,0,0,0,0,0,0,0,0,0,0,0,0,0,0,0,0,0,0,0,0,0,0,0,0,0,0,0,0,0,0,0,0,0,0,0,0,0,18,66,66,158,130,54,0,0,0,0,0,0,0,0,0,0,0,17,84,205,230,254,254,254,254,248,95,0,0,0,0,0,0,0,0,29,96,239,254,254,254,188,179,190,254,254,125,0,0,0,0,0,0,0,0,21,251,242,161,119,25,3,0,4,145,254,196,0,0,0,0,0,0,0,0,26,109,41,0,0,0,0,0,0,163,254,215,0,0,0,0,0,0,0,0,0,0,0,0,0,0,0,29,186,251,232,135,0,0,0,0,0,0,0,0,0,0,0,0,0,0,10,208,254,254,72,0,0,0,0,0,0,0,0,0,0,0,0,0,0,101,200,254,234,30,1,0,0,0,0,0,0,0,0,0,0,0,1,6,135,238,254,251,58,0,0,0,0,0,0,0,42,151,160,160,160,140,104,254,254,254,205,46,0,0,0,0,0,5,116,162,242,254,249,254,254,254,254,254,254,254,245,127,23,16,7,0,16,118,254,249,155,85,57,146,231,254,254,227,254,254,254,254,254,254,122,0,154,254,187,29,26,128,225,253,254,210,49,18,30,30,79,129,37,30,2,0,216,254,141,133,254,254,254,210,137,2,0,0,0,0,0,0,0,0,0,0,242,254,254,255,254,250,114,9,0,0,0,0,0,0,0,0,0,0,0,0,101,164,164,156,65,57,0,0,0,0,0,0,0,0,0,0,0,0,0,0,0,0,0,0,0,0,0,0,0,0,0,0,0,0,0,0,0,0,0,0,0,0,0,0,0,0,0,0,0,0,0,0,0,0,0,0,0,0,0,0,2
0,0,0,0,0,0,0,0,0,0,115,255,237,56,45,47,24,0,0,0,0,0,0,0,0,0,0,0,0,43,232,253,253,234,250,253,226,103,0,0,0,0,0,0,0,0,0,0,9,215,253,253,253,253,253,227,235,251,134,0,0,0,0,0,0,0,0,6,167,253,253,253,253,224,73,19,49,253,139,0,0,0,0,0,0,0,0,27,253,253,253,253,151,13,0,0,75,253,150,0,0,0,0,0,0,0,21,200,253,253,253,185,2,0,0,0,125,253,243,0,0,0,0,0,0,0,122,253,253,253,253,107,0,0,0,0,173,253,194,0,0,0,0,0,0,43,227,253,253,253,194,18,0,0,0,0,228,253,182,0,0,0,0,0,0,132,253,253,253,253,96,0,0,0,0,68,249,253,224,0,0,0,0,0,18,238,253,253,253,248,0,0,0,0,0,182,253,253,139,0,0,0,0,0,166,253,253,253,253,208,0,0,0,0,13,210,253,253,57,0,0,0,0,21,225,253,253,253,253,43,0,0,0,0,109,253,253,187,1,0,0,0,0,73,253,253,253,253,232,27,0,0,0,104,250,253,253,108,0,0,0,0,0,238,253,253,253,252,126,0,0,13,109,250,253,253,136,5,0,0,0,0,0,244,253,253,253,238,0,0,48,189,253,253,253,229,47,0,0,0,0,0,85,253,253,253,253,196,21,111,244,253,253,253,221,47,0,0,0,0,0,0,94,253,253,253,253,253,253,253,253,253,253,166,5,0,0,0,0,0,0,0,14,245,253,253,253,253,253,253,253,249,125,9,0,0,0,0,0,0,0,0,0,221,253,253,253,253,253,252,175,57,0,0,0,0,0,0,0,0,0,0,0,41,226,253,253,247,149,62,0,0,0,0,0,0,0,0,0,0,0
0,0,0,0,0,0,0,0,0,0,0,0,0,0,0,0,0,0,0,0,0,0,0,0,0,0,0,0,0,0,0,0,0,0,0,0,0,0,0,0,0,0,0,0,0,0,0,0,0,0,0,0,0,0,0,0,0,0,43,123,0,0,0,0,0,0,0,0,0,0,0,0,0,0,0,79,112,191,254,253,0,0,0,0,0,0,0,0,0,0,0,15,66,128,207,252,253,245,171,91,0,0,0,0,0,0,0,0,65,64,118,226,253,254,253,195,120,49,0,0,0,0,0,0,0,0,27,195,254,253,253,253,165,42,42,4,0,0,0,0,0,0,0,0,0,0,0,89,107,107,53,0,0,0,0,0,0,0,0,0,0,0,0,0,0,0,0,0,0,0,0,0,0,0,0,0,0,0,0,0,0,0,0,0,0,65,128,216,89,0,0,0,0,0,0,0,0,0,0,0,0,0,0,0,84,212,253,156,0,0,0,0,0,0,0,0,0,0,0,0,0,0,0,81,243,253,156,7,0,0,0,0,0,0,0,0,0,0,0,0,0,0,0,211,255,237,43,43,43,29,0,0,0,0,0,0,0,0,0,0,0,0,0,183,253,253,253,253,254,232,137,29,0,0,0,0,0,0,0,0,0,0,0,4,21,74,127,127,127,213,253,84,0,0,0,0,0,0,0,0,0,0,0,0,0,0,0,0,0,85,253,84,0,0,0,0,0,0,0,0,0,0,0,0,0,0,0,0,0,173,253,84,0,0,0,0,0,0,0,0,0,0,0,0,0,0,0,0,43,228,224,36,0,0,0,0,0,0,0,0,0,0,0,0,0,0,0,0,228,253,127,0,0,0,0,0,0,0,0,0,0,0,0,0,0,73,84,216,251,118,11,0,0,0,0,0,0,0,0,0,5
0,0,0,0,0,38,186,254,255,254,255,215,159,83,49,0,0,0,0,0,0,0,0,0,0,57,254,254,254,254,254,254,254,254,252,246,74,0,0,0,0,0,0,0,0,57,254,240,180,180,180,189,254,254,254,254,245,48,0,0,0,0,0,0,0,3,13,10,0,0,0,2,13,13,48,212,254,216,0,0,0,0,0,0,0,0,0,0,0,0,0,0,0,6,106,249,254,249,0,0,0,0,0,0,0,0,0,0,0,0,0,8,108,235,254,254,254,179,0,0,0,0,0,0,0,0,0,0,0,41,154,232,254,254,254,254,197,8,0,0,0,0,0,0,0,0,0,0,0,201,254,254,254,254,250,134,19,0,0,0,0,0,0,0,0,0,0,0,0,195,254,254,254,210,112,0,0,0,0,0,0,0,0,0,0,0,0,0,0,111,254,254,254,60,0,0,0,0,0,0,0,0,0,0,0,0,0,0,0,7,159,240,254,207,10,0,0,0,0,0,0,0,0,0,0,0,0,0,0,0,7,42,227,254,64,0,0,0,0,0,0,0,0,0,0,0,0,0,0,0,0,0,91,254,133,0,0,0,0,0,0,0,0,0,0,0,0,0,0,0,0,0,65,254,150,0,0,0,0,0,0,0,0,0,0,0,0,0,0,0,0,28,202,254,143,0,0,0,0,0,0,0,0,0,0,0,0,0,0,15,71,241,254,254,64,0,0,0,0,0,183,103,100,128,100,100,118,128,171,228,254,254,254,241,39,0,0,0,0,0,247,254,254,254,254,254,254,254,254,254,254,254,241,63,0,0,0,0,0,0,132,254,254,254,254,254,254,254,254,254,253,239,62,0,0,0,0,0,0,0,0,104,138,167,167,216,254,254,210,96,71,0,0,0,0,0,0,0,0,0,3
0,0,0,0,0,0,0,0,0,0,0,0,0,0,0,0,0,0,0,0,0,0,0,0,0,0,21,144,254,247,163,73,5,0,0,0,0,0,0,0,0,0,0,0,0,53,241,253,253,253,253,254,89,0,0,0,0,0,0,0,0,0,0,0,0,78,254,253,247,186,253,254,245,31,0,0,0,0,0,0,0,0,0,0,0,0,143,253,107,4,93,254,253,36,0,0,0,0,0,0,0,0,0,0,0,0,21,201,11,0,91,254,253,36,0,0,0,0,0,0,0,0,0,0,0,0,0,66,0,6,170,255,192,13,0,0,0,0,0,0,0,0,0,0,0,0,0,0,0,90,253,254,24,0,0,0,0,0,0,0,0,0,0,0,0,0,11,56,140,245,253,254,31,0,0,0,0,0,0,0,0,0,0,0,0,0,112,253,253,253,253,254,222,122,30,0,0,0,0,0,0,0,0,0,0,0,99,253,240,162,162,254,253,253,215,26,0,0,0,0,0,0,0,0,0,0,0,0,0,0,0,27,190,254,254,98,0,0,0,0,0,0,0,0,0,0,0,0,0,0,0,0,4,168,253,247,0,0,0,0,0,0,0,0,0,0,0,0,0,0,0,0,0,140,253,253,66,0,0,0,0,0,0,0,0,0,0,0,0,0,0,0,30,233,253,142,0,0,0,0,0,0,0,0,0,0,0,0,0,0,0,0,210,253,246,46,0,0,0,0,0,0,0,0,0,0,0,0,0,0,0,189,254,254,151,0,0,0,0,0,0,0,0,0,0,0,81,10,8,61,177,254,253,212,23,0,0,0,0,0,0,0,0,0,0,92,254,135,210,253,253,254,199,31,0,0,0,0,0,0,0,0,0,0,0,181,254,253,253,251,235,119,4,0,0,0,0,0,0,0,3
0,0,0,0,0,0,0,0,0,0,0,0,0,0,0,0,0,0,0,0,0,0,0,0,0,0,0,0,0,0,0,0,0,0,0,0,0,0,0,0,0,0,0,0,0,0,0,0,0,0,0,41,163,203,82,0,0,0,0,82,0,0,0,0,0,0,0,0,0,0,113,193,254,253,234,30,31,92,153,233,0,0,0,0,0,0,0,0,21,142,253,252,253,252,253,212,233,252,253,252,0,0,0,0,0,0,0,0,214,253,244,122,0,163,254,253,254,253,204,122,0,0,0,0,0,0,21,183,253,212,81,0,0,0,50,50,50,50,0,0,0,0,0,0,0,0,173,253,254,91,0,0,0,0,0,0,0,0,0,0,0,0,0,0,21,183,253,252,91,10,0,0,0,0,0,0,0,0,0,0,0,0,0,0,113,253,254,253,254,213,152,71,0,0,0,0,0,0,0,0,0,0,0,0,193,252,253,252,253,252,253,252,102,20,0,0,0,0,0,0,0,0,0,0,62,183,102,102,0,0,62,183,234,71,0,0,0,0,0,0,0,0,0,0,0,0,0,0,0,0,0,81,253,212,0,0,0,0,0,0,0,0,0,0,0,0,0,0,0,0,0,41,254,253,62,0,0,0,0,0,0,0,0,82,102,20,0,0,0,0,0,82,253,252,20,0,0,0,0,0,0,0,152,253,224,61,0,0,0,0,0,123,254,213,41,0,0,0,0,0,0,0,233,252,122,0,0,0,0,0,123,243,233,70,0,0,0,0,0,0,0,0,123,243,234,112,52,51,72,193,255,253,183,20,0,0,0,0,0,0,0,0,21,182,253,252,253,252,253,252,253,171,40,0,0,0,0,0,0,0,0,0,0,0,163,203,203,203,203,122,41,0,0,0,0,0,0,0,0,0,5
0,0,0,0,0,0,0,0,0,0,0,0,0,0,0,0,0,0,0,0,0,0,0,0,0,0,0,11,173,254,172,152,112,51,51,72,152,173,253,102,0,0,0,0,0,0,0,92,252,253,252,253,252,253,252,253,252,253,212,61,0,0,0,0,0,0,0,173,253,254,253,254,253,254,253,254,233,102,20,0,0,0,0,0,0,0,41,253,252,112,151,131,212,151,111,50,30,0,0,0,0,0,0,0,0,0,203,254,151,0,0,0,0,0,0,0,0,0,0,0,0,0,0,0,0,41,243,253,70,0,0,0,0,0,0,0,0,0,0,0,0,0,0,0,0,254,253,234,152,113,112,51,10,0,0,0,0,0,0,0,0,0,0,0,82,253,252,253,252,253,252,253,212,142,20,0,0,0,0,0,0,0,0,0,183,254,253,254,253,254,253,254,253,254,213,21,0,0,0,0,0,0,0,0,20,253,171,151,232,253,252,253,252,253,252,102,0,0,0,0,0,0,0,0,0,0,0,0,0,0,0,62,102,254,253,203,0,0,0,0,0,0,0,0,0,0,0,0,0,0,0,0,0,253,252,203,0,0,0,0,0,0,0,0,0,0,0,0,0,0,0,0,0,254,253,142,0,0,0,0,0,0,0,0,0,0,0,0,0,0,0,0,0,253,252,20,0,0,0,0,0,0,0,0,0,0,0,0,0,0,0,0,163,254,192,0,0,0,0,0,0,0,0,82,162,0,0,0,0,0,0,21,223,253,111,0,0,0,0,0,0,0,62,255,253,153,152,92,92,153,152,254,253,203,20,0,0,0,0,0,0,0,102,253,252,253,252,253,252,253,252,253,252,61,0,0,0,0,0,0,0,0,102,255,253,255,253,254,253,254,253,224,81,0,0,0,0,0,0,0,5
0,0,0,0,0,0,0,0,0,0,0,0,0,0,0,0,0,0,0,0,0,0,0,0,0,0,0,21,73,99,253,253,255,253,253,253,253,255,253,253,0,0,0,0,0,0,105,176,251,251,251,251,253,251,251,251,251,253,251,251,0,0,0,0,0,0,180,253,251,251,235,215,216,215,189,113,86,35,35,35,0,0,0,0,0,0,180,253,251,157,82,0,0,0,0,0,0,0,0,0,0,0,0,0,0,0,180,253,251,35,0,0,0,0,0,0,0,0,0,0,0,0,0,0,11,150,253,255,108,0,0,0,0,0,0,0,0,0,0,0,0,0,0,0,140,251,251,253,107,0,0,0,0,0,0,0,0,0,0,0,0,0,11,37,221,251,251,201,30,0,0,0,0,0,0,0,0,0,0,0,0,0,73,251,251,251,251,253,169,109,109,109,0,0,0,0,0,0,0,0,0,0,73,251,251,251,251,253,251,251,251,251,130,0,0,0,0,0,0,0,0,0,53,180,180,180,180,182,180,243,253,253,255,253,87,0,0,0,0,0,0,0,0,0,0,0,0,0,0,93,107,210,253,251,215,0,0,0,0,0,0,0,0,0,0,0,0,0,0,0,0,25,227,251,246,138,11,0,0,0,0,0,0,0,0,0,0,0,0,0,0,0,73,251,251,251,71,0,0,0,0,0,0,0,0,0,0,0,0,0,0,0,73,251,251,251,71,0,0,0,0,0,0,0,0,0,0,0,0,0,0,0,73,253,253,253,72,0,0,0,0,0,0,0,125,144,41,0,0,0,0,105,176,251,251,188,30,0,0,0,0,0,0,0,190,251,226,218,113,192,217,241,253,251,220,20,0,0,0,0,0,0,0,0,21,142,220,253,251,251,251,251,253,251,137,0,0,0,0,0,5
0,0,0,0,0,0,0,0,0,0,0,0,0,0,0,0,0,0,0,0,0,0,0,0,0,0,0,0,0,0,108,235,170,241,241,241,241,216,0,0,0,0,0,0,0,0,0,0,0,0,254,253,253,253,253,253,253,250,221,45,0,0,0,0,0,0,0,0,47,81,254,253,253,253,253,253,253,253,253,162,0,0,0,0,0,0,32,201,231,253,223,222,186,186,239,253,253,253,253,253,0,0,0,0,0,12,86,253,253,253,106,35,0,0,53,106,253,253,253,253,0,0,0,0,11,156,253,253,253,253,0,0,0,0,0,17,199,253,253,161,0,0,0,0,82,253,253,253,238,155,0,0,0,0,0,35,224,253,253,120,0,0,0,47,231,253,253,238,45,0,0,0,0,0,4,135,253,253,253,120,0,0,0,151,253,253,161,107,0,0,0,0,0,0,138,253,253,253,253,120,0,0,229,254,254,254,80,0,0,0,0,0,0,103,227,254,255,255,177,0,0,103,252,253,253,145,4,0,0,0,0,0,146,251,253,253,253,228,6,0,45,232,253,253,228,42,0,0,0,0,0,146,251,253,253,253,238,72,0,0,121,253,253,185,29,0,0,9,81,151,215,251,253,253,253,253,100,0,0,0,121,253,253,237,95,68,89,206,253,253,254,253,253,253,235,158,17,0,0,0,220,253,253,253,253,253,253,253,253,253,254,253,253,236,77,0,0,0,0,0,162,253,253,253,253,253,253,253,253,253,255,236,163,55,0,0,0,0,0,0,109,238,253,253,253,253,253,253,252,226,94,54,0,0,0,0,0,0,0,0,0,45,226,240,240,240,147,107,101,0,0,0,0,0,0,0,0,0,0,0,0,0,0,0,0,0,0,0,0,0,0,0,0,0,0,0,0,0,0,0,0
0,0,0,0,0,0,0,0,0,0,0,0,0,0,0,0,0,0,0,0,0,0,0,0,0,0,0,0,0,58,170,255,202,118,42,0,0,0,0,0,0,0,0,0,0,0,0,32,178,249,253,254,253,253,245,203,20,0,0,0,0,0,0,0,0,0,11,193,253,253,253,254,253,253,253,253,179,3,0,0,0,0,0,0,0,0,183,253,253,245,169,177,232,250,242,253,254,18,0,0,0,0,0,0,0,98,254,253,240,61,0,0,16,62,44,253,254,50,0,0,0,0,0,0,0,182,255,254,127,0,0,0,0,0,19,254,255,109,0,0,0,0,0,0,0,181,254,253,127,0,0,0,0,8,166,253,254,56,0,0,0,0,0,0,0,181,254,253,144,108,128,128,95,210,253,253,243,15,0,0,0,0,0,0,0,135,254,253,253,253,253,254,253,253,253,214,39,0,0,0,0,0,0,0,0,0,189,253,253,253,253,254,253,253,253,227,0,0,0,0,0,0,0,0,0,0,163,254,254,254,254,255,254,254,254,254,228,38,0,0,0,0,0,0,0,0,182,253,253,132,18,18,70,121,241,253,254,192,0,0,0,0,0,0,0,46,254,253,247,46,0,0,0,0,44,253,254,198,0,0,0,0,0,0,0,162,254,253,177,0,0,0,0,0,97,253,254,159,0,0,0,0,0,0,14,232,254,253,127,0,0,0,0,14,218,253,254,43,0,0,0,0,0,0,135,254,255,192,13,0,0,0,62,241,254,254,98,0,0,0,0,0,0,0,199,253,254,108,0,0,40,114,239,253,236,18,0,0,0,0,0,0,0,0,199,253,254,232,217,217,243,254,253,234,85,0,0,0,0,0,0,0,0,0,152,248,254,253,253,253,253,242,130,46,0,0,0,0,0,0,8
0,0,0,0,0,0,0,0,0,0,0,0,5,59,59,59,179,254,254,102,0,0,0,0,0,0,0,17,185,214,214,215,217,253,253,253,254,253,253,130,0,0,0,0,0,0,0,118,253,253,253,254,253,253,253,192,116,160,174,43,0,0,0,0,0,0,0,132,253,247,138,95,19,19,19,5,0,0,0,0,0,0,0,0,0,0,0,214,253,213,0,0,0,0,0,0,0,0,0,0,0,0,0,0,0,0,82,254,254,95,0,0,0,0,0,0,0,0,0,0,0,0,0,0,0,0,156,253,253,37,58,20,3,0,0,0,0,0,0,0,0,0,0,0,0,0,224,253,253,253,253,254,187,108,36,0,0,0,0,0,0,0,0,0,0,16,254,253,240,213,213,223,253,253,243,159,16,0,0,0,0,0,0,0,0,173,254,253,137,0,0,14,58,126,245,253,135,0,0,0,0,0,0,0,0,196,255,219,30,0,0,0,0,0,137,254,196,0,0,0,0,0,0,0,0,68,136,73,0,0,0,0,0,0,54,253,195,0,0,0,0,0,0,0,0,0,0,0,0,0,0,0,0,0,40,253,236,27,0,0,0,0,0,0,0,0,0,0,0,0,0,0,0,0,40,253,254,39,0,0,0,0,0,0,0,0,0,0,0,0,0,0,0,0,77,253,254,39,0,0,0,0,28,89,156,119,156,84,23,0,0,0,0,0,137,254,218,15,0,0,0,0,200,253,253,253,254,235,229,214,214,188,15,14,221,253,195,0,0,0,0,0,184,253,253,253,254,253,253,253,253,236,175,229,253,253,98,0,0,0,0,0,17,117,206,229,254,253,253,253,253,254,253,240,213,101,0,0,0,0,0,0,0,0,0,23,119,238,253,253,253,231,155,70,0,0,0,0,0,0,5
0,0,0,0,0,0,0,0,0,0,0,0,0,0,0,0,0,0,0,0,0,0,0,0,0,0,0,151,253,165,0,0,0,0,0,0,0,0,0,0,0,0,0,0,0,0,0,203,252,252,36,0,0,0,0,0,0,0,0,0,0,0,0,0,0,0,0,90,252,252,149,0,0,0,0,0,0,0,0,0,0,0,0,0,0,0,0,90,252,252,149,0,0,0,0,0,0,0,0,0,0,0,0,0,0,0,0,90,252,252,241,39,0,0,0,0,0,0,0,0,0,0,0,0,0,0,0,90,252,252,253,44,0,0,0,0,0,0,0,0,0,0,0,0,0,0,0,42,221,252,253,123,0,0,0,0,0,0,0,0,0,0,0,0,0,0,0,0,53,252,253,192,0,0,0,0,0,0,0,0,0,0,0,0,0,0,0,0,11,172,253,192,0,0,0,0,0,0,0,0,0,0,0,0,0,0,0,0,0,149,253,192,0,0,0,0,0,0,0,0,0,0,0,0,0,0,0,0,0,149,255,253,89,0,0,0,0,0,0,0,0,0,0,0,0,0,0,0,0,149,253,252,88,0,0,0,0,0,0,0,0,0,0,0,0,0,0,0,0,149,253,252,88,0,0,0,0,0,0,0,0,0,0,0,0,0,0,0,0,149,253,252,88,0,0,0,0,0,0,0,0,0,0,0,0,0,0,0,0,149,253,252,88,0,0,0,0,0,0,0,0,0,0,0,0,0,0,0,0,149,253,252,88,0,0,0,0,0,0,0,0,0,0,0,0,0,0,0,0,149,253,252,88,0,0,0,0,0,0,0,0,0,0,0,0,0,0,0,0,149,253,252,229,0,0,0,0,0,0,0,0,0,0,0,0,0,0,0,0,35,227,252,237,0,0,0,0,0,0,0,1
0,0,0,0,0,0,0,0,0,0,0,0,0,0,0,0,0,0,0,0,0,0,0,0,0,0,0,0,9,125,141,224,162,0,0,0,0,0,0,0,0,0,0,0,0,0,24,132,204,254,254,254,144,0,0,0,0,0,0,0,0,0,0,0,0,25,166,254,248,138,20,20,1,0,0,0,0,0,0,0,0,0,0,0,0,130,255,250,95,0,0,0,0,0,0,0,0,0,0,0,0,0,0,0,46,232,250,181,0,0,0,0,0,0,0,0,0,0,0,0,0,0,0,24,231,254,114,0,0,0,0,0,0,0,0,0,0,0,0,0,0,0,0,127,254,254,76,0,0,0,0,0,0,2,19,110,110,82,6,0,0,0,20,247,254,164,0,0,0,0,0,21,113,190,254,254,254,254,250,156,0,0,134,254,254,84,0,0,0,3,121,223,254,254,254,183,204,254,254,254,0,47,254,254,113,1,0,0,11,174,254,238,213,133,11,2,3,33,157,254,0,84,254,242,44,0,0,6,172,254,254,120,0,0,0,0,0,0,11,254,0,207,254,162,0,0,0,128,254,252,98,3,0,0,0,0,16,103,183,247,0,181,254,188,0,0,85,246,254,206,0,0,0,0,42,153,218,254,251,136,0,35,218,251,229,229,204,254,254,254,229,229,229,229,243,254,254,213,125,0,0,0,31,140,237,254,254,254,254,254,254,254,254,254,254,206,93,27,0,0,0,0,0,0,27,90,140,140,140,140,140,140,123,36,36,11,0,0,0,0,0,0,0,0,0,0,0,0,0,0,0,0,0,0,0,0,0,0,0,0,0,0,0,0,0,0,0,0,0,0,0,0,0,0,0,0,0,0,0,0,0,0,0,0,0,0,0,0,0,0,0,0,0,0,0,0,0,0,0,0,6
0,0,0,0,0,0,0,2,89,240,254,254,254,254,109,0,0,0,0,0,0,0,0,0,0,0,2,128,254,248,172,87,140,254,113,0,0,0,0,0,0,0,0,0,0,0,124,252,185,36,0,0,88,254,131,0,0,0,0,0,0,0,0,0,0,0,153,121,0,0,0,0,145,254,74,0,0,0,0,0,0,0,0,0,0,0,0,0,0,0,0,5,225,254,25,0,0,0,0,0,0,0,0,0,0,0,0,0,0,0,0,88,254,219,14,0,0,0,0,0,0,0,0,0,0,0,0,0,0,0,7,205,254,74,0,0,0,0,0,0,0,0,0,0,0,0,0,0,0,0,127,254,216,15,0,0,0,0,0,0,0,0,0,0,0,0,0,0,0,49,247,254,76,0,0,0,0,0,0,0,0,0,0,0,0,0,0,7,127,234,254,254,246,194,28,0,0,0,0,0,0,0,0,0,0,39,110,123,254,254,197,164,231,254,233,34,0,0,0,0,0,0,0,4,151,241,123,27,184,131,19,0,36,135,249,213,9,0,0,0,0,0,0,138,254,109,0,0,0,0,0,0,0,0,211,254,36,0,0,0,0,0,0,184,254,63,0,0,0,0,0,0,0,0,167,254,100,0,0,0,0,0,0,184,254,63,0,0,0,0,0,0,0,16,237,254,51,0,0,0,0,0,0,83,254,191,0,0,0,0,0,0,0,188,254,190,7,0,0,0,0,0,0,7,213,253,141,66,0,0,0,82,177,253,236,46,0,0,0,0,0,0,0,0,13,188,254,254,247,247,247,253,254,210,105,0,0,0,0,0,0,0,0,0,0,2,78,209,254,254,254,210,126,39,0,0,0,0,0,0,0,0,0,0,0,0,0,0,0,0,0,0,0,0,0,0,0,0,0,0,3
0,0,0,0,0,0,0,0,0,0,0,0,0,0,0,0,0,0,0,0,0,0,0,0,0,0,0,0,0,0,0,0,0,0,0,0,0,0,0,0,0,0,0,0,0,0,0,0,0,0,0,0,0,0,0,0,0,0,0,0,0,0,0,0,0,0,0,128,128,128,128,255,255,255,191,128,0,0,0,0,0,0,0,0,0,191,255,255,255,255,255,255,255,255,255,255,64,0,0,0,0,0,0,0,128,255,255,255,255,255,255,255,255,255,255,255,128,0,0,0,0,0,0,0,128,255,255,255,191,128,64,0,0,128,255,255,191,0,0,0,0,0,0,0,0,128,128,0,0,0,0,0,0,0,255,255,128,0,0,0,0,0,0,0,0,0,0,0,0,0,0,0,0,64,255,255,0,0,0,0,0,0,0,0,0,0,0,0,0,0,0,0,0,255,255,255,0,0,0,0,0,0,0,0,0,0,0,0,0,0,0,0,128,255,255,64,0,0,0,0,0,0,0,0,0,0,0,0,0,0,0,0,255,255,128,0,0,0,0,0,0,0,0,0,0,0,0,0,0,0,0,191,255,255,64,0,0,0,0,0,0,0,0,0,0,0,0,0,0,0,64,255,255,191,0,0,0,0,0,0,0,0,0,0,0,0,0,0,0,0,255,255,255,0,0,0,0,0,0,0,0,0,0,0,0,0,0,0,0,128,255,255,191,0,0,0,0,0,0,0,0,0,0,0,0,0,0,0,64,255,255,128,0,0,0,0,0,0,0,0,0,0,0,0,0,0,0,0,191,255,191,64,0,0,0,0,0,0,0,0,0,0,0,0,0,0,0,0,255,255,128,0,0,0,0,0,0,0,0,0,0,0,0,0,0,0,0,64,255,191,0,0,0,0,0,0,0,0,0,0,7
0,0,0,0,0,0,0,0,0,0,0,0,0,0,0,0,0,0,0,0,0,0,0,0,0,0,0,23,140,199,175,129,16,7,0,0,0,0,0,0,0,0,0,0,0,0,69,222,253,253,254,253,253,217,116,0,0,0,0,0,0,0,0,0,15,207,241,253,253,253,254,253,253,253,253,65,0,0,0,0,0,0,0,0,169,254,253,253,197,86,32,31,71,180,249,80,0,0,0,0,0,0,0,40,247,254,243,120,7,0,0,0,0,0,163,203,0,0,0,0,0,0,0,119,254,255,167,0,0,0,0,0,0,4,190,239,0,0,0,0,0,0,0,142,253,254,142,0,0,0,0,0,6,162,253,168,0,0,0,0,0,0,0,92,250,254,93,0,0,0,18,83,175,253,253,65,0,0,0,0,0,0,0,0,238,254,239,207,142,142,234,253,253,253,143,0,0,0,0,0,0,0,0,0,138,254,253,253,253,253,254,253,253,253,115,0,0,0,0,0,0,0,0,0,0,189,250,254,254,254,249,203,173,252,254,30,0,0,0,0,0,0,0,0,0,2,198,253,245,123,40,0,0,152,253,90,0,0,0,0,0,0,0,0,0,16,253,244,80,0,0,0,0,12,226,223,0,0,0,0,0,0,0,0,0,16,253,160,0,0,0,0,0,0,158,252,56,0,0,0,0,0,0,0,0,16,253,127,0,0,0,0,0,0,158,254,63,0,0,0,0,0,0,0,0,16,254,127,0,0,0,0,0,4,190,254,60,0,0,0,0,0,0,0,0,16,253,206,131,165,112,77,32,137,253,238,0,0,0,0,0,0,0,0,0,6,214,253,253,253,254,253,253,253,253,133,0,0,0,0,0,0,0,0,0,2,126,241,253,253,254,253,253,253,163,10,0,0,0,0,8
0,0,0,0,0,0,0,0,0,0,0,0,92,254,254,198,16,0,0,0,0,0,0,0,0,0,0,0,0,0,0,45,246,253,253,31,3,0,0,0,0,0,0,0,0,0,0,0,0,0,21,110,253,253,216,9,0,0,0,0,0,0,0,0,0,0,0,0,0,0,17,202,253,253,129,0,0,0,0,0,0,0,0,0,0,0,0,0,0,0,0,186,253,252,112,0,0,0,0,0,0,0,0,0,0,0,0,0,0,0,117,226,253,171,0,0,0,0,0,0,0,0,0,0,0,0,0,0,0,0,140,253,253,175,0,0,0,0,0,0,0,0,0,0,0,0,0,0,0,49,232,253,238,50,0,0,0,0,0,0,0,0,0,0,0,0,0,0,0,32,223,253,253,109,0,0,0,0,0,0,0,0,0,0,0,0,0,0,68,209,253,240,169,21,0,0,0,0,0,0,0,0,0,0,0,0,0,0,221,253,253,130,0,0,0,0,0,0,0,0,0,0,0,0,0,0,0,0,200,253,253,205,0,0,0,0,0,0,0,0,0,0,0,0,0,0,1,79,251,253,251,199,0,0,0,0,0,0,0,0,0,0,0,0,0,0,14,253,253,253,184,0,0,0,0,0,0,0,0,0,0,0,0,0,0,0,70,253,253,253,128,0,0,0,0,0,0,0,0,0,0,0,0,0,0,0,32,253,253,253,166,0,0,0,0,0,0,0,0,0,0,0,0,0,0,0,123,253,253,253,77,0,0,0,0,0,0,0,0,0,0,0,0,0,0,122,223,253,253,116,14,0,0,0,0,0,0,0,0,0,0,0,0,0,0,172,253,253,244,76,0,0,0,0,0,0,0,0,0,0,0,0,0,0,0,98,253,253,143,0,0,0,0,0,0,0,0,0,0,0,1
0,0,0,0,0,0,0,0,0,0,0,0,0,0,0,0,0,0,0,0,0,0,0,0,0,0,0,0,0,0,0,0,0,0,0,0,0,0,0,0,0,0,0,0,0,0,0,153,135,2,0,41,88,165,167,254,255,254,209,117,0,0,0,0,0,0,0,187,254,216,235,248,254,254,254,254,254,254,254,252,0,0,0,0,0,0,5,200,254,240,250,254,254,254,254,254,223,154,116,75,0,0,0,0,0,0,23,254,254,138,180,254,224,149,128,40,16,0,0,0,0,0,0,0,0,0,54,254,254,23,13,53,10,0,0,0,0,0,0,0,0,0,0,0,0,0,92,254,221,3,0,0,0,0,0,0,0,0,0,0,0,0,0,0,0,25,237,254,169,0,0,0,0,0,0,0,0,0,0,0,0,0,0,0,0,149,254,254,193,2,0,0,0,0,0,0,0,0,0,0,0,0,0,0,29,237,254,254,254,212,31,0,0,0,0,0,0,0,0,0,0,0,0,0,50,254,254,254,254,254,215,17,0,0,0,0,0,0,0,0,0,0,0,0,50,254,243,99,44,251,254,31,0,0,0,0,0,0,0,0,0,0,0,0,12,102,103,0,0,143,254,140,4,0,0,0,0,0,0,0,0,0,0,0,0,0,0,0,0,20,241,254,44,0,0,0,0,0,0,0,0,0,0,0,0,0,0,0,0,0,237,254,44,0,0,0,0,0,0,0,0,0,0,0,0,0,0,0,0,0,237,254,44,0,0,0,0,0,0,0,0,0,0,33,44,0,0,0,0,66,252,213,4,0,0,0,0,0,0,0,0,0,0,43,216,80,0,0,0,194,254,119,0,0,0,0,0,0,0,0,0,0,0,0,115,247,197,117,177,253,247,28,0,0,0,0,0,0,0,0,5
0,0,0,0,0,0,0,0,0,0,0,0,0,0,0,0,0,0,0,0,0,0,0,0,0,0,0,0,0,0,0,0,0,0,0,0,0,0,0,0,0,0,0,0,0,0,0,0,0,0,0,0,0,0,0,0,0,0,0,0,0,0,0,0,0,0,0,0,0,0,0,0,0,0,0,0,0,0,0,0,0,0,0,0,0,0,0,0,0,0,0,0,0,0,0,0,0,0,0,16,0,0,0,0,0,0,0,0,0,0,0,0,0,0,31,52,89,120,200,248,0,0,0,0,0,65,114,69,49,75,123,177,201,242,250,254,254,240,201,76,0,0,0,0,0,131,254,254,254,254,254,254,249,209,171,108,93,11,0,0,0,0,0,0,75,247,234,104,84,84,84,26,17,0,0,0,0,0,0,0,0,0,0,0,200,254,128,53,0,0,0,0,0,0,0,0,0,0,0,0,0,0,0,0,80,200,253,250,175,27,0,0,0,0,0,0,0,0,0,0,0,0,0,0,0,0,40,181,252,207,43,0,0,0,0,0,0,0,0,0,0,0,0,0,0,0,0,0,41,210,242,106,0,0,0,0,0,0,0,0,0,0,0,0,0,0,0,0,0,71,254,134,0,0,0,0,0,0,0,0,0,0,0,0,0,0,0,0,0,126,254,94,0,0,0,0,0,0,0,0,0,0,0,0,0,0,0,0,67,240,215,16,0,0,0,0,0,0,0,0,0,0,0,0,0,0,0,72,246,238,62,0,0,0,0,0,0,0,0,0,0,0,78,11,7,13,136,248,205,51,0,0,0,0,0,0,0,0,0,0,0,0,99,235,227,255,253,173,9,0,0,0,0,0,0,0,0,0,0,0,0,0,0,13,69,120,48,0,0,0,0,0,0,0,0,0,0,0,0,0,5
0,0,0,0,0,0,0,0,0,0,0,0,0,0,0,0,0,0,0,0,0,0,0,0,0,0,0,0,0,0,0,0,0,0,0,0,0,0,0,0,0,0,72,164,80,145,79,124,164,93,137,25,25,45,0,0,0,0,0,0,0,0,240,254,252,254,254,254,254,254,254,249,249,244,96,100,0,0,0,0,0,51,203,254,254,254,240,185,221,231,254,254,254,254,254,254,146,0,0,0,0,0,5,17,17,17,14,0,9,11,17,17,26,82,238,254,251,69,0,0,0,0,0,0,0,0,0,0,0,0,0,0,16,154,249,254,252,88,0,0,0,0,0,0,0,0,0,0,0,61,143,182,232,254,254,250,126,8,0,0,0,0,0,0,0,0,0,17,204,250,254,254,254,254,254,254,109,0,0,0,0,0,0,0,0,0,0,71,236,254,254,254,250,227,254,254,253,100,0,0,0,0,0,0,0,0,0,83,241,211,140,56,35,17,39,181,254,252,42,0,0,0,0,0,0,0,0,0,29,0,0,0,0,0,0,24,230,254,212,0,0,0,0,0,0,0,0,0,0,0,0,0,0,0,0,5,205,255,227,0,82,0,0,0,0,0,0,0,0,0,0,0,0,0,0,19,230,254,119,0,238,199,57,0,0,0,0,0,0,0,0,0,0,3,62,168,254,232,0,0,254,254,215,109,29,3,0,0,0,0,0,3,40,200,254,254,236,45,0,0,254,254,254,254,254,148,105,75,105,105,145,198,254,254,254,243,44,0,0,0,125,239,254,254,254,254,254,254,254,254,254,254,254,253,200,42,0,0,0,0,0,0,99,125,239,249,253,254,254,250,187,176,92,67,0,0,0,0,0,0,0,0,0,0,0,27,69,78,78,40,0,0,0,0,0,0,0,0,0,0,3
0,0,0,0,0,0,0,0,0,0,0,0,0,0,0,0,0,0,0,0,0,0,0,0,0,0,0,0,0,0,0,0,7,62,121,209,171,0,0,0,0,0,0,0,0,0,0,0,0,0,38,186,225,254,254,254,246,36,0,0,0,0,0,0,0,0,0,0,0,34,225,254,234,168,165,233,254,86,0,0,0,0,0,0,0,0,0,1,80,209,255,180,19,0,0,24,224,62,0,0,0,0,0,0,0,0,0,5,254,254,154,5,0,0,0,0,149,94,0,0,0,0,0,0,0,0,0,103,255,156,4,0,0,0,0,6,205,129,0,0,0,0,0,0,0,0,0,219,215,23,0,0,0,0,0,48,244,35,0,0,0,0,0,0,0,0,83,246,48,0,0,0,0,0,4,186,217,0,0,0,0,0,0,0,0,0,215,160,0,0,0,0,0,0,44,246,55,0,0,0,0,0,0,0,0,43,244,76,0,0,0,0,0,0,192,195,0,0,0,0,0,0,0,0,0,142,216,4,0,0,0,0,0,82,252,70,0,0,0,0,0,0,0,0,0,214,110,0,0,0,0,0,17,234,226,0,0,0,0,0,0,0,0,0,0,223,77,0,0,0,0,0,139,254,39,0,0,0,0,0,0,0,0,0,49,254,20,0,0,0,0,93,245,174,2,0,0,0,0,0,0,0,0,0,34,201,6,0,0,0,68,243,249,38,0,0,0,0,0,0,0,0,0,0,60,194,0,0,0,69,242,248,63,0,0,0,0,0,0,0,0,0,0,0,129,243,31,15,107,242,247,90,0,0,0,0,0,0,0,0,0,0,0,0,50,247,210,177,254,248,64,0,0,0,0,0,0,0,0,0,0,0,0,0,0,223,254,254,223,42,0,0,0,0,0,0,0,0,0,0,0
0,0,0,0,0,0,0,0,0,0,0,0,0,0,0,0,0,0,0,0,0,0,0,0,0,0,0,0,0,0,0,0,0,0,0,0,0,0,0,0,0,0,0,0,0,0,0,0,0,0,55,137,191,203,167,151,69,0,0,0,0,0,0,0,0,0,0,8,107,191,251,254,254,254,254,254,253,75,0,0,0,0,0,0,0,0,42,190,254,251,192,135,81,17,17,89,245,76,0,0,0,0,0,0,0,43,226,254,177,80,0,0,0,0,11,119,238,47,0,0,0,0,0,0,10,183,254,185,9,0,0,0,0,0,68,254,248,86,0,0,0,0,0,0,96,254,194,42,0,0,0,0,0,106,234,248,98,0,0,0,0,0,0,0,140,254,143,6,0,0,0,54,169,250,254,161,0,0,0,0,0,0,0,0,101,251,254,196,112,193,193,254,254,254,171,9,0,0,0,0,0,0,0,0,0,106,230,249,254,253,248,255,254,206,7,0,0,0,0,0,0,0,0,0,0,0,0,36,79,76,119,254,205,33,0,0,0,0,0,0,0,0,0,0,0,0,0,0,0,95,254,231,36,0,0,0,0,0,0,0,0,0,0,0,0,0,0,0,36,227,254,97,0,0,0,0,0,0,0,0,0,0,0,0,0,0,0,37,192,254,150,0,0,0,0,0,0,0,0,0,0,0,0,0,0,0,0,132,254,197,8,0,0,0,0,0,0,0,0,0,0,0,0,0,0,0,77,247,229,46,0,0,0,0,0,0,0,0,0,0,0,0,0,0,0,7,202,250,98,0,0,0,0,0,0,0,0,0,0,0,0,0,0,0,0,124,254,148,2,17,0,0,0,0,0,0,0,0,0,0,0,0,0,0,77,245,254,115,196,86,0,0,0,0,0,0,0,0,0,0,9
0,0,0,0,0,0,0,0,0,0,0,0,0,0,0,0,0,0,0,0,0,0,0,0,0,0,0,0,0,0,0,0,0,0,15,195,185,0,0,0,0,0,0,0,0,0,0,0,0,0,0,0,0,0,91,253,101,0,0,0,0,0,0,0,0,0,0,0,0,0,0,0,0,38,245,253,17,0,0,0,0,0,0,0,0,0,0,0,0,0,0,0,0,181,253,151,0,0,0,0,0,0,0,0,0,0,0,0,0,0,0,0,104,254,205,25,0,0,0,0,0,0,0,0,0,0,0,0,0,0,0,0,120,253,179,0,0,0,0,0,0,0,0,0,0,0,0,0,0,0,3,91,237,223,42,0,0,0,0,0,0,0,0,0,0,0,0,0,0,0,15,228,254,81,0,0,0,0,0,0,0,0,0,0,0,0,0,0,0,0,174,254,127,0,0,0,0,0,0,0,0,0,0,0,0,0,0,0,0,177,249,135,9,0,0,0,0,0,0,0,0,0,0,0,0,0,0,0,132,249,225,29,0,0,0,0,0,0,0,0,0,0,0,0,0,0,0,0,161,253,137,0,0,0,0,0,0,0,0,0,0,0,0,0,0,0,0,127,255,173,0,0,0,0,0,0,0,0,0,0,0,0,0,0,0,0,72,239,216,27,0,0,0,0,0,0,0,0,0,0,0,0,0,0,0,30,212,244,67,0,0,0,0,0,0,0,0,0,0,0,0,0,0,0,0,172,253,128,0,0,0,0,0,0,0,0,0,0,0,0,0,0,0,0,121,254,180,0,0,0,0,0,0,0,0,0,0,0,0,0,0,0,0,17,220,177,4,0,0,0,0,0,0,0,0,0,0,0,0,0,0,0,0,127,254,23,0,0,0,0,0,0,0,0,0,0,0,0,0,0,1
0,0,0,0,0,0,59,141,194,104,134,134,9,0,0,0,0,0,0,0,0,0,0,0,4,132,254,253,253,253,253,254,39,0,0,0,0,0,0,0,0,0,0,0,70,253,254,253,253,253,253,213,12,0,0,0,0,0,0,0,0,0,0,0,136,253,254,253,253,216,138,90,0,0,0,0,0,0,0,0,0,0,0,61,226,253,231,147,58,5,0,0,0,0,0,0,0,0,0,0,0,0,0,79,254,254,99,0,0,0,0,0,0,0,0,0,0,0,0,0,0,0,0,79,253,253,53,0,0,11,58,118,154,118,154,27,0,0,0,0,0,0,0,79,253,253,0,0,55,210,253,254,253,253,253,155,0,0,0,0,0,0,0,79,253,253,0,41,217,253,253,254,253,253,253,253,53,0,0,0,0,0,0,79,253,253,46,244,253,253,253,254,200,58,200,253,98,0,0,0,0,0,0,79,254,254,255,254,254,254,231,150,0,0,77,254,255,39,0,0,0,0,0,12,143,241,254,253,239,218,84,0,0,0,21,226,254,46,0,0,0,0,0,0,0,68,152,78,24,0,0,0,0,0,0,195,254,135,0,0,0,0,0,0,0,0,0,0,0,0,0,0,0,0,0,195,254,188,0,0,0,0,0,0,0,0,0,0,0,0,0,0,0,0,0,195,254,233,0,0,0,0,0,19,59,14,0,0,0,0,0,0,0,0,10,209,255,174,0,0,0,0,0,79,253,223,118,26,0,0,0,0,0,14,168,253,254,135,0,0,0,0,0,55,247,253,254,217,108,36,0,19,86,229,253,253,254,135,0,0,0,0,0,0,92,253,254,253,253,243,234,239,253,253,253,253,207,25,0,0,0,0,0,0,9,96,254,253,253,253,253,254,253,253,253,253,98,0,0,0,5
0,0,0,0,0,0,0,0,0,0,0,0,0,0,0,0,0,0,0,0,0,29,255,198,170,86,86,86,29,0,0,0,0,0,0,0,0,0,0,0,0,29,170,255,255,255,255,255,255,226,170,29,0,0,0,0,0,0,0,0,0,0,0,0,57,86,86,86,141,198,255,255,29,0,0,0,0,0,0,0,0,0,0,0,0,0,0,0,0,0,29,226,226,0,0,0,0,0,0,0,0,0,0,0,0,0,0,0,0,0,0,86,255,0,0,0,0,0,0,0,0,0,0,0,0,0,0,0,0,0,0,29,255,57,0,0,0,0,0,0,0,0,0,0,0,0,0,0,0,0,0,114,255,86,0,0,0,0,0,0,0,0,0,0,0,0,0,0,0,0,57,226,226,0,0,0,0,0,0,0,0,0,0,0,0,0,0,114,170,198,255,226,29,0,0,0,0,0,0,0,0,0,0,0,0,0,57,255,255,255,255,141,0,0,0,0,0,0,0,0,0,0,0,0,0,0,0,57,86,198,255,255,226,29,0,0,0,0,0,0,0,0,0,0,0,0,0,0,0,0,29,141,255,255,86,0,0,0,0,0,0,0,0,0,0,0,0,0,0,0,0,0,57,226,226,0,0,0,0,0,0,0,0,0,0,0,0,0,0,0,0,0,0,114,255,86,0,0,0,0,0,0,0,0,0,0,0,0,0,0,0,0,0,0,226,198,0,0,0,0,0,0,0,0,0,0,0,0,0,0,0,0,0,0,170,255,0,0,0,0,0,0,0,0,0,0,0,0,0,0,0,0,0,0,198,255,0,0,0,0,0,0,0,0,0,29,86,29,0,0,0,0,29,170,255,114,0,0,0,0,0,0,0,0,0,57,226,255,198,170,198,226,255,255,198,29,0,0,0,0,3
0,0,0,0,0,0,0,0,0,0,0,0,0,0,0,0,0,0,0,0,0,0,0,0,0,0,0,0,0,0,0,0,0,0,0,0,0,104,253,206,0,0,0,0,0,0,0,0,0,0,0,0,0,0,0,0,0,203,252,224,0,0,0,0,0,0,0,0,0,0,0,0,0,0,0,0,176,253,252,186,0,0,0,0,0,226,150,25,0,0,0,0,0,0,0,38,237,253,252,68,0,0,0,0,76,255,228,82,0,0,0,0,0,0,19,204,253,254,134,0,0,0,0,0,225,253,252,56,0,0,0,0,0,0,94,252,252,247,65,0,0,0,0,38,237,253,208,13,0,0,0,0,0,23,209,252,252,88,0,0,0,0,0,176,249,253,145,0,0,0,0,0,0,179,252,252,252,13,0,0,0,0,70,253,253,254,103,29,29,29,10,0,26,254,253,244,125,0,0,0,0,7,187,252,252,253,252,252,252,253,159,19,231,253,252,180,13,0,0,0,0,7,187,252,252,253,252,252,252,253,240,215,252,253,233,37,0,0,0,0,0,0,119,252,252,253,252,252,252,253,252,252,252,241,109,0,0,0,0,0,0,0,0,0,51,114,38,0,0,141,253,253,253,101,0,0,0,0,0,0,0,0,0,0,0,0,0,0,51,216,252,252,102,0,0,0,0,0,0,0,0,0,0,0,0,0,0,38,188,253,252,136,6,0,0,0,0,0,0,0,0,0,0,0,0,0,0,176,249,253,202,19,0,0,0,0,0,0,0,0,0,0,0,0,0,4,128,253,253,239,88,0,0,0,0,0,0,0,0,0,0,0,0,0,0,154,252,252,252,75,0,0,0,0,0,0,0,0,0,0,0,0,0,0,89,229,252,252,164,0,0,0,0,0,0,0,0,0,0,0,4
0,0,0,0,0,0,0,0,0,0,0,58,121,240,253,147,95,0,0,0,0,0,0,0,0,0,0,0,12,107,177,247,252,252,252,252,198,0,0,0,0,0,0,0,0,0,20,94,180,252,252,253,252,252,252,252,227,42,0,0,0,0,0,0,0,0,26,210,252,252,252,253,176,172,197,252,198,0,0,0,0,0,0,0,0,0,159,252,252,252,146,53,3,0,59,238,128,0,0,0,0,0,0,0,0,36,221,252,252,143,31,0,0,20,96,238,238,186,103,51,0,0,0,0,0,11,197,252,252,106,0,20,41,189,252,252,252,252,252,217,0,0,0,0,0,25,127,252,252,191,98,204,252,252,252,252,252,252,252,176,0,0,0,0,0,0,23,206,252,252,252,253,252,252,252,241,210,106,106,45,0,0,0,0,0,0,29,215,252,252,252,253,252,132,119,25,0,0,0,0,0,0,0,0,0,0,26,211,253,253,253,255,253,97,0,0,0,0,0,0,0,0,0,0,0,29,208,252,252,252,252,253,252,97,0,0,0,0,0,0,0,0,0,0,30,206,252,252,252,252,252,253,252,145,0,0,0,0,0,0,0,0,0,0,193,252,252,252,229,39,151,253,252,237,76,0,0,0,0,0,0,0,0,110,244,252,252,241,96,0,28,218,252,252,172,0,0,0,0,0,0,0,23,161,252,252,241,167,0,0,0,85,245,252,231,39,0,0,0,0,0,0,128,252,252,252,207,41,41,41,111,253,252,252,218,44,0,0,0,0,0,0,155,252,252,252,252,252,252,252,252,253,252,252,110,0,0,0,0,0,0,0,45,230,252,252,252,252,252,252,252,253,239,189,17,0,0,0,0,0,0,0,0,94,252,252,252,252,252,245,119,120,6,0,0,0,0,0,0,0,8
0,0,0,0,0,0,0,0,0,0,0,0,0,0,0,0,0,0,0,0,0,0,0,0,0,0,0,0,0,0,0,0,0,0,0,0,0,0,0,0,0,0,0,0,0,0,0,0,0,0,0,0,0,0,0,0,0,0,0,0,0,0,170,174,114,238,253,253,253,255,128,113,38,0,0,0,0,0,0,0,0,0,169,252,253,252,252,252,252,253,252,252,218,85,0,0,0,0,0,0,0,0,37,133,196,195,227,195,195,196,246,252,252,252,32,0,0,0,0,0,0,0,0,0,0,0,47,0,0,0,122,230,252,252,216,18,0,0,0,0,0,0,0,0,0,0,0,0,0,0,0,25,205,252,253,27,0,0,0,0,0,0,0,0,0,0,0,0,0,0,0,0,169,253,255,27,0,0,0,0,0,0,0,0,0,0,0,0,0,0,0,0,169,252,253,27,0,0,0,0,0,0,0,0,0,0,0,0,0,0,0,45,234,252,253,27,0,0,0,0,0,0,0,0,0,0,0,0,0,0,0,73,252,252,178,9,0,0,0,0,0,0,0,0,0,0,0,0,0,0,48,227,252,252,63,0,0,0,0,0,0,0,0,0,0,0,0,0,0,51,238,253,253,190,0,0,0,0,0,0,0,0,0,0,0,0,0,0,0,238,252,252,242,74,0,0,0,0,0,0,0,0,0,0,0,0,0,0,32,253,252,239,96,0,0,0,0,0,0,0,0,0,0,0,0,0,0,0,140,253,252,102,0,0,0,0,0,0,0,0,0,0,0,0,0,0,0,0,140,253,204,25,0,0,0,0,0,0,0,0,0,0,0,0,0,0,0,0,141,255,168,0,0,0,0,0,0,0,0,0,0,0,0,0,0,0,0,0,140,253,167,0,0,0,0,0,0,0,0,0,7
0,0,0,0,0,0,0,0,0,0,0,0,0,0,0,0,0,0,0,0,0,0,0,0,0,0,0,0,0,0,0,0,0,0,0,0,0,0,0,0,0,0,0,0,0,0,0,0,0,0,0,0,0,0,0,0,0,0,0,0,0,0,0,0,0,0,0,0,23,150,234,254,254,254,212,255,227,22,0,0,0,0,0,0,0,0,0,88,221,253,253,253,253,253,253,253,253,36,0,0,0,0,0,0,0,0,88,250,253,246,177,114,114,188,253,253,216,16,0,0,0,0,0,0,0,24,233,253,252,94,0,0,0,135,253,247,83,0,0,0,0,0,0,0,0,66,250,247,137,0,0,0,56,238,253,222,0,0,0,0,0,0,0,0,0,0,159,94,0,0,0,0,192,253,231,50,0,0,0,0,0,0,0,0,0,0,0,0,0,0,0,93,246,253,127,0,0,0,0,0,0,0,0,0,0,0,0,0,0,0,0,249,253,207,25,0,0,0,0,0,0,0,0,0,0,0,0,0,0,23,149,253,252,74,0,0,0,0,0,0,0,0,0,0,0,0,0,0,0,74,253,253,102,0,0,0,0,0,0,0,0,0,0,0,0,0,0,0,45,234,253,220,13,0,0,0,0,0,0,0,0,0,0,0,0,0,0,0,169,253,237,50,0,0,0,0,0,0,0,0,0,0,0,0,0,0,0,127,244,253,77,0,0,0,0,0,0,0,0,0,0,0,0,0,0,0,22,213,253,204,3,0,0,0,0,0,0,0,0,0,0,0,0,0,0,0,194,253,220,98,0,0,0,0,0,0,0,0,0,0,0,0,0,0,0,75,250,253,136,0,0,0,0,0,0,0,0,0,0,0,0,0,0,0,18,229,253,184,14,0,0,0,0,0,0,0,0,0,0,0,7
252,233,247,244,229,233,236,221,202,221,210,203,211,207,248,211,210,218,204,201,234,204,217,219,233,235,219,249,204,246,213,212,243,239,235,229,247,244,227,230,234,235,252,201,236,235,203,212,248,243,218,223,235,245,227,223,246,214,239,230,253,211,243,208,206,250,214,237,236,204,210,243,225,214,220,228,204,230,226,226,227,240,213,253,238,249,236,248,217,226,232,223,206,235,224,219,211,218,200,200,235,240,205,233,236,207,244,212,218,204,208,249,221,208,232,224,208,202,215,222,204,214,242,250,201,215,230,250,235,200,218,202,222,243,206,214,234,244,247,250,213,253,220,222,243,201,222,235,253,254,252,223,207,226,220,232,217,216,223,248,227,242,252,232,232,228,225,214,254,249,243,248,213,225,217,236,253,242,253,241,254,244,237,230,208,216,207,254,231,247,224,230,246,207,206,247,233,227,241,231,240,247,244,212,233,253,254,232,249,245,252,204,234,241,209,232,244,237,223,223,203,242,200,226,231,244,227,237,203,234,240,215,221,230,220,217,252,226,245,245,205,205,253,248,223,203,212,205,242,204,218,249,232,254,246,238,224,200,222,236,211,227,210,214,216,232,250,230,227,244,202,232,220,245,221,254,203,206,205,226,239,229,249,223,246,216,250,252,243,232,228,226,209,244,223,208,254,212,230,233,224,234,208,225,233,205,206,247,236,206,216,248,240,232,248,208,232,230,227,200,230,242,203,231,207,211,244,241,239,214,238,246,225,200,239,239,253,254,208,219,234,228,244,242,235,243,217,224,233,233,254,228,203,251,200,218,240,244,247,232,230,203,222,220,204,236,254,233,227,214,243,211,235,251,236,206,237,250,233,200,249,248,222,239,234,217,201,225,220,235,222,242,251,251,249,200,206,213,254,200,5
0,0,0,0,0,0,0,0,0,0,0,0,0,0,0,0,0,0,0,0,0,0,0,0,0,0,0,0,0,0,0,0,0,92,255,158,0,0,0,0,0,0,0,0,0,0,0,0,0,0,0,0,19,240,180,93,0,0,0,0,0,0,0,0,0,0,0,0,0,0,0,4,196,217,2,0,0,0,0,0,0,0,0,0,0,0,0,0,0,0,0,115,254,95,0,0,0,0,0,0,0,0,0,0,0,0,0,0,0,0,0,184,254,3,0,0,0,0,0,0,0,0,0,0,0,0,0,0,0,0,40,239,162,1,0,0,0,0,0,0,0,0,0,0,0,0,0,0,0,0,170,206,20,0,0,0,0,0,0,0,0,0,0,0,0,0,0,0,0,34,247,130,0,0,0,0,0,0,0,0,0,0,0,0,0,0,0,0,1,133,250,29,0,0,0,0,0,0,0,0,0,0,0,0,0,0,0,0,12,254,144,0,0,0,0,0,0,0,0,0,0,0,0,0,0,0,0,0,75,229,24,0,0,0,0,0,0,0,0,0,0,0,0,0,0,0,0,0,158,209,0,0,0,0,0,0,0,0,0,0,0,0,0,0,0,0,0,0,220,209,0,0,0,0,0,0,0,0,0,0,0,0,0,0,0,0,0,0,232,209,0,0,0,0,0,0,0,0,0,0,0,0,0,0,0,0,0,0,195,209,0,0,0,0,0,0,0,0,0,0,0,0,0,0,0,0,0,0,158,209,0,0,0,0,0,0,0,0,0,0,0,0,0,0,0,0,0,0,102,244,37,0,0,0,0,0,0,0,0,0,0,0,0,0,0,0,0,0,19,254,127,0,0,0,0,0,0,0,0,0,0,0,0,0,0,0,0,0,3,163,233,44,0,0,0,0,0,0,0,0,1
0,0,0,0,0,0,0,0,0,0,0,0,0,0,0,0,0,0,0,0,0,0,0,0,0,0,0,0,51,232,235,235,133,34,0,0,0,0,0,0,0,0,0,0,0,0,0,54,235,254,254,254,254,228,133,0,0,0,0,0,0,0,0,0,0,0,0,123,254,254,254,254,254,254,253,100,0,0,0,0,0,0,0,0,0,0,0,12,220,220,232,254,254,254,254,215,9,0,0,0,0,0,0,0,0,0,0,0,0,0,37,103,206,254,254,254,13,0,0,0,0,0,0,0,0,0,0,0,0,0,0,0,24,209,254,254,13,0,0,0,0,0,0,0,0,25,111,111,111,246,200,111,111,204,254,254,13,0,0,0,0,0,0,0,76,201,254,254,254,254,254,254,254,254,254,254,173,61,0,0,0,0,0,117,247,254,254,254,254,254,254,254,254,254,254,254,254,239,207,185,0,0,87,249,254,254,254,254,254,254,254,254,254,254,254,254,254,254,254,254,0,0,118,254,254,248,227,144,89,89,137,234,254,255,254,254,254,254,254,254,0,0,118,254,252,194,0,0,0,0,0,74,254,254,247,110,165,128,143,225,0,0,185,254,178,0,0,0,0,0,45,230,254,241,56,0,0,0,0,0,0,0,199,254,134,82,0,0,54,179,232,254,254,238,45,0,0,0,0,0,0,0,118,254,254,247,221,221,238,254,254,254,239,82,15,0,0,0,0,0,0,0,89,250,254,254,254,254,254,254,254,238,155,0,0,0,0,0,0,0,0,0,0,197,213,213,241,254,254,236,213,81,0,0,0,0,0,0,0,0,0,0,0,0,0,0,65,96,96,55,0,0,0,0,0,0,0,0,0,0,0,0,0,0,0,0,0,0,0,0,0,0,0,0,0,0,0,0,0,0,2
0,0,0,0,0,0,0,0,0,0,0,0,0,64,255,255,0,0,0,0,0,0,0,0,0,0,0,0,0,0,0,0,0,255,255,255,0,0,0,0,0,0,0,0,0,0,0,0,0,0,0,64,191,255,255,128,0,0,0,0,0,0,0,0,0,0,0,0,0,0,0,128,255,255,255,64,0,0,0,0,0,0,0,0,0,0,0,0,0,0,0,191,255,255,191,0,0,0,0,0,0,0,0,0,0,0,0,0,0,0,64,255,255,255,128,0,0,0,0,0,0,0,0,0,0,0,0,0,0,0,191,255,255,255,0,0,0,0,0,0,0,0,0,0,0,0,0,0,0,0,255,255,255,255,0,0,0,0,0,0,0,0,0,0,0,0,0,0,0,64,255,255,255,64,0,0,0,0,0,0,0,0,0,0,0,0,0,0,0,191,255,255,255,0,0,0,0,0,0,0,0,0,0,0,0,0,0,0,128,255,255,255,128,0,0,0,0,0,0,0,0,0,0,0,0,0,0,0,191,255,255,191,0,0,0,0,0,0,0,0,0,0,0,0,0,0,0,64,255,255,255,128,0,0,0,0,0,0,0,0,0,0,0,0,0,0,0,191,255,255,255,0,0,0,0,0,0,0,0,0,0,0,0,0,0,0,0,255,255,255,128,0,0,0,0,0,0,0,0,0,0,0,0,0,0,0,128,255,255,255,0,0,0,0,0,0,0,0,0,0,0,0,0,0,0,64,255,255,255,255,0,0,0,0,0,0,0,0,0,0,0,0,0,0,0,128,255,255,255,128,0,0,0,0,0,0,0,0,0,0,0,0,0,0,0,128,255,255,191,0,0,0,0,0,0,0,0,0,0,0,0,0,0,0,0,128,255,255,128,0,0,0,0,0,0,0,0,0,0,0,1
0,0,0,0,0,0,0,0,0,0,0,0,0,0,0,0,0,0,0,0,0,0,0,0,0,0,0,0,0,0,0,0,38,47,126,163,255,195,35,0,0,0,0,0,0,0,0,0,0,0,79,157,242,253,253,253,253,253,238,105,0,0,0,0,0,0,0,26,134,244,252,253,253,253,253,239,253,253,253,252,0,0,0,0,0,0,88,233,253,253,253,202,170,111,67,50,224,253,253,90,0,0,0,0,15,136,252,253,224,124,80,8,0,0,20,182,253,253,191,3,0,0,0,0,140,253,253,173,10,0,0,0,0,59,235,253,231,129,57,0,0,0,0,0,140,253,253,173,2,0,0,0,54,239,253,232,93,0,0,0,0,0,0,0,140,253,253,253,56,0,2,84,236,253,206,47,0,0,0,0,0,0,0,0,23,153,253,253,228,110,154,253,253,231,35,0,0,0,0,0,0,0,0,0,0,33,156,253,253,253,253,253,233,4,0,0,0,0,0,0,0,0,0,0,0,0,16,223,253,253,253,212,32,0,0,0,0,0,0,0,0,0,0,0,0,0,32,221,253,253,253,201,0,0,0,0,0,0,0,0,0,0,0,0,0,64,224,253,253,253,253,220,18,0,0,0,0,0,0,0,0,0,0,0,33,216,253,253,134,207,253,253,107,0,0,0,0,0,0,0,0,0,0,0,140,253,245,146,9,92,253,253,124,0,0,0,0,0,0,0,0,0,0,135,242,253,219,0,0,71,253,228,26,0,0,0,0,0,0,0,0,0,0,197,253,253,158,68,117,225,253,201,0,0,0,0,0,0,0,0,0,0,0,197,253,253,253,253,253,253,247,69,0,0,0,0,0,0,0,0,0,0,0,197,253,253,253,253,253,216,70,0,0,0,0,0,0,0,0,0,8
0,0,0,0,0,0,0,0,0,0,0,0,0,0,0,0,0,0,0,0,0,0,0,0,63,114,159,253,253,253,255,253,253,253,253,114,113,88,0,0,0,0,19,101,240,253,252,252,252,252,253,252,252,252,252,253,252,246,200,0,0,0,166,252,252,253,252,252,252,252,253,252,252,252,252,253,252,252,223,0,0,57,234,252,252,253,252,245,242,236,225,233,230,223,239,253,252,252,223,0,0,163,252,252,252,253,204,87,75,50,0,38,25,0,63,253,252,252,223,0,0,226,253,253,253,79,0,0,0,0,0,0,0,29,253,255,253,253,225,0,0,149,233,179,27,0,0,0,0,0,0,76,117,228,252,253,252,233,71,0,0,0,43,19,0,0,0,13,57,57,198,246,252,252,252,253,201,74,0,0,0,0,0,0,0,0,10,156,252,252,253,252,252,252,252,253,27,0,0,0,0,0,0,0,0,0,85,252,252,252,253,252,252,252,252,253,27,0,0,0,0,0,0,0,0,0,147,253,253,253,255,253,253,253,253,255,90,0,0,0,0,0,0,0,0,101,249,252,252,252,253,223,167,224,252,253,167,0,0,0,0,0,0,0,0,88,195,239,245,195,56,37,0,59,252,253,233,43,0,0,0,26,107,26,16,0,0,66,74,0,0,0,0,29,252,253,252,55,0,0,63,240,252,239,203,141,94,0,0,0,0,0,0,107,252,253,204,25,0,0,114,152,229,253,253,255,206,113,50,50,0,0,0,169,253,255,106,0,0,0,12,3,21,130,252,253,252,252,237,237,226,225,225,243,252,253,27,0,0,0,0,0,0,7,55,143,252,252,252,252,253,252,252,252,252,165,6,0,0,0,0,0,0,0,0,38,84,199,252,252,253,252,252,252,252,126,0,0,0,0,3
0,0,0,0,0,0,0,0,0,0,0,0,0,0,0,0,0,0,0,0,0,0,0,0,0,0,0,0,0,0,0,0,0,0,0,0,0,0,0,0,0,0,0,0,0,0,0,0,0,0,0,0,0,0,0,0,0,0,0,0,0,37,254,254,255,163,150,150,129,47,40,0,0,0,0,0,0,0,0,0,0,9,163,253,253,253,253,253,253,253,244,197,142,27,0,0,0,0,0,0,0,0,4,21,84,102,114,114,156,196,223,253,253,215,87,0,0,0,0,0,0,0,0,0,0,0,0,0,0,0,11,67,164,230,248,95,0,0,0,0,0,0,0,0,0,0,0,0,0,0,0,0,0,47,230,248,33,0,0,0,0,0,0,0,0,0,0,0,0,0,0,0,0,0,125,253,36,0,0,0,0,0,0,0,0,0,0,0,0,0,0,0,0,0,125,253,36,0,0,0,0,0,0,0,0,0,0,0,0,0,0,0,0,0,150,253,36,0,0,0,0,0,0,0,0,0,0,0,0,0,0,0,0,34,239,253,36,0,0,0,0,0,0,0,0,0,0,0,0,0,0,0,0,100,253,212,14,0,0,0,0,0,0,0,0,0,0,0,0,0,0,0,13,210,245,72,0,0,0,0,0,0,0,0,0,0,0,0,0,0,0,0,150,253,233,0,0,0,0,0,0,0,0,0,0,0,0,0,0,0,0,104,250,253,118,0,0,0,0,0,0,0,0,0,0,0,0,0,0,0,23,225,253,167,2,0,0,0,0,0,0,0,0,0,0,0,0,0,0,0,190,253,156,21,0,0,0,0,0,0,0,0,0,0,0,0,0,0,26,165,253,201,18,0,0,0,0,0,0,0,0,0,0,0,0,0,0,2,148,253,242,46,0,0,0,0,0,0,0,0,7
0,0,0,0,0,0,0,0,123,254,119,0,0,0,0,0,0,0,0,0,0,0,0,0,0,0,0,0,123,253,188,0,0,0,0,0,0,0,0,0,0,0,0,0,0,0,0,0,84,253,239,22,0,0,0,0,0,0,0,0,0,0,0,0,0,0,0,0,20,233,254,56,0,0,0,0,0,0,0,0,0,0,0,0,0,0,0,0,0,188,254,34,0,0,0,0,0,0,0,0,0,0,0,0,0,0,0,0,0,188,254,70,0,0,0,0,0,0,0,0,0,0,0,0,0,0,0,0,0,188,254,122,0,0,0,0,0,0,0,0,0,0,0,0,0,0,0,0,0,188,254,101,0,0,0,0,0,0,0,0,0,0,0,0,0,0,0,0,0,188,254,38,0,0,0,0,0,0,0,0,0,0,0,0,0,0,0,0,0,188,254,122,0,0,0,0,0,0,0,0,0,0,0,0,0,0,0,0,0,188,255,63,0,0,0,0,0,0,0,0,0,0,0,0,0,0,0,0,5,197,254,28,0,0,0,0,0,0,0,0,0,0,0,0,0,0,0,0,99,253,254,28,0,0,0,0,0,0,0,0,0,0,0,0,0,0,0,0,29,253,254,28,0,0,0,0,0,0,0,0,0,0,0,0,0,0,0,0,29,253,254,28,0,0,0,0,0,0,0,0,0,0,0,0,0,0,0,0,99,253,254,28,0,0,0,0,0,0,0,0,0,0,0,0,0,0,0,0,29,253,254,28,0,0,0,0,0,0,0,0,0,0,0,0,0,0,0,0,120,253,214,12,0,0,0,0,0,0,0,0,0,0,0,0,0,0,0,0,77,253,188,0,0,0,0,0,0,0,0,0,0,0,0,0,0,0,0,0,18,228,188,0,0,0,0,0,0,0,0,0,1
0,0,0,0,0,0,0,0,0,0,0,0,0,0,0,0,0,0,0,0,10,153,254,254,254,254,254,254,254,254,254,255,202,130,16,0,0,0,0,0,18,253,253,253,253,253,253,253,253,253,253,253,253,253,242,77,10,0,0,0,6,153,236,253,253,253,253,253,245,200,200,245,253,253,253,253,95,0,0,0,0,0,44,98,182,245,253,236,54,0,0,54,117,219,253,253,237,40,0,0,0,0,0,0,0,146,250,238,33,0,0,0,0,130,253,253,253,53,0,0,0,0,0,0,0,0,28,95,55,0,0,0,0,130,253,253,253,103,0,0,0,0,0,0,0,0,0,0,0,0,0,0,0,188,253,253,253,58,0,0,0,0,0,0,0,0,0,0,0,0,0,0,129,251,253,253,206,23,0,0,0,0,0,0,0,0,0,0,27,42,42,141,245,253,253,246,59,0,0,0,0,0,0,0,0,0,30,126,225,253,253,253,253,253,253,239,77,0,0,0,0,0,0,0,0,33,219,253,253,253,253,253,253,253,253,253,238,41,0,0,0,0,0,0,0,107,253,253,253,253,224,158,158,207,253,253,253,151,0,0,0,0,0,0,0,10,136,141,122,23,16,0,0,18,154,253,253,170,0,0,0,0,0,0,0,0,0,0,0,0,0,0,0,0,30,253,253,213,18,0,3,30,30,30,6,0,0,0,0,0,0,0,0,0,30,253,253,253,49,0,18,253,253,253,182,166,52,0,0,0,0,0,0,0,108,253,253,253,152,0,18,253,253,253,253,253,252,172,66,50,0,0,29,127,224,253,253,232,59,0,4,69,227,253,253,253,253,253,253,241,201,201,224,253,253,253,253,170,0,0,0,0,24,68,152,195,253,253,253,253,253,253,253,253,253,253,180,48,0,0,3
0,0,0,0,0,0,0,0,0,0,0,0,0,0,0,0,0,0,0,0,0,0,0,0,0,0,0,0,0,0,0,0,0,0,0,0,0,0,0,0,0,0,59,246,127,26,0,0,0,0,0,0,0,0,0,0,0,0,0,0,0,0,52,228,254,235,134,29,13,0,0,0,0,0,0,0,0,0,0,0,0,0,0,16,163,251,254,254,217,146,64,0,0,0,0,0,0,0,0,0,0,0,0,0,0,4,12,131,229,254,224,154,78,20,0,0,0,0,0,0,0,0,0,0,0,0,0,0,22,80,163,239,250,202,11,0,0,0,0,0,0,0,0,0,0,0,0,0,0,0,0,28,101,254,57,0,0,0,0,0,0,0,0,0,0,0,0,0,0,0,0,0,10,254,139,0,0,0,0,0,0,0,0,0,0,0,0,0,0,0,0,0,10,254,209,0,0,0,0,0,0,0,0,0,0,0,0,0,0,0,0,0,78,254,120,0,0,0,0,0,0,0,0,0,0,0,0,0,0,0,0,25,227,254,65,0,0,0,0,0,0,0,0,0,0,0,0,0,0,0,0,92,254,217,14,0,0,0,0,0,0,0,0,0,0,0,0,0,0,0,0,236,248,28,0,0,0,0,0,0,0,0,0,0,0,0,0,0,0,0,89,253,245,0,0,0,0,0,0,0,0,0,0,0,0,0,0,0,0,7,207,254,128,0,0,0,0,0,0,0,0,0,0,0,0,0,0,0,0,79,254,226,18,0,0,0,0,0,0,0,0,0,0,0,0,0,0,0,0,198,255,110,0,0,0,0,0,0,0,0,0,0,0,0,0,0,0,0,113,244,224,12,0,0,0,0,0,0,0,0,0,0,0,0,0,0,0,0,170,254,177,0,0,0,0,0,0,0,0,0,7
0,0,0,0,0,0,0,97,208,254,254,254,254,208,95,0,0,0,0,0,0,0,0,0,0,0,82,249,254,254,254,254,254,254,248,81,0,0,0,0,0,0,0,0,0,189,252,254,243,161,161,227,254,254,254,181,14,0,0,0,0,0,0,0,0,194,254,218,95,0,0,43,155,254,254,254,38,0,0,0,0,0,0,0,0,88,116,7,0,0,0,0,57,238,254,254,38,0,0,0,0,0,0,0,0,0,0,0,0,0,0,0,0,79,254,254,184,0,0,0,0,0,0,0,0,0,0,0,0,0,0,0,0,70,254,254,192,0,0,0,0,0,0,0,0,0,0,0,0,0,0,0,0,70,254,254,192,0,0,0,0,0,0,0,0,0,0,0,0,0,0,0,0,70,254,254,51,0,0,0,0,0,0,0,0,0,0,0,0,13,24,24,100,199,254,254,38,0,0,0,0,0,0,0,0,0,0,42,125,192,254,254,254,254,254,254,38,0,0,0,0,0,0,0,26,94,225,235,254,254,254,254,254,254,254,254,38,0,0,0,0,0,3,106,201,254,254,254,254,254,250,250,254,254,254,254,183,72,0,0,0,0,118,254,254,254,254,144,138,138,131,213,254,254,254,254,254,247,0,0,0,87,247,254,254,245,108,3,8,63,215,254,254,237,196,254,254,253,217,90,0,102,254,254,254,123,8,60,174,254,254,254,251,85,6,162,253,255,254,253,0,102,254,254,254,254,254,254,254,254,254,245,75,0,0,0,125,215,208,115,0,18,168,232,254,254,254,254,254,254,205,88,0,0,0,0,0,29,26,0,0,0,0,147,254,254,254,254,141,100,9,0,0,0,0,0,0,0,0,0,0,0,0,0,0,0,0,0,0,0,0,0,0,0,0,0,0,0,0,0,2
0,0,0,0,0,0,0,0,0,0,0,0,0,0,0,0,0,0,0,0,0,0,0,0,0,0,0,0,0,0,0,0,17,17,43,47,47,47,130,138,0,0,0,0,0,0,0,0,0,15,74,157,224,225,249,253,253,254,253,253,0,0,0,0,0,0,0,0,0,103,245,253,253,254,253,253,253,254,236,119,0,0,0,0,0,0,0,0,0,95,245,254,169,60,93,93,59,0,0,0,0,0,0,0,0,0,0,5,147,254,227,89,6,0,0,0,0,0,0,0,0,0,0,0,0,0,0,141,253,228,31,0,0,0,0,0,0,0,0,0,0,0,0,0,0,0,51,224,253,103,6,0,0,0,0,0,0,0,0,0,0,0,0,0,0,0,114,254,220,162,161,161,161,70,32,0,0,0,0,0,0,0,0,0,0,0,21,156,240,241,232,215,240,254,115,0,0,0,0,0,0,0,0,0,0,0,0,0,34,34,25,9,34,211,190,0,0,0,0,0,0,0,0,0,0,0,0,0,0,0,0,0,0,161,240,34,0,0,0,0,0,0,0,0,0,0,0,0,0,0,0,0,0,195,254,71,0,0,0,0,0,0,0,0,0,0,0,0,0,0,0,0,102,245,210,29,0,0,0,0,0,100,207,207,174,208,207,114,0,0,0,62,215,254,107,0,0,0,0,0,0,229,253,253,253,136,69,38,0,0,102,240,253,228,15,0,0,0,0,0,0,119,248,254,254,162,161,161,195,255,254,254,169,34,0,0,0,0,0,0,0,0,71,211,253,254,253,253,253,254,194,73,6,0,0,0,0,0,0,0,0,0,0,21,79,105,71,129,46,46,4,0,0,0,0,0,0,0,0,0,0,0,0,0,0,0,0,0,0,0,0,0,0,0,0,0,0,0,0,0,5
0,0,0,0,0,0,0,0,0,0,70,254,253,253,65,0,0,0,0,0,0,0,0,0,0,0,0,0,0,32,214,254,252,139,4,0,0,0,0,0,0,0,0,0,0,0,0,0,0,149,253,254,140,0,0,0,0,0,0,0,0,0,0,0,0,0,0,0,12,241,253,223,20,0,0,0,0,0,0,0,0,0,0,0,0,0,0,0,167,253,253,160,0,0,0,0,0,0,0,0,0,0,0,0,0,0,0,109,250,253,233,6,0,0,0,0,0,0,0,0,0,0,0,0,0,0,0,240,254,254,112,0,0,0,0,0,0,0,0,0,0,0,0,0,0,6,156,253,254,204,41,113,149,149,238,131,0,0,0,0,0,0,0,0,2,152,253,253,254,225,225,254,253,253,254,238,18,0,0,0,0,0,0,0,76,254,254,254,254,254,254,254,254,253,254,253,120,0,0,0,0,0,0,0,81,253,215,186,230,253,245,138,139,220,254,253,114,0,0,0,0,0,0,6,196,253,168,139,253,153,50,17,121,253,254,253,20,0,0,0,0,0,0,109,254,254,244,237,113,53,21,80,254,254,254,95,3,0,0,0,0,0,0,50,253,253,220,181,118,140,239,253,253,253,246,51,0,0,0,0,0,0,0,21,254,254,254,254,254,254,254,254,254,254,84,0,0,0,0,0,0,0,0,6,194,254,254,238,230,254,254,254,248,98,8,0,0,0,0,0,0,0,0,0,66,232,254,254,254,254,254,243,118,0,0,0,0,0,0,0,0,0,0,0,0,28,127,248,253,234,152,42,0,0,0,0,0,0,0,0,0,0,0,0,0,0,0,0,0,0,0,0,0,0,0,0,0,0,0,0,0,0,0,0,0,0,0,0,0,0,0,0,0,0,0,0,0,0,0,0,6
0,0,0,0,0,0,0,0,0,0,0,0,11,186,254,216,24,0,0,0,0,0,0,0,0,0,0,0,0,0,0,0,140,254,254,123,0,0,0,0,0,0,0,0,0,0,0,0,0,0,0,89,251,254,179,4,0,0,0,0,0,0,0,0,0,0,0,0,0,0,90,244,254,187,31,0,0,0,0,0,0,0,0,0,0,0,0,0,0,46,229,254,216,32,0,0,0,0,0,0,0,0,0,0,0,0,0,0,47,229,254,247,77,0,0,0,0,0,0,0,0,0,0,0,0,0,0,11,190,254,254,96,0,0,0,0,0,0,0,0,0,0,0,0,0,0,0,144,254,254,129,7,0,0,0,0,0,0,0,0,0,0,0,0,0,0,44,242,254,172,7,6,40,109,71,0,0,0,0,0,0,0,0,0,0,0,188,254,247,75,74,200,254,254,225,41,0,0,0,0,0,0,0,0,0,92,250,254,150,151,247,254,254,254,254,146,0,0,0,0,0,0,0,0,0,151,254,254,254,254,254,251,187,202,254,146,0,0,0,0,0,0,0,0,0,151,254,254,254,254,243,110,0,203,254,146,0,0,0,0,0,0,0,0,0,151,254,254,254,200,45,3,71,242,254,140,0,0,0,0,0,0,0,0,0,156,254,254,254,202,100,182,254,254,253,57,0,0,0,0,0,0,0,0,0,238,254,254,255,254,254,254,255,254,164,0,0,0,0,0,0,0,0,0,0,237,254,251,253,254,254,254,251,141,17,0,0,0,0,0,0,0,0,0,0,151,254,26,45,82,82,82,15,0,0,0,0,0,0,0,0,0,0,0,0,0,0,0,0,0,0,0,0,0,0,0,0,0,0,0,0,0,0,0,0,0,0,0,0,0,0,0,0,0,0,0,0,0,0,0,6
0,0,0,0,0,0,0,0,0,0,0,0,0,0,0,0,0,0,0,0,0,0,0,0,0,0,0,0,0,0,0,0,0,0,0,0,0,0,0,0,0,0,0,0,0,0,0,0,0,0,0,0,0,0,0,0,0,0,0,0,0,0,0,0,0,0,0,0,14,63,94,159,159,130,152,159,159,210,214,0,0,0,0,0,0,0,3,62,225,254,254,254,254,254,254,254,254,254,254,80,0,0,0,0,0,56,143,254,254,254,254,254,254,254,254,254,254,254,254,91,0,0,0,0,0,176,254,254,254,254,236,142,101,101,243,254,254,254,169,2,0,0,0,0,9,251,254,254,254,183,26,0,2,120,252,254,254,167,9,0,0,0,0,0,161,254,254,254,183,12,0,0,153,254,254,254,169,7,0,0,0,0,0,0,188,254,254,150,4,0,0,87,253,254,254,188,3,0,0,0,0,0,0,0,137,242,108,12,0,0,45,247,254,254,191,45,0,0,0,0,0,0,0,0,0,29,0,0,0,14,232,254,254,199,42,0,0,0,0,0,0,0,0,0,0,0,0,0,11,173,254,254,252,66,0,0,0,0,0,0,0,0,0,0,0,0,0,0,96,254,254,254,120,0,0,0,0,0,0,0,0,0,0,0,0,0,0,0,215,254,254,192,16,0,0,0,0,0,0,0,0,0,0,0,0,0,0,81,254,254,254,21,0,0,0,0,0,0,0,0,0,0,0,0,0,0,14,193,254,254,146,3,0,0,0,0,0,0,0,0,0,0,0,0,0,0,148,254,254,208,0,0,0,0,0,0,0,0,0,0,0,0,0,0,0,46,237,254,246,82,0,0,0,0,0,0,0,0,0,0,0,0,0,0,2,193,254,254,200,0,0,0,0,0,0,0,0,0,0,0,7
0,0,0,0,0,0,0,0,0,0,0,0,0,0,0,0,0,0,0,0,0,0,0,0,0,0,0,0,0,0,0,0,0,0,0,0,0,0,0,0,0,0,0,0,0,0,0,0,0,3,87,187,228,210,78,0,0,0,0,0,0,0,0,0,0,0,0,17,130,213,253,246,191,248,236,20,0,0,0,0,0,0,0,0,0,0,54,238,254,204,105,0,0,55,254,109,0,0,0,0,0,0,0,0,0,49,237,253,160,14,0,0,0,61,254,76,0,0,0,0,0,0,0,0,2,172,254,184,0,0,0,0,0,145,254,120,16,0,0,0,0,0,0,0,17,254,235,15,0,0,5,68,153,247,254,254,159,0,0,0,0,0,0,0,17,254,249,132,114,153,206,254,254,254,254,254,95,0,0,0,0,0,0,0,10,202,254,254,254,250,207,137,106,254,254,205,5,0,0,0,0,0,0,0,0,5,86,133,123,43,0,0,51,254,254,113,0,0,0,0,0,0,0,0,0,0,0,0,0,0,0,8,166,254,206,5,0,0,0,0,0,0,0,0,0,0,0,0,0,0,0,105,254,245,78,0,0,0,0,0,0,0,0,0,0,0,0,0,0,0,36,249,254,113,0,0,0,0,0,0,0,0,0,0,0,0,0,0,0,9,170,254,211,5,0,0,0,0,0,0,0,0,0,0,0,0,0,0,0,85,254,244,75,0,0,0,0,0,0,0,0,0,0,0,0,0,0,0,20,225,254,188,0,0,0,0,0,0,0,0,0,0,0,0,0,0,0,0,106,254,230,24,0,0,0,0,0,0,0,0,0,0,0,0,0,0,0,28,251,254,134,0,0,0,0,0,0,0,0,0,0,0,0,0,0,0,0,134,254,231,21,0,0,0,0,0,0,0,0,0,9
0,0,0,0,0,0,0,0,0,0,0,0,0,0,0,0,0,0,0,0,0,0,0,0,0,0,0,0,0,0,0,0,0,0,0,0,0,0,0,0,0,0,0,0,0,0,0,0,0,0,0,0,0,0,0,0,0,0,0,0,0,0,0,0,0,0,0,0,0,0,0,0,0,0,0,0,0,0,0,0,101,101,125,254,254,254,254,254,254,254,254,254,254,254,255,189,101,40,0,0,253,253,253,253,253,253,253,253,253,253,253,253,253,253,253,253,253,221,0,0,253,253,253,253,253,253,253,253,253,253,253,253,253,253,253,253,253,253,0,0,160,160,160,160,160,48,7,7,7,7,7,7,7,7,164,253,253,196,0,0,0,0,0,0,0,0,0,0,0,0,0,0,0,0,162,253,212,24,0,0,0,0,0,0,0,0,0,0,0,0,0,0,0,34,212,253,199,0,0,0,0,0,0,0,0,0,0,0,0,0,0,0,0,207,253,253,199,0,0,0,0,0,0,0,0,0,0,0,0,0,0,0,85,243,253,253,180,0,0,0,0,0,0,0,0,0,0,0,0,0,0,9,187,253,253,253,45,0,0,0,0,0,0,0,0,0,0,0,0,0,0,156,253,253,251,111,4,0,0,0,0,0,0,0,0,0,0,0,0,0,0,169,253,253,245,0,0,0,0,0,0,0,0,0,0,0,0,0,0,0,0,169,253,253,245,0,0,0,0,0,0,0,0,0,0,0,0,0,0,0,0,169,253,253,245,0,0,0,0,0,0,0,0,0,0,0,0,0,0,0,0,169,253,253,245,0,0,0,0,0,0,0,0,0,0,0,0,0,0,0,0,169,253,253,245,0,0,0,0,0,0,0,0,0,0,0,0,0,0,0,0,169,253,253,245,0,0,0,0,0,7
0,0,0,0,0,0,0,0,0,24,34,92,144,144,91,13,0,0,0,0,0,0,0,0,0,0,0,0,82,230,253,253,253,253,253,187,47,0,0,0,0,0,0,0,0,0,0,0,154,154,197,154,154,232,253,253,240,27,0,0,0,0,0,0,0,0,0,0,0,0,5,0,0,8,69,245,253,42,0,0,0,0,0,0,0,0,0,0,0,0,0,0,0,0,0,155,253,167,0,0,0,0,0,0,0,0,0,0,0,0,0,0,0,0,87,232,253,128,0,0,0,0,0,0,0,0,0,0,0,0,0,0,8,136,252,253,216,17,0,0,0,0,0,0,0,8,79,107,60,155,155,155,219,253,253,226,69,0,0,0,0,0,0,0,0,127,253,253,254,253,253,253,253,253,253,223,20,0,0,0,0,0,0,0,0,88,225,253,254,253,253,244,143,230,253,253,114,0,0,0,0,0,0,0,0,0,0,0,15,34,0,0,0,0,185,254,221,19,0,0,0,0,0,0,0,0,0,0,0,0,0,0,0,62,247,253,253,110,0,0,0,0,0,0,0,0,0,0,0,0,0,0,25,204,253,253,253,52,0,0,0,0,0,0,0,0,0,0,0,0,0,2,23,204,253,250,116,2,0,0,0,0,0,0,0,0,0,0,0,0,0,37,215,253,253,185,0,0,0,0,0,0,0,0,0,0,0,0,90,166,199,228,253,253,120,22,0,0,0,0,232,174,50,8,11,12,45,170,254,253,253,252,218,94,2,0,0,0,0,0,253,253,253,219,245,253,253,253,255,242,209,95,0,0,0,0,0,0,0,0,176,250,253,253,253,253,253,220,66,49,0,0,0,0,0,0,0,0,0,0,0,31,33,120,143,143,61,19,0,0,0,0,0,0,0,0,0,0,0,0,3
0,0,0,0,0,0,0,0,0,68,248,253,108,0,0,0,0,0,0,0,0,0,0,0,0,0,0,0,0,109,252,253,108,0,0,0,0,0,0,0,0,0,0,0,0,0,0,0,0,137,252,250,82,0,0,0,0,0,0,0,0,0,0,0,0,0,0,0,0,229,252,207,0,0,0,0,0,0,0,0,0,0,0,0,0,0,0,0,120,248,252,81,0,0,0,0,0,0,0,0,0,0,0,0,0,0,0,0,217,252,252,0,0,0,0,0,0,0,0,0,0,0,0,0,0,0,0,37,232,252,142,0,0,0,0,0,0,0,0,0,0,0,0,0,0,0,0,142,252,200,11,0,0,0,0,0,0,0,0,0,0,0,0,0,0,0,39,231,253,138,0,7,94,253,253,78,0,0,0,0,0,0,0,0,0,6,147,252,243,21,0,202,252,252,252,226,46,0,0,0,0,0,0,0,0,135,252,252,138,0,76,253,249,221,252,252,180,0,0,0,0,0,0,0,0,181,252,236,29,0,201,253,147,37,252,252,180,0,0,0,0,0,0,0,12,198,252,167,0,79,249,253,114,89,252,252,151,0,0,0,0,0,0,0,49,252,252,192,11,143,252,253,224,252,252,171,14,0,0,0,0,0,0,0,33,228,252,252,211,248,252,253,252,252,195,48,0,0,0,0,0,0,0,0,0,135,252,252,252,252,252,253,252,221,12,0,0,0,0,0,0,0,0,0,0,6,58,180,252,252,252,253,252,216,0,0,0,0,0,0,0,0,0,0,0,0,0,4,11,115,252,253,171,10,0,0,0,0,0,0,0,0,0,0,0,0,0,0,0,0,0,0,0,0,0,0,0,0,0,0,0,0,0,0,0,0,0,0,0,0,0,0,0,0,0,0,0,0,0,0,6
0,0,0,0,0,0,89,253,253,253,253,253,234,113,0,0,0,0,0,0,0,0,0,0,0,0,184,253,253,253,253,253,253,229,19,0,0,0,0,0,0,0,0,0,0,0,92,245,246,77,34,58,227,253,124,0,0,0,0,0,0,0,0,0,0,0,0,44,50,0,0,0,115,253,228,0,0,0,0,0,0,0,0,0,0,0,0,0,0,0,0,0,25,253,228,0,0,0,0,0,0,0,0,0,0,0,0,0,0,0,0,0,5,192,228,0,0,0,0,0,0,0,0,0,0,0,0,0,0,0,0,0,15,249,228,0,0,0,0,0,0,0,0,0,0,0,0,0,0,0,0,0,92,253,228,0,0,0,0,0,0,0,0,0,0,0,0,0,0,0,0,0,115,253,169,0,0,0,0,0,0,0,0,0,0,0,0,0,0,0,0,0,156,253,128,0,0,0,0,0,0,0,0,0,0,0,0,0,23,1,0,0,214,253,30,0,0,0,0,0,0,0,0,0,0,0,0,0,140,19,15,102,248,253,29,0,0,0,0,0,0,0,0,0,0,36,104,169,234,253,253,253,253,253,124,0,0,0,0,0,0,0,0,2,124,239,253,253,253,253,253,254,253,253,251,193,10,0,0,0,0,0,0,52,253,253,253,253,253,253,253,253,253,253,253,253,90,0,0,0,0,0,0,133,253,253,253,253,253,253,253,208,74,47,185,253,211,0,0,0,0,0,0,219,253,253,253,253,253,253,216,61,0,0,51,253,219,0,0,0,0,0,0,145,253,253,253,253,254,190,25,0,0,0,11,179,63,0,0,0,0,0,0,5,123,205,253,143,54,1,0,0,0,0,0,0,0,0,0,0,0,0,0,0,0,0,0,0,0,0,0,0,0,0,0,0,0,0,0,0,2
0,0,0,0,0,0,0,0,0,0,0,97,253,222,36,0,0,0,0,0,0,0,0,0,0,0,0,0,0,38,151,253,252,252,219,15,0,0,0,0,0,0,0,0,0,0,0,0,83,240,252,253,252,252,252,22,0,0,0,0,0,0,0,0,0,0,0,17,209,252,252,253,252,252,252,65,0,0,0,0,0,0,0,0,0,0,0,47,252,252,252,253,200,252,252,137,0,0,0,0,0,0,0,0,0,0,0,0,85,74,0,231,99,253,253,75,0,0,0,0,0,0,0,0,0,0,0,0,0,0,0,95,161,252,252,22,0,0,0,0,0,0,0,0,0,0,0,0,0,0,0,7,186,252,185,6,0,0,0,0,0,0,0,0,0,0,104,207,124,17,0,66,252,227,50,0,0,0,0,0,0,0,0,0,43,168,253,252,252,192,63,243,252,183,0,0,0,0,0,0,0,0,0,7,212,253,242,230,247,253,253,255,253,122,0,0,0,0,0,0,0,0,0,70,252,231,42,0,163,252,252,253,202,25,0,0,0,0,0,0,0,0,0,101,252,137,0,0,19,219,252,253,92,0,0,0,0,0,0,0,0,0,0,184,252,137,0,0,151,244,252,253,133,0,0,0,0,0,0,0,0,0,0,80,252,137,11,136,246,252,252,253,227,32,0,0,0,0,0,0,0,0,0,70,253,148,97,253,253,192,116,255,253,131,0,0,0,0,0,0,0,0,0,70,252,252,253,252,187,17,0,159,252,227,50,0,0,0,0,0,0,0,0,51,240,252,247,162,19,0,0,17,227,252,227,80,38,57,0,0,0,0,0,0,80,160,42,0,0,0,0,0,120,252,252,252,233,227,32,0,0,0,0,0,0,0,0,0,0,0,0,0,5,137,252,252,190,113,0,0,2
0,0,0,0,0,0,0,0,0,65,253,254,227,46,0,0,0,0,0,0,0,0,0,0,0,0,0,0,0,91,253,254,115,0,0,0,0,0,0,0,0,0,0,0,0,0,0,0,0,15,228,254,115,0,0,0,0,0,0,0,0,0,0,0,0,0,0,0,0,0,185,254,254,71,0,0,0,0,0,0,0,0,0,0,0,0,0,0,0,0,101,254,253,221,0,0,0,0,0,0,0,0,0,0,0,0,0,0,0,0,17,203,253,249,99,0,0,0,0,0,0,0,0,0,0,0,0,0,0,0,0,45,245,253,228,34,0,0,0,0,0,0,0,0,0,0,0,0,0,0,0,0,114,254,254,229,15,0,0,0,0,0,0,0,0,0,0,0,0,0,0,0,38,244,253,254,124,0,0,0,0,0,0,0,0,0,0,24,24,24,24,24,24,111,253,254,244,38,0,0,0,0,0,0,34,134,134,254,253,253,253,254,253,253,253,254,253,46,0,0,0,0,0,0,0,208,254,254,254,254,254,254,254,254,254,236,134,17,0,0,0,0,0,0,0,107,253,254,253,253,253,99,115,123,139,17,0,0,0,0,0,0,0,0,0,5,46,163,251,253,253,225,140,5,0,0,0,0,0,0,0,0,0,0,0,0,0,0,113,202,253,254,253,180,0,0,0,0,0,0,0,0,0,0,0,0,0,0,0,0,127,255,254,254,69,0,0,0,0,0,26,138,138,72,138,138,138,139,138,138,146,254,253,248,56,0,0,0,0,0,26,113,238,247,242,253,253,254,253,253,253,254,248,175,0,0,0,0,0,0,0,0,25,50,38,69,69,220,202,194,160,69,56,0,0,0,0,0,0,0,0,0,0,0,0,0,0,0,0,0,0,0,0,0,0,0,0,0,0,0,3
0,0,0,0,0,0,0,0,0,0,0,0,0,0,0,0,0,0,0,0,0,0,0,0,0,0,0,0,0,0,0,0,0,0,0,0,0,0,0,0,0,0,0,0,0,0,0,0,0,0,0,0,0,0,0,0,0,0,0,0,0,0,0,38,168,156,233,81,0,0,0,0,3,100,133,35,2,0,0,0,0,0,98,223,253,193,67,0,0,0,0,4,127,253,253,253,47,0,0,0,4,112,222,216,96,18,0,0,0,0,33,171,253,253,253,253,156,0,0,0,106,253,244,99,0,0,0,0,0,32,218,253,253,230,253,253,156,0,0,0,223,253,119,0,0,0,0,0,59,220,253,253,189,81,253,253,156,0,0,0,253,225,20,0,0,0,28,183,251,254,246,106,20,61,253,253,156,0,0,0,253,246,126,85,85,183,224,253,253,169,95,0,0,61,253,253,156,0,0,0,212,253,253,253,253,253,253,211,41,0,0,0,0,61,253,253,156,0,0,0,25,144,144,144,144,144,40,14,0,0,0,0,0,61,253,253,156,0,0,0,0,0,0,0,0,0,0,0,0,0,0,0,0,61,253,253,156,0,0,0,0,0,0,0,0,0,0,0,0,0,0,0,0,59,252,254,157,0,0,0,0,0,0,0,0,0,0,0,0,0,0,0,0,0,194,253,156,0,0,0,0,0,0,0,0,0,0,0,0,0,0,0,0,0,176,253,156,0,0,0,0,0,0,0,0,0,0,0,0,0,0,0,0,0,73,253,175,5,0,0,0,0,0,0,0,0,0,0,0,0,0,0,0,0,73,253,253,24,0,0,0,0,0,0,0,0,0,0,0,0,0,0,0,0,52,240,253,117,0,0,0,0,0,0,0,0,0,0,0,0,0,0,0,0,0,206,253,181,4,0,9
0,0,0,0,0,0,0,0,0,0,94,191,47,0,0,0,0,0,0,0,0,0,0,0,0,0,0,0,0,32,227,252,108,0,0,0,0,0,0,0,0,0,0,0,0,0,0,0,0,129,252,252,108,0,0,0,0,0,0,0,0,0,0,0,0,0,0,0,0,170,252,252,108,0,0,0,0,0,0,0,0,0,0,0,0,0,0,0,0,109,252,231,47,0,0,0,0,0,0,0,0,0,0,0,0,0,0,0,0,233,252,220,15,0,0,0,0,0,0,0,0,0,0,0,0,0,0,0,0,253,252,215,0,0,0,0,0,0,0,0,0,0,0,0,0,0,0,0,84,253,252,215,0,0,0,0,0,0,0,0,0,0,0,0,0,0,0,0,145,255,253,72,0,0,0,0,0,0,0,0,0,0,0,0,0,0,0,0,144,253,252,71,0,0,0,0,0,0,0,0,0,0,0,0,0,0,0,0,144,253,252,71,0,0,0,0,0,0,0,0,0,0,0,0,0,0,0,0,144,253,210,31,0,0,0,0,0,0,0,0,0,0,0,0,0,0,0,0,145,255,211,31,0,0,0,0,0,0,0,0,0,0,0,0,0,0,0,0,144,253,252,71,0,0,0,0,0,0,0,0,0,0,0,0,0,0,0,0,144,253,252,71,0,0,0,0,0,0,0,0,0,0,0,0,0,0,0,0,62,253,252,154,0,0,0,0,0,0,0,0,0,0,0,0,0,0,0,0,0,255,253,217,0,0,0,0,0,0,0,0,0,0,0,0,0,0,0,0,0,253,252,226,31,0,0,0,0,0,0,0,0,0,0,0,0,0,0,0,0,133,247,252,211,0,0,0,0,0,0,0,0,0,0,0,0,0,0,0,0,0,134,231,108,0,0,0,0,0,0,0,1
0,0,0,0,0,0,0,0,0,0,0,0,0,0,0,0,0,0,0,0,0,0,0,0,0,0,0,0,0,0,0,0,0,0,0,0,0,0,0,0,0,0,0,16,76,160,219,254,225,174,134,51,1,0,0,0,0,0,0,0,6,97,190,254,253,253,253,253,242,245,253,253,169,20,0,0,0,0,0,0,98,253,253,254,253,253,166,77,30,87,253,253,213,231,47,0,0,0,0,0,21,171,213,254,253,122,4,0,0,24,241,253,60,254,211,0,0,0,0,0,0,4,6,204,253,72,0,0,0,55,250,253,65,254,231,15,0,0,0,0,0,0,0,121,254,131,0,0,0,166,254,254,90,255,254,102,0,0,0,0,0,0,0,29,225,226,24,0,57,237,253,245,14,254,253,127,0,0,0,0,0,0,0,0,81,244,207,53,214,253,253,111,0,254,253,127,0,0,0,0,0,0,0,0,0,129,245,253,254,253,166,4,0,254,253,107,0,0,0,0,0,0,0,0,0,0,78,248,254,243,37,0,50,254,253,47,0,0,0,0,0,0,0,0,0,0,0,0,0,25,0,0,115,255,254,48,0,0,0,0,0,0,0,0,0,0,0,0,0,0,0,0,228,254,229,12,0,0,0,0,0,0,0,0,0,0,0,0,0,0,0,0,158,254,221,0,0,0,0,0,0,0,0,0,0,0,0,0,0,0,0,0,203,254,221,0,0,0,0,0,0,0,0,0,0,0,0,0,0,0,95,119,247,254,221,0,0,0,0,0,0,0,0,0,0,0,0,0,0,12,210,254,254,255,187,0,0,0,0,0,0,0,0,0,0,0,0,0,0,190,253,253,253,242,16,0,0,0,0,0,0,0,0,0,0,0,0,0,0,190,253,253,253,238,0,0,0,0,0,0,9
0,0,0,0,0,0,0,0,0,0,0,0,0,0,0,0,0,0,0,0,0,0,0,0,0,0,0,0,0,0,0,0,0,0,0,0,0,0,0,0,0,0,0,0,0,0,0,0,0,117,212,255,184,128,18,0,0,0,0,0,0,0,0,0,0,0,19,97,240,253,254,254,254,254,199,0,0,0,0,0,0,0,0,0,0,91,241,254,189,106,21,8,8,88,42,7,74,20,0,0,0,0,0,0,90,253,237,88,2,0,0,0,0,0,0,156,254,180,0,0,0,0,0,0,236,237,27,0,0,0,0,0,0,0,16,229,254,104,0,0,0,0,0,0,242,189,0,0,0,0,0,0,0,59,187,254,250,53,0,0,0,0,0,0,242,247,100,57,57,73,142,142,213,249,254,254,111,0,0,0,0,0,0,0,133,250,254,254,254,254,254,254,254,236,254,249,51,0,0,0,0,0,0,0,0,54,121,198,159,195,133,78,34,198,254,141,0,0,0,0,0,0,0,0,0,0,0,0,0,0,0,7,126,246,249,50,0,0,0,0,0,0,0,0,0,0,0,0,0,0,0,39,254,254,114,0,0,0,0,0,0,0,0,0,0,0,0,0,0,0,0,81,254,250,48,0,0,0,0,0,0,0,0,0,0,0,0,0,0,0,0,194,254,116,0,0,0,0,0,0,0,0,0,0,0,0,0,0,0,0,43,244,238,29,0,0,0,0,0,0,0,0,0,0,0,0,0,0,0,28,211,254,175,0,0,0,0,0,0,0,0,0,0,0,0,0,0,0,0,198,254,238,28,0,0,0,0,0,0,0,0,0,0,0,0,0,0,0,25,233,254,147,0,0,0,0,0,0,0,0,0,0,0,0,0,0,0,2,201,254,235,27,0,0,0,0,0,0,0,0,9
0,0,0,0,0,0,0,0,0,0,0,0,0,0,0,0,0,0,0,0,0,0,0,0,0,0,0,62,254,253,62,0,0,0,0,0,0,0,0,0,0,0,0,0,0,0,0,142,253,252,102,0,0,0,0,0,0,0,0,0,0,0,0,0,0,0,11,213,254,213,163,0,0,0,0,0,0,0,0,0,0,0,0,0,0,0,92,252,213,10,0,0,0,0,163,203,41,0,0,0,0,0,0,0,0,21,214,253,203,0,0,0,0,123,254,253,203,0,0,0,0,0,0,0,0,183,253,252,122,0,0,0,0,203,253,252,203,0,0,0,0,0,0,0,132,253,254,192,41,0,0,0,51,233,254,253,183,0,0,0,0,0,0,0,253,252,253,151,0,0,0,0,152,252,253,252,20,0,0,0,0,0,0,163,254,253,254,253,254,213,152,152,254,253,234,193,0,0,0,0,0,0,0,81,253,252,253,252,253,252,253,252,253,252,253,130,0,0,0,0,0,0,0,0,21,102,102,142,203,243,254,253,254,253,203,0,0,0,0,0,0,0,0,0,0,0,0,0,0,40,172,252,253,252,81,0,0,0,0,0,0,0,0,0,0,0,0,0,0,0,214,253,254,192,0,0,0,0,0,0,0,0,0,0,0,0,0,0,0,0,253,252,253,151,0,0,0,0,0,0,0,0,0,0,0,0,0,0,0,0,254,253,254,91,0,0,0,0,0,0,0,0,0,0,0,0,0,0,0,41,253,252,172,10,0,0,0,0,0,0,0,0,0,0,0,0,0,0,0,123,255,253,103,0,0,0,0,0,0,0,0,0,0,0,0,0,0,0,41,243,253,212,20,0,0,0,0,0,0,0,0,0,0,0,0,0,0,0,51,253,255,91,0,0,0,0,0,0,0,0,4
0,0,0,0,0,0,0,0,0,0,0,0,0,0,0,86,101,101,18,0,0,0,0,0,0,0,0,0,0,0,140,200,65,150,200,245,253,253,177,19,0,0,0,0,0,0,0,0,0,45,221,253,253,253,253,253,253,253,253,99,0,0,0,0,0,0,0,0,49,235,253,253,253,253,253,253,253,253,253,99,0,0,0,0,0,0,0,5,70,240,253,253,253,253,235,214,145,253,253,193,0,0,0,0,0,0,0,116,253,253,253,253,253,244,63,0,162,253,253,99,0,0,0,0,0,0,132,249,253,253,253,253,135,14,0,59,248,253,253,99,0,0,0,0,29,185,249,253,253,253,231,147,8,2,31,179,253,253,195,27,0,0,0,0,39,253,253,253,253,213,37,0,0,96,253,253,253,197,22,0,0,0,0,0,39,253,253,244,176,29,0,0,69,195,253,253,251,101,0,0,0,0,0,0,39,253,193,67,0,0,0,12,226,253,253,247,129,0,0,0,0,0,0,46,143,253,209,124,60,0,12,186,253,253,253,191,0,0,0,0,0,0,0,229,253,253,253,253,158,70,180,253,253,253,150,23,0,0,0,0,0,0,99,251,253,253,253,253,253,253,253,253,249,134,46,0,0,0,0,0,46,116,195,253,235,137,247,253,253,253,253,253,114,0,0,0,0,0,0,0,77,221,253,253,247,131,242,253,253,253,253,253,30,0,0,0,0,0,0,0,160,253,253,253,253,253,253,253,253,253,253,253,172,161,84,0,0,0,0,0,255,253,253,253,253,253,253,253,253,253,253,253,253,238,0,0,0,0,0,0,128,253,253,253,212,199,54,45,125,215,253,253,253,205,0,0,0,0,0,0,40,99,99,99,24,0,0,0,0,31,99,99,99,33,0,0,0,0,0,0,2
0,0,0,0,0,0,0,0,0,0,0,0,0,0,0,0,0,0,0,0,0,0,0,0,0,0,0,0,0,0,59,186,255,237,77,0,0,0,0,0,0,0,0,0,0,0,0,0,0,26,240,254,254,254,236,105,0,0,0,0,0,0,0,0,0,0,0,0,0,70,238,142,75,93,207,235,46,0,0,0,0,0,0,0,0,0,0,0,0,122,212,0,0,0,17,236,104,0,0,0,0,0,0,0,0,0,0,0,0,183,177,0,0,0,0,229,104,0,0,0,0,0,0,0,0,0,0,0,12,212,137,0,66,109,62,215,104,0,0,0,0,0,0,0,0,0,0,0,0,122,244,196,245,254,247,36,52,0,0,0,0,0,0,0,0,0,0,0,5,193,254,254,247,157,42,0,0,0,0,0,0,0,0,0,0,0,0,5,176,254,254,219,52,0,0,0,0,0,0,0,0,0,0,0,0,0,5,176,254,254,254,98,0,0,0,0,0,0,0,0,0,0,0,0,0,0,83,254,254,223,254,125,0,0,0,0,0,0,0,0,0,0,0,0,0,5,204,254,165,13,215,168,0,0,0,0,0,0,0,0,0,0,0,0,0,39,254,165,7,0,191,208,0,0,0,0,0,0,0,0,0,0,0,0,0,31,254,58,0,0,126,208,0,0,0,0,0,0,0,0,0,0,0,0,0,16,238,58,0,0,50,208,0,0,0,0,0,0,0,0,0,0,0,0,0,0,192,156,0,0,42,220,10,0,0,0,0,0,0,0,0,0,0,0,0,0,168,242,33,11,211,211,3,0,0,0,0,0,0,0,0,0,0,0,0,0,57,254,206,200,254,131,0,0,0,0,0,0,0,0,0,0,0,0,0,0,1,119,254,254,241,29,0,0,0,0,0,0,0,0,8
0,0,0,0,0,0,0,0,0,0,0,0,0,0,0,0,0,0,0,0,0,0,0,0,0,0,0,0,0,18,25,123,201,227,25,0,0,0,0,0,0,0,0,0,36,85,121,190,190,216,227,252,252,252,42,0,0,0,0,0,0,0,0,0,194,253,252,252,252,252,253,252,252,185,4,0,0,0,0,0,0,0,0,0,35,190,189,189,189,242,253,252,238,28,0,0,0,0,0,0,0,0,0,0,0,0,0,0,0,167,253,252,99,0,0,0,0,0,0,0,0,0,0,0,0,0,0,0,100,148,255,168,0,0,0,0,0,0,0,0,0,0,0,0,0,0,0,8,197,252,253,196,85,64,0,0,0,0,0,0,0,0,0,0,0,4,57,181,252,252,253,252,252,247,188,9,0,0,0,0,0,0,0,0,0,69,252,252,252,252,216,189,92,196,252,176,0,0,0,0,0,0,0,0,0,148,252,252,182,59,18,0,0,81,252,211,0,0,0,0,0,0,0,0,0,124,211,115,35,0,0,0,0,109,253,237,37,0,0,0,0,0,0,0,0,0,0,0,0,0,0,0,0,99,252,253,63,0,0,0,0,0,0,0,0,0,0,0,0,0,0,0,18,239,252,214,5,0,0,0,0,0,0,0,0,0,0,0,0,0,0,0,112,225,252,185,0,0,0,0,0,0,0,0,0,0,0,0,0,0,0,36,241,252,252,18,0,0,0,0,0,0,0,0,0,0,0,0,0,0,43,253,253,243,79,0,0,0,0,0,0,0,0,57,173,36,0,0,0,36,201,252,252,110,0,0,0,0,0,0,0,0,0,160,252,224,127,135,232,241,253,252,171,7,0,0,0,0,0,0,0,0,0,21,172,253,252,252,252,252,216,110,7,0,0,0,0,0,0,0,3
0,0,0,0,0,0,0,0,0,0,0,0,0,0,0,0,0,0,0,0,0,0,0,0,0,0,0,0,0,0,0,0,0,0,0,0,0,0,0,0,0,0,0,0,0,0,0,0,88,168,240,255,254,187,68,0,0,0,0,0,0,0,0,0,0,0,63,211,253,240,176,176,185,254,245,68,0,0,0,0,0,0,0,0,0,138,250,254,169,20,0,0,1,55,236,150,0,0,0,0,0,0,0,0,115,253,196,52,6,0,0,0,0,0,141,203,0,0,0,0,0,0,0,42,241,196,16,0,0,0,0,0,0,0,109,253,64,0,0,0,0,0,0,99,254,108,0,0,0,0,0,0,0,7,201,254,89,0,0,0,0,0,0,70,254,108,0,0,0,0,0,0,0,123,254,254,135,0,0,0,0,0,0,70,254,137,6,0,0,0,0,43,160,247,254,191,8,0,0,0,0,0,0,10,194,254,156,48,23,0,96,247,254,254,250,93,0,0,0,0,0,0,0,0,23,167,249,254,234,216,247,248,245,254,159,0,0,0,0,0,0,0,0,0,0,0,58,128,158,115,43,79,245,254,104,0,0,0,0,0,0,0,0,0,0,0,0,0,0,0,6,168,254,191,11,0,0,0,0,0,0,0,0,0,0,0,0,0,0,0,108,254,200,48,0,0,0,0,0,0,0,0,0,0,0,0,0,0,0,0,163,254,100,0,0,0,0,0,0,0,0,0,0,0,0,0,0,0,0,78,244,190,12,0,0,0,0,0,0,0,0,0,0,0,0,0,0,0,61,231,251,66,0,0,0,0,0,0,0,0,0,0,0,0,0,0,0,72,245,254,119,0,0,0,0,0,0,0,0,0,0,0,0,0,0,0,0,141,254,158,13,0,0,0,0,0,0,0,0,0,9
0,0,0,0,0,0,0,0,0,0,0,0,0,0,0,0,0,0,0,0,0,0,7,81,150,223,255,119,8,0,0,0,0,0,0,0,0,0,0,0,0,0,114,253,253,253,209,160,26,0,0,0,0,0,0,0,0,0,0,0,0,0,144,253,253,253,49,0,0,0,0,0,0,0,0,0,0,0,0,0,0,0,52,232,253,253,222,187,185,147,105,84,55,0,0,0,0,0,0,0,0,0,0,49,177,227,240,253,253,253,253,253,247,81,8,0,0,0,0,0,0,0,0,0,0,0,37,145,181,196,253,253,253,232,22,0,0,0,0,0,0,0,0,0,0,0,0,0,0,10,46,250,253,216,0,0,0,0,0,0,0,0,0,0,0,0,0,0,55,184,253,253,232,90,0,0,0,0,0,0,0,0,0,0,0,0,188,213,247,253,253,174,27,0,0,0,0,0,0,0,0,0,0,0,0,30,236,253,253,253,170,86,0,0,0,0,0,0,0,0,0,0,0,0,0,0,140,253,253,253,253,245,202,190,69,0,0,0,0,0,0,0,0,0,0,0,2,30,109,129,245,253,253,253,252,241,107,0,0,0,0,0,0,0,0,0,0,0,0,0,50,62,140,176,253,253,237,64,0,0,0,0,0,0,0,0,0,0,0,0,0,0,0,2,47,227,253,194,0,0,0,0,0,0,0,0,0,0,0,0,0,0,0,0,24,207,253,136,0,0,0,0,0,0,0,0,0,0,0,0,0,0,0,3,61,243,253,121,0,0,0,0,0,0,0,0,0,0,0,0,0,0,0,59,253,253,235,26,0,0,0,0,0,0,0,0,0,0,134,51,3,11,168,237,253,236,26,0,0,0,0,0,0,0,0,0,0,0,175,253,179,252,253,253,204,86,0,0,0,0,3
0,0,46,250,250,250,250,220,55,0,0,0,0,0,0,0,0,0,0,0,0,0,46,250,250,250,250,90,0,0,0,0,0,0,0,0,0,0,0,0,0,9,121,250,250,250,199,57,0,0,0,0,0,0,0,0,0,0,0,0,0,23,250,250,250,250,113,0,0,0,0,0,0,0,0,0,0,0,0,0,0,23,250,250,250,187,51,0,0,0,0,0,0,0,0,0,0,0,0,0,0,23,250,250,250,135,0,0,0,0,0,0,0,0,0,0,0,0,0,0,0,23,250,250,250,135,0,0,0,0,0,0,0,0,0,0,0,0,0,0,0,212,250,250,250,135,0,0,0,0,0,0,0,0,0,0,0,0,0,0,0,252,250,250,250,135,0,0,0,0,0,0,43,229,229,229,104,0,0,0,0,255,252,252,252,252,127,9,0,0,22,255,252,252,252,252,252,252,252,45,0,210,250,250,250,250,250,120,13,38,233,252,250,250,250,250,250,250,250,82,0,23,250,250,250,250,250,250,118,218,250,252,250,250,250,250,250,250,250,250,0,15,175,250,250,250,250,250,250,250,250,252,250,250,250,250,250,250,250,250,0,0,46,250,250,250,250,250,250,250,250,252,250,250,250,250,250,250,250,250,0,0,21,113,113,175,250,250,250,250,250,252,250,250,250,250,250,250,250,250,0,0,0,0,0,42,178,250,250,250,250,252,250,250,250,250,250,250,250,250,0,0,0,0,0,0,37,184,250,250,250,252,250,250,250,250,250,250,250,99,0,0,0,0,0,0,0,29,44,44,44,252,212,101,250,155,44,44,44,8,0,0,0,0,0,0,0,0,0,0,0,21,17,6,21,12,0,0,0,0,0,0,0,0,0,0,0,0,0,0,0,0,0,0,0,0,0,0,0,0,6
0,0,0,46,82,201,254,254,254,156,69,0,0,0,0,0,0,0,0,0,0,7,162,244,254,253,253,253,253,254,250,214,110,12,0,0,0,0,0,0,14,199,253,253,254,216,144,129,174,254,253,253,253,223,61,0,0,0,0,0,168,253,253,222,57,10,0,0,0,19,110,226,253,253,227,36,0,0,0,0,253,185,65,14,0,0,0,0,0,0,0,18,163,253,254,211,0,0,0,0,38,0,0,0,0,0,0,0,0,0,0,0,16,218,255,246,71,0,0,0,0,0,0,0,0,0,0,0,0,0,0,0,0,113,254,253,174,0,0,0,0,0,0,0,0,0,0,0,0,0,0,0,43,183,254,253,144,0,0,0,0,0,0,0,0,0,28,34,31,40,47,166,244,253,254,242,36,0,0,0,0,0,0,0,121,195,235,244,239,254,253,253,253,253,254,233,0,0,0,0,0,0,0,0,194,254,254,254,254,255,254,254,254,254,255,254,223,12,0,0,0,0,0,0,107,233,233,233,233,136,91,39,39,76,201,253,253,110,0,0,0,0,0,0,0,0,0,0,0,0,0,0,0,0,59,253,253,226,18,0,0,0,0,0,0,0,0,0,0,0,0,0,0,0,27,232,253,253,58,0,0,0,0,0,0,0,0,0,0,0,0,0,0,0,0,139,253,253,58,0,0,0,0,0,0,0,0,0,0,0,0,0,0,0,0,140,254,254,58,0,65,118,103,20,8,0,0,0,0,0,0,0,0,0,28,232,253,250,54,0,253,253,253,253,206,130,55,0,0,0,0,0,0,31,156,253,253,183,0,0,247,253,253,253,254,253,247,234,196,137,54,107,189,241,254,253,195,54,0,0,57,155,155,155,216,253,253,253,253,254,253,253,253,253,254,200,18,0,0,0,3
0,0,0,0,0,0,0,0,0,0,0,123,245,254,35,0,0,0,0,0,0,0,0,0,0,0,0,0,0,0,177,253,254,254,35,0,0,0,0,0,0,0,0,0,0,0,0,0,103,201,255,94,159,254,35,0,0,0,0,0,0,0,0,0,0,22,54,137,244,254,126,2,149,254,35,0,0,0,0,0,0,0,0,8,187,231,254,254,225,71,0,0,149,228,18,0,0,0,0,0,0,0,0,11,204,236,188,73,15,0,0,0,149,237,24,0,0,0,0,0,0,0,0,0,0,21,0,0,0,0,0,0,149,201,0,0,0,0,0,0,0,0,0,0,0,0,0,0,0,0,0,0,149,201,0,0,0,0,0,0,0,0,0,0,0,0,0,0,0,0,0,0,149,140,0,0,0,0,0,0,0,0,0,0,0,0,0,0,0,0,0,0,149,114,0,0,0,0,0,0,0,0,0,0,0,0,0,0,0,0,0,0,149,114,0,0,0,0,0,0,0,0,0,0,0,0,0,0,0,0,0,0,149,114,0,0,0,0,0,0,0,0,0,0,0,0,0,0,0,0,0,0,167,114,0,0,0,0,0,0,0,0,0,0,0,0,0,0,0,0,0,0,237,114,0,0,0,0,0,0,0,0,0,0,0,0,0,0,0,0,0,0,225,114,0,0,0,0,0,0,0,0,0,0,23,14,0,0,0,0,0,0,149,183,0,0,0,0,0,0,0,36,157,193,245,224,193,193,132,132,76,106,223,241,118,24,0,0,0,0,0,158,254,254,254,254,250,252,254,254,254,254,254,254,254,220,184,172,3,0,0,74,85,79,79,79,44,60,82,106,79,79,79,79,109,121,236,254,70,0,0,0,0,0,0,0,0,0,0,0,0,0,0,0,0,0,0,0,0,0,1
0,0,0,0,0,0,0,0,25,221,253,155,7,0,0,0,0,0,0,0,0,0,0,0,0,0,0,26,215,253,172,0,0,0,0,0,0,0,0,0,0,0,0,0,0,0,27,208,253,226,42,0,0,0,0,0,0,0,0,0,0,0,0,0,0,2,135,253,230,43,0,0,0,0,0,0,0,0,0,0,0,0,0,0,0,111,253,251,120,0,0,0,0,0,0,0,0,0,0,0,0,0,0,0,42,230,253,205,0,0,0,0,0,0,0,0,0,0,0,0,0,0,0,0,213,253,213,69,0,0,0,0,0,16,17,105,67,17,3,0,0,0,0,17,229,253,149,0,0,19,55,78,162,248,253,253,253,253,177,26,0,0,0,76,253,253,65,4,114,218,253,253,253,253,253,253,253,253,253,210,0,0,0,177,253,253,71,170,253,253,243,209,124,22,16,16,16,90,222,253,0,0,0,184,253,253,217,253,253,170,44,0,0,0,0,0,0,0,128,253,0,0,0,184,253,253,253,249,135,12,0,0,0,0,0,0,0,0,211,253,0,0,0,81,253,253,245,125,0,0,0,0,0,0,0,0,3,55,234,250,0,0,0,76,253,253,172,0,0,0,0,0,0,0,0,0,83,253,253,120,0,0,0,166,253,253,205,55,0,0,0,0,0,0,69,144,252,253,78,1,0,0,0,184,253,253,253,247,141,58,33,33,72,150,252,253,224,39,1,0,0,0,0,154,222,183,236,253,253,253,253,253,253,253,237,141,35,0,0,0,0,0,0,12,21,0,28,134,145,228,253,253,253,151,65,0,0,0,0,0,0,0,0,0,0,0,0,0,0,0,0,0,0,0,0,0,0,0,0,0,0,0,0,0,0,0,0,0,0,0,0,0,0,0,0,0,0,0,0,0,6
0,0,0,0,0,0,0,0,0,0,0,0,0,0,0,0,0,0,0,0,0,0,0,0,0,0,0,0,0,0,0,0,0,0,0,0,0,0,0,0,0,0,0,0,0,34,177,225,120,0,0,0,0,0,0,0,0,0,0,0,0,0,0,0,0,113,254,254,251,169,52,0,0,0,0,0,0,0,0,0,0,0,0,0,0,192,254,254,237,255,250,186,145,228,228,149,5,0,0,0,0,0,0,0,18,228,254,182,51,149,225,254,254,254,254,254,149,5,0,0,0,0,0,0,108,254,254,130,0,0,10,53,123,144,254,254,250,32,0,0,0,0,0,0,46,156,122,21,0,0,0,0,0,8,254,254,197,0,0,0,0,0,0,0,0,0,0,0,0,0,0,0,0,95,254,254,82,0,0,0,0,0,0,0,0,0,0,0,0,0,0,0,12,227,254,254,22,0,0,0,0,0,0,0,0,0,0,0,0,0,0,0,102,254,254,139,2,0,0,0,0,0,0,0,0,0,0,0,0,0,0,17,217,254,254,19,0,0,0,0,0,0,0,0,0,0,0,0,0,0,6,153,254,254,145,2,0,0,0,0,0,0,0,0,0,0,0,0,0,0,52,254,254,245,20,0,0,0,0,0,0,0,0,0,0,0,0,0,0,22,210,254,248,70,0,0,0,0,0,0,0,0,0,0,0,0,0,0,0,87,254,254,180,0,0,0,0,0,0,0,0,0,0,0,0,0,0,0,45,245,254,224,2,0,0,0,0,0,0,0,0,0,0,0,0,0,0,0,91,254,254,172,0,0,0,0,0,0,0,0,0,0,0,0,0,0,0,14,208,254,186,34,0,0,0,0,0,0,0,0,0,0,0,0,0,0,80,222,254,248,45,0,0,0,0,0,0,0,0,0,7
0,0,0,191,255,255,255,191,0,0,0,0,0,0,0,0,0,0,0,0,0,0,128,255,255,255,255,255,255,255,128,0,0,0,0,0,0,0,0,0,0,0,0,128,0,0,0,128,255,255,255,191,64,0,0,0,0,0,0,0,0,0,0,0,0,0,0,0,0,128,191,255,255,191,0,0,0,0,0,0,0,0,0,0,0,0,0,0,0,0,0,255,255,255,0,0,0,0,0,0,0,0,0,0,0,0,0,0,0,0,0,255,255,255,0,0,0,0,0,0,0,0,0,0,0,0,0,0,0,64,191,255,255,128,0,0,0,0,0,0,0,0,0,0,0,0,0,0,128,255,255,255,255,64,0,0,0,0,0,0,0,0,0,0,0,0,0,128,255,255,255,255,128,0,0,0,0,0,0,0,0,0,0,0,0,0,0,191,255,255,255,255,255,191,64,0,0,0,0,0,0,0,0,0,0,0,0,191,255,255,255,255,255,255,255,64,0,0,0,0,0,0,0,0,0,0,0,0,0,0,0,128,191,255,255,191,64,0,0,0,0,0,0,0,0,0,0,0,0,0,0,0,0,64,255,255,255,0,0,0,0,0,0,0,0,0,0,0,0,0,0,0,0,0,64,255,255,128,0,0,0,0,0,0,0,0,64,255,255,128,0,0,0,0,128,255,255,0,0,0,0,0,0,0,0,191,255,255,128,64,0,0,0,0,255,255,255,0,0,0,0,0,0,0,0,191,255,255,128,64,0,0,64,191,255,255,255,0,0,0,0,0,0,0,0,64,255,255,255,255,255,255,255,255,255,255,191,0,0,0,0,0,0,0,0,0,0,128,255,255,255,255,255,255,255,191,0,0,0,0,0,0,0,0,0,0,0,0,64,191,255,255,255,255,64,0,0,0,0,0,3
0,0,0,0,0,0,0,0,0,0,0,0,0,44,241,254,111,0,0,0,0,0,0,0,0,0,0,0,0,0,0,0,20,230,254,228,10,0,0,0,0,0,0,0,0,0,0,0,0,0,0,0,87,254,254,119,0,0,0,0,0,0,0,0,0,0,0,0,0,0,0,30,217,254,254,119,0,0,0,0,0,0,0,0,0,0,0,0,0,0,3,146,254,254,250,68,0,0,0,0,0,0,0,0,0,0,0,0,0,0,123,254,254,254,135,0,0,0,0,0,0,0,0,0,0,0,0,0,0,50,233,254,254,171,12,0,0,0,0,0,0,0,0,0,0,0,0,0,6,226,254,254,244,44,0,0,0,0,0,0,0,0,0,0,0,0,0,11,169,254,254,254,163,0,0,0,0,0,0,0,0,0,0,0,0,0,4,124,254,254,254,254,218,71,0,0,0,0,0,0,0,0,0,0,0,0,123,254,254,254,254,254,254,251,110,1,0,0,0,0,0,0,0,0,0,20,234,254,254,254,254,254,254,254,254,10,0,0,0,0,0,0,0,0,0,124,254,254,254,254,254,213,254,254,254,10,0,0,0,0,0,0,0,0,0,190,254,254,254,222,49,95,254,254,202,5,0,0,0,0,0,0,0,0,0,190,254,254,254,49,0,121,254,255,156,0,0,0,0,0,0,0,0,0,0,190,254,254,254,227,173,246,254,254,67,0,0,0,0,0,0,0,0,0,0,176,254,254,254,254,254,254,254,207,22,0,0,0,0,0,0,0,0,0,0,25,206,254,254,254,254,254,179,26,0,0,0,0,0,0,0,0,0,0,0,0,18,105,229,254,185,107,3,0,0,0,0,0,0,0,0,0,0,0,0,0,0,0,0,0,0,0,0,0,0,0,0,0,0,0,6
0,0,0,0,0,0,0,0,0,0,0,0,0,0,0,0,0,0,0,0,0,0,0,0,27,131,163,118,144,195,255,234,163,156,21,0,0,0,0,0,0,0,8,132,242,254,253,253,253,253,254,253,253,253,240,40,0,0,0,0,0,21,164,253,253,254,253,253,253,253,241,253,253,253,253,243,15,0,0,0,0,216,253,253,253,254,253,253,199,80,35,54,67,223,253,254,89,0,0,0,0,235,253,253,188,221,253,129,16,0,0,0,0,77,253,254,173,0,0,0,0,236,254,254,124,27,39,0,0,0,0,0,0,77,254,255,109,0,0,0,0,131,253,253,253,178,62,0,0,0,0,0,8,172,253,254,89,0,0,0,0,8,196,253,253,254,232,139,53,0,0,41,177,253,253,254,18,0,0,0,0,0,8,131,248,254,253,253,249,199,110,224,253,253,253,151,4,0,0,0,0,0,0,0,52,156,253,253,253,253,254,253,253,253,155,0,0,0,0,0,0,0,0,0,0,0,20,140,254,254,255,254,254,254,189,27,0,0,0,0,0,0,0,0,0,0,12,186,253,253,254,253,253,253,253,242,100,8,0,0,0,0,0,0,0,0,145,253,253,240,133,36,127,232,253,254,253,131,8,0,0,0,0,0,0,58,249,253,251,86,0,0,0,24,119,247,253,253,61,0,0,0,0,0,0,137,253,253,202,0,0,0,0,0,0,99,253,253,209,0,0,0,0,0,0,163,254,254,144,0,0,0,0,0,27,125,254,254,235,0,0,0,0,0,0,163,253,253,245,170,120,55,100,151,242,254,253,253,99,0,0,0,0,0,0,49,231,253,253,253,254,253,253,253,253,254,253,208,27,0,0,0,0,0,0,0,51,224,253,253,254,253,253,253,253,235,130,8,0,0,8
0,0,0,0,0,0,0,0,0,0,0,0,0,0,0,0,0,0,0,0,0,0,0,0,0,0,0,0,74,102,243,138,0,0,0,0,0,0,0,0,0,0,0,0,0,0,0,68,240,254,254,235,47,34,0,0,0,0,0,0,0,0,0,0,0,0,0,86,254,254,254,254,254,225,138,0,0,0,0,0,0,0,0,0,0,0,0,237,254,254,254,254,254,254,254,248,117,34,0,0,0,0,0,0,0,0,107,251,254,234,74,75,216,226,231,254,254,216,194,35,0,0,0,0,0,107,203,254,254,123,0,0,0,32,45,116,116,116,116,21,0,0,0,0,32,214,254,254,173,7,0,0,0,0,0,0,0,0,0,0,0,0,0,19,207,254,254,254,69,0,0,0,0,0,0,0,0,0,0,0,0,0,25,203,254,254,254,254,69,0,0,0,0,0,0,0,0,0,0,0,0,0,33,222,254,254,254,254,220,78,7,0,0,0,0,0,0,0,0,0,0,0,0,45,227,231,244,254,254,254,137,22,0,0,0,0,0,0,0,0,0,0,0,0,0,0,72,248,254,254,254,231,0,0,0,0,0,0,0,0,0,0,0,0,0,0,0,28,194,254,254,252,225,69,0,0,0,0,0,0,0,0,0,0,0,0,0,0,62,164,253,254,254,231,66,0,0,0,0,0,0,0,0,0,0,0,0,0,0,0,127,220,254,254,246,64,0,0,0,0,0,0,0,0,0,0,0,74,217,137,6,47,254,254,254,237,70,0,0,0,0,0,0,0,0,0,0,31,211,255,124,17,100,236,254,254,192,0,0,0,0,0,0,0,0,0,0,0,107,202,254,254,254,254,254,254,192,0,0,0,0,0,0,0,0,0,0,0,0,24,187,238,254,254,254,254,159,0,0,0,5
0,0,0,0,0,0,0,0,0,0,0,113,255,254,130,0,0,0,0,0,0,0,0,0,0,0,0,0,0,0,64,248,253,253,129,0,0,0,0,0,0,0,0,0,0,0,0,0,0,0,185,253,253,251,91,0,0,0,0,0,0,0,0,0,0,0,0,0,0,20,216,253,253,246,0,0,0,0,0,0,0,0,0,0,0,0,0,0,0,90,253,253,253,153,0,0,0,0,0,0,0,0,0,0,0,0,0,0,0,98,253,253,253,109,0,0,0,0,0,0,0,0,0,0,0,0,0,0,0,227,253,253,253,109,0,0,0,0,0,0,0,0,0,0,0,0,0,0,108,253,253,253,253,109,0,0,0,0,0,0,0,0,0,0,0,0,0,0,111,253,253,253,253,109,0,0,0,0,0,0,0,0,0,0,0,0,0,0,111,253,253,253,253,109,0,0,0,0,0,0,0,0,0,0,0,0,0,0,111,253,253,253,248,89,0,0,0,0,0,0,0,0,0,0,0,0,0,0,111,253,253,253,226,0,0,0,0,0,0,0,0,0,0,0,0,0,0,0,188,253,253,253,226,0,0,0,0,0,0,0,0,0,0,0,0,0,0,0,248,253,253,253,226,0,0,0,0,0,0,0,0,0,0,0,0,0,0,0,248,253,253,253,169,0,0,0,0,0,0,0,0,0,0,0,0,0,0,43,249,253,253,253,89,0,0,0,0,0,0,0,0,0,0,0,0,0,0,130,253,253,253,241,67,0,0,0,0,0,0,0,0,0,0,0,0,0,0,130,253,253,253,205,0,0,0,0,0,0,0,0,0,0,0,0,0,0,0,50,250,253,253,205,0,0,0,0,0,0,0,0,0,0,0,0,0,0,0,0,173,253,141,94,0,0,0,0,0,0,0,0,1
0,0,0,0,0,0,0,0,0,13,191,255,90,0,0,0,0,0,0,0,0,0,0,0,0,0,0,0,98,228,252,253,243,50,0,0,101,24,0,0,0,0,0,0,0,0,0,51,209,252,141,56,231,165,0,0,222,27,0,0,0,0,0,0,0,0,0,225,245,208,37,13,218,96,0,0,253,27,0,0,0,0,0,0,0,0,63,240,195,0,0,113,167,0,0,0,253,27,0,0,0,0,0,0,0,63,255,253,133,0,0,63,15,0,0,141,255,168,0,0,0,0,0,0,10,178,253,176,6,0,0,0,0,0,0,140,253,167,0,0,0,0,0,0,29,252,253,58,0,0,0,0,0,0,0,140,253,167,0,0,0,0,0,0,123,252,240,24,0,0,0,0,0,0,0,140,253,167,0,0,0,0,0,32,215,252,140,0,0,0,0,0,0,0,0,140,253,167,0,0,0,0,0,57,253,253,141,0,0,0,0,0,0,0,0,141,255,168,0,0,0,0,0,57,252,252,15,0,0,0,0,0,0,0,26,240,253,42,0,0,0,0,0,57,252,252,0,0,0,0,0,0,0,0,60,252,253,27,0,0,0,0,0,57,252,252,0,0,0,0,0,0,0,38,224,252,240,24,0,0,0,0,0,57,252,252,79,0,0,0,0,0,0,135,252,252,140,0,0,0,0,0,0,57,253,253,141,0,0,0,0,0,101,222,253,190,0,0,0,0,0,0,0,6,177,252,241,72,0,0,48,147,249,252,242,74,0,0,0,0,0,0,0,0,59,252,253,233,197,197,227,253,252,208,49,0,0,0,0,0,0,0,0,0,10,161,253,252,252,252,252,253,179,65,0,0,0,0,0,0,0,0,0,0,0,0,112,237,252,252,173,112,12,0,0,0,0,0,0,0,0
0,0,0,0,0,0,0,0,0,0,0,0,0,0,0,0,0,0,0,0,0,0,0,0,0,0,0,4,11,0,0,0,0,0,150,254,48,0,0,0,0,0,0,0,0,0,0,133,233,0,0,0,0,0,174,249,41,0,0,0,0,0,0,0,0,0,39,247,213,0,0,0,0,0,239,221,0,0,0,0,0,0,0,0,0,0,113,253,154,0,0,0,0,0,254,221,0,0,0,0,0,0,0,0,0,30,250,233,40,0,0,0,0,75,254,196,0,0,0,0,0,0,0,0,1,145,254,160,0,0,0,0,0,134,255,113,0,0,0,0,0,0,0,0,61,253,232,38,0,0,0,0,0,193,254,63,0,0,0,0,0,0,0,15,239,253,164,6,0,0,0,0,0,238,254,158,24,0,0,0,0,0,76,227,254,253,253,206,94,0,0,0,36,246,254,253,47,0,0,0,0,15,232,253,199,173,213,253,253,239,203,158,232,253,254,158,18,0,0,0,0,0,139,133,0,0,0,90,208,239,238,246,254,254,129,0,0,0,0,0,0,0,0,0,0,0,0,0,0,0,0,53,243,253,45,0,0,0,0,0,0,0,0,0,0,0,0,0,0,0,0,128,253,148,0,0,0,0,0,0,0,0,0,0,0,0,0,0,0,0,38,232,253,50,0,0,0,0,0,0,0,0,0,0,0,0,0,0,0,0,136,253,143,1,0,0,0,0,0,0,0,0,0,0,0,0,0,0,0,41,234,251,55,0,0,0,0,0,0,0,0,0,0,0,0,0,0,0,10,189,253,136,0,0,0,0,0,0,0,0,0,0,0,0,0,0,0,12,137,254,187,9,0,0,0,0,0,0,0,0,0,0,0,0,0,0,0,64,253,250,82,0,0,0,0,0,0,0,0,0,4
0,0,0,0,0,0,0,0,0,0,0,0,0,0,0,0,0,0,0,0,0,0,0,0,0,0,0,0,0,0,0,0,0,0,0,157,255,24,0,0,0,0,0,0,0,0,0,0,0,0,0,0,0,0,54,237,248,23,0,0,0,0,0,0,0,0,0,0,0,0,0,0,0,46,235,246,82,0,0,0,0,0,0,0,0,0,0,0,0,0,0,0,44,182,253,148,0,0,0,0,0,0,0,0,0,0,0,0,0,0,0,0,150,253,243,32,0,0,0,0,0,0,0,0,0,0,0,0,0,0,0,62,233,253,88,0,0,0,0,0,0,0,0,0,0,0,0,0,0,0,11,203,253,178,15,0,0,0,0,0,0,0,0,0,0,0,0,0,0,11,160,253,202,16,0,0,0,0,0,0,0,0,0,0,0,0,0,0,0,56,253,253,151,0,0,0,0,0,0,0,0,0,0,0,0,0,0,0,13,165,253,172,15,0,0,0,0,0,0,0,0,0,0,0,0,0,0,0,144,253,236,45,0,0,0,0,0,0,0,0,0,0,0,0,0,0,0,35,236,237,75,0,0,0,0,0,0,0,0,0,0,0,0,0,0,0,12,171,253,158,0,0,0,0,0,0,0,0,0,0,0,0,0,0,0,0,38,253,236,49,0,0,0,0,0,0,0,0,0,0,0,0,0,0,0,0,144,253,98,0,0,0,0,0,0,0,0,0,0,0,0,0,0,0,0,77,242,166,10,0,0,0,0,0,0,0,0,0,0,0,0,0,0,0,0,155,238,51,0,0,0,0,0,0,0,0,0,0,0,0,0,0,0,0,11,198,216,0,0,0,0,0,0,0,0,0,0,0,0,0,0,0,0,0,25,253,158,0,0,0,0,0,0,0,0,0,0,0,0,0,1
0,0,0,0,0,0,203,243,223,213,252,253,252,253,151,0,0,0,0,0,0,0,0,0,0,0,163,254,253,254,253,254,253,254,151,0,0,0,0,0,0,0,0,0,0,0,0,50,50,50,50,131,252,253,111,0,0,0,0,0,0,0,0,0,0,0,0,0,0,31,51,254,253,224,20,0,0,0,0,0,0,0,0,0,0,0,0,163,203,233,252,253,252,81,0,0,0,0,0,0,0,0,0,0,0,0,123,254,253,254,253,254,172,0,0,0,0,0,0,0,0,0,0,0,0,0,203,253,252,253,252,253,252,123,0,0,0,0,0,0,0,0,0,0,0,21,223,254,253,183,102,254,253,234,51,0,0,0,0,0,0,0,0,0,0,0,203,192,70,0,0,71,232,253,192,0,0,0,0,0,0,0,0,0,0,0,0,0,0,0,0,0,123,254,253,82,0,0,0,0,0,0,0,0,0,0,0,0,0,0,0,0,0,213,252,203,0,0,0,0,0,0,0,0,0,0,21,0,0,0,0,0,0,132,253,234,51,0,0,0,0,0,0,0,123,203,223,142,102,82,0,0,0,10,212,253,232,0,0,0,0,0,0,52,253,254,253,254,253,254,253,254,172,152,193,254,253,0,0,0,0,0,0,51,252,253,171,213,252,253,252,253,252,253,252,253,252,0,0,0,0,0,0,52,253,234,30,0,41,123,203,254,253,254,253,254,253,123,0,0,0,0,0,51,252,253,212,102,102,102,142,253,252,253,252,253,252,162,0,0,0,0,0,0,41,255,253,254,253,254,253,254,253,254,253,183,102,0,0,0,0,0,0,0,0,71,151,253,252,253,252,253,171,131,50,0,0,0,0,0,0,0,0,0,0,0,0,0,0,0,0,0,0,0,0,0,0,0,0,0,3
0,0,0,0,0,0,0,0,124,232,253,253,253,253,253,107,0,0,0,0,0,0,0,0,0,0,24,166,252,231,177,97,10,121,243,240,46,0,0,0,0,0,0,0,0,54,218,253,181,26,0,0,0,0,182,253,117,0,0,0,0,0,0,0,3,134,252,134,4,0,0,0,0,0,128,253,186,0,0,0,0,0,0,0,99,253,208,0,0,0,0,0,0,0,47,243,186,0,0,0,0,0,0,0,179,249,41,0,0,0,0,0,0,0,79,253,186,0,0,0,0,0,0,0,234,155,0,0,0,0,0,0,0,0,79,253,186,0,0,0,0,0,0,2,234,78,0,0,0,0,0,0,0,0,165,253,186,0,0,0,0,0,0,33,241,141,0,0,0,0,0,0,0,0,182,253,123,0,0,0,0,0,0,0,48,37,0,0,0,0,0,0,0,0,182,253,83,0,0,0,0,0,0,0,0,0,0,0,0,0,0,0,0,150,252,224,36,0,0,0,0,0,0,0,0,0,0,0,0,0,0,0,104,250,253,129,0,0,0,0,0,63,135,135,135,63,17,0,0,0,0,53,250,253,199,18,0,0,0,0,34,238,253,253,253,253,220,156,79,79,79,221,253,244,50,0,0,0,0,0,24,226,253,247,233,239,253,253,253,253,253,253,253,139,15,0,0,0,0,0,0,128,253,227,14,24,83,108,243,253,253,253,253,253,228,171,144,68,68,13,0,14,241,253,168,85,60,140,248,253,249,243,243,244,253,253,253,253,251,44,0,0,67,238,253,253,253,253,253,154,57,0,0,12,93,143,168,93,72,0,0,0,0,34,195,253,253,185,106,18,0,0,0,0,0,0,0,0,0,0,0,0,0,0,0,0,0,0,0,0,0,0,0,0,0,0,0,0,0,0,2
0,0,0,0,0,0,0,0,0,0,0,0,0,0,0,0,0,0,0,0,0,0,0,0,0,0,0,0,0,0,0,0,0,0,0,0,0,0,0,0,0,0,0,0,0,0,0,0,0,0,0,0,0,0,0,0,0,0,0,0,0,0,0,0,15,24,24,128,149,253,253,253,253,191,61,0,0,0,0,0,0,17,47,110,219,252,252,252,253,252,252,252,252,253,236,44,0,0,0,0,51,209,252,253,252,252,252,252,184,162,69,69,121,253,252,69,0,0,0,0,70,252,252,253,172,45,45,45,0,0,0,0,0,253,252,69,0,0,0,0,7,65,137,75,8,0,0,0,0,0,0,0,53,253,252,69,0,0,0,0,0,0,0,0,0,0,0,0,0,0,0,0,179,255,196,0,0,0,0,0,0,0,0,0,0,0,0,0,0,0,0,17,234,253,92,0,0,0,0,0,0,0,0,0,0,0,0,0,0,0,0,124,252,247,67,0,0,0,0,0,0,0,0,0,0,0,0,0,0,0,100,244,252,188,0,0,0,0,0,0,0,0,0,0,0,0,0,0,0,0,184,252,252,63,0,0,0,0,0,0,0,0,0,0,0,0,0,0,0,5,191,253,243,0,0,0,0,0,0,0,0,0,0,0,0,0,0,0,0,47,252,252,137,0,0,0,0,0,0,0,0,0,0,0,0,0,0,0,0,47,252,252,137,0,0,0,0,0,0,0,0,0,0,0,0,0,0,0,0,47,252,252,137,0,0,0,0,0,0,0,0,0,0,0,0,0,0,0,0,151,252,252,32,0,0,0,0,0,0,0,0,0,0,0,0,0,0,0,0,162,253,161,0,0,0,0,0,0,0,0,0,0,0,0,0,0,0,0,0,161,252,160,0,0,0,0,0,0,0,0,7
0,0,0,0,0,0,0,0,0,0,0,0,0,0,0,0,0,0,0,0,0,0,0,0,0,0,43,123,245,253,253,237,253,245,122,25,0,0,0,0,0,0,0,0,0,159,253,252,166,63,63,37,63,72,189,226,116,0,0,0,0,0,0,11,197,249,153,21,2,0,0,0,0,0,6,152,250,111,0,0,0,0,0,22,252,252,0,0,0,0,0,0,0,0,0,0,183,168,0,0,0,0,0,22,252,252,0,0,0,0,0,0,0,0,0,0,236,168,0,0,0,0,0,9,187,253,131,11,0,0,0,0,0,0,0,168,255,107,0,0,0,0,0,0,16,221,253,142,0,0,0,0,0,8,112,242,142,16,0,0,0,0,0,0,0,17,188,240,179,57,13,0,43,181,247,143,9,0,0,0,0,0,0,0,0,0,0,99,194,252,121,100,197,247,98,0,0,0,0,0,0,0,0,0,0,0,62,106,110,77,139,236,217,91,0,0,0,0,0,0,0,0,0,0,0,45,237,253,253,253,253,212,71,0,0,0,0,0,0,0,0,0,0,0,0,0,37,127,252,252,252,217,83,0,0,0,0,0,0,0,0,0,0,0,0,0,0,94,252,238,187,245,246,81,0,0,0,0,0,0,0,0,0,0,0,0,55,232,238,28,0,67,237,245,127,0,0,0,0,0,0,0,0,0,0,0,148,252,187,0,0,0,67,244,242,35,0,0,0,0,0,0,0,0,0,0,148,253,127,0,0,0,0,110,253,165,0,0,0,0,0,0,0,0,0,0,148,252,126,0,0,0,0,22,252,252,0,0,0,0,0,0,0,0,0,0,148,252,180,16,0,0,8,85,252,146,0,0,0,0,0,0,0,0,0,0,49,184,252,231,169,170,197,247,162,14,0,0,0,0,8
0,0,0,0,0,0,0,0,0,0,0,0,0,0,0,0,0,0,0,0,0,0,0,0,0,0,0,0,44,127,241,214,169,160,20,0,0,0,0,0,0,0,0,0,0,0,0,16,230,254,254,191,239,254,201,0,0,0,0,0,0,0,0,0,0,0,0,190,254,254,109,62,189,254,246,41,0,0,0,0,0,0,0,0,0,0,0,225,254,254,244,252,254,254,254,65,0,0,0,0,0,0,0,0,0,0,0,138,246,254,254,160,104,221,254,65,0,0,0,0,0,0,0,0,0,0,0,0,35,108,36,4,0,199,254,65,0,0,0,0,0,0,0,0,0,0,0,0,0,0,0,0,18,230,254,65,0,0,0,0,0,0,0,0,0,0,0,0,0,0,0,0,49,254,243,30,0,0,0,0,0,0,0,0,0,0,0,0,0,0,0,0,162,254,217,0,0,0,0,0,0,0,0,0,0,90,130,130,130,49,0,6,212,254,103,0,0,0,0,0,0,0,0,0,68,251,254,254,254,247,140,172,254,242,31,0,0,0,0,0,0,0,0,0,151,254,97,47,138,249,254,254,254,88,0,0,0,0,0,0,0,0,0,0,141,254,65,0,0,128,254,254,254,56,0,0,0,0,0,0,0,0,0,0,59,252,150,0,85,246,254,254,254,56,0,0,0,0,0,0,0,0,0,0,0,234,241,165,247,254,194,198,254,122,0,0,0,0,0,0,0,0,0,0,0,192,254,255,251,149,11,122,254,177,0,0,0,0,0,0,0,0,0,0,0,17,88,137,56,0,0,122,254,228,0,0,0,0,0,0,0,0,0,0,0,0,0,0,0,0,0,153,254,228,0,0,0,0,0,0,0,0,0,0,0,0,0,0,0,0,0,208,255,198,0,0,0,0,0,0,2
0,0,0,0,0,0,0,0,0,0,0,0,0,0,0,0,0,0,0,0,0,0,0,0,0,0,0,0,0,0,0,0,0,0,0,0,0,0,0,0,0,0,0,0,0,0,0,0,17,99,162,161,161,161,161,162,88,34,0,0,0,0,0,0,0,0,0,0,176,252,253,252,252,252,252,253,252,234,65,0,0,0,0,0,0,0,0,0,207,252,253,252,185,160,160,253,252,252,194,9,0,0,0,0,0,0,0,116,248,252,243,64,6,0,0,23,169,252,252,75,0,0,0,0,0,0,57,253,253,253,158,0,0,0,0,0,162,253,253,201,0,0,0,0,0,36,219,252,252,231,0,0,0,0,0,0,161,252,252,252,0,0,0,0,0,170,252,252,227,100,0,0,0,0,0,0,161,252,252,252,0,0,0,0,136,253,252,252,66,0,0,0,0,0,0,0,161,252,252,252,0,0,0,136,250,253,252,136,4,0,0,0,0,0,0,11,203,252,252,147,0,0,81,253,253,255,196,0,0,0,0,0,0,0,0,97,253,253,253,23,0,51,228,252,252,165,33,0,0,0,0,0,0,0,43,253,252,252,235,18,81,228,252,252,189,32,0,0,0,0,0,0,19,112,246,253,252,233,64,0,253,252,252,252,22,0,0,0,0,0,9,114,220,252,252,253,252,141,0,0,148,252,252,210,12,0,0,0,0,106,181,252,252,252,252,243,64,6,0,0,24,253,253,253,201,139,138,170,253,253,255,253,253,234,126,0,0,0,0,0,9,173,252,252,252,253,252,252,252,252,249,185,92,17,0,0,0,0,0,0,0,13,100,208,252,253,240,183,89,69,63,0,0,0,0,0,0,0,0,0,0,0,0,17,45,46,37,0,0,0,0,0,0,0,0,0,0,0,0,0,0
0,0,0,0,0,0,0,0,0,0,0,0,0,0,0,0,0,0,0,0,0,0,0,0,0,0,0,0,0,0,0,0,0,0,0,0,0,205,148,22,0,0,0,0,0,0,0,0,0,0,0,0,0,0,0,0,108,253,254,146,0,0,5,179,223,214,3,0,0,0,0,0,0,0,0,58,249,254,254,143,0,46,198,254,254,254,97,0,0,0,0,0,0,0,0,66,254,254,254,38,0,112,254,254,254,254,97,0,0,0,0,0,0,0,35,101,254,254,202,10,23,218,254,254,254,240,10,0,0,0,0,0,0,0,133,246,254,254,87,0,127,254,254,246,221,115,0,0,0,0,0,0,0,0,157,254,254,248,61,0,122,254,254,226,41,7,0,0,0,0,0,0,21,54,245,254,254,147,0,0,200,254,254,245,61,0,0,0,0,0,0,0,114,247,254,254,254,5,0,0,232,254,254,103,0,0,0,0,0,0,44,64,224,254,254,254,254,51,0,0,147,254,254,157,93,10,0,0,13,155,243,254,254,254,254,254,254,143,0,0,88,239,254,254,254,236,198,239,240,250,242,253,254,254,254,193,16,1,0,0,0,26,161,254,254,254,254,254,251,107,37,167,254,254,248,99,0,0,0,0,0,0,24,156,156,198,135,48,45,0,0,219,254,254,139,0,0,0,0,0,0,0,0,0,0,5,0,0,0,0,50,247,254,254,108,0,0,0,0,0,0,0,0,0,0,0,0,0,0,0,93,254,255,254,10,0,0,0,0,0,0,0,0,0,0,0,0,0,0,0,93,254,254,173,2,0,0,0,0,0,0,0,0,0,0,0,0,0,0,0,93,254,254,156,0,0,0,0,0,0,0,0,0,0,0,0,0,0,0,0,93,254,254,81,0,0,0,0,0,0,4
0,0,0,0,0,0,0,0,0,0,0,0,0,0,0,0,0,0,0,0,0,0,0,0,0,21,176,254,254,254,255,254,241,163,99,27,0,0,0,0,0,0,0,0,0,176,253,160,108,108,109,223,253,253,253,184,30,0,0,0,0,0,0,0,0,221,253,114,0,0,0,21,114,213,253,254,161,6,0,0,0,0,0,0,79,254,203,27,0,0,0,0,0,24,151,254,253,75,0,0,0,0,0,46,232,228,37,0,0,0,0,0,0,0,0,124,253,127,0,0,0,0,11,183,254,98,0,0,0,0,0,0,0,0,0,73,254,127,0,0,0,0,89,253,168,0,0,0,0,0,0,0,0,0,0,157,253,107,0,0,0,0,192,253,98,0,0,0,0,0,0,0,0,3,102,241,193,18,0,0,0,0,128,253,168,0,0,0,0,0,12,12,64,151,253,216,81,0,0,0,0,0,62,253,253,156,175,181,181,181,228,227,253,253,155,26,0,0,0,0,0,0,14,134,254,255,254,254,254,254,255,254,254,254,156,0,0,0,0,0,0,0,0,2,83,182,253,253,210,198,109,128,153,150,253,210,30,0,0,0,0,0,0,0,0,228,253,163,8,0,0,0,0,3,132,254,186,0,0,0,0,0,0,0,40,254,223,21,0,0,0,0,0,0,0,215,241,67,0,0,0,0,0,0,124,254,76,0,0,0,0,0,0,0,0,163,253,127,0,0,0,0,0,0,182,255,44,0,0,0,0,0,0,0,0,189,254,101,0,0,0,0,0,0,97,254,171,8,0,0,0,0,0,0,72,254,182,3,0,0,0,0,0,0,13,228,253,209,89,37,0,0,19,82,243,217,22,0,0,0,0,0,0,0,0,42,228,250,253,253,200,199,226,253,207,104,0,0,0,0,8
0,0,0,0,0,0,0,0,0,0,0,19,114,253,253,253,253,248,143,0,0,0,0,0,0,0,0,0,0,27,114,221,253,253,216,177,58,74,128,0,0,0,0,0,0,0,0,0,54,200,253,253,217,194,31,0,0,0,0,0,0,0,0,0,0,0,8,155,251,253,244,119,29,0,0,0,0,0,0,0,0,0,0,0,0,21,151,204,253,248,100,0,0,0,0,0,0,0,0,0,0,0,0,0,29,147,253,253,196,80,0,0,0,0,0,0,0,0,0,0,0,0,0,0,189,253,253,196,7,0,0,0,0,0,0,0,0,0,0,0,0,0,0,191,247,253,118,13,0,0,0,0,0,0,0,0,0,0,0,0,0,0,79,246,253,150,19,0,0,0,0,0,0,0,0,0,0,0,0,0,0,0,171,253,186,59,0,0,0,0,0,0,0,0,0,20,94,152,41,0,0,64,196,212,28,0,0,0,0,0,0,0,0,95,165,201,253,253,216,26,0,64,244,212,28,0,0,0,0,0,0,27,142,206,253,253,247,252,253,158,0,58,243,216,31,0,0,0,0,0,0,92,208,250,129,129,58,226,233,120,0,54,243,219,33,0,0,0,0,0,122,250,242,146,0,0,94,224,178,52,0,79,247,243,116,72,0,0,0,78,247,253,107,0,41,213,249,253,120,0,0,0,200,253,253,246,192,133,199,218,253,253,218,199,226,253,253,171,45,0,0,0,171,253,253,253,253,253,253,253,253,253,253,253,233,234,93,16,0,0,0,0,37,136,248,253,253,253,253,253,253,253,240,232,120,52,0,0,0,0,0,0,0,0,89,116,116,186,253,253,216,116,41,0,0,0,0,0,0,0,0,0,0,0,0,0,0,0,0,0,0,0,0,0,0,0,0,0,0,0,6
0,0,0,0,0,0,0,0,0,0,0,0,0,0,0,0,0,0,0,0,0,0,0,0,0,0,0,0,0,0,0,31,39,39,39,35,0,0,0,0,0,0,0,0,0,0,0,0,0,92,185,240,254,254,254,247,185,64,0,0,0,0,0,0,0,0,0,2,90,183,254,254,254,254,254,254,254,242,102,0,0,0,0,0,0,0,7,172,254,254,254,254,254,254,254,254,254,254,241,64,0,0,0,0,0,62,193,254,254,254,254,254,213,192,254,254,254,254,254,137,0,0,0,0,26,163,254,254,254,249,174,96,13,7,110,139,61,216,254,217,0,0,0,23,172,254,254,254,217,105,0,0,0,0,0,0,0,81,252,254,0,0,0,160,254,254,254,180,14,0,0,0,0,0,0,0,0,0,176,254,0,0,124,243,254,254,137,8,0,0,0,0,0,0,0,0,0,0,132,254,0,25,229,254,254,179,10,0,0,0,0,0,0,0,0,0,0,90,214,254,0,39,254,254,220,14,0,0,0,0,0,0,0,0,0,0,0,172,254,254,0,140,254,252,66,0,0,0,0,0,0,0,0,0,0,14,205,245,254,194,0,219,254,179,35,0,0,0,0,0,0,0,0,15,102,178,254,254,254,135,0,209,254,99,0,0,0,0,0,0,0,36,99,181,254,254,254,254,144,15,0,209,254,103,28,19,25,28,65,136,206,248,254,254,254,254,248,139,1,0,0,228,254,254,254,229,246,254,254,254,255,254,254,255,254,236,60,0,0,0,0,193,254,254,254,254,254,254,254,254,254,254,254,186,110,38,0,0,0,0,0,66,216,254,254,254,254,254,243,222,199,74,5,2,0,0,0,0,0,0,0,0,55,76,140,137,87,76,50,0,0,0,0,0,0,0,0,0,0,0,0
0,0,0,0,0,0,0,0,0,6,47,203,253,253,253,247,84,0,0,0,0,0,0,0,0,0,0,0,0,121,253,253,253,253,253,237,0,0,0,0,0,0,0,0,0,0,0,0,233,251,253,253,253,253,253,181,0,0,0,0,0,0,0,0,0,0,6,124,250,253,253,253,253,253,176,20,0,0,0,0,0,0,0,0,0,51,156,253,253,253,253,253,253,185,14,0,0,0,0,0,0,0,0,0,50,240,253,253,253,253,253,253,245,87,0,0,0,0,0,0,0,0,13,60,224,253,253,253,253,253,253,225,108,0,0,0,0,0,0,0,0,0,101,253,253,253,253,253,253,253,185,11,0,0,0,0,0,0,0,0,0,0,101,253,253,253,253,253,253,225,11,0,0,0,0,0,0,0,0,0,0,0,208,253,253,253,253,253,245,108,0,0,0,0,21,127,177,177,172,0,0,0,254,253,253,253,253,253,94,0,0,114,124,124,238,253,253,253,249,71,0,0,254,253,253,253,176,30,2,28,224,250,253,253,253,253,253,253,253,240,0,0,254,253,253,253,61,0,0,134,253,253,253,253,253,253,253,253,253,253,0,0,255,253,253,253,61,0,39,216,253,253,253,253,253,253,253,253,253,253,0,0,124,253,253,253,225,131,220,253,253,253,253,253,253,253,253,253,253,253,0,0,98,251,253,253,253,253,253,253,253,253,253,253,253,253,253,253,253,245,0,0,0,134,253,253,253,253,253,253,253,253,253,253,253,253,253,253,179,0,0,0,0,9,134,219,253,253,253,253,253,253,253,253,253,253,228,68,17,0,0,0,0,0,0,37,216,253,253,253,253,253,253,253,211,99,54,0,0,0,0,0,0,0,0,0,0,0,0,0,0,0,0,0,0,0,0,0,0,0,6
0,0,0,0,0,0,0,0,0,63,106,229,254,183,74,0,0,0,0,0,0,0,0,0,0,0,0,0,161,235,254,253,253,253,240,104,29,0,0,0,0,0,0,0,0,0,0,0,156,177,239,250,253,253,253,253,119,0,0,0,0,0,0,0,0,0,0,0,0,0,0,209,253,253,253,253,182,7,0,0,0,0,0,0,0,0,0,0,0,45,226,248,253,253,253,253,253,14,0,0,0,0,0,0,0,0,0,0,138,223,254,253,253,253,253,253,253,14,0,0,0,0,0,0,0,0,0,48,226,253,254,253,173,253,253,253,253,14,0,0,0,0,0,0,0,0,48,236,253,253,254,143,6,128,253,253,253,14,0,0,0,0,0,0,0,6,156,253,253,226,59,11,0,120,253,253,253,14,0,0,0,0,0,0,0,119,253,253,226,43,0,0,0,120,253,253,253,14,0,0,0,0,0,0,76,254,254,254,59,0,0,0,0,121,254,254,254,14,0,0,0,0,0,0,67,210,253,196,45,0,0,0,4,81,236,253,221,11,0,0,0,0,0,0,216,253,253,14,0,0,0,0,24,253,253,251,112,0,0,0,0,0,0,57,159,253,189,8,0,0,0,29,206,253,253,152,0,0,0,0,0,0,5,159,253,253,238,12,0,0,137,231,253,253,231,52,0,0,0,0,0,0,15,253,253,253,253,183,65,119,254,253,253,239,69,0,0,0,0,0,0,0,8,182,253,253,253,253,253,253,254,253,253,133,0,0,0,0,0,0,0,0,0,78,243,253,253,253,253,253,255,253,194,87,0,0,0,0,0,0,0,0,0,0,110,253,253,253,253,253,236,172,21,0,0,0,0,0,0,0,0,0,0,0,31,122,253,253,253,164,62,0,0,0,0,0,0,0,0,0,0
0,0,0,0,0,0,0,0,79,252,252,252,253,252,187,119,26,0,0,0,0,0,0,0,0,0,0,89,253,252,252,252,244,187,252,252,200,0,0,0,0,0,0,0,0,0,0,113,253,227,139,90,25,7,28,178,238,38,0,0,0,0,0,0,0,0,0,0,0,0,0,0,0,0,0,114,255,97,0,0,0,0,0,0,0,0,0,0,0,0,0,0,0,0,0,188,253,171,0,0,0,0,0,0,0,0,0,0,0,0,0,0,0,0,0,225,244,56,0,0,0,0,0,0,0,0,0,0,0,0,0,0,0,0,38,237,225,0,0,0,0,0,0,0,0,0,0,0,0,0,0,0,0,0,147,253,226,0,0,0,0,0,0,0,0,0,0,0,0,0,0,0,0,13,209,252,200,0,0,0,0,0,0,0,0,0,0,0,0,0,0,0,0,57,252,252,76,0,0,0,0,0,0,0,13,113,113,213,226,225,225,125,114,194,252,151,0,0,0,0,0,0,60,191,254,253,253,253,226,225,225,250,254,253,253,78,0,0,0,0,0,63,234,252,247,196,158,84,0,0,0,175,253,252,252,103,0,0,0,0,23,234,252,252,100,0,0,0,0,0,104,246,253,252,252,228,126,0,0,0,128,252,252,151,0,0,0,0,13,138,246,252,178,28,203,252,238,38,0,0,141,253,206,13,0,0,0,63,204,253,253,178,0,0,38,238,254,228,104,4,141,252,187,57,57,131,169,206,253,240,109,9,0,0,0,150,253,252,170,9,53,252,252,252,253,252,252,252,156,43,0,0,0,0,0,76,168,142,13,0,4,53,228,202,140,139,139,40,0,0,0,0,0,0,0,0,0,0,0,0,0,0,0,0,0,0,0,0,0,0,0,0,0,0,0,0,0,0,0,0,2
0,0,0,0,0,0,0,0,0,0,0,0,0,0,0,0,0,0,0,0,0,0,0,0,0,0,0,0,0,0,0,0,0,0,0,0,0,0,0,0,24,38,9,0,0,0,0,0,0,0,0,0,0,0,0,0,0,0,0,0,233,253,98,0,0,0,0,0,0,0,0,0,0,0,0,0,0,0,0,0,254,253,246,25,0,0,0,0,0,0,0,54,169,57,0,0,0,0,0,0,115,253,253,213,10,0,0,0,0,0,0,131,253,213,10,0,0,0,0,0,12,223,253,253,60,0,0,0,0,0,0,125,253,253,102,0,0,0,0,0,0,66,253,253,194,16,0,0,0,0,0,38,253,253,221,16,0,0,0,0,0,2,199,253,253,137,0,0,0,0,0,2,199,253,253,103,0,0,0,0,0,0,72,253,253,150,0,0,0,0,0,0,72,253,253,140,0,0,0,0,0,0,3,190,253,248,188,188,188,119,95,95,101,253,253,182,28,0,0,0,0,0,0,111,254,254,254,254,254,254,255,254,254,254,254,254,254,254,243,101,0,0,0,9,223,253,253,253,253,253,254,253,253,253,253,253,253,253,253,242,0,0,0,0,84,149,181,152,149,149,185,233,243,243,248,253,253,253,253,249,0,0,0,0,0,0,0,0,0,0,0,0,0,0,141,253,253,215,84,53,0,0,0,0,0,0,0,0,0,0,0,0,0,0,89,253,253,196,0,0,0,0,0,0,0,0,0,0,0,0,0,0,0,0,9,208,253,200,3,0,0,0,0,0,0,0,0,0,0,0,0,0,0,0,0,113,253,234,25,0,0,0,0,0,0,0,0,0,0,0,0,0,0,0,0,53,196,118,0,0,0,0,0,0,0,0,0,0,0,0,0,0,0,0,0,0,0,0,0,0,4
0,0,0,0,0,0,0,0,0,0,0,0,0,0,0,0,0,0,0,0,0,0,0,0,0,0,0,0,0,0,0,0,0,0,0,0,0,0,0,0,0,0,0,0,0,0,0,0,0,0,0,0,0,0,0,0,0,0,0,0,38,70,70,70,70,70,70,70,70,145,161,221,254,254,254,255,254,46,0,0,122,253,253,254,253,253,253,254,253,253,253,254,253,253,253,254,253,46,0,0,26,179,230,230,230,154,137,138,137,137,104,46,46,65,253,254,223,25,0,0,0,0,0,0,0,0,0,0,0,0,0,0,0,24,253,254,48,0,0,0,0,0,0,0,0,0,0,0,0,0,0,0,13,153,254,160,0,0,0,0,0,0,0,0,0,0,0,0,0,0,0,0,64,253,253,42,0,0,0,0,0,0,0,0,0,0,0,0,0,0,0,7,216,253,210,0,0,0,0,0,0,0,0,0,0,0,0,0,0,0,0,70,253,244,69,0,0,0,0,0,0,0,0,0,0,0,0,0,0,0,0,221,254,205,0,0,0,0,0,0,0,0,0,0,0,0,0,0,0,0,85,254,253,88,0,0,0,0,0,0,0,0,0,0,0,0,0,0,0,0,134,254,232,25,0,0,0,0,0,0,0,0,0,0,0,0,0,0,0,17,234,254,173,0,0,0,0,0,0,0,0,0,0,0,0,0,0,0,0,116,254,254,90,0,0,0,0,0,0,0,0,0,0,0,0,0,0,0,0,132,253,190,2,0,0,0,0,0,0,0,0,0,0,0,0,0,0,0,5,212,253,176,9,0,0,0,0,0,0,0,0,0,0,0,0,0,0,0,47,253,253,118,167,0,0,0,0,0,0,0,0,0,0,0,0,0,0,0,139,254,254,254,148,0,0,0,0,0,0,0,7
0,0,0,0,0,0,0,0,0,0,92,228,12,0,0,0,0,0,0,0,0,0,0,0,0,0,0,0,0,11,216,254,18,0,0,0,0,0,0,0,0,0,0,0,0,0,0,0,0,19,253,191,3,0,0,0,0,0,0,0,0,0,0,0,0,0,0,0,0,19,253,181,0,0,0,0,0,0,0,0,0,0,0,0,0,0,0,0,0,19,253,181,0,0,0,0,0,0,0,0,0,0,0,0,0,0,0,0,0,19,254,182,0,0,0,0,0,0,0,0,0,0,0,0,0,0,0,0,0,103,253,181,0,0,0,0,0,0,0,0,0,0,0,0,0,0,0,0,0,109,253,181,0,0,0,0,0,0,0,0,0,0,0,0,0,0,0,0,0,109,253,181,0,0,0,0,0,0,0,0,0,0,0,0,0,0,0,0,0,109,253,181,0,0,0,0,0,0,0,0,0,0,0,0,0,0,0,0,0,110,254,182,0,0,0,0,0,0,0,0,0,0,0,0,0,0,0,0,0,109,253,223,10,0,0,0,0,0,0,0,0,0,0,0,0,0,0,0,0,109,253,191,3,0,0,0,0,0,0,0,0,0,0,0,0,0,0,0,0,109,253,181,0,0,0,0,0,0,0,0,0,0,0,0,0,0,0,0,0,109,253,181,0,0,0,0,0,0,0,0,0,0,0,0,0,0,0,0,0,110,254,255,83,0,0,0,0,0,0,0,0,0,0,0,0,0,0,0,0,109,253,254,18,0,0,0,0,0,0,0,0,0,0,0,0,0,0,0,0,109,253,254,18,0,0,0,0,0,0,0,0,0,0,0,0,0,0,0,0,70,253,254,18,0,0,0,0,0,0,0,0,0,0,0,0,0,0,0,0,12,194,136,5,0,0,0,0,0,0,0,1
0,0,0,0,0,0,0,0,0,0,114,235,254,170,128,28,0,0,0,0,0,0,0,0,0,0,0,0,0,4,250,253,253,253,253,222,36,0,0,0,0,0,0,0,0,0,0,0,11,175,253,160,89,89,173,253,225,13,0,0,0,0,0,0,0,0,0,0,88,253,230,26,0,0,10,134,253,35,0,0,0,0,0,0,0,0,0,26,213,253,67,0,0,0,0,8,203,218,0,0,0,0,0,0,0,0,0,85,253,242,4,0,0,0,0,23,247,232,26,0,0,0,0,0,0,0,11,180,253,87,0,0,0,0,0,26,253,218,0,0,0,0,0,0,0,0,125,253,216,4,0,0,0,0,0,26,253,218,0,0,0,0,0,0,0,0,167,253,100,0,0,0,0,0,0,102,253,142,0,0,0,0,0,0,0,94,253,203,6,0,0,0,0,0,0,223,253,21,0,0,0,0,0,0,1,176,253,167,0,0,0,0,0,0,57,248,220,12,0,0,0,0,0,0,44,253,235,26,0,0,0,0,0,0,94,254,150,0,0,0,0,0,0,0,204,253,139,0,0,0,0,0,0,58,241,232,12,0,0,0,0,0,0,0,219,253,97,0,0,0,0,0,0,142,253,134,0,0,0,0,0,0,0,7,223,253,24,0,0,0,0,0,103,249,142,4,0,0,0,0,0,0,0,65,253,230,17,0,0,0,0,67,226,211,25,0,0,0,0,0,0,0,0,5,222,178,0,0,0,27,153,250,231,81,0,0,0,0,0,0,0,0,0,0,219,235,89,31,145,239,253,179,24,0,0,0,0,0,0,0,0,0,0,0,219,253,252,248,253,237,130,2,0,0,0,0,0,0,0,0,0,0,0,0,55,153,244,220,138,34,0,0,0,0,0,0,0,0,0,0,0
0,0,0,0,0,0,0,0,0,0,0,0,0,0,0,0,0,0,0,0,0,0,0,0,0,0,0,0,0,0,121,245,254,209,22,0,0,0,0,0,0,0,0,0,0,0,0,0,0,57,252,253,253,254,188,14,0,0,0,0,0,0,0,0,0,0,0,0,0,182,253,238,97,154,253,44,4,0,0,0,0,0,0,0,0,0,0,0,19,254,253,102,0,119,253,240,140,0,0,0,0,0,0,0,0,0,0,0,68,254,246,27,0,69,253,253,140,0,0,0,0,0,0,0,0,0,0,0,68,254,219,0,19,204,253,228,31,0,0,0,0,0,0,0,0,0,0,0,68,254,160,38,224,254,237,50,0,0,0,0,0,0,0,0,0,0,0,0,32,254,206,224,253,240,76,0,0,0,0,0,0,0,0,0,0,0,0,0,0,255,254,254,254,109,0,0,0,0,0,0,0,0,0,0,0,0,0,25,192,254,253,192,44,0,0,0,0,0,0,0,0,0,0,0,0,0,89,231,253,254,253,43,0,0,0,0,0,0,0,0,0,0,0,0,0,96,250,253,199,254,253,34,0,0,0,0,0,0,0,0,0,0,0,0,1,254,254,160,14,223,254,102,0,0,0,0,0,0,0,0,0,0,0,0,1,253,203,16,0,141,253,102,0,0,0,0,0,0,0,0,0,0,0,0,1,172,151,0,0,119,253,102,0,0,0,0,0,0,0,0,0,0,0,0,0,173,179,9,0,154,253,102,0,0,0,0,0,0,0,0,0,0,0,0,0,124,254,168,11,187,254,102,0,0,0,0,0,0,0,0,0,0,0,0,0,17,206,253,168,213,253,102,0,0,0,0,0,0,0,0,0,0,0,0,0,0,41,206,253,254,253,79,0,0,0,0,0,0,0,0,8
0,0,0,0,0,0,0,0,0,0,0,0,0,0,0,0,0,39,109,190,0,0,0,0,0,0,0,0,0,0,4,147,110,133,209,209,209,241,253,253,0,0,0,0,0,0,0,0,0,0,121,253,253,253,253,253,253,253,253,230,0,0,0,0,0,0,0,0,0,27,222,253,245,233,188,133,133,133,81,22,0,0,0,0,0,0,0,0,0,208,253,209,66,0,0,0,0,0,0,0,0,0,0,0,0,0,0,4,136,252,193,51,0,0,0,0,0,0,0,0,0,0,0,0,0,0,26,144,253,240,40,0,0,0,0,0,0,0,0,0,0,0,0,0,0,4,142,253,253,103,40,40,24,0,0,0,0,0,0,0,0,0,0,0,0,134,253,253,253,253,253,253,229,110,0,0,0,0,0,0,0,0,0,0,39,240,253,253,234,226,222,253,253,253,118,0,0,0,0,0,0,0,0,0,104,248,219,59,30,22,19,49,173,253,238,0,0,0,0,0,0,0,0,0,0,0,0,0,0,0,0,0,43,253,238,0,0,0,0,0,0,0,0,0,0,0,0,0,0,0,0,0,51,253,238,0,0,0,0,0,0,0,43,68,0,0,0,0,0,0,0,0,132,253,211,0,0,0,0,0,0,0,243,248,44,0,0,0,0,0,0,104,248,224,71,0,0,0,0,0,0,0,254,253,140,11,0,0,0,13,156,252,253,162,0,0,0,0,0,0,0,0,241,253,253,229,134,134,207,237,253,253,198,45,0,0,0,0,0,0,0,0,120,253,253,253,253,253,253,253,253,181,38,0,0,0,0,0,0,0,0,0,2,211,253,253,253,253,253,229,95,4,0,0,0,0,0,0,0,0,0,0,0,49,153,240,253,242,153,30,0,0,0,0,0,0,0,0,0,0,5
0,0,0,0,0,0,0,0,0,0,0,0,0,0,0,0,0,0,0,0,0,0,0,0,0,0,0,0,0,128,128,191,191,191,128,255,255,255,255,64,0,0,0,0,0,64,128,255,255,255,255,255,255,255,255,255,255,255,255,128,0,0,0,0,128,255,255,255,255,255,255,255,255,255,255,255,255,255,255,128,0,0,0,0,255,255,255,255,255,255,255,255,255,255,255,255,255,255,255,128,0,0,128,255,255,255,255,255,255,255,255,191,191,128,128,128,0,0,0,0,0,191,255,255,255,255,255,191,128,0,0,0,0,0,0,0,0,0,0,0,191,255,255,255,191,128,0,0,0,0,0,0,0,0,0,0,0,0,0,0,255,255,255,255,64,0,0,0,0,0,0,0,0,0,0,0,0,0,0,0,255,255,255,255,255,191,255,255,255,128,0,0,0,0,0,0,0,0,0,0,255,255,255,255,255,255,255,255,255,255,255,128,128,64,0,0,0,0,0,0,191,255,255,255,255,255,255,255,255,255,255,255,255,255,128,0,0,0,0,0,0,0,64,128,128,0,128,128,128,255,255,255,255,255,255,191,0,0,0,0,0,0,0,0,0,0,0,0,0,0,64,191,255,255,255,255,191,0,0,0,0,0,0,0,0,0,0,0,0,0,0,0,0,191,255,255,255,191,0,0,0,0,0,0,0,0,0,0,0,0,0,0,0,0,191,255,255,255,64,0,0,0,0,0,64,64,128,191,0,0,0,64,128,0,191,255,255,255,128,0,0,0,0,0,191,255,255,255,255,255,255,255,255,191,255,255,255,255,191,0,0,0,0,0,255,255,255,255,255,255,255,255,255,255,255,255,255,255,64,0,0,0,0,0,128,255,255,255,255,255,255,255,255,255,255,255,255,191,0,0,5
0,0,0,0,0,16,141,141,241,255,228,178,253,0,0,0,0,0,0,0,0,0,0,0,0,128,252,252,252,253,252,252,252,76,0,0,0,0,0,0,0,0,0,0,38,253,252,252,252,253,252,252,252,76,0,0,0,0,0,0,0,0,0,0,163,253,227,139,139,140,115,28,28,0,0,0,0,0,0,0,0,0,0,48,241,251,75,0,0,0,0,0,0,0,0,0,0,0,0,0,0,0,0,85,252,225,26,19,7,0,0,0,0,0,0,0,0,0,0,0,0,0,0,123,252,247,222,215,203,198,122,57,0,0,0,0,0,0,0,0,0,0,0,197,252,253,252,252,252,253,252,243,125,0,0,0,0,0,0,0,0,0,0,38,163,214,188,187,113,226,244,253,253,242,60,0,0,0,0,0,0,0,0,0,0,0,0,0,0,0,56,140,252,253,234,113,0,0,0,0,0,0,0,0,0,0,0,0,0,0,0,19,56,216,252,234,59,0,0,0,0,0,0,0,0,0,0,0,0,0,0,0,0,28,215,252,190,0,0,0,0,0,0,0,0,0,0,0,0,0,0,0,0,0,151,247,253,13,0,0,0,0,0,19,7,0,0,0,0,0,0,0,0,0,0,122,252,138,0,0,0,0,0,123,153,0,0,0,0,0,0,0,0,0,0,85,252,225,0,0,0,0,0,197,252,0,0,0,0,0,0,0,0,0,0,10,228,238,38,0,0,0,0,85,253,242,116,29,16,0,0,0,0,4,29,117,241,242,47,0,0,0,0,28,133,253,252,252,215,169,169,169,169,179,252,252,252,209,28,0,0,0,0,0,0,119,224,252,252,253,252,252,252,253,252,252,252,76,0,0,0,0,0,0,0,0,19,65,139,140,215,214,240,253,177,139,40,0,0,0,5
0,0,0,0,8,69,189,253,253,253,237,127,9,0,0,0,0,0,0,0,0,0,0,105,189,253,253,253,253,253,253,253,154,9,0,0,0,0,0,0,0,0,0,154,253,253,253,253,252,182,227,253,253,155,7,0,0,0,0,0,0,0,0,154,253,253,253,253,247,0,49,185,253,253,120,0,0,0,0,0,0,0,0,34,169,253,253,253,148,0,0,35,229,253,141,0,0,0,0,0,0,0,0,0,3,11,11,11,1,0,0,0,83,253,196,3,0,0,0,0,0,0,0,0,0,0,0,0,0,0,0,0,70,250,253,5,0,0,0,0,0,0,0,0,0,0,0,0,0,0,0,0,49,238,253,80,0,0,0,0,0,0,0,0,0,0,0,0,0,0,0,0,78,253,253,124,0,0,0,0,0,0,0,0,0,0,0,0,0,0,0,19,130,253,253,88,0,0,0,0,0,0,0,0,0,0,0,85,95,106,194,187,253,253,253,50,0,0,0,0,0,0,0,69,113,113,209,251,253,253,253,253,253,253,253,236,113,39,0,0,0,0,84,251,253,253,253,253,253,253,253,253,253,253,253,253,253,250,218,92,0,0,255,253,253,253,229,224,252,253,253,253,253,228,238,253,253,253,253,253,0,0,254,253,243,173,33,48,245,253,253,253,181,14,42,92,206,237,253,253,0,0,224,253,239,183,208,253,253,253,253,180,17,0,0,0,0,46,172,253,0,0,98,253,253,253,253,253,253,253,201,52,0,0,0,0,0,0,14,146,0,0,11,214,253,253,253,253,251,141,13,0,0,0,0,0,0,0,0,0,0,0,0,11,97,135,135,86,17,0,0,0,0,0,0,0,0,0,0,0,0,0,0,0,0,0,0,0,0,0,0,0,0,0,0,0,0,0,0,0,2
206,212,204,204,244,230,243,229,230,213,216,214,252,244,251,215,215,235,200,213,231,233,206,224,215,233,205,225,201,214,207,231,223,208,230,253,220,232,222,240,223,245,209,217,237,210,237,236,225,211,239,240,254,242,200,249,211,224,222,211,236,207,206,251,212,245,212,204,224,212,206,240,230,251,202,216,248,203,246,232,212,217,236,207,200,207,208,244,234,234,245,246,252,228,239,201,247,211,244,222,213,230,252,248,254,254,239,223,248,234,210,201,253,219,200,232,242,248,222,203,244,250,231,253,237,246,252,218,240,230,232,223,249,201,240,207,228,214,241,204,250,244,204,237,253,240,214,216,238,210,211,228,219,225,244,234,213,201,244,210,254,207,252,240,214,250,214,254,202,239,207,221,254,201,229,212,253,226,221,244,244,215,212,224,246,230,234,237,212,224,249,202,200,222,220,203,237,253,247,221,241,244,253,229,237,207,208,238,208,235,213,207,222,246,238,232,241,215,203,216,205,223,203,221,208,233,237,224,249,214,211,237,240,244,247,230,213,225,205,206,220,211,224,209,230,251,226,228,249,206,221,211,235,222,225,227,249,208,218,227,210,208,239,232,227,221,238,246,219,212,246,228,209,237,241,204,246,211,249,219,253,209,206,218,223,252,237,254,252,252,229,231,248,205,230,251,208,246,253,250,231,240,208,233,218,243,244,225,241,218,249,207,208,211,237,205,213,249,243,248,212,203,251,231,240,210,234,205,226,208,243,250,216,210,218,211,204,207,226,226,220,202,226,243,211,230,203,218,220,228,240,217,213,250,203,209,221,221,236,235,236,216,210,245,233,202,231,232,248,216,253,216,213,208,238,249,232,227,213,241,234,205,232,248,206,202,251,222,249,212,207,213,252,228,211,249,217,200,203,208,1
0,0,0,0,0,0,0,0,0,0,0,0,0,0,0,0,0,0,0,0,0,0,0,0,0,0,0,0,0,0,0,0,0,0,0,0,0,0,0,0,0,0,0,0,0,0,0,0,0,0,0,0,0,0,0,0,0,0,0,0,0,0,0,0,8,94,162,254,254,150,133,133,71,13,13,13,13,48,133,191,0,0,0,26,212,253,253,253,253,253,253,253,254,253,253,253,253,253,253,253,0,0,8,212,253,253,245,217,217,217,233,253,254,253,253,253,253,253,253,239,0,0,13,253,253,253,169,0,0,0,37,84,90,209,253,253,253,239,164,52,0,0,10,227,253,253,116,15,0,0,0,0,3,137,253,253,239,80,0,0,0,0,0,46,191,253,236,43,0,0,0,0,48,253,253,239,80,0,0,0,0,0,0,0,7,48,37,0,0,0,0,82,232,253,241,79,0,0,0,0,0,0,0,0,0,0,0,0,0,0,0,242,254,253,113,0,0,0,0,0,0,0,0,0,0,0,0,0,0,0,151,252,254,231,9,0,0,0,0,0,0,0,0,0,0,0,0,0,0,93,252,253,254,171,0,0,0,0,0,0,0,0,0,0,0,0,0,0,0,98,254,254,244,0,0,0,0,0,0,0,0,0,0,0,0,0,0,0,0,109,253,253,231,0,0,0,0,0,0,0,0,0,0,0,0,0,0,0,53,240,253,253,104,0,0,0,0,0,0,0,0,0,0,0,0,0,0,14,175,253,253,172,0,0,0,0,0,0,0,0,0,0,0,0,0,0,44,202,253,253,175,38,0,0,0,0,0,0,0,0,0,0,0,0,0,73,208,253,253,179,34,0,0,0,0,0,0,0,0,0,0,0,0,0,0,170,253,253,225,47,0,0,0,0,0,0,0,0,0,0,7
0,0,0,0,0,0,0,0,0,137,254,90,0,0,0,0,0,0,0,0,0,0,0,0,0,0,0,0,11,225,227,0,0,0,0,0,0,0,0,0,0,0,0,0,0,0,0,0,177,215,17,0,0,0,0,0,0,0,0,0,0,0,0,0,0,0,0,115,251,64,0,0,0,0,0,0,0,0,0,0,0,0,0,0,0,0,0,195,194,7,0,0,0,0,0,0,0,0,0,0,0,0,0,0,0,0,31,241,83,0,0,0,0,0,0,0,0,0,0,0,0,0,0,0,0,0,155,216,9,0,0,0,0,0,0,0,0,0,0,0,0,0,0,0,0,18,202,33,0,0,0,0,0,0,0,0,0,0,0,0,0,0,0,0,0,181,235,20,0,0,0,0,12,99,99,86,8,0,0,0,0,0,0,0,4,210,109,0,0,0,0,110,214,254,254,254,204,14,0,0,0,0,0,0,23,238,41,0,0,10,139,254,254,254,254,254,254,96,0,0,0,0,0,0,73,254,41,0,0,153,254,253,149,49,49,148,254,102,0,0,0,0,0,0,184,254,41,0,98,251,238,40,0,0,0,139,244,26,0,0,0,0,0,0,54,254,168,122,240,254,55,0,4,66,150,248,204,0,0,0,0,0,0,0,14,225,254,254,254,230,148,148,208,254,254,208,59,0,0,0,0,0,0,0,0,40,242,254,254,254,254,255,254,246,142,24,0,0,0,0,0,0,0,0,0,0,160,254,206,171,171,117,85,7,0,0,0,0,0,0,0,0,0,0,0,0,0,0,0,0,0,0,0,0,0,0,0,0,0,0,0,0,0,0,0,0,0,0,0,0,0,0,0,0,0,0,0,0,0,0,0,0,0,0,0,0,0,0,0,0,0,0,0,0,0,0,0,0,0,0,6
0,0,0,0,0,0,0,0,0,0,0,0,0,62,248,254,248,56,0,0,0,0,0,0,0,0,0,0,0,0,0,0,56,248,204,56,109,119,0,0,0,0,0,0,0,0,0,0,0,0,0,0,223,228,19,0,0,0,0,0,0,0,0,0,0,0,0,0,0,0,6,152,218,61,0,0,0,0,0,0,0,0,0,0,0,0,0,0,0,0,113,254,139,0,0,0,0,0,0,0,0,0,0,0,0,0,0,0,0,19,229,187,0,0,0,0,0,0,0,0,0,0,0,0,0,0,0,0,0,147,247,54,0,0,0,0,0,0,0,0,0,0,0,0,0,0,0,0,10,232,144,0,0,0,0,0,0,0,0,0,0,0,0,0,0,0,0,0,155,254,62,0,0,0,0,0,0,0,0,0,0,0,0,0,0,0,0,37,227,138,0,0,0,0,0,0,0,0,0,0,0,0,0,0,0,0,0,148,254,19,0,0,0,0,0,0,0,0,0,0,0,0,0,0,0,0,0,117,219,6,0,0,0,0,0,0,0,0,0,0,0,0,0,0,0,0,15,221,169,0,0,0,0,0,0,0,0,0,0,0,0,0,0,0,0,0,48,254,82,0,0,0,0,0,0,0,0,0,0,0,0,0,0,0,0,0,44,250,75,0,0,0,0,0,0,0,0,0,0,0,0,0,0,0,0,0,0,207,107,0,0,32,0,0,0,0,0,0,0,0,0,0,0,0,0,0,11,218,251,245,245,248,221,38,0,0,0,0,0,0,0,0,0,0,0,0,128,241,245,254,254,254,255,220,27,0,0,0,0,0,0,0,0,0,0,0,90,54,78,180,254,254,255,155,15,0,0,0,0,0,0,0,0,0,0,0,0,0,0,0,0,0,0,0,0,0,0,0,0,0,6
0,0,0,0,0,0,0,0,0,0,0,191,255,64,0,0,0,0,0,0,0,0,0,0,0,0,0,0,0,0,0,255,255,128,0,0,0,0,0,0,0,0,0,0,0,0,0,0,0,0,0,255,255,0,0,0,0,0,0,0,0,0,0,0,0,0,0,0,0,0,0,255,255,0,0,0,0,0,0,0,0,0,0,0,0,0,0,0,0,0,128,255,255,0,0,0,0,0,0,0,0,0,0,0,0,0,0,0,0,0,128,255,255,0,0,0,0,0,0,0,0,0,0,0,0,0,0,0,0,0,255,255,255,0,0,0,0,0,0,0,0,0,0,0,0,0,0,0,0,0,255,255,255,0,0,0,0,0,0,0,0,0,0,0,0,0,0,0,0,0,255,255,255,0,0,0,0,0,0,0,0,0,0,0,0,0,0,0,0,0,255,255,128,0,0,0,0,0,0,0,0,0,0,0,0,0,0,0,0,128,255,255,128,0,0,0,0,0,0,0,0,0,0,0,0,0,0,0,0,128,255,255,0,0,0,0,0,0,0,0,0,0,0,0,0,0,0,0,0,255,255,255,0,0,0,0,0,0,0,0,0,0,0,0,0,0,0,0,128,255,255,191,0,0,0,0,0,0,0,0,0,0,0,0,0,0,0,0,128,255,255,128,0,0,0,0,0,0,0,0,0,0,0,0,0,0,0,0,128,255,255,128,0,0,0,0,0,0,0,0,0,0,0,0,0,0,0,0,255,255,255,64,0,0,0,0,0,0,0,0,0,0,0,0,0,0,0,0,255,255,191,0,0,0,0,0,0,0,0,0,0,0,0,0,0,0,0,0,255,255,128,0,0,0,0,0,0,0,0,0,0,0,0,0,0,0,0,0,191,255,64,0,0,0,0,0,0,0,0,0,1
0,0,0,0,0,0,0,0,0,0,0,0,0,0,0,0,0,0,0,0,0,0,0,0,0,41,203,21,0,0,0,0,0,0,203,62,0,0,0,0,0,0,0,0,0,0,203,102,0,0,0,0,0,0,203,183,0,0,0,0,0,0,0,0,0,0,204,204,0,0,0,0,0,0,183,214,10,0,0,0,0,0,0,0,0,0,203,203,0,0,0,0,0,0,102,253,50,0,0,0,0,0,0,0,0,0,204,255,50,0,0,0,0,0,103,255,50,0,0,0,0,0,0,0,0,0,203,253,50,0,0,0,0,0,102,253,50,0,0,0,0,0,0,0,0,0,203,254,50,0,0,0,0,0,102,254,151,0,0,0,0,0,0,0,0,0,162,253,50,0,0,0,0,62,162,253,151,0,0,0,0,0,0,0,0,0,203,254,91,51,51,152,193,254,253,254,172,0,0,0,0,0,0,0,82,204,243,253,252,253,252,253,252,253,252,253,252,0,0,0,0,0,0,52,253,255,253,254,253,254,253,254,253,203,162,254,213,0,0,0,0,0,0,51,252,253,252,253,252,233,151,50,50,0,0,172,252,0,0,0,0,0,0,52,253,255,253,203,61,0,0,0,0,0,0,152,253,0,0,0,0,0,0,10,172,253,252,20,0,0,0,0,0,0,0,152,252,0,0,0,0,0,0,0,41,214,172,0,0,0,0,0,0,0,0,92,253,0,0,0,0,0,0,0,0,10,10,0,0,0,0,0,0,0,0,51,252,0,0,0,0,0,0,0,0,0,0,0,0,0,0,0,0,0,0,51,253,0,0,0,0,0,0,0,0,0,0,0,0,0,0,0,0,0,0,51,252,0,0,0,0,0,0,0,0,0,0,0,0,0,0,0,0,0,0,51,253,163,0,0,4
0,0,0,0,0,0,0,149,176,225,140,21,0,0,0,0,0,0,0,0,0,0,0,0,0,0,0,215,254,255,242,69,0,0,0,0,0,0,0,0,0,0,0,0,0,0,94,248,103,124,240,161,23,0,0,0,0,0,0,0,0,0,0,0,0,0,196,193,8,0,39,242,194,25,0,0,0,0,0,0,0,0,0,0,0,57,251,36,0,0,0,19,205,195,29,0,0,0,0,0,0,0,0,0,0,176,178,0,0,0,0,0,18,206,178,6,0,0,0,0,0,0,0,0,43,243,70,0,0,0,0,0,0,21,204,124,0,0,0,0,0,0,0,0,151,254,59,0,0,0,0,0,0,0,94,231,36,0,0,0,0,0,0,0,157,205,0,0,0,0,0,0,0,0,0,210,104,0,0,0,0,0,0,0,156,144,0,0,0,0,0,0,0,0,0,137,236,0,0,0,0,0,0,0,156,145,0,0,0,0,0,0,0,0,0,58,249,67,0,0,0,0,0,0,156,156,0,0,0,0,0,0,0,0,0,0,186,79,0,0,0,0,0,0,157,157,0,0,0,0,0,0,0,0,0,0,157,79,0,0,0,0,0,0,156,193,0,0,0,0,0,0,0,0,0,0,156,79,0,0,0,0,0,0,138,245,32,0,0,0,0,0,0,0,0,0,223,12,0,0,0,0,0,0,6,230,107,0,0,0,0,0,0,0,0,103,228,0,0,0,0,0,0,0,0,171,230,15,0,0,0,0,0,0,82,218,116,0,0,0,0,0,0,0,0,29,215,186,21,0,0,0,0,34,180,190,11,0,0,0,0,0,0,0,0,0,30,215,206,108,59,59,131,243,160,18,0,0,0,0,0,0,0,0,0,0,0,29,122,206,254,211,175,68,5,0,0,0,0,0,0
0,0,0,0,0,0,0,0,0,0,0,0,0,0,0,0,0,0,0,0,0,0,0,0,0,0,0,0,0,0,0,0,0,0,0,0,0,0,0,0,0,0,0,0,0,0,0,0,0,0,0,0,0,0,0,0,0,0,0,0,0,0,0,0,0,0,0,0,32,37,151,157,145,14,0,0,0,0,0,0,0,0,0,0,0,12,49,146,241,252,252,253,252,119,0,0,0,0,0,0,0,0,0,0,12,107,252,252,252,252,252,253,252,242,181,95,15,0,0,0,0,0,0,11,164,252,252,252,252,252,252,253,252,252,252,252,207,96,45,0,0,0,49,166,252,252,252,252,252,252,252,253,252,252,252,252,252,252,234,19,0,51,186,252,252,252,252,252,252,252,45,99,211,252,252,252,252,252,252,128,0,184,252,252,252,226,52,157,210,92,1,172,242,252,252,252,252,252,252,143,0,253,252,252,229,43,0,4,7,0,0,69,11,29,74,160,252,252,252,247,0,255,253,253,84,0,0,0,0,0,0,0,0,0,0,29,222,253,253,253,0,230,252,252,157,19,0,0,0,0,0,0,0,0,0,29,221,252,252,252,0,13,252,252,252,229,55,0,0,0,0,0,0,0,0,27,201,252,252,236,0,4,157,252,252,252,228,169,66,107,49,49,60,169,169,229,252,252,252,63,0,0,19,229,252,252,252,252,252,252,252,253,252,252,252,252,252,232,89,7,0,0,0,37,140,232,252,252,252,252,252,253,252,252,252,235,180,62,0,0,0,0,0,0,0,63,167,167,200,252,252,253,244,167,88,36,0,0,0,0,0,0,0,0,0,0,0,0,14,36,36,36,32,0,0,0,0,0,0,0,0,0,0,0,0,0,0,0,0,0,0,0,0,0,0,0,0,0,0,0,0
0,0,0,0,0,0,0,0,0,0,0,116,241,254,254,254,143,0,0,0,0,0,0,0,0,0,0,0,6,108,242,253,253,253,253,253,251,89,0,0,0,0,0,0,0,0,15,109,229,253,255,253,253,253,253,253,253,213,0,0,0,0,0,0,0,46,220,253,253,253,254,253,253,228,194,253,253,249,90,0,0,0,0,0,0,160,253,253,253,253,254,225,186,57,14,201,253,253,107,0,0,0,0,0,0,187,253,253,253,225,137,38,0,0,0,187,253,253,107,0,0,0,0,0,0,187,247,213,135,38,0,0,0,0,47,233,253,213,34,0,0,0,0,0,0,69,78,0,0,0,0,0,0,0,32,218,253,177,0,0,0,0,0,0,0,0,0,0,0,0,0,0,0,0,75,253,253,226,0,0,0,0,0,0,0,0,0,0,0,0,0,0,0,43,229,253,253,226,0,0,0,0,0,0,0,0,0,0,0,0,0,0,0,144,254,254,235,49,0,0,0,0,0,0,0,0,0,0,63,108,108,108,108,231,253,253,156,0,0,0,0,0,0,0,75,193,228,228,242,253,254,253,253,253,253,155,8,0,0,0,0,0,30,194,245,253,253,253,253,253,254,253,253,253,253,66,0,0,0,0,0,29,207,253,253,253,253,253,253,253,254,253,253,253,253,172,0,0,0,0,0,108,253,253,253,253,253,253,253,253,254,253,233,245,253,239,88,0,0,0,0,108,253,253,253,253,253,253,253,253,235,156,50,123,253,253,241,86,0,0,0,108,253,253,253,253,253,253,252,226,121,0,0,30,206,253,253,226,0,0,0,102,252,253,253,253,253,245,156,0,0,0,0,0,29,208,253,226,0,0,0,0,157,253,253,253,161,44,0,0,0,0,0,0,0,26,140,155,0,0,2
0,0,0,0,0,0,0,0,0,0,0,0,0,0,0,0,0,0,0,0,0,0,0,0,0,0,0,0,0,0,0,0,0,0,23,254,216,27,0,0,0,0,0,0,0,0,0,0,0,0,0,0,0,0,128,253,253,103,0,0,0,0,0,0,0,0,0,0,0,0,0,0,0,127,252,253,219,13,0,0,0,0,0,0,0,0,0,0,0,0,0,0,45,233,253,249,54,0,0,0,0,0,0,0,0,0,0,0,0,0,0,0,177,253,249,107,0,0,0,0,0,0,0,0,0,0,0,0,0,0,0,152,237,253,231,0,0,0,0,0,0,0,0,0,0,0,0,0,0,0,54,254,253,249,77,0,0,0,0,0,0,0,0,0,0,0,0,0,0,48,198,254,253,134,0,0,0,0,0,0,0,0,0,0,0,0,0,0,0,112,253,255,170,12,0,0,0,0,0,0,0,0,0,0,0,0,0,0,20,217,253,240,44,0,0,0,0,0,0,0,0,0,0,0,0,0,0,0,155,254,254,145,0,0,0,0,0,0,0,0,0,0,0,0,0,0,0,37,224,253,224,0,0,0,0,0,0,0,0,0,0,0,0,0,0,0,0,165,253,253,100,0,0,0,0,0,0,0,0,0,0,0,0,0,0,0,47,243,253,213,16,0,0,0,0,0,0,0,0,0,0,0,0,0,0,13,173,253,253,104,0,0,0,0,0,0,0,0,0,0,0,0,0,0,0,56,253,253,180,14,0,0,0,0,0,0,0,0,0,0,0,0,0,0,16,199,253,248,52,0,0,0,0,0,0,0,0,0,0,0,0,0,0,0,133,253,253,155,0,0,0,0,0,0,0,0,0,0,0,0,0,0,0,0,133,253,253,22,0,0,0,0,0,0,0,0,0,0,0,0,1
0,0,0,0,0,0,0,0,0,0,0,0,0,0,0,0,0,0,0,0,0,0,0,0,0,0,0,0,0,0,0,0,0,0,0,0,0,0,0,0,0,0,0,0,0,5,90,156,156,218,99,19,112,120,0,0,0,0,0,0,0,0,0,0,5,189,247,143,136,255,128,87,254,254,54,0,0,0,0,0,0,0,0,0,157,141,54,0,0,116,26,230,254,254,237,27,0,0,0,0,0,0,0,107,185,3,0,0,0,0,73,254,163,254,245,33,0,0,0,0,0,0,16,218,61,0,0,0,0,0,118,254,193,254,196,0,0,0,0,0,0,0,100,217,0,0,0,0,0,0,119,254,254,232,38,0,0,0,0,0,0,0,129,254,91,0,0,0,0,35,218,247,166,24,0,0,0,0,0,0,0,0,12,183,237,94,79,79,79,187,254,175,0,0,0,0,0,0,0,0,0,0,0,8,148,254,254,217,214,95,128,175,0,0,0,0,0,0,0,0,0,0,0,0,14,58,58,5,0,0,118,175,0,0,0,0,0,0,0,0,0,0,0,0,0,0,0,0,0,0,178,176,0,0,0,0,0,0,0,0,0,0,0,0,0,0,0,0,0,5,218,242,16,0,0,0,0,0,0,0,0,0,0,0,0,0,0,0,0,41,242,229,13,0,0,0,0,0,0,0,0,0,0,0,0,0,0,0,0,0,215,217,11,0,0,0,0,0,0,0,0,0,0,0,0,0,0,0,0,0,215,254,19,0,0,0,0,0,0,0,0,0,0,0,0,0,0,0,0,0,216,254,19,0,0,0,0,0,0,0,0,0,0,0,0,0,0,0,0,0,215,254,65,0,0,0,0,0,0,0,0,0,0,0,0,0,0,0,0,0,215,254,196,18,0,0,0,0,0,0,9
0,0,0,0,0,0,0,0,0,0,0,0,0,0,0,0,0,0,0,0,0,0,0,0,0,0,0,0,0,0,0,0,0,0,0,0,0,0,0,0,0,0,0,0,0,0,0,0,214,253,123,0,0,0,0,0,0,0,0,0,0,0,0,0,0,0,0,123,253,252,162,0,0,41,203,122,0,0,0,0,0,0,0,0,0,0,11,213,254,253,82,0,0,203,254,253,0,0,0,0,0,0,0,0,0,0,92,252,253,171,0,0,82,243,253,171,0,0,0,0,0,0,0,0,0,0,254,253,254,91,0,0,214,253,254,91,0,0,0,0,0,0,0,0,0,41,253,252,172,10,0,82,253,252,172,10,0,0,0,0,0,0,0,0,0,163,254,253,102,0,31,233,254,253,82,21,51,51,41,0,0,0,0,0,21,223,253,252,102,0,132,252,253,252,203,223,253,252,203,0,0,0,0,0,52,253,254,253,254,253,254,253,254,253,254,253,254,233,82,0,0,0,0,0,31,232,253,252,253,252,253,252,253,252,233,151,50,30,0,0,0,0,0,0,0,0,102,142,254,253,254,233,41,0,0,0,0,0,0,0,0,0,0,0,0,0,0,41,253,252,233,50,0,0,0,0,0,0,0,0,0,0,0,0,0,0,0,163,254,253,183,0,0,0,0,0,0,0,0,0,0,0,0,0,0,0,21,223,253,252,20,0,0,0,0,0,0,0,0,0,0,0,0,0,0,0,173,253,254,151,0,0,0,0,0,0,0,0,0,0,0,0,0,0,0,41,253,252,233,50,0,0,0,0,0,0,0,0,0,0,0,0,0,0,11,173,255,253,102,0,0,0,0,0,0,0,0,0,0,0,0,0,0,0,51,252,253,252,20,0,0,0,0,0,0,0,0,0,0,0,4
0,0,0,0,0,0,0,0,105,253,212,4,0,0,0,0,0,0,0,0,0,0,0,0,0,0,0,58,238,241,95,0,0,0,0,0,0,0,0,0,0,0,0,0,0,0,0,164,254,206,0,0,0,0,0,0,0,0,0,0,0,0,0,0,0,0,85,252,236,66,0,0,0,0,0,0,0,0,0,0,0,0,0,0,0,15,191,254,158,4,0,0,0,0,0,0,0,0,0,0,0,0,0,0,0,112,254,242,34,0,0,0,0,0,0,0,0,0,0,0,0,0,0,0,37,234,254,78,0,0,0,0,0,0,0,0,0,0,0,0,0,0,0,0,114,254,158,4,0,0,0,0,48,169,216,216,216,146,0,0,0,0,0,0,198,254,108,0,0,0,0,118,246,254,236,178,166,251,145,0,0,0,0,102,251,211,27,0,0,7,123,246,225,94,27,0,59,254,204,0,0,0,0,112,254,161,0,0,7,102,254,225,72,0,0,0,45,254,217,0,0,0,0,178,254,103,0,0,61,254,249,87,0,0,0,3,177,254,217,0,0,0,0,196,230,32,0,54,187,250,105,0,0,0,12,149,254,219,63,0,0,0,0,246,225,10,0,63,254,200,0,0,0,25,177,252,230,84,0,0,0,0,27,249,182,41,0,172,254,69,102,185,185,240,254,164,0,0,0,0,0,0,0,184,254,210,181,222,254,254,254,254,247,235,92,18,0,0,0,0,0,0,0,49,182,253,254,254,254,254,237,150,15,0,0,0,0,0,0,0,0,0,0,0,0,77,160,167,197,183,96,0,0,0,0,0,0,0,0,0,0,0,0,0,0,0,0,0,0,0,0,0,0,0,0,0,0,0,0,0,0,0,0,0,0,0,0,0,0,0,0,0,0,0,0,0,0,0,0,0,6
0,0,0,0,0,0,0,0,0,0,0,0,0,0,0,0,0,0,0,0,0,0,0,0,0,0,0,4,43,130,210,253,245,78,7,0,0,0,0,0,0,0,0,0,0,0,0,136,252,252,253,252,252,252,200,0,0,0,0,0,0,0,0,0,0,4,136,251,252,252,179,82,233,252,252,98,0,0,0,0,0,0,0,0,0,114,252,252,252,252,35,0,57,252,252,187,16,0,0,0,0,0,0,0,0,236,252,190,68,147,0,0,22,252,252,253,63,0,0,0,0,0,0,0,168,254,239,62,0,0,0,0,22,253,236,255,168,0,0,0,0,0,0,0,211,253,132,0,0,0,0,0,15,224,147,253,168,0,0,0,0,0,0,68,249,232,32,0,0,0,0,0,0,67,196,253,168,0,0,0,0,0,0,169,252,211,0,0,0,0,0,0,0,0,185,253,168,0,0,0,0,0,9,204,252,124,0,0,0,0,0,0,0,0,106,253,168,0,0,0,0,0,22,253,253,107,0,0,0,0,0,0,0,0,107,212,0,0,0,0,0,0,22,252,252,106,0,0,0,0,0,0,0,0,185,243,48,0,0,0,0,0,22,252,252,106,0,0,0,0,0,0,0,0,211,253,63,0,0,0,0,0,7,196,252,106,0,0,0,0,0,0,0,16,221,243,47,0,0,0,0,0,0,169,252,106,0,0,0,0,0,0,0,108,252,167,0,0,0,0,0,0,0,64,253,219,11,0,0,0,0,0,101,253,253,107,0,0,0,0,0,0,0,16,221,253,142,0,0,0,0,64,247,252,182,27,0,0,0,0,0,0,0,0,149,253,246,127,22,22,84,213,252,212,21,0,0,0,0,0,0,0,0,0,0,156,252,252,252,252,253,252,185,28,0,0,0,0,0,0,0
0,0,0,0,0,0,0,0,0,0,0,0,0,0,0,0,0,0,0,0,0,0,0,0,0,0,0,0,0,0,0,0,0,0,0,51,57,44,0,0,0,0,0,0,0,0,0,0,0,0,0,0,0,57,172,246,253,240,159,10,0,0,0,0,0,0,0,0,0,0,0,51,226,243,252,252,253,252,214,66,0,0,0,0,0,0,0,0,29,141,178,253,255,234,137,113,13,207,253,153,0,0,0,0,0,0,19,57,216,252,252,227,134,28,0,0,0,119,252,227,0,0,0,0,0,0,172,252,253,252,186,31,0,0,0,0,13,206,252,90,0,0,0,0,13,188,246,252,241,65,19,0,0,0,0,0,26,243,252,40,0,0,0,13,154,253,253,241,101,0,0,0,0,0,0,0,41,253,244,75,0,0,19,194,253,252,196,47,0,0,0,0,0,0,0,0,216,252,118,0,0,0,172,252,253,208,37,0,0,0,0,0,0,0,0,89,253,252,80,0,0,51,246,252,241,59,0,0,0,0,0,0,0,0,126,237,253,151,6,0,4,179,253,241,101,0,0,0,0,0,0,13,29,179,253,241,151,0,0,0,54,252,252,139,0,0,0,0,0,0,19,144,253,252,233,59,0,0,0,0,191,252,186,31,0,0,0,0,10,85,191,252,253,121,37,0,0,0,0,0,191,252,168,0,0,76,113,163,229,252,252,202,78,9,0,0,0,0,0,0,179,253,253,253,254,253,253,253,226,150,25,0,0,0,0,0,0,0,0,0,22,196,240,252,253,214,109,84,0,0,0,0,0,0,0,0,0,0,0,0,0,0,44,56,56,19,0,0,0,0,0,0,0,0,0,0,0,0,0,0,0,0,0,0,0,0,0,0,0,0,0,0,0,0,0,0,0,0,0,0,0
0,0,0,0,0,0,0,0,0,0,0,0,0,0,0,0,0,0,0,0,0,0,0,0,0,0,0,0,0,0,0,0,0,0,0,0,0,0,0,0,0,0,0,0,0,0,0,0,0,0,0,0,0,0,0,0,0,0,0,0,0,0,0,0,0,0,0,0,0,0,5,59,149,194,255,254,223,12,0,0,0,0,0,0,0,0,7,20,58,178,217,253,253,253,254,253,247,18,0,0,0,0,0,0,79,161,199,253,253,254,253,253,253,192,254,253,174,0,0,0,11,136,136,212,254,253,253,253,237,192,117,117,26,73,254,253,123,0,0,0,12,185,253,253,254,245,155,103,36,0,0,0,0,157,254,237,18,0,0,0,0,0,0,0,0,0,0,0,0,0,0,0,25,231,255,136,0,0,0,0,0,0,0,0,0,0,0,0,0,0,0,0,129,253,249,88,0,0,0,0,0,0,0,0,0,0,0,0,0,0,0,0,234,253,195,0,0,0,0,0,0,0,0,0,0,0,0,0,0,0,4,174,251,253,90,0,0,0,0,0,0,0,0,0,0,0,0,0,0,0,50,223,253,177,38,0,0,0,0,0,0,0,0,0,0,0,0,0,0,0,178,254,254,58,0,0,0,0,0,0,0,0,0,0,0,0,0,0,0,58,247,253,174,9,0,0,0,0,0,0,0,0,0,0,0,0,0,0,0,148,253,253,87,0,0,0,0,0,0,0,0,0,0,0,0,0,0,0,76,254,253,128,2,0,0,0,0,0,0,0,0,0,0,0,0,0,0,16,173,254,237,18,0,0,0,0,0,0,0,0,0,0,0,0,0,0,0,100,254,255,189,0,0,0,0,0,0,0,0,0,0,0,0,0,0,0,7,221,253,231,24,0,0,0,0,0,0,0,0,0,7
0,0,0,0,0,0,0,0,0,0,0,0,0,0,0,0,0,0,0,0,0,0,0,0,0,0,0,0,0,0,0,0,0,0,0,0,0,0,0,0,0,0,0,0,0,0,0,0,0,0,0,0,0,0,0,0,0,0,0,0,0,0,0,0,0,0,0,0,0,0,0,0,0,0,0,0,0,0,0,0,0,0,0,9,181,255,253,169,36,0,66,45,138,138,243,255,249,63,0,0,0,0,22,76,248,253,252,252,125,99,212,252,252,252,252,253,206,0,0,0,0,0,32,0,199,253,252,252,252,252,253,252,252,252,252,253,206,0,0,0,0,0,0,0,116,253,252,252,252,252,253,252,252,252,252,253,206,0,0,0,0,0,0,0,116,253,252,252,252,252,253,252,252,252,252,243,60,0,0,0,0,0,0,0,106,255,253,205,21,0,0,0,185,253,253,231,0,0,0,0,0,0,0,0,0,253,223,56,0,0,0,30,228,252,252,157,0,0,0,0,0,0,0,0,0,69,25,0,0,0,0,78,252,252,221,32,0,0,0,0,0,0,0,0,0,0,0,0,0,0,0,161,252,252,137,0,0,0,0,0,0,0,0,0,0,0,0,0,0,0,0,161,252,252,137,0,0,0,0,0,0,0,0,0,0,0,0,0,0,0,87,253,253,253,33,0,0,0,0,0,0,0,0,0,0,0,0,0,0,0,138,252,252,252,137,0,0,0,0,0,0,0,0,0,0,0,0,0,0,0,222,252,252,227,48,0,0,0,0,0,0,0,0,0,0,0,0,0,0,43,253,252,252,66,0,0,0,0,0,0,0,0,0,0,0,0,0,0,0,168,253,252,189,4,0,0,0,0,0,0,0,0,0,0,0,0,0,0,0,231,255,228,32,0,0,0,0,0,0,0,7
0,0,0,0,0,0,0,0,0,17,116,249,253,253,253,178,13,0,0,0,0,0,0,0,0,0,0,0,66,229,253,253,224,228,253,253,92,0,0,0,0,0,0,0,0,0,0,15,236,253,253,222,35,0,244,253,150,0,0,0,0,0,0,0,0,0,0,22,203,253,150,32,0,0,244,253,150,0,0,0,0,0,0,0,0,0,0,0,13,27,6,0,0,0,244,253,150,0,0,0,0,0,0,0,0,0,0,0,0,0,0,0,0,19,246,253,84,0,0,0,0,0,0,0,0,0,0,0,0,0,0,0,0,98,253,194,28,0,0,0,0,0,0,0,0,0,0,0,0,0,0,0,4,200,180,41,0,0,0,0,0,0,0,0,0,0,0,0,0,0,0,0,83,253,10,0,0,0,0,0,0,0,0,0,0,0,0,0,0,0,0,57,235,218,7,0,0,0,0,0,0,0,0,0,0,0,0,0,0,0,0,185,253,101,0,0,0,0,0,0,0,0,0,0,0,0,37,60,67,168,168,248,214,17,0,0,0,0,0,0,0,0,0,0,0,46,194,253,253,253,253,253,107,0,0,0,0,0,0,0,0,0,0,0,44,237,253,244,240,253,253,253,86,0,38,209,53,0,0,0,0,0,0,12,171,253,213,101,157,253,253,253,175,38,246,253,124,0,0,0,0,0,0,44,253,253,97,130,253,231,150,247,253,235,253,199,8,0,0,0,0,0,0,150,253,253,204,252,230,43,0,178,253,253,236,72,0,0,0,0,0,0,0,76,253,253,253,229,47,0,0,95,230,253,42,0,0,0,0,0,0,0,0,7,152,253,186,96,0,0,0,0,25,126,6,0,0,0,0,0,0,0,0,0,0,0,0,0,0,0,0,0,0,0,0,0,0,0,0,0,2
216,220,231,208,206,224,233,201,206,202,235,213,239,208,202,247,220,246,216,251,252,225,246,252,241,232,236,219,251,221,206,242,237,228,243,222,232,220,222,221,234,227,206,248,249,226,207,204,249,224,254,212,213,250,239,232,232,206,210,220,202,219,237,213,201,239,209,245,246,234,219,216,224,244,227,248,242,203,251,236,230,246,245,229,238,208,230,249,226,231,214,206,200,204,206,217,231,237,226,204,225,248,217,228,209,219,229,200,233,210,221,215,242,215,210,249,222,247,240,212,249,249,253,244,201,249,209,248,214,229,249,229,241,203,202,205,212,244,246,233,207,207,239,250,208,231,212,221,242,247,235,212,207,234,248,247,243,210,230,246,228,210,230,219,207,233,212,247,208,248,216,232,202,251,222,252,253,223,204,236,249,202,237,243,236,242,224,235,239,238,252,216,243,232,248,252,214,205,252,232,204,200,216,219,210,211,242,215,232,254,200,247,251,215,254,204,200,248,217,236,213,218,215,250,211,247,234,215,248,253,253,211,229,236,219,219,226,220,254,226,215,251,200,209,220,249,216,221,245,239,235,218,246,234,213,226,217,215,225,220,210,224,227,237,235,223,226,244,212,228,222,216,222,213,237,225,246,246,215,233,206,208,219,225,218,253,239,221,245,243,254,246,249,202,246,250,254,227,220,217,223,212,219,200,235,247,237,241,225,212,204,220,250,218,244,231,250,202,254,254,228,229,245,226,254,221,254,247,245,240,250,204,241,245,232,245,251,240,201,218,224,210,237,207,226,222,206,253,201,225,248,206,231,217,205,251,242,200,209,250,249,251,240,249,214,213,246,241,252,214,206,200,221,223,254,249,227,220,252,231,207,231,248,242,218,220,209,211,217,231,203,216,232,235,209,228,217,229,248,246,9
0,0,0,0,0,0,0,0,0,0,0,0,26,215,255,238,48,0,0,0,0,0,0,0,0,0,0,0,0,0,0,0,53,253,253,253,97,0,0,0,0,0,0,0,0,0,0,0,0,0,0,0,110,253,253,253,97,0,0,0,0,0,0,0,0,0,0,0,0,0,0,79,212,253,253,240,57,0,0,0,0,0,0,0,0,0,0,0,0,0,0,189,253,253,253,221,0,0,0,0,0,0,0,0,0,0,0,0,0,0,24,212,253,253,253,107,0,0,0,0,0,0,0,0,0,0,0,0,0,0,110,253,253,253,220,14,0,0,0,0,0,0,0,0,0,0,0,0,0,60,243,253,253,253,107,0,0,0,0,0,0,0,0,0,0,0,0,0,0,72,253,253,253,180,17,0,0,0,0,0,0,0,0,0,0,0,0,0,21,186,253,253,213,18,0,0,0,0,0,0,0,0,0,0,0,0,0,0,176,253,253,253,201,0,0,0,0,0,0,0,0,0,0,0,0,0,0,18,218,253,253,241,93,0,0,0,0,0,0,0,0,0,0,0,0,0,0,109,253,253,253,171,0,0,0,0,0,0,0,0,0,0,0,0,0,0,62,241,253,253,253,65,0,0,0,0,0,0,0,0,0,0,0,0,0,0,92,253,253,253,253,65,0,0,0,0,0,0,0,0,0,0,0,0,0,11,175,253,253,253,213,25,0,0,0,0,0,0,0,0,0,0,0,0,0,175,253,253,253,248,107,0,0,0,0,0,0,0,0,0,0,0,0,0,0,228,253,253,253,175,0,0,0,0,0,0,0,0,0,0,0,0,0,0,0,222,252,253,207,24,0,0,0,0,0,0,0,0,0,0,0,0,0,0,0,0,154,253,45,0,0,0,0,0,0,0,0,0,0,0,1
0,0,0,0,0,0,0,0,0,0,0,0,0,0,0,0,0,0,0,0,0,0,0,0,0,0,0,0,0,0,55,80,104,248,254,120,0,0,0,0,0,0,0,0,0,0,0,0,0,147,250,254,253,253,253,236,27,0,0,0,0,0,0,0,0,0,0,0,32,224,232,105,134,53,177,253,43,0,0,0,0,0,0,0,0,0,0,121,238,253,165,0,0,0,110,253,62,0,0,0,0,0,0,0,0,0,64,228,253,203,50,0,0,0,126,253,191,0,0,0,0,0,0,0,0,22,185,249,151,51,0,0,0,0,17,48,23,0,0,0,0,0,0,0,0,114,253,217,0,0,0,0,0,28,173,143,0,0,0,0,0,0,0,0,0,198,253,133,0,0,0,0,0,164,253,242,33,0,0,0,0,0,0,0,0,219,239,33,0,0,0,34,150,248,253,251,72,0,0,0,0,0,0,0,0,219,230,49,37,121,175,227,253,253,253,209,0,0,0,0,0,0,0,0,0,192,254,254,254,254,254,255,254,254,254,65,0,0,0,0,0,0,0,0,0,65,217,253,253,253,253,254,253,253,202,2,0,0,0,0,0,0,0,0,0,0,9,96,191,191,182,254,253,238,62,0,0,0,0,0,0,0,0,0,0,0,0,0,0,2,182,254,253,173,0,0,0,0,0,0,0,0,0,0,0,0,0,0,0,100,253,254,241,26,0,0,0,0,0,0,0,0,0,0,0,0,0,0,58,241,253,243,128,0,0,0,0,0,0,0,0,0,0,0,0,0,0,0,144,253,253,166,0,0,0,0,0,0,0,0,0,0,0,0,0,0,0,21,238,253,247,21,0,0,0,0,0,0,0,0,0,0,0,0,0,0,0,17,230,253,162,0,0,0,0,0,0,0,0,0,9
0,0,0,0,0,0,0,0,0,0,0,0,0,0,0,0,0,0,0,0,0,0,0,0,0,37,241,186,159,116,63,63,63,63,63,63,63,63,38,0,0,0,0,0,0,52,250,254,254,254,254,254,254,254,254,254,254,254,241,159,0,0,0,0,0,91,152,163,251,254,254,254,254,254,254,254,228,163,163,187,0,0,0,18,225,254,38,0,4,92,117,7,4,4,4,4,3,0,0,2,0,0,0,29,254,254,38,0,0,0,13,39,0,0,0,0,0,0,0,0,0,0,0,29,254,235,25,0,0,0,0,0,0,0,0,0,0,0,0,0,0,0,0,86,254,176,0,0,0,0,18,54,51,0,0,0,0,0,0,0,0,0,5,208,254,57,0,14,77,159,226,254,252,212,67,0,0,0,0,0,0,0,63,254,254,4,80,233,254,254,197,172,208,254,241,37,0,0,0,0,0,0,118,254,254,110,238,254,151,30,5,0,20,254,254,71,0,0,0,0,0,0,164,254,254,254,253,138,2,0,0,0,9,214,254,227,0,0,0,0,0,0,226,254,254,237,88,0,0,0,0,0,0,78,254,248,27,0,0,0,0,0,159,250,176,16,0,0,0,0,0,0,0,78,254,254,86,0,0,0,0,0,57,96,0,0,0,0,0,0,0,0,0,78,254,254,86,0,0,0,0,0,0,0,0,0,0,0,0,0,0,0,0,27,242,254,86,0,0,0,0,0,0,0,0,0,0,0,0,0,0,0,0,56,246,254,86,0,0,0,0,0,0,0,37,196,198,198,198,190,102,102,180,236,254,251,52,0,0,0,0,0,0,0,92,254,254,254,254,254,254,254,254,254,254,157,0,0,0,0,0,0,0,0,11,145,250,254,254,254,254,254,254,254,207,26,0,0,0,0,5
0,0,0,0,0,0,0,0,0,196,253,252,96,0,0,0,0,0,0,0,0,0,0,0,0,0,0,0,96,248,253,247,78,0,0,0,0,0,0,0,0,0,0,0,0,0,0,99,246,252,253,228,0,0,0,0,0,0,0,0,0,0,0,0,0,0,65,244,252,252,253,228,0,0,0,0,0,0,0,0,0,0,0,0,0,0,126,252,252,252,253,228,0,0,0,0,0,0,0,0,0,0,0,0,0,35,149,52,186,252,253,228,0,0,0,0,0,0,0,0,0,0,0,0,0,0,0,0,166,252,253,228,0,0,0,0,0,0,0,0,0,0,0,0,0,0,0,0,109,252,253,228,0,0,0,0,0,0,0,0,0,0,0,0,0,0,0,0,167,253,255,165,0,0,0,0,0,0,0,0,0,0,0,0,0,0,0,0,178,252,253,108,0,0,0,0,0,0,0,0,0,0,0,0,0,0,0,0,229,252,253,108,0,0,0,0,0,0,0,0,0,0,0,0,0,0,0,0,229,252,253,108,0,0,0,0,0,0,0,0,0,0,0,0,0,0,0,0,229,252,253,108,0,0,0,0,0,0,0,0,0,0,0,0,0,0,0,0,229,252,253,207,38,73,73,18,0,0,0,0,0,0,0,0,0,0,69,85,237,252,253,252,230,252,252,100,0,0,0,0,0,0,0,0,99,217,246,252,252,252,253,252,252,252,252,180,0,0,0,0,0,0,0,0,181,252,252,252,252,252,253,252,252,252,252,71,0,0,0,0,0,0,0,0,66,252,252,252,252,252,253,241,206,252,223,31,0,0,0,0,0,0,0,0,0,0,0,0,0,0,0,0,0,0,0,0,0,0,0,0,0,0,0,0,0,0,0,0,0,0,0,0,0,0,0,0,0,0,0,0,1
0,0,0,0,0,0,0,0,0,0,0,0,0,0,0,0,0,0,0,0,0,0,0,0,0,0,0,0,0,0,0,0,0,0,0,0,0,0,0,0,0,0,0,0,0,0,0,0,0,0,0,38,107,229,255,254,26,0,0,0,0,0,0,0,0,0,0,0,0,2,157,242,253,253,165,227,64,0,0,0,0,0,0,0,0,0,0,3,130,244,253,184,54,10,1,7,5,0,0,0,0,0,0,0,0,0,24,179,253,181,67,14,0,0,0,0,0,0,0,0,0,0,0,0,0,35,208,181,99,4,0,0,0,0,4,27,120,200,118,0,0,0,0,0,0,234,253,73,0,0,0,0,12,73,137,253,253,253,79,0,0,0,0,0,123,251,151,20,16,61,141,223,226,238,253,253,237,64,5,0,0,0,0,0,99,249,253,253,253,252,191,150,74,22,242,253,104,0,0,0,0,0,0,0,0,91,144,53,41,40,0,0,21,202,253,100,4,0,0,0,0,0,0,0,0,0,0,0,0,0,0,83,212,253,95,0,0,0,0,0,0,0,0,0,0,0,0,0,0,0,42,243,253,101,3,0,0,0,0,0,0,0,0,0,0,0,0,0,0,18,170,237,135,2,0,0,0,0,0,0,0,0,0,0,0,0,0,0,0,188,253,113,0,0,0,0,0,0,0,0,0,0,0,0,0,0,0,0,115,251,149,9,0,0,0,0,0,0,0,0,0,0,0,0,0,0,0,86,229,218,28,0,0,0,0,0,0,0,0,0,0,0,0,0,0,0,117,240,189,15,0,0,0,0,0,0,0,0,0,0,0,0,0,0,0,116,229,173,29,0,0,0,0,0,0,0,0,0,0,0,0,0,0,2,88,243,216,74,0,0,0,0,0,0,0,0,0,0,0,0,9
0,0,0,0,0,0,0,0,0,0,0,0,0,0,0,0,0,0,0,0,0,0,0,0,0,0,0,0,0,31,132,193,152,123,0,0,0,0,0,0,0,0,0,0,0,0,0,0,41,152,252,253,252,243,162,41,0,0,0,0,0,0,0,0,0,0,0,51,233,254,253,254,253,254,253,254,253,132,51,0,0,0,0,0,0,0,41,233,252,253,252,253,252,253,252,253,252,172,10,0,0,0,0,0,0,11,173,254,253,203,102,82,41,21,162,254,253,102,0,0,0,0,0,0,0,132,252,253,130,20,0,0,0,0,20,253,252,183,0,0,0,0,0,0,62,254,253,183,0,0,0,0,0,0,0,254,253,234,30,0,0,0,0,0,183,253,212,20,0,0,0,0,0,0,0,253,252,213,10,0,0,0,0,0,203,254,131,0,0,0,0,0,0,0,0,254,253,203,0,0,0,0,0,41,243,253,50,0,0,0,0,0,0,0,0,253,252,122,0,0,0,0,0,113,253,224,20,0,0,0,0,0,0,0,21,254,253,82,0,0,0,0,0,71,252,203,0,0,0,0,0,0,0,0,20,253,252,0,0,0,0,0,0,31,233,203,0,0,0,0,0,0,0,11,173,254,50,0,0,0,0,0,0,51,252,223,20,0,0,0,0,0,0,92,252,253,50,0,0,0,0,0,0,52,253,234,30,0,0,0,0,0,21,214,253,203,20,0,0,0,0,0,0,51,252,253,91,0,0,0,0,0,142,253,252,20,0,0,0,0,0,0,0,52,253,255,151,0,0,0,0,173,253,224,61,0,0,0,0,0,0,0,0,51,252,253,232,41,0,102,183,253,252,81,0,0,0,0,0,0,0,0,0,0,163,255,253,254,253,254,233,142,61,0,0,0,0,0,0,0,0
0,0,0,0,0,0,0,0,0,0,0,0,0,0,11,202,207,0,0,0,0,0,0,0,0,0,0,0,0,0,0,0,0,0,189,253,185,0,0,0,0,0,0,0,0,0,0,0,0,0,0,0,0,100,246,247,67,0,0,0,0,0,0,0,0,0,0,0,0,0,0,0,57,244,252,135,0,0,0,0,0,0,0,0,0,0,0,0,0,0,0,0,174,252,252,116,0,0,0,0,0,0,0,0,0,0,0,0,0,0,0,110,253,253,180,0,0,0,0,0,0,0,0,0,0,0,0,0,0,0,5,178,252,252,22,0,0,0,0,0,0,0,0,0,0,0,0,0,0,0,55,252,252,153,6,0,0,0,0,0,0,0,0,0,0,0,0,0,0,0,180,252,195,9,0,0,0,0,0,0,0,0,0,0,0,0,0,0,0,158,253,252,130,0,0,0,0,0,0,0,0,0,0,0,0,0,0,0,51,243,255,144,0,0,0,0,0,0,0,0,0,0,0,0,0,0,0,13,174,252,249,75,0,0,0,0,0,0,0,0,0,0,0,0,0,0,0,153,252,252,115,0,0,0,0,0,0,0,0,0,0,0,0,0,0,0,17,209,252,210,0,0,0,0,0,0,0,0,0,0,0,0,0,0,0,11,193,252,252,32,0,0,0,0,0,0,0,0,0,0,0,0,0,0,11,149,253,253,150,0,0,0,0,0,0,0,0,0,0,0,0,0,0,0,136,253,252,240,37,0,0,0,0,0,0,0,0,0,0,0,0,0,0,100,246,253,240,81,0,0,0,0,0,0,0,0,0,0,0,0,0,0,0,207,252,253,206,0,0,0,0,0,0,0,0,0,0,0,0,0,0,0,0,207,252,243,60,0,0,0,0,0,0,0,0,0,0,0,0,0,1
0,0,0,0,0,22,24,24,17,0,0,0,0,0,0,0,0,0,0,0,0,5,47,130,161,244,253,252,227,161,57,22,0,0,0,0,0,0,0,0,0,191,221,252,252,252,253,252,252,252,252,206,57,0,0,0,0,0,0,0,0,96,148,252,252,252,245,219,252,252,252,253,244,99,0,0,0,0,0,0,0,76,75,189,137,137,21,15,54,189,242,253,252,246,146,0,0,0,0,0,0,0,0,0,0,0,0,0,0,0,0,181,253,253,253,201,0,0,0,0,0,0,0,0,0,0,0,0,0,0,0,9,113,240,252,252,0,0,0,0,0,0,0,0,0,0,0,0,0,0,0,0,0,103,135,252,85,0,0,0,0,0,0,0,0,0,0,0,0,0,0,0,0,0,93,252,157,0,0,0,0,0,0,0,0,0,0,0,0,0,0,0,0,0,9,232,251,84,0,0,0,0,0,0,0,0,0,0,0,0,0,0,0,0,51,243,255,92,0,0,0,0,0,0,17,47,57,161,109,161,57,26,17,0,93,252,249,75,0,81,0,0,0,51,209,252,253,252,252,252,252,222,209,184,209,252,237,25,19,220,0,0,38,220,252,252,253,252,252,252,252,253,252,252,252,252,253,223,220,218,0,0,47,252,252,252,253,252,252,252,252,253,252,252,252,252,253,252,168,88,0,0,0,174,253,253,233,24,24,66,191,255,253,253,253,232,168,95,0,0,0,0,0,57,244,252,253,252,252,252,252,253,252,252,172,8,0,0,0,0,0,0,0,0,56,205,253,252,252,252,252,253,240,100,13,0,0,0,0,0,0,0,0,0,0,21,117,235,160,108,56,46,37,0,0,0,0,0,0,0,0,0,0,0,0,0,3,18,0,0,0,0,0,0,0,0,0,0,0,0,2
0,0,0,0,0,0,0,0,0,0,0,0,0,0,0,0,0,0,0,0,0,0,0,0,0,0,0,0,0,0,0,0,0,0,0,0,0,0,0,0,0,0,0,0,0,0,0,0,0,0,0,0,0,0,0,0,0,0,0,0,0,0,0,0,0,0,0,0,0,0,5,10,70,138,142,198,198,198,198,198,0,0,0,0,0,0,0,0,0,0,185,254,254,254,254,254,183,178,178,88,0,0,0,0,0,0,0,29,141,232,251,218,113,64,18,18,2,0,0,0,0,0,0,0,0,0,36,209,235,74,130,12,0,0,0,0,0,0,0,0,0,0,0,0,35,114,248,203,0,0,0,0,0,0,0,0,0,0,0,0,0,0,0,9,137,254,254,250,245,168,51,0,0,0,0,0,0,0,0,0,0,0,0,129,242,197,131,131,162,242,204,32,0,0,0,0,0,0,0,0,0,0,0,59,39,0,0,0,0,95,240,135,0,0,0,0,0,0,0,0,0,0,0,0,0,0,0,0,0,0,133,255,85,0,0,0,0,0,0,0,0,0,0,0,0,0,0,0,0,0,113,254,105,0,0,0,0,0,0,0,0,0,0,0,0,0,0,0,0,0,92,254,129,0,0,0,0,0,0,0,0,0,0,0,0,0,0,0,0,0,189,254,95,0,0,0,0,0,0,0,0,0,30,23,0,0,0,0,0,67,231,183,7,0,0,0,0,0,0,0,0,0,195,229,134,51,54,62,144,252,216,12,0,0,0,0,0,0,0,0,0,0,107,244,254,254,254,254,254,116,11,0,0,0,0,0,0,0,0,0,0,0,0,8,83,131,197,155,37,1,0,0,0,0,0,0,0,0,0,0,0,0,0,0,0,0,0,0,0,0,0,0,0,0,0,0,0,0,0,0,5
0,0,0,0,0,0,0,0,0,0,0,0,0,0,0,0,0,0,0,0,0,0,0,0,0,0,0,0,0,0,0,33,225,116,0,0,0,0,0,0,0,0,0,0,0,0,0,0,0,0,0,112,254,115,0,0,0,0,0,0,0,0,0,0,0,0,0,0,0,0,0,112,254,115,0,0,0,0,0,0,0,0,0,0,0,0,0,0,0,0,0,169,254,57,0,0,0,0,0,0,0,0,0,0,0,0,0,0,0,0,23,230,247,17,0,0,0,0,0,0,0,0,0,0,0,0,0,0,0,0,82,254,177,0,0,0,0,0,0,0,0,0,0,0,0,0,0,0,0,0,144,254,177,0,0,0,0,0,0,0,0,0,0,0,0,0,0,0,0,0,144,254,133,0,0,0,0,0,0,0,0,0,0,0,0,0,0,0,0,0,175,250,56,0,0,0,0,0,0,0,0,0,0,0,0,0,0,0,0,0,241,222,0,0,0,0,0,0,0,0,0,0,0,0,0,0,0,0,0,73,252,143,0,0,0,0,0,0,0,0,0,0,0,0,0,0,0,0,0,178,254,143,0,0,0,0,0,0,0,0,0,0,0,0,0,0,0,0,0,178,254,55,0,0,0,0,0,0,0,0,0,0,0,0,0,0,0,0,16,239,216,10,0,0,0,0,0,0,0,0,0,0,0,0,0,0,0,0,47,254,179,0,0,0,0,0,0,0,0,0,0,0,0,0,0,0,0,0,116,255,111,0,0,0,0,0,0,0,0,0,0,0,0,0,0,0,0,0,116,254,111,0,0,0,0,0,0,0,0,0,0,0,0,0,0,0,0,0,116,254,111,0,0,0,0,0,0,0,0,0,0,0,0,0,0,0,0,0,30,255,111,0,0,0,0,0,0,0,0,0,1
0,0,0,0,0,0,0,0,0,0,0,0,0,0,0,0,0,0,0,0,0,0,0,0,0,0,0,0,0,0,0,0,0,0,0,0,0,27,68,151,0,0,0,0,0,0,0,0,0,0,0,0,0,0,0,0,89,248,254,254,0,0,0,0,0,0,0,0,0,0,0,0,26,58,164,251,253,255,252,127,0,0,0,0,0,0,0,18,45,157,121,175,233,254,254,244,230,164,37,0,0,0,0,0,0,0,0,183,254,254,254,254,254,195,184,42,0,0,0,0,0,0,0,0,0,0,101,252,254,250,201,93,9,3,4,0,0,0,0,0,0,0,0,0,0,20,220,254,243,109,0,0,0,0,0,0,0,0,0,0,0,0,0,10,117,253,254,195,35,0,0,0,0,0,0,0,0,0,0,0,0,0,0,103,254,254,168,31,0,0,0,0,0,0,0,0,0,0,0,0,0,0,28,236,254,251,36,0,0,0,0,0,0,0,0,0,0,0,0,0,0,0,63,254,254,218,90,76,78,13,0,0,0,0,0,0,0,0,0,0,0,0,29,130,239,223,212,211,245,188,140,77,0,0,0,0,0,0,0,0,0,0,0,6,34,20,5,53,119,237,254,171,2,0,0,0,0,0,0,0,0,0,0,0,0,0,0,0,0,14,233,254,48,0,0,0,0,0,0,0,0,0,0,0,0,0,0,0,0,11,219,254,48,0,0,0,0,0,0,0,0,0,134,15,75,158,116,102,158,202,254,217,11,0,0,0,0,0,0,0,0,0,100,210,196,219,254,254,254,254,254,83,0,0,0,0,0,0,0,0,0,0,31,208,221,184,237,243,233,239,125,7,0,0,0,0,0,0,0,0,0,0,0,0,0,0,30,41,24,47,0,0,0,0,0,0,0,0,0,0,5
0,0,0,0,2,46,179,254,255,254,254,254,238,109,4,0,0,0,0,0,0,0,0,8,183,254,254,254,247,245,245,245,252,254,195,0,0,0,0,0,0,0,1,131,254,246,149,75,16,0,0,0,158,254,195,0,0,0,0,0,0,0,9,254,254,248,139,4,0,0,0,0,166,254,190,0,0,0,0,0,0,0,8,248,254,254,236,34,0,0,0,19,232,254,113,0,0,0,0,0,0,0,0,108,245,160,36,0,0,0,0,46,254,254,85,0,0,0,0,0,0,0,0,0,38,0,0,20,0,0,0,31,242,254,149,0,0,0,0,0,0,0,0,0,0,0,34,216,189,34,0,57,254,254,119,0,0,0,0,0,0,0,0,0,0,0,192,254,254,230,62,196,254,254,29,0,0,0,0,0,0,0,0,0,0,0,192,254,254,254,246,246,254,154,6,0,0,0,0,0,0,0,0,0,0,18,244,254,254,254,254,254,245,27,0,0,0,0,0,0,0,0,0,0,0,38,254,254,193,254,254,254,132,0,0,0,0,0,0,0,0,0,0,0,0,177,254,254,205,254,254,254,138,0,0,0,37,27,0,0,0,0,0,0,0,188,254,254,254,254,254,254,248,49,0,0,114,236,11,0,0,0,0,0,36,247,254,254,254,244,194,254,254,223,17,0,150,254,12,0,0,0,0,0,24,254,254,254,223,132,24,229,254,254,170,7,128,254,84,0,0,0,0,0,96,254,254,236,27,0,0,72,243,254,254,171,146,254,178,0,0,0,0,0,76,254,254,93,0,0,0,0,113,254,254,254,254,254,154,0,0,0,0,0,6,57,8,2,0,0,0,0,2,99,245,254,254,254,15,0,0,0,0,0,0,0,0,0,0,0,0,0,0,0,23,183,155,37,1,0,2
0,0,0,0,0,0,0,0,0,0,0,0,0,0,0,0,0,0,0,0,0,0,0,0,0,0,0,0,0,0,0,0,0,0,0,0,0,0,0,0,0,0,0,0,0,0,0,0,0,0,0,0,0,0,0,0,0,0,0,0,0,0,0,0,0,0,0,0,0,0,0,0,0,0,0,23,180,254,78,0,0,0,0,0,0,0,81,33,0,0,0,0,8,14,50,230,255,252,72,0,0,0,0,0,0,69,254,248,176,138,176,177,206,230,254,254,254,166,0,0,0,0,0,0,75,220,254,243,117,117,117,118,117,87,40,231,245,40,0,0,0,0,0,31,220,254,194,69,0,0,0,0,0,0,78,254,158,0,0,0,0,0,0,177,254,194,0,0,0,0,0,0,0,19,202,254,38,0,0,0,0,0,0,176,250,107,0,0,0,0,0,0,0,87,254,201,0,0,0,0,0,0,0,54,104,0,0,0,0,0,0,0,7,200,241,40,0,0,0,0,0,0,0,0,0,0,0,0,0,0,0,0,126,254,146,0,0,0,0,0,0,0,0,0,0,0,0,0,0,0,0,61,230,193,5,0,0,0,0,0,0,0,0,0,0,0,0,0,0,0,0,180,254,116,0,0,0,0,0,0,0,0,0,0,0,0,0,0,0,0,128,254,184,12,0,0,0,0,0,0,0,0,0,0,0,0,0,0,0,28,236,214,12,0,0,0,0,0,0,0,0,0,0,0,0,0,0,0,0,220,254,106,0,0,0,0,0,0,0,0,0,0,0,0,0,0,0,0,99,249,178,23,0,0,0,0,0,0,0,0,0,0,0,0,0,0,0,43,254,245,45,0,0,0,0,0,0,0,0,0,0,0,0,0,0,0,28,218,254,87,0,0,0,0,0,0,0,0,0,0,7
0,0,0,0,0,0,0,0,0,0,0,0,0,0,0,0,0,0,0,0,0,0,0,0,0,0,0,0,0,5,174,255,128,0,0,0,0,0,0,0,0,0,0,0,0,0,0,0,0,98,253,253,242,0,0,0,0,0,0,0,0,0,0,0,0,0,0,0,0,172,253,178,92,0,0,0,0,0,0,0,0,0,0,0,0,0,0,0,0,218,253,132,0,0,0,0,0,0,0,0,0,0,0,0,0,0,0,0,62,243,253,46,0,0,0,0,0,0,0,0,0,0,0,0,0,0,0,0,85,253,222,8,0,0,0,0,0,0,0,0,0,0,0,0,0,0,0,0,85,253,181,4,0,0,0,0,0,0,0,0,0,0,0,0,0,0,0,0,85,253,253,11,0,0,0,0,0,0,0,0,0,0,0,0,0,0,0,0,85,253,253,11,0,0,0,0,0,0,0,0,0,0,0,0,0,0,0,0,85,253,253,11,0,0,0,0,0,0,0,0,0,0,0,0,0,0,0,0,86,255,255,11,0,0,0,0,0,0,0,0,0,0,0,0,0,0,0,0,85,253,253,11,0,0,0,0,0,0,0,0,0,0,0,0,0,0,0,0,85,253,253,11,0,0,0,0,0,0,0,0,0,0,0,0,0,0,0,0,86,253,253,11,0,0,0,0,0,0,0,0,0,0,0,0,0,0,0,0,24,228,253,99,0,0,0,0,0,0,0,0,0,0,0,0,0,0,0,0,0,126,253,132,0,0,0,0,0,0,0,0,0,0,0,0,0,0,0,0,0,19,235,231,41,0,0,0,0,0,0,0,0,0,0,0,0,0,0,0,0,0,184,253,226,0,0,0,0,0,0,0,0,0,0,0,0,0,0,0,0,0,10,191,253,160,42,0,0,0,0,0,1
0,0,0,0,0,0,0,0,0,0,0,0,0,0,0,0,0,0,0,0,0,0,0,0,0,0,0,83,255,239,51,0,0,0,0,0,0,0,0,0,0,0,0,0,0,0,0,143,253,253,216,0,0,0,0,0,0,0,0,0,0,0,0,0,0,0,0,73,253,253,219,7,0,0,0,0,0,0,0,0,0,0,0,0,0,0,0,31,253,253,253,86,0,0,0,0,0,0,0,0,0,0,0,0,0,0,0,67,253,253,253,86,0,0,0,0,0,0,0,0,0,0,0,0,0,0,0,19,253,253,253,86,0,0,0,0,0,0,0,0,0,0,0,0,0,0,0,19,253,253,253,86,0,0,0,0,0,0,0,0,0,0,0,0,0,0,0,19,253,253,253,86,0,0,0,0,0,0,0,0,0,0,0,0,0,0,0,19,253,253,253,86,0,0,0,0,0,0,0,0,0,0,0,0,0,0,0,5,176,253,253,86,0,0,0,0,0,0,0,0,0,0,0,0,0,0,0,6,177,238,129,44,0,0,0,0,0,0,0,0,0,0,0,0,0,0,0,19,253,253,253,86,0,0,0,0,0,0,0,0,0,0,0,0,0,0,0,13,220,253,253,86,0,0,0,0,0,0,0,0,0,0,0,0,0,0,0,0,149,253,253,86,0,0,0,0,0,0,0,0,0,0,0,0,0,0,0,7,187,253,253,86,0,0,0,0,0,0,0,0,0,0,0,0,0,0,0,19,253,253,253,86,0,0,0,0,0,0,0,0,0,0,0,0,0,0,0,11,210,253,253,86,0,0,0,0,0,0,0,0,0,0,0,0,0,0,0,0,149,253,253,140,0,0,0,0,0,0,0,0,0,0,0,0,0,0,0,0,149,253,253,152,0,0,0,0,0,0,0,0,1
0,0,0,0,0,0,0,0,0,0,0,0,0,0,0,0,0,0,0,0,0,0,0,0,0,0,0,0,0,0,0,0,0,0,0,0,0,5,67,63,0,0,0,0,0,0,0,0,0,0,0,0,0,0,0,26,178,228,254,243,0,0,0,0,0,0,0,0,0,3,56,69,10,94,142,235,254,254,254,254,0,0,0,0,0,0,0,0,0,147,254,254,254,254,254,254,211,171,85,85,0,0,0,0,0,0,0,4,145,253,254,254,207,224,133,113,15,0,0,0,0,0,0,0,0,0,0,69,254,254,234,71,0,18,0,0,0,0,0,0,0,0,0,0,0,0,65,240,254,232,83,0,0,0,0,0,0,0,0,0,0,0,0,0,0,38,236,254,254,254,249,85,0,0,0,0,0,0,0,0,0,0,0,0,0,159,254,251,194,193,254,205,0,0,0,0,0,0,0,0,0,0,0,0,0,20,152,113,0,57,254,254,36,0,0,0,0,0,0,0,0,0,0,0,0,0,0,0,0,0,218,255,95,0,0,0,0,0,0,0,0,0,0,0,0,0,0,0,0,0,217,254,95,0,0,0,0,0,0,0,0,0,0,0,0,0,0,0,0,0,217,254,95,0,0,0,0,0,0,0,0,0,20,9,0,0,0,0,0,38,241,254,67,0,0,0,0,0,0,0,0,0,241,238,162,141,125,27,0,57,254,254,0,0,0,0,0,0,0,0,0,0,212,254,253,235,245,233,176,214,254,254,0,0,0,0,0,0,0,0,0,0,94,254,247,86,214,254,254,254,254,155,0,0,0,0,0,0,0,0,0,0,3,227,254,254,254,254,235,86,9,3,0,0,0,0,0,0,0,0,0,0,0,216,254,235,173,90,25,0,0,0,0,0,0,0,0,0,0,0,5
0,0,0,0,0,0,0,0,64,255,255,64,0,0,0,0,0,0,0,0,0,0,0,0,0,0,0,128,255,255,255,255,0,64,255,255,191,64,0,0,0,0,0,0,0,0,191,255,255,255,255,255,0,255,255,255,255,255,0,0,0,0,0,0,0,0,255,255,255,255,255,255,255,255,255,255,255,255,64,0,0,0,0,0,128,255,255,255,255,255,128,191,255,255,255,255,255,255,191,0,0,0,0,0,128,255,255,255,191,0,0,128,255,191,64,255,255,255,255,0,0,0,0,0,255,255,255,128,0,0,0,64,255,128,128,191,255,255,255,64,0,0,0,128,255,255,255,128,0,0,0,0,191,191,191,255,255,255,255,255,0,0,0,191,255,255,255,0,0,0,0,0,0,128,128,255,255,255,255,128,0,0,64,255,255,255,191,0,0,0,0,0,0,0,0,255,255,255,255,64,0,0,191,255,255,255,0,0,0,0,0,0,0,0,0,255,255,255,255,0,0,128,255,255,255,255,0,0,0,0,0,0,0,0,0,255,255,255,255,0,0,128,255,255,255,128,0,0,0,0,0,0,0,0,64,255,255,255,255,0,0,128,255,255,255,128,0,0,0,0,0,0,0,0,191,255,255,255,191,0,0,128,255,255,255,255,0,0,0,0,0,0,0,128,255,255,255,255,64,0,0,128,255,255,255,255,64,0,0,0,0,0,128,255,255,255,255,191,0,0,0,0,191,255,255,255,255,255,255,255,255,255,255,255,255,255,255,0,0,0,0,0,0,255,255,255,255,255,255,255,255,255,255,255,255,255,64,0,0,0,0,0,0,0,255,255,255,255,255,255,255,255,255,255,255,64,0,0,0,0,0,0,0,0,0,128,255,255,255,255,191,128,128,128,0,0,0,0,0,0,0
0,0,0,0,0,0,0,0,0,0,0,0,0,0,0,0,0,0,0,0,0,0,0,0,0,10,134,255,171,156,156,156,156,163,216,163,231,194,107,0,0,0,0,0,0,123,253,254,253,253,253,245,234,225,135,135,135,136,187,66,0,0,0,0,0,136,253,235,174,107,78,48,0,0,0,0,0,0,36,24,0,0,0,0,0,84,253,195,0,0,0,0,0,0,0,0,0,0,0,0,0,0,0,0,0,40,253,195,0,0,0,0,0,0,0,0,0,0,0,0,0,0,0,0,0,62,254,196,0,0,0,0,0,0,0,0,0,0,0,0,0,0,0,0,0,136,253,113,0,0,0,0,0,0,0,0,0,0,0,0,0,0,0,0,0,136,253,68,0,0,0,0,0,0,0,0,0,0,0,0,0,0,0,0,0,189,253,0,0,0,0,0,0,0,0,0,0,0,0,0,0,0,0,0,0,234,253,76,0,0,0,0,0,0,0,0,0,0,0,0,0,0,0,0,0,212,254,255,254,186,104,36,0,0,0,0,0,0,0,0,0,0,0,0,0,21,39,136,218,247,253,238,96,19,0,0,0,0,0,0,0,0,0,0,0,0,0,0,0,54,129,235,254,247,108,6,0,0,0,0,0,0,0,0,0,0,0,0,0,0,0,53,177,232,253,183,32,0,0,0,0,0,0,0,0,0,0,0,0,0,0,0,0,35,223,253,170,38,0,0,0,0,0,0,0,0,0,0,0,0,0,0,0,0,0,190,254,158,0,0,0,0,0,0,0,0,0,0,0,0,0,0,0,2,20,131,253,187,0,0,0,0,0,0,0,0,0,0,0,0,0,0,19,129,253,253,253,98,0,0,0,0,0,0,0,37,40,40,85,136,189,234,239,253,225,161,41,8,0,0,5
0,0,0,0,0,0,0,0,0,0,0,0,0,0,0,0,0,0,0,0,0,0,0,0,0,0,0,0,0,0,0,0,0,0,0,0,0,0,0,0,0,0,0,0,0,0,0,0,0,0,0,0,0,0,0,0,0,0,0,0,0,139,254,254,247,118,118,118,154,254,165,121,254,198,79,0,0,0,0,0,0,213,253,253,253,253,253,253,253,253,253,253,253,253,247,177,0,0,0,0,0,172,253,253,253,253,253,253,253,253,253,253,253,253,253,243,63,0,0,0,0,19,91,198,201,253,253,253,253,253,253,253,253,253,253,253,75,0,0,0,0,0,0,0,5,82,82,82,82,82,82,82,165,253,253,253,75,0,0,0,0,0,0,0,0,0,0,0,0,0,0,1,131,253,253,253,75,0,0,0,0,0,0,0,0,0,0,0,0,0,0,7,253,253,253,221,37,0,0,0,0,0,0,0,0,0,0,0,0,0,0,7,253,253,253,191,0,0,0,0,0,0,0,0,0,0,0,0,0,0,0,130,253,253,253,191,0,0,0,0,0,0,0,0,0,0,0,0,0,0,0,144,253,253,253,191,0,0,0,0,0,0,0,0,0,0,0,0,0,0,21,224,253,253,253,165,0,0,0,0,0,0,0,0,0,0,0,0,0,0,28,253,253,253,244,48,0,0,0,0,0,0,0,0,0,0,0,0,0,0,107,253,253,253,170,0,0,0,0,0,0,0,0,0,0,0,0,0,0,0,165,253,253,253,104,0,0,0,0,0,0,0,0,0,0,0,0,0,0,20,201,253,253,253,34,0,0,0,0,0,0,0,0,0,0,0,0,0,0,168,253,253,253,219,23,0,0,0,0,0,0,0,0,0,0,0,0,0,0,186,253,253,253,150,0,0,0,0,0,0,7
0,0,0,0,0,0,0,0,0,0,0,0,0,0,0,0,0,0,0,0,0,0,0,0,0,0,0,0,0,0,82,254,213,62,0,0,0,0,0,0,0,0,0,0,0,0,0,0,0,163,243,253,252,142,0,0,0,0,0,0,0,0,0,0,0,0,0,31,173,254,253,254,253,254,50,0,0,0,0,0,0,0,0,0,0,0,123,233,252,253,252,253,252,253,91,163,0,0,0,0,0,0,0,0,0,52,233,254,253,244,122,72,253,254,253,254,172,0,0,0,0,0,0,0,0,233,252,253,212,122,82,233,252,253,252,253,252,0,0,0,0,0,0,0,0,254,253,142,20,51,253,254,253,254,253,244,122,0,0,0,0,0,0,0,0,253,252,41,0,92,252,253,252,192,151,40,0,0,0,0,0,0,0,0,0,254,253,234,112,173,253,203,102,41,0,0,0,0,0,0,0,0,0,0,0,213,252,253,252,253,252,20,0,0,0,0,0,0,0,0,0,0,0,0,0,21,142,234,253,254,253,92,10,0,0,0,0,0,0,0,0,0,0,0,0,0,0,51,232,253,252,253,131,0,0,0,0,0,0,0,0,0,0,0,0,0,0,51,253,254,213,254,253,123,0,0,0,0,0,0,0,0,0,0,0,0,0,92,252,213,10,71,232,223,20,0,0,0,0,0,0,0,0,0,0,0,0,152,253,203,0,0,183,254,112,0,0,0,0,0,0,0,0,0,0,0,0,152,252,203,0,0,142,253,151,0,0,0,0,0,0,0,0,0,0,0,0,92,253,214,51,72,233,255,151,0,0,0,0,0,0,0,0,0,0,0,0,51,252,253,252,253,252,253,111,0,0,0,0,0,0,0,0,0,0,0,0,0,183,255,253,255,253,123,0,0,0,0,0,0,8
0,0,0,0,0,0,0,0,0,0,0,0,0,0,0,0,0,0,0,0,0,0,0,0,0,0,0,0,0,0,0,0,0,0,0,0,0,0,0,0,0,0,0,0,0,0,0,0,0,0,0,0,0,0,0,0,0,0,0,0,0,0,0,0,0,0,0,0,0,0,0,63,128,192,128,95,0,0,0,139,0,0,0,0,0,0,0,0,0,28,199,254,253,253,253,253,40,0,23,222,0,0,0,0,0,0,0,0,59,238,253,254,168,85,79,227,91,0,159,253,0,0,0,0,0,0,0,36,241,254,169,0,0,0,7,26,73,247,254,177,0,0,0,0,0,0,0,74,253,236,5,0,0,0,4,120,247,253,160,30,0,0,0,0,0,0,0,223,253,156,0,11,89,140,220,253,191,75,5,0,0,0,0,0,0,0,0,164,253,191,141,215,253,250,156,54,0,0,0,0,0,0,0,0,0,0,0,81,253,253,253,254,149,62,0,0,0,0,0,0,0,0,0,0,0,0,73,209,254,254,254,255,18,0,0,0,0,0,0,0,0,0,0,0,63,210,212,108,63,96,237,254,122,0,0,0,0,0,0,0,0,0,0,19,162,227,123,0,19,82,243,254,172,0,0,0,0,0,0,0,0,32,160,210,73,16,0,69,213,253,253,87,4,0,0,0,0,0,0,0,0,170,253,87,0,33,118,248,253,253,155,0,0,0,0,0,0,0,0,0,0,255,254,176,202,254,255,254,217,71,0,0,0,0,0,0,0,0,0,0,0,182,253,253,253,253,199,115,22,0,0,0,0,0,0,0,0,0,0,0,0,11,68,114,127,62,0,0,0,0,0,0,0,0,0,0,0,0,0,0,0,0,0,0,0,0,0,0,0,0,0,0,0,0,0,0,0,0,0,0,8
0,0,0,0,0,0,0,0,0,0,0,0,0,0,0,0,0,0,0,0,0,0,0,0,0,0,0,0,0,5,17,12,0,0,0,0,0,0,0,0,0,0,0,0,0,0,0,0,67,198,254,233,104,0,0,0,0,0,0,0,0,0,0,0,0,0,30,157,247,235,170,213,246,0,0,0,0,0,0,0,0,0,0,0,0,19,171,246,149,21,0,204,101,0,0,0,0,0,0,0,0,0,0,0,29,213,246,86,0,0,102,124,0,0,0,0,0,0,0,0,0,0,0,28,214,246,85,0,0,0,0,0,0,0,0,0,0,0,0,0,0,0,0,121,254,126,0,0,0,0,0,0,45,72,148,158,230,230,185,101,0,0,30,225,180,4,0,0,0,0,70,207,249,254,254,159,98,98,186,254,0,0,118,254,95,0,0,0,91,212,253,254,117,58,61,2,0,0,2,29,0,0,175,182,0,0,44,202,254,226,90,0,0,0,0,0,0,0,0,0,0,0,254,155,0,0,116,221,111,7,0,0,0,0,0,0,0,0,0,37,0,0,254,121,0,0,0,0,0,0,0,0,0,0,0,0,0,5,116,248,0,0,255,137,0,0,0,0,0,0,0,0,0,0,0,0,40,195,246,126,0,0,175,168,0,0,0,0,0,0,0,0,0,3,76,187,244,203,48,0,0,0,75,251,119,43,0,0,0,16,47,103,187,216,254,205,83,7,0,0,0,0,2,96,239,250,208,139,185,232,252,254,234,164,54,8,0,0,0,0,0,0,0,0,53,143,188,188,188,114,107,80,16,0,0,0,0,0,0,0,0,0,0,0,0,0,0,0,0,0,0,0,0,0,0,0,0,0,0,0,0,0,0,0,0,0,0,0,0,0,0,0,0,0,0,0,0,0,0,0,6
0,0,0,0,0,0,0,0,0,0,0,0,0,0,0,0,0,0,0,0,0,0,0,0,0,0,0,0,0,0,0,0,0,0,0,0,0,0,0,0,0,0,0,0,0,0,0,0,0,0,0,0,0,0,0,0,0,0,0,0,254,247,155,143,56,56,95,153,155,178,215,227,62,0,0,0,0,0,0,0,253,254,253,253,253,253,253,253,253,254,253,253,249,108,1,0,0,0,0,0,231,253,253,253,253,253,253,253,253,253,253,253,254,253,45,0,0,0,0,0,48,134,163,233,248,235,234,214,133,111,35,128,251,253,120,0,0,0,0,0,0,0,0,0,58,5,0,0,0,0,0,0,225,253,187,0,0,0,0,0,0,0,0,0,0,0,0,0,0,0,0,0,134,253,250,58,0,0,0,0,0,0,0,0,0,0,0,0,0,0,0,0,92,253,254,136,0,0,0,0,0,0,0,0,0,0,0,0,0,0,0,0,26,253,254,163,0,0,0,0,0,0,0,0,0,0,0,0,0,0,0,0,16,226,254,164,0,0,0,0,0,0,0,0,0,0,0,0,0,0,0,0,10,209,254,163,0,0,0,0,0,0,0,0,0,0,0,0,0,0,0,0,0,179,254,199,4,0,0,0,0,0,0,0,0,0,0,0,0,0,0,0,0,180,254,220,6,0,0,0,0,0,0,0,0,0,0,0,0,0,0,0,0,179,253,218,6,0,0,0,0,0,0,0,0,0,0,0,0,0,0,0,0,179,253,253,9,0,0,0,0,0,0,0,0,0,0,0,0,0,0,0,140,245,254,218,6,0,0,0,0,0,0,0,0,0,0,0,0,0,0,0,65,253,253,253,9,0,0,0,0,0,0,0,0,0,0,0,0,0,0,0,39,253,254,170,1,0,0,0,7
243,248,228,225,235,247,209,221,224,240,249,209,233,204,249,227,221,240,248,248,200,207,205,217,202,225,202,229,227,212,239,215,231,205,223,228,208,247,245,204,218,209,207,227,240,206,218,247,241,254,228,253,228,212,235,222,202,220,251,215,213,209,254,247,252,239,237,204,207,205,212,225,235,244,245,251,203,207,201,245,231,206,253,217,211,215,253,247,228,227,207,243,249,253,233,252,232,221,215,232,248,220,251,209,251,248,236,204,203,236,219,253,226,219,226,217,235,248,214,205,217,207,248,234,246,250,213,207,209,202,237,232,216,232,251,232,225,225,246,229,233,250,205,220,204,220,200,212,222,218,246,231,254,203,248,235,207,249,201,247,243,246,220,224,213,218,212,229,200,232,209,209,235,213,232,249,222,227,243,202,207,218,246,218,233,230,242,234,241,217,203,229,237,209,216,215,225,206,202,229,254,209,245,206,208,207,237,213,220,234,247,211,214,237,202,232,214,218,210,205,248,223,238,243,245,219,231,229,238,237,212,253,218,237,235,213,250,231,221,228,233,234,204,209,243,214,200,201,210,202,232,234,215,231,248,210,226,229,244,247,252,240,212,233,219,231,210,212,205,250,246,219,250,225,233,202,220,211,219,207,208,227,206,247,228,227,221,227,205,244,231,210,247,208,228,235,231,233,215,247,245,233,221,221,230,212,207,206,228,206,224,228,231,207,253,237,239,215,223,254,234,234,214,236,203,229,250,204,248,238,240,250,222,252,201,242,218,218,218,232,232,210,240,246,249,245,202,236,220,205,240,238,247,208,213,203,215,221,201,216,212,212,252,254,249,201,208,251,250,223,247,247,241,240,242,254,218,203,211,237,227,227,221,238,227,204,242,221,205,232,233,250,253,248,221,205,237,233,233,237,2
0,0,0,0,0,0,0,0,0,0,0,0,0,0,0,0,0,0,0,0,0,0,0,0,0,0,0,0,0,0,0,0,0,0,41,198,232,28,0,0,0,0,0,0,0,0,0,0,0,0,0,0,0,0,68,254,254,46,0,0,0,0,0,0,0,0,0,0,0,0,0,0,0,0,68,254,223,21,0,0,0,0,0,89,188,65,0,0,0,0,0,0,0,0,145,254,197,0,0,0,0,0,89,248,236,43,0,0,0,0,0,0,0,0,172,254,197,0,0,0,0,24,240,234,54,0,0,0,0,0,0,0,0,0,172,254,197,0,0,0,24,207,254,175,0,0,0,0,0,0,0,0,0,19,245,254,197,0,0,0,209,254,212,27,0,0,0,0,0,0,0,0,0,21,254,254,128,0,0,0,249,254,169,4,0,0,0,0,0,0,0,0,0,64,254,254,94,0,0,0,254,254,254,226,150,40,0,0,0,0,0,0,0,86,254,248,36,0,0,0,240,155,206,255,254,242,116,79,0,0,0,0,63,228,254,244,0,0,0,0,51,0,13,109,203,254,254,254,250,250,250,250,252,254,254,244,0,0,0,0,0,0,0,0,4,62,107,166,200,254,254,254,227,209,254,244,0,0,0,0,0,0,0,0,0,0,0,0,6,15,15,15,11,126,254,244,0,0,0,0,0,0,0,0,0,0,0,0,0,0,0,0,0,126,254,244,0,0,0,0,0,0,0,0,0,0,0,0,0,0,0,0,0,126,254,244,0,0,0,0,0,0,0,0,0,0,0,0,0,0,0,0,0,126,254,201,0,0,0,0,0,0,0,0,0,0,0,0,0,0,0,0,0,36,254,253,81,0,0,0,0,0,0,0,0,0,0,0,0,0,0,0,0,21,254,254,94,0,0,0,4
0,0,0,0,0,0,0,0,0,0,0,0,0,0,0,0,0,0,0,0,0,0,0,0,0,0,0,0,0,0,0,0,0,0,0,0,0,0,0,0,0,0,0,0,0,0,0,0,0,7,57,13,0,0,0,0,0,0,0,0,0,48,110,197,197,198,197,197,197,204,252,209,197,86,28,0,0,0,0,0,0,241,252,252,252,253,252,252,252,253,252,252,252,253,234,100,0,0,0,0,0,176,225,225,225,226,225,225,125,114,113,113,213,242,253,216,16,0,0,0,0,0,0,0,0,0,0,0,0,0,0,0,0,216,252,196,9,0,0,0,0,0,0,0,0,0,0,0,0,0,0,29,185,253,233,62,0,0,0,0,0,0,0,0,0,0,0,0,0,0,26,159,252,253,96,0,0,0,0,0,0,0,0,0,0,0,0,0,0,4,179,253,253,151,0,0,0,0,0,0,0,0,0,0,0,0,0,0,0,128,252,252,151,0,0,0,0,0,0,0,0,0,0,0,0,0,0,0,38,253,252,186,6,0,0,0,0,0,0,0,0,0,0,0,0,0,0,38,175,253,227,43,0,0,0,0,0,0,0,0,0,0,0,0,0,0,0,85,253,251,75,0,0,0,0,0,0,0,0,0,0,0,0,0,0,0,0,85,252,225,0,0,0,0,0,0,0,0,0,0,0,0,0,0,0,0,0,85,252,247,66,0,0,0,0,0,0,0,0,29,0,0,0,0,0,0,0,47,240,253,234,137,113,114,113,113,113,226,225,234,0,0,0,0,0,0,0,0,51,226,244,253,253,255,253,253,253,255,234,187,0,0,0,0,0,0,0,0,0,0,56,171,221,222,196,196,145,84,28,0,0,0,0,0,0,0,0,0,0,0,0,0,25,25,0,0,0,0,0,0,2
0,0,0,0,0,0,0,0,0,16,198,254,253,231,194,73,0,0,0,0,0,0,0,0,0,0,0,0,0,190,253,254,214,32,0,0,0,0,0,0,0,0,0,0,0,0,0,21,165,247,253,217,31,0,0,0,0,0,0,0,0,0,0,0,0,0,0,120,253,253,218,29,0,0,0,0,0,0,0,0,0,0,0,0,0,21,120,244,253,176,30,0,0,0,0,0,0,0,0,0,0,0,0,0,19,134,253,253,124,4,0,0,0,0,0,0,0,0,0,0,0,0,0,16,195,253,253,125,4,0,0,0,0,0,0,0,0,0,0,0,0,0,0,95,253,253,253,106,0,0,0,0,0,0,0,0,0,0,0,0,0,0,0,158,254,254,118,0,0,0,0,0,0,0,0,9,106,174,254,144,0,0,14,212,253,218,26,0,0,0,0,0,0,0,40,223,253,253,253,253,0,0,100,253,253,175,0,0,0,0,0,0,4,112,222,253,253,253,253,253,0,9,218,253,244,58,0,0,0,0,0,3,127,253,253,242,242,253,253,232,0,100,253,253,119,0,0,0,0,0,30,186,253,253,172,202,236,253,184,41,0,99,253,253,119,0,0,0,0,0,214,254,253,253,253,253,253,194,54,0,0,9,176,253,244,177,86,57,0,129,251,254,253,253,253,233,168,32,0,0,0,0,15,217,253,253,253,241,218,250,253,254,253,253,211,27,0,0,0,0,0,0,0,90,217,253,253,253,253,253,253,254,253,253,191,66,0,0,0,0,0,0,0,0,8,40,132,231,253,143,190,254,253,236,52,4,0,0,0,0,0,0,0,0,0,0,0,0,0,0,0,0,0,0,0,0,0,0,0,0,0,0,0,0,0,0,0,0,0,0,0,0,0,0,0,0,0,0,0,0,6
0,0,0,0,0,0,0,0,0,0,0,0,0,0,0,0,0,0,0,0,0,0,0,0,0,0,0,0,0,0,0,0,0,0,0,0,0,0,0,0,0,0,0,0,0,0,0,248,255,183,87,44,10,47,0,0,0,0,0,0,0,0,0,0,0,0,0,248,71,95,173,238,216,191,0,0,0,0,0,0,0,0,0,0,0,0,0,248,31,0,0,24,206,52,0,0,0,0,0,0,0,0,0,0,0,0,0,248,31,0,0,20,2,0,0,0,0,0,0,0,0,0,0,0,0,0,0,224,12,0,0,0,0,0,0,0,0,0,0,0,0,0,0,0,0,0,0,209,0,0,0,0,0,0,0,0,0,0,0,0,0,0,0,0,0,0,27,249,30,0,0,0,0,0,0,0,0,0,0,0,0,0,0,0,0,0,43,220,6,0,0,0,0,0,0,0,0,0,0,0,0,0,0,0,0,0,0,248,67,0,0,19,60,60,9,0,0,0,0,0,0,0,0,0,0,0,0,171,167,9,150,236,219,233,143,0,0,0,0,0,0,0,0,0,0,0,0,68,243,228,189,62,0,61,247,0,0,0,0,0,0,0,0,0,0,0,0,20,170,109,19,0,0,32,247,0,0,0,0,0,0,0,0,0,0,0,0,0,0,0,0,0,0,98,219,0,0,0,0,0,0,0,0,0,0,0,0,0,0,0,0,0,0,160,118,0,0,0,0,0,0,0,0,0,0,0,0,0,0,0,0,0,12,226,75,0,0,0,0,0,0,0,0,0,0,0,0,0,0,0,0,0,91,198,3,0,0,0,0,0,0,0,0,0,0,0,0,0,0,0,0,10,244,55,0,0,0,0,0,0,0,0,0,0,0,0,0,0,0,0,0,164,184,0,0,0,0,0,0,0,5
0,0,0,0,0,0,0,0,0,0,0,0,0,0,47,237,255,98,0,0,0,0,0,0,0,0,0,0,0,0,0,0,0,153,214,253,253,109,0,0,0,0,0,0,0,0,0,0,0,0,3,62,177,252,253,253,253,43,0,0,0,0,0,0,0,0,0,0,0,0,9,253,253,253,253,253,179,19,0,0,0,0,0,0,0,0,0,0,0,0,161,253,253,253,253,55,17,0,0,0,0,0,0,0,0,0,0,0,13,124,217,253,253,253,180,13,0,0,0,0,0,0,0,0,0,0,5,27,172,253,253,253,253,57,21,0,0,0,0,0,0,0,0,0,0,0,44,253,253,253,253,253,183,5,0,0,0,0,0,0,0,0,0,0,0,5,173,253,253,253,252,183,24,0,0,0,0,0,0,0,0,0,0,0,22,179,253,253,253,253,183,0,0,0,0,0,0,0,0,0,0,0,0,0,62,253,253,253,253,183,24,0,0,0,0,150,167,28,0,0,0,0,0,0,62,253,253,253,227,5,0,0,0,69,174,252,253,222,39,0,0,0,0,0,62,253,253,253,242,149,149,149,149,250,253,253,253,253,138,0,0,0,0,0,62,253,253,253,253,253,253,253,253,253,253,253,253,184,14,0,0,0,0,0,62,253,253,253,253,253,253,253,253,253,253,253,184,21,0,0,0,0,0,0,11,43,225,253,253,253,253,253,253,219,218,60,21,0,0,0,0,0,0,0,0,0,219,253,253,253,253,213,138,4,0,0,0,0,0,0,0,0,0,0,0,108,245,253,253,245,229,40,0,0,0,0,0,0,0,0,0,0,0,0,0,140,253,253,243,92,0,0,0,0,0,0,0,0,0,0,0,0,0,0,0,43,230,253,226,0,0,0,0,0,0,0,0,0,0,0,6
0,0,0,0,0,0,0,0,0,0,0,36,24,128,253,253,0,0,0,0,0,0,0,0,0,0,0,0,0,0,0,115,205,221,251,231,0,0,0,0,0,0,0,0,0,0,0,0,0,0,80,253,251,251,251,94,0,0,0,0,0,0,0,0,0,0,0,0,0,16,181,253,251,219,50,12,0,0,0,0,0,0,0,0,0,0,0,20,158,181,251,253,231,47,0,0,0,0,0,0,0,0,0,0,0,0,96,115,253,253,253,255,221,0,0,0,0,0,0,0,0,0,0,0,8,32,253,251,251,251,251,253,224,16,0,0,0,0,0,0,0,0,0,0,143,251,253,251,251,140,126,253,251,126,0,0,0,0,0,0,0,0,8,143,248,251,253,251,140,4,0,91,236,156,8,0,0,0,0,0,0,0,131,251,251,152,193,114,126,0,0,0,190,251,31,0,0,0,0,0,0,0,191,253,253,95,0,0,0,0,0,0,92,253,31,0,0,0,0,0,0,72,236,251,251,94,12,32,32,4,0,0,190,251,31,0,0,0,0,0,0,96,251,251,219,47,174,251,251,31,0,0,190,251,141,127,80,80,0,0,0,72,196,251,244,221,253,251,251,86,221,223,244,251,251,251,83,181,64,64,0,0,12,94,232,251,253,251,251,94,251,253,251,251,251,251,253,251,251,251,0,0,0,0,40,59,255,241,158,182,193,159,230,253,253,253,159,158,206,189,0,0,0,0,0,0,63,54,0,16,23,0,190,251,184,62,0,0,32,47,0,0,0,0,0,0,0,0,0,0,0,0,111,251,31,0,0,0,0,0,0,0,0,0,0,0,0,0,0,0,0,0,72,251,31,0,0,0,0,0,0,0,0,0,0,0,0,0,0,0,0,0,91,251,31,0,0,0,0,0,4
0,0,0,0,0,0,0,0,152,253,183,0,0,0,0,0,0,0,0,0,0,0,0,0,0,0,0,41,233,252,61,0,0,0,0,0,0,0,0,0,0,0,0,0,0,0,11,213,254,131,0,0,0,0,0,0,0,0,0,0,0,0,0,0,0,0,92,252,233,30,0,0,0,0,0,0,0,0,0,0,0,0,0,0,0,21,254,253,82,0,0,0,0,0,0,0,0,0,0,0,0,0,0,0,0,183,253,212,0,0,0,0,0,0,0,0,0,0,0,0,0,0,0,0,52,253,254,50,0,0,0,0,0,0,0,0,0,0,0,0,0,0,0,0,51,252,233,30,0,0,0,0,0,0,0,41,82,0,0,0,0,0,0,0,113,253,183,0,0,0,0,0,0,82,214,253,254,253,132,10,0,0,0,0,152,252,102,0,0,0,0,0,62,223,253,252,253,252,253,91,0,0,0,0,254,253,102,0,0,0,11,173,254,253,224,122,142,102,254,192,0,0,0,0,172,252,102,0,0,0,132,252,253,90,20,0,0,0,253,111,0,0,0,0,152,253,173,10,0,123,254,253,41,0,0,0,0,82,254,50,0,0,0,0,71,252,253,50,82,243,233,70,0,0,0,0,82,243,253,50,0,0,0,0,41,243,255,172,214,253,82,0,0,0,11,92,254,253,123,0,0,0,0,0,0,81,253,252,253,252,82,41,102,142,213,252,253,130,0,0,0,0,0,0,0,0,123,243,254,253,254,253,254,253,254,213,82,0,0,0,0,0,0,0,0,0,0,81,151,151,172,171,151,151,91,10,0,0,0,0,0,0,0,0,0,0,0,0,0,0,0,0,0,0,0,0,0,0,0,0,0,0,0,0,0,0,0,0,0,0,0,0,0,0,0,0,0,0,0,0,6
0,0,0,0,0,0,0,0,0,0,0,0,0,0,0,0,0,0,0,0,0,0,0,0,0,0,0,0,0,0,21,48,130,151,194,207,181,15,0,0,0,0,0,0,0,0,0,0,6,162,222,254,254,254,254,254,254,145,0,0,0,0,0,0,0,0,4,110,190,254,239,197,114,12,10,140,254,219,0,0,0,0,0,0,0,0,180,254,254,174,39,0,0,0,0,135,254,96,0,0,0,0,0,0,0,43,245,254,242,16,0,0,0,0,46,239,254,26,0,0,0,0,0,0,0,84,254,255,254,88,0,0,0,42,179,246,107,8,0,0,0,0,0,0,0,84,254,254,254,137,0,0,13,195,254,167,0,0,0,0,0,0,0,0,0,64,250,254,254,192,2,85,237,254,196,6,0,0,0,0,0,0,0,0,0,0,187,253,254,193,54,254,254,234,52,0,0,0,0,0,0,0,0,0,0,0,0,156,254,254,254,254,234,44,0,0,0,0,0,0,0,0,0,0,0,0,0,15,230,254,254,193,53,0,0,0,0,0,0,0,0,0,0,0,0,0,0,0,224,254,249,2,0,0,0,0,0,0,0,0,0,0,0,0,0,0,0,134,247,254,249,0,0,0,0,0,0,0,0,0,0,0,0,0,0,0,4,187,254,254,252,53,0,0,0,0,0,0,0,0,0,0,0,0,0,0,59,254,218,228,254,130,0,0,0,0,0,0,0,0,0,0,0,0,0,0,224,254,84,73,254,202,0,0,0,0,0,0,0,0,0,0,0,0,0,0,235,254,35,156,254,202,0,0,0,0,0,0,0,0,0,0,0,0,0,0,235,254,183,254,252,69,0,0,0,0,0,0,0,0,0,0,0,0,0,0,211,254,254,254,159,0,0,0,0,0,0,0,0,0,8
0,0,0,0,0,0,0,0,0,0,0,0,0,0,0,0,0,0,0,0,0,0,0,0,0,0,0,0,0,0,0,0,0,0,0,0,0,0,0,0,0,0,0,0,0,0,0,0,0,0,0,0,0,0,0,0,0,0,0,0,0,0,0,0,0,0,0,0,0,0,100,229,254,254,237,19,0,0,0,0,0,0,0,0,0,0,0,17,106,222,249,236,182,224,253,103,47,130,25,0,0,0,0,0,0,0,28,199,254,253,192,88,0,63,253,144,254,253,197,0,0,0,0,0,26,142,240,253,195,111,13,0,0,80,253,194,254,236,113,0,0,0,0,51,221,254,254,169,34,0,83,220,121,254,254,254,255,199,17,0,0,0,55,247,254,210,89,6,0,0,116,253,254,253,253,253,241,27,0,0,0,47,245,253,113,4,0,0,0,0,108,253,254,253,253,210,34,0,0,0,0,172,253,219,0,0,0,0,0,85,174,253,254,253,244,69,0,0,0,0,51,248,254,186,136,70,112,195,254,254,222,210,254,254,171,0,0,0,0,0,0,129,253,253,254,253,253,219,148,64,42,214,254,227,29,0,0,0,0,0,0,9,88,137,197,145,96,13,0,0,124,253,222,79,0,0,0,0,0,0,0,0,0,0,0,0,0,0,0,34,240,253,151,0,0,0,0,0,0,0,0,0,0,0,0,0,0,0,0,164,254,228,0,0,0,0,0,0,0,0,0,0,0,0,0,0,0,0,123,243,253,111,0,0,0,0,0,0,0,0,0,0,0,0,0,0,0,9,203,253,192,13,0,0,0,0,0,0,0,0,0,0,0,0,0,0,9,184,254,236,54,0,0,0,0,0,0,0,0,0,0,0,0,0,0,0,15,229,254,148,0,0,0,0,0,0,0,0,0,0,9
0,0,1,43,171,171,181,244,171,171,156,72,4,0,0,0,0,0,0,0,0,0,71,254,241,162,162,201,246,246,253,254,238,110,4,0,0,0,0,0,0,0,97,243,23,0,0,0,0,0,63,146,238,254,143,1,0,0,0,0,0,0,91,250,100,0,0,0,0,0,0,0,39,201,254,81,0,0,0,0,0,0,0,82,61,0,0,0,0,0,0,0,0,109,254,166,0,0,0,0,0,0,0,0,0,0,0,0,0,0,0,0,0,21,238,216,7,0,0,0,0,0,0,0,0,0,0,0,0,0,0,0,0,133,254,165,4,0,0,0,0,0,0,0,0,0,0,0,0,0,0,7,125,248,246,63,0,0,0,0,0,0,0,0,0,0,0,0,0,19,81,175,254,233,81,0,0,0,0,0,0,0,0,0,0,68,190,209,209,232,254,254,168,20,0,0,0,0,0,0,0,0,0,0,14,218,254,218,208,208,217,254,232,147,20,0,0,0,0,0,0,0,0,0,0,16,37,8,0,0,7,54,177,254,213,55,0,0,0,0,0,0,0,0,0,0,0,0,0,0,0,0,7,127,249,235,60,0,0,0,0,0,0,0,0,0,0,0,0,0,0,0,0,0,136,254,214,7,0,0,0,0,0,0,0,0,0,0,0,0,0,0,0,0,7,216,254,61,0,0,0,0,0,0,0,0,0,0,0,0,0,0,0,0,0,150,254,96,0,0,0,0,0,0,6,18,0,0,0,0,0,0,0,0,18,207,254,45,0,0,0,0,0,11,194,166,0,0,0,0,0,0,0,43,202,254,158,5,0,0,0,0,0,1,136,254,210,163,163,163,163,163,236,251,254,158,9,0,0,0,0,0,0,0,2,103,180,254,254,254,254,254,209,171,103,2,0,0,0,0,3
0,0,0,0,0,37,42,0,0,42,63,0,0,0,0,0,0,0,0,0,0,0,0,42,229,244,245,235,236,245,250,235,235,72,0,0,0,0,0,0,0,0,0,106,253,156,216,216,217,216,216,232,253,181,0,0,0,0,0,0,0,0,0,16,235,33,0,0,0,0,0,116,253,174,0,0,0,0,0,0,0,0,0,0,52,0,0,0,0,0,0,199,253,91,0,0,0,0,0,0,0,0,0,0,0,0,0,0,0,0,95,254,228,0,0,0,0,0,0,0,0,0,0,0,0,0,0,0,0,12,219,253,142,0,0,0,0,0,0,0,0,0,0,0,0,0,0,0,0,132,253,250,62,0,0,0,0,0,0,0,0,0,0,0,0,0,0,0,6,217,253,156,0,0,0,0,0,0,0,0,0,0,0,0,0,0,0,0,137,253,240,35,0,0,0,0,0,0,0,0,0,0,0,0,0,0,0,0,189,254,127,0,0,0,0,0,0,0,0,0,0,0,0,0,0,0,0,136,254,202,22,0,0,0,0,0,0,0,0,0,0,0,0,0,0,0,139,243,243,60,0,0,0,0,0,0,0,0,0,0,0,0,0,0,0,75,241,253,104,0,0,0,0,0,0,0,0,0,0,0,0,0,0,0,20,230,253,188,0,0,0,0,0,92,91,91,129,181,92,91,0,0,0,0,204,254,216,26,21,73,86,169,254,255,254,254,254,254,255,254,0,0,0,88,252,253,206,210,241,253,253,253,233,173,173,108,69,83,109,108,0,0,0,195,253,253,253,253,243,216,171,88,23,0,0,0,0,0,0,0,0,0,0,61,228,189,144,80,39,0,0,0,0,0,0,0,0,0,0,0,0,0,0,0,0,0,0,0,0,0,0,0,0,0,0,0,0,0,0,0,2
0,0,0,0,0,0,0,0,0,0,0,0,0,0,0,0,0,0,0,0,0,0,0,0,0,0,0,0,0,0,0,51,57,57,95,169,51,0,0,0,0,0,0,0,0,0,0,0,48,110,197,246,253,252,252,252,247,104,0,0,0,0,0,0,0,0,0,51,191,252,252,252,140,139,177,252,253,196,0,0,0,0,0,0,0,45,141,241,255,209,113,13,0,57,253,253,255,253,128,4,0,0,0,0,7,187,252,252,134,28,0,0,0,44,240,252,253,252,252,28,0,0,0,0,117,252,252,127,0,0,0,0,0,0,44,56,119,224,252,116,0,0,0,51,241,252,127,3,0,0,0,0,0,0,0,0,0,69,252,240,0,0,48,241,254,134,0,0,0,0,0,0,0,0,0,0,0,26,223,253,0,38,197,252,209,28,0,0,0,0,0,0,0,0,0,0,0,0,197,252,0,95,252,252,25,0,0,0,0,0,0,0,0,0,0,0,0,45,240,252,13,206,252,102,0,0,0,0,0,0,0,0,0,0,0,0,0,57,252,202,141,253,244,25,0,0,0,0,0,0,0,0,0,0,0,0,0,120,253,128,141,252,168,0,0,0,0,0,0,0,0,0,0,0,0,0,45,225,233,22,141,252,196,10,0,0,0,0,0,0,0,0,0,0,0,0,178,233,112,0,191,252,252,128,51,0,0,0,0,0,0,0,0,26,113,213,253,196,0,0,129,253,253,253,254,228,141,141,29,54,141,141,154,253,253,253,151,0,0,0,10,109,215,252,253,252,252,252,253,252,252,252,253,252,208,96,0,0,0,0,0,0,19,56,168,168,168,168,168,168,168,168,106,56,13,0,0,0,0,0,0,0,0,0,0,0,0,0,0,0,0,0,0,0,0,0,0,0,0,0,0
0,0,0,0,0,0,0,0,0,0,5,178,252,252,252,253,236,78,9,0,0,0,0,0,0,0,0,0,0,0,138,252,252,252,252,253,252,252,102,7,0,0,0,0,0,0,0,0,0,136,253,252,252,218,160,117,252,252,252,117,0,0,0,0,0,0,0,32,157,250,253,252,136,14,0,76,252,252,252,85,0,0,0,0,0,0,5,191,253,253,255,218,32,0,0,139,253,253,192,11,0,0,0,0,0,5,136,252,252,252,249,75,0,0,0,212,252,252,45,0,0,0,0,0,0,24,252,252,252,252,115,0,0,0,64,253,252,170,13,0,0,0,0,0,0,5,135,252,252,157,0,0,0,0,230,253,235,44,0,0,0,0,0,0,0,0,5,107,96,12,0,0,0,0,230,253,153,0,0,0,0,0,0,0,0,0,0,0,0,0,0,0,7,160,253,242,42,0,0,0,0,0,0,0,0,0,0,0,38,26,0,30,103,252,252,157,0,0,0,0,0,0,0,0,0,7,70,153,240,221,185,228,252,252,252,84,0,0,0,0,0,0,0,34,144,108,252,252,252,252,253,252,252,252,116,0,0,0,0,0,0,0,116,238,252,253,252,252,252,252,253,252,221,96,2,0,0,0,0,0,0,47,253,253,253,255,253,253,253,253,255,253,253,159,138,11,0,0,0,0,5,136,252,252,252,253,252,252,252,231,253,252,252,252,252,136,0,0,0,0,108,252,252,252,252,253,252,252,153,37,79,183,202,252,252,247,150,0,0,0,97,252,252,252,252,253,235,77,9,0,0,0,13,121,252,253,244,99,0,0,13,211,252,252,147,23,18,0,0,0,0,0,0,51,242,253,252,183,0,0,0,0,0,0,0,0,0,0,0,0,0,0,0,0,0,0,0,0,0,0,2
0,0,0,0,182,253,253,207,132,132,13,13,13,10,0,0,0,11,7,0,0,0,0,28,222,252,252,252,252,252,253,252,252,231,145,145,145,237,206,7,0,0,0,66,252,242,119,199,231,252,253,252,252,252,252,252,252,252,184,5,0,0,0,169,252,180,0,0,36,84,84,95,204,204,238,252,236,157,48,0,0,0,27,229,252,180,0,0,0,0,0,0,0,0,52,72,48,0,0,0,0,0,26,228,252,180,0,0,0,0,0,0,0,0,0,0,0,0,0,0,0,0,0,169,252,239,108,12,0,0,0,0,0,0,0,0,0,0,0,0,0,0,0,47,225,252,252,119,9,0,0,0,0,0,0,0,0,0,0,0,0,0,0,0,129,252,252,252,231,114,105,0,0,0,0,0,0,0,0,0,0,0,0,0,3,46,230,252,252,252,253,241,166,98,0,0,0,0,0,0,0,0,0,0,0,0,0,105,172,241,255,253,253,253,253,161,35,2,0,0,0,0,0,0,0,0,0,0,0,0,109,176,231,252,252,252,252,159,25,0,0,0,0,0,0,0,0,0,0,0,0,0,14,96,182,226,252,252,159,2,0,0,0,0,0,0,0,0,0,0,0,0,0,0,0,96,252,252,231,9,0,0,38,84,181,129,0,0,0,0,0,0,0,0,73,235,252,252,143,0,0,42,184,252,200,71,0,0,0,0,0,0,46,96,235,252,252,224,103,0,5,181,240,88,14,0,0,0,0,81,86,153,234,252,252,252,224,46,0,0,70,252,247,217,217,217,217,217,217,251,253,252,252,252,229,122,24,0,0,0,7,206,252,252,252,252,252,252,252,252,253,252,252,179,52,0,0,0,0,0,0,7,87,154,252,252,252,252,200,131,127,11,11,4,0,0,0,0,0,0,5
0,0,0,0,0,0,0,0,0,0,0,0,0,0,0,0,0,0,0,0,0,0,0,0,0,0,0,0,0,0,0,0,0,0,0,0,0,0,0,0,0,0,0,0,0,0,0,6,67,143,255,176,39,0,0,0,0,0,0,0,0,0,0,0,0,0,37,189,252,252,253,252,222,36,0,0,0,0,0,0,0,0,0,0,0,35,221,252,252,166,58,222,252,163,0,0,0,0,0,0,0,0,0,0,29,222,251,163,87,2,0,176,252,230,0,0,0,0,0,0,0,0,0,15,184,252,145,0,0,0,0,176,252,230,0,0,0,0,0,0,0,0,0,109,252,221,14,0,0,0,0,176,252,230,0,0,0,0,0,0,0,0,0,132,252,164,0,0,0,0,0,176,252,230,0,0,0,0,0,0,0,0,0,132,252,164,0,0,0,0,40,223,252,234,16,0,0,0,0,0,0,0,0,132,252,230,16,0,0,0,225,252,252,252,88,0,0,0,0,0,0,0,0,27,214,252,218,111,111,206,253,223,233,252,135,0,0,0,0,0,0,0,0,0,25,197,251,253,253,253,221,34,100,253,205,8,0,0,0,0,0,0,0,0,0,0,75,186,186,91,34,0,100,252,252,55,0,0,0,0,0,0,0,0,0,0,0,0,0,0,0,0,100,252,252,55,0,0,0,0,0,0,0,0,0,0,0,0,0,0,0,0,48,247,252,160,0,0,0,0,0,0,0,0,0,0,0,0,0,0,0,0,0,242,252,222,14,0,0,0,0,0,0,0,0,0,0,0,0,0,0,0,0,156,252,252,21,0,0,0,0,0,0,0,0,0,0,0,0,0,0,0,0,128,252,252,123,0,0,0,0,0,0,0,0,0,0,0,0,0,0,0,0,23,252,252,131,0,0,0,9
0,0,0,0,0,0,0,0,0,0,0,0,0,0,0,0,0,0,0,0,0,0,0,0,0,0,0,0,0,0,0,0,0,0,0,0,0,0,0,0,0,0,0,0,0,0,0,0,0,0,0,0,0,85,221,237,114,0,0,0,0,0,0,0,0,0,0,0,0,0,0,26,164,247,254,253,230,0,0,0,0,0,0,0,0,0,7,191,155,9,83,224,253,253,254,253,187,0,0,0,0,0,0,0,0,0,104,253,238,184,254,253,253,253,254,253,71,0,0,0,0,0,0,0,0,0,255,254,254,254,254,254,180,118,254,254,105,0,0,0,0,0,0,0,0,134,254,253,253,253,254,143,13,176,254,227,29,0,0,0,0,0,0,0,19,240,254,253,253,244,80,4,62,240,254,198,0,0,0,0,0,0,0,0,125,253,254,253,202,44,0,0,116,253,228,40,0,0,0,0,0,0,0,164,254,254,254,241,34,0,0,0,174,254,127,0,0,0,0,0,0,0,0,214,253,253,241,94,63,47,47,64,232,253,55,64,138,55,13,5,0,0,0,138,253,253,241,249,253,253,254,253,253,253,254,253,253,236,221,211,0,0,0,105,253,253,254,253,253,253,254,253,253,253,186,168,160,228,161,160,0,0,0,0,76,93,93,93,17,0,162,254,214,25,0,0,0,0,0,0,0,0,0,0,0,0,0,0,0,0,212,253,137,0,0,0,0,0,0,0,0,0,0,0,0,0,0,0,0,85,254,253,129,0,0,0,0,0,0,0,0,0,0,0,0,0,0,0,9,209,254,219,13,0,0,0,0,0,0,0,0,0,0,0,0,0,0,0,174,254,254,115,0,0,0,0,0,0,0,0,0,0,0,0,0,0,0,26,232,253,254,98,0,0,0,0,0,0,0,0,4
0,0,0,0,0,0,0,0,0,0,0,0,0,0,0,0,15,99,179,226,0,0,0,0,0,0,0,0,0,0,0,0,0,0,0,144,215,254,163,31,0,0,0,0,0,0,0,0,0,0,16,37,121,201,245,249,218,116,4,0,0,0,0,0,0,0,0,0,0,81,216,254,254,254,225,108,0,0,0,0,0,0,0,0,0,0,0,0,0,167,254,238,228,109,13,0,0,0,0,0,0,0,0,0,0,0,0,0,41,228,221,30,0,0,0,0,0,0,0,0,0,0,0,0,0,0,0,41,183,199,18,0,0,0,0,0,0,0,0,0,0,0,0,0,0,0,33,196,244,67,0,0,0,0,0,0,0,0,0,0,0,0,0,0,0,0,218,255,252,188,110,46,2,0,0,0,0,0,0,0,0,0,0,0,0,0,213,254,254,254,254,254,176,24,0,0,0,0,0,0,0,0,0,0,0,0,37,155,107,52,141,254,254,109,0,0,0,0,0,0,0,0,0,0,0,0,0,0,0,0,1,48,246,218,11,0,0,0,0,0,0,0,0,0,0,0,0,0,0,0,0,0,203,254,62,0,0,0,0,0,0,0,0,0,0,0,0,0,0,0,0,0,203,254,147,0,0,0,0,0,0,0,0,0,0,0,0,0,0,0,0,17,219,254,62,0,0,0,0,0,0,0,0,0,0,0,0,0,0,0,1,112,254,165,7,0,0,0,0,0,0,0,0,0,0,0,0,0,0,0,104,254,254,81,0,0,0,0,0,0,0,0,0,81,219,185,19,84,164,219,249,254,123,1,0,0,0,0,0,0,0,0,0,95,254,254,254,254,254,254,253,133,19,0,0,0,0,0,0,0,0,0,0,17,204,254,254,255,248,125,46,0,0,0,0,0,0,0,0,0,5
0,0,0,0,0,0,0,0,0,0,0,0,0,0,0,0,0,0,0,0,0,0,0,0,0,0,0,0,0,0,0,0,0,0,0,0,0,0,18,122,0,0,0,0,0,0,13,110,110,110,55,7,0,0,0,1,38,159,223,253,0,0,0,0,0,43,207,253,253,253,253,183,2,0,16,154,253,253,253,245,0,0,0,0,56,228,253,248,233,248,253,253,137,11,191,253,253,244,163,37,0,0,0,0,178,253,248,87,0,58,214,253,238,207,253,253,203,52,0,0,0,0,0,29,232,253,182,0,0,0,50,253,253,253,246,95,8,0,0,0,0,0,0,56,253,253,133,0,0,0,74,253,253,252,90,0,0,0,0,0,0,0,0,56,253,253,133,0,0,0,62,253,253,178,0,0,0,0,0,0,0,0,0,35,237,253,210,0,0,0,177,253,215,12,0,0,0,0,0,0,0,0,0,0,112,253,253,181,60,156,253,197,45,0,0,0,0,0,0,0,0,0,0,0,26,215,253,253,253,253,253,79,0,0,0,0,0,0,0,0,0,0,0,0,0,25,145,253,253,253,253,144,1,0,0,0,0,0,0,0,0,0,0,0,0,0,72,253,253,248,253,253,176,9,0,0,0,0,0,0,0,0,0,0,0,44,242,253,206,51,217,253,253,176,0,0,0,0,0,0,0,0,0,0,0,65,254,253,36,0,16,152,253,248,0,0,0,0,0,0,0,0,0,0,0,45,243,253,95,0,0,95,253,248,0,0,0,0,0,0,0,0,0,0,0,0,166,253,137,0,36,218,253,235,0,0,0,0,0,0,0,0,0,0,0,0,85,253,246,189,225,253,236,97,0,0,0,0,0,0,0,0,0,0,0,0,21,253,253,253,253,254,129,0,0,0,0,0,0,0,8
239,236,215,252,248,212,217,207,245,204,246,210,205,217,237,233,251,246,214,205,224,231,247,224,224,250,234,228,254,228,236,206,210,253,239,228,253,250,221,200,221,254,243,251,236,254,224,234,247,240,216,250,213,226,242,228,218,231,207,248,251,246,221,207,238,224,252,241,250,212,237,219,223,231,227,221,243,203,226,235,232,253,230,239,237,222,237,227,239,233,230,244,206,229,211,217,224,230,240,229,244,251,220,209,252,220,238,214,251,222,208,230,212,228,239,248,207,244,253,222,237,219,228,251,234,250,203,241,202,254,211,248,222,238,206,251,230,242,229,237,212,254,252,238,251,245,206,231,223,206,238,209,220,234,241,223,232,238,215,240,226,206,219,223,224,201,222,234,201,252,205,208,201,207,224,233,215,251,238,237,212,225,203,226,208,210,234,229,232,203,251,235,215,243,213,216,215,251,201,218,219,202,211,224,209,218,238,210,222,244,251,220,207,241,210,201,217,218,214,206,221,239,216,211,237,219,234,238,240,219,238,246,221,226,204,203,249,211,226,206,232,232,237,229,236,244,245,214,224,201,241,251,204,206,201,224,234,219,253,241,254,226,244,208,216,240,233,214,200,203,254,210,221,218,216,237,209,254,230,225,229,213,217,234,222,205,240,245,234,203,251,211,204,251,223,251,250,203,244,205,222,209,201,210,236,224,234,239,201,207,237,233,208,206,207,253,244,205,231,218,219,208,223,237,248,206,241,218,211,227,243,225,245,232,241,225,206,229,239,200,222,213,206,204,217,218,212,230,249,251,253,233,218,247,232,250,225,203,219,232,254,234,217,231,223,226,253,240,240,228,208,225,227,222,223,207,245,239,203,250,236,226,202,227,221,241,208,212,232,228,236,243,247,246,202,201,244,206,224,204,5
0,0,0,0,0,0,0,0,0,0,0,0,0,0,16,213,84,0,0,0,0,0,0,0,0,0,0,0,0,0,0,0,0,0,99,253,166,0,0,0,0,0,0,0,0,0,0,197,145,42,0,0,0,0,120,254,234,16,0,0,0,0,0,0,0,0,0,217,207,21,0,0,0,0,223,253,160,5,0,0,0,0,0,0,0,0,27,233,217,0,0,0,0,0,254,253,42,0,0,0,0,0,0,0,0,1,171,253,217,0,0,0,0,42,254,211,0,0,0,0,0,0,0,0,0,32,254,254,135,0,0,0,0,156,255,181,0,0,0,0,0,0,0,0,0,135,253,253,32,0,0,0,0,217,254,119,0,0,0,0,0,0,0,0,0,176,254,191,0,0,0,0,16,233,255,36,0,0,0,0,0,0,0,0,11,228,253,46,0,0,0,0,99,253,223,5,0,0,0,0,0,0,0,0,110,254,249,31,0,0,0,0,182,254,208,0,0,0,0,0,0,0,0,0,150,253,133,0,0,0,0,0,181,253,176,73,73,73,21,0,0,0,0,32,255,254,73,0,47,109,140,181,234,254,254,254,254,254,223,181,0,0,0,94,254,253,52,166,254,253,254,253,254,253,181,160,129,67,36,36,0,0,16,213,255,254,207,217,218,155,115,176,254,202,0,0,0,0,0,0,0,0,99,253,254,149,72,0,0,0,0,207,254,160,0,0,0,0,0,0,0,0,223,254,208,42,0,0,0,0,27,244,254,57,0,0,0,0,0,0,0,0,78,211,42,0,0,0,0,0,99,253,254,36,0,0,0,0,0,0,0,0,0,0,0,0,0,0,0,0,110,254,218,0,0,0,0,0,0,0,0,0,0,0,0,0,0,0,0,0,150,253,197,0,0,0,0,0,0,0,4
0,0,0,0,0,0,0,0,0,0,0,0,0,0,0,0,0,0,0,0,0,0,0,0,0,0,0,0,0,0,0,0,0,0,0,0,0,0,0,0,0,0,0,0,0,0,7,25,25,25,25,15,0,0,0,0,0,0,0,0,0,0,0,0,60,197,212,254,254,255,254,230,93,0,0,0,0,0,0,0,0,0,0,34,238,213,191,130,130,131,130,182,247,40,0,0,0,0,0,0,0,0,0,7,60,0,0,0,0,0,20,162,254,49,0,0,0,0,0,0,0,0,0,0,0,0,0,17,85,169,234,254,161,7,0,0,0,0,0,0,0,0,0,0,0,15,161,237,254,252,156,72,6,0,0,0,0,0,0,0,0,0,0,0,0,23,215,254,254,88,0,0,0,0,0,0,0,0,0,0,0,0,0,0,0,0,53,190,254,254,246,212,164,98,67,0,0,0,0,0,0,0,0,0,0,0,0,0,27,112,164,164,228,250,254,209,125,9,0,0,0,0,0,0,0,0,0,0,0,0,0,0,0,36,116,200,247,209,38,0,0,0,0,0,0,0,0,0,0,0,0,0,0,0,0,0,86,239,185,0,165,81,18,0,0,0,0,0,0,0,0,0,0,0,0,0,20,195,243,0,192,254,232,192,124,52,42,3,0,0,0,0,0,0,22,87,226,254,131,0,3,49,133,212,254,254,254,216,134,187,213,213,213,213,234,254,225,104,15,0,0,0,0,6,33,78,140,191,215,234,196,233,196,196,196,125,22,0,0,0,0,0,0,0,0,0,0,0,8,16,0,16,0,0,0,0,0,0,0,0,0,0,0,0,0,0,0,0,0,0,0,0,0,0,0,0,0,0,0,0,0,0,0,0,0,0,0,0,0,0,0,0,0,0,0,0,0,0,0,0,3
0,0,0,0,0,0,0,0,0,0,0,0,0,0,0,0,0,0,0,0,0,0,0,0,0,0,10,13,2,0,0,0,0,0,0,3,197,253,36,0,0,0,0,0,0,6,199,252,114,3,0,0,0,0,0,72,252,204,15,0,0,0,0,0,0,61,252,252,192,9,0,0,0,0,31,225,252,93,0,0,0,0,0,0,10,155,252,252,132,0,0,0,0,0,129,252,238,39,0,0,0,0,0,0,49,252,252,191,10,0,0,0,0,55,229,252,94,0,0,0,0,0,0,11,164,252,252,76,0,0,0,0,0,157,252,252,60,0,0,0,0,0,0,77,252,252,153,9,0,0,0,0,20,234,252,232,40,0,0,0,0,0,0,157,252,252,60,0,0,0,0,0,128,252,252,215,23,0,0,0,0,0,0,157,252,252,142,21,0,0,0,11,242,252,252,252,169,0,0,0,0,0,0,157,252,252,252,203,121,121,121,128,252,252,252,252,65,0,0,0,0,0,0,18,204,253,253,253,253,253,253,255,253,253,251,212,29,0,0,0,0,0,0,0,21,108,200,248,252,252,252,253,252,249,184,0,0,0,0,0,0,0,0,0,0,0,0,78,96,96,170,253,252,141,0,0,0,0,0,0,0,0,0,0,0,0,0,0,0,0,201,253,236,32,0,0,0,0,0,0,0,0,0,0,0,0,0,0,0,79,249,250,116,0,0,0,0,0,0,0,0,0,0,0,0,0,0,0,0,201,252,241,0,0,0,0,0,0,0,0,0,0,0,0,0,0,0,0,33,237,252,143,0,0,0,0,0,0,0,0,0,0,0,0,0,0,0,33,214,252,206,17,0,0,0,0,0,0,0,0,0,0,0,0,0,0,0,136,252,252,80,0,0,0,0,0,0,0,0,0,4
0,0,0,0,0,0,0,0,0,0,0,0,0,0,0,0,0,0,0,0,0,0,0,0,0,0,0,0,7,121,185,254,205,83,0,0,0,0,0,0,0,0,0,0,0,0,74,192,242,253,254,253,253,249,50,0,0,0,0,0,0,0,0,0,25,123,245,253,253,253,254,253,253,253,53,0,0,0,0,0,0,0,0,111,225,253,253,245,173,173,40,243,253,253,53,0,0,0,0,0,0,0,0,109,253,253,207,166,0,0,32,244,253,253,53,0,0,0,0,0,0,0,0,21,66,66,21,0,0,29,149,253,253,165,14,0,0,0,0,0,0,0,0,0,0,0,0,0,3,153,254,253,189,13,0,0,0,0,0,0,0,0,0,0,0,0,0,32,165,253,254,253,219,119,6,0,0,0,0,0,0,0,0,0,0,3,106,214,253,253,254,253,253,253,63,4,0,0,0,0,0,0,0,0,0,54,253,253,253,253,254,182,253,253,253,136,0,0,0,0,0,0,0,0,0,188,254,254,248,64,0,0,95,254,254,201,0,0,0,0,0,0,0,0,0,131,253,171,12,0,0,0,5,159,253,251,76,0,0,0,0,0,0,0,0,6,26,10,0,0,0,0,0,81,253,253,80,0,0,0,0,0,0,0,0,0,0,0,0,0,0,0,0,81,253,253,80,0,0,0,0,0,0,0,0,0,0,0,0,0,0,0,25,197,253,239,59,0,0,0,0,0,0,0,0,0,0,0,0,0,0,0,123,253,253,199,0,0,0,0,0,0,0,0,11,41,13,0,0,0,20,98,245,253,243,98,0,0,0,0,0,0,0,0,152,253,189,161,161,161,206,253,253,253,102,0,0,0,0,0,0,0,0,0,201,253,253,253,253,253,255,253,248,127,22,0,0,0,0,0,3
0,0,0,0,0,0,0,0,0,0,0,0,0,0,0,0,0,0,0,0,0,0,0,0,0,0,0,0,0,0,0,0,0,0,0,0,0,0,0,0,0,0,0,0,0,0,0,0,0,0,0,0,0,0,108,220,60,0,0,0,0,0,0,0,0,0,0,0,0,0,0,0,0,9,216,253,93,0,0,0,0,0,0,0,0,72,157,140,91,24,13,0,7,99,253,211,17,0,0,0,0,0,0,0,119,247,253,253,254,253,221,184,204,253,253,94,0,0,0,0,0,0,0,0,187,254,113,34,119,184,184,235,255,254,171,0,0,0,0,0,0,0,0,51,254,194,4,0,0,0,0,17,186,253,54,0,0,0,0,0,0,0,0,134,254,115,0,0,0,0,0,0,254,248,42,0,0,0,0,0,0,0,0,184,254,81,0,0,0,0,0,68,254,173,0,0,0,0,0,0,0,0,0,102,102,0,0,0,0,0,0,151,254,115,0,0,0,0,0,0,0,0,0,0,0,0,0,0,0,0,22,247,254,31,0,0,0,0,0,0,0,0,0,0,0,0,0,0,0,0,24,253,254,23,0,0,0,0,0,0,0,0,0,0,0,0,0,0,0,0,91,253,203,6,0,0,0,0,0,0,0,0,0,0,0,0,0,0,0,0,174,254,93,0,0,0,0,0,0,0,0,0,0,0,0,0,0,0,0,43,249,253,42,0,0,0,0,0,0,0,0,0,0,0,0,0,0,0,0,47,253,244,0,0,0,0,0,0,0,0,0,0,0,0,0,0,0,0,0,114,253,160,0,0,0,0,0,0,0,0,0,0,0,0,0,0,0,0,0,198,247,50,0,0,0,0,0,0,0,0,0,0,0,0,0,0,0,0,38,243,230,0,0,0,0,0,0,0,0,0,7
0,0,0,0,0,0,0,0,0,0,0,0,0,0,0,0,0,0,0,0,0,0,0,0,0,0,0,0,0,0,0,0,0,0,0,0,0,0,0,0,0,0,0,0,0,0,0,0,0,0,0,0,0,0,0,7,222,255,253,57,0,0,0,0,0,0,0,0,27,197,38,0,0,0,58,166,254,140,55,12,0,0,0,0,0,0,0,0,53,254,147,0,0,0,149,254,228,15,0,0,0,0,0,0,0,0,0,33,209,246,49,0,0,113,253,211,36,0,0,0,0,0,0,0,0,0,0,51,249,228,12,0,16,197,254,189,0,0,0,0,0,0,0,0,0,0,42,207,235,92,0,17,159,254,190,15,0,0,0,0,0,0,0,0,0,0,84,254,252,41,0,50,236,254,150,0,0,0,0,15,0,0,0,0,0,70,217,254,254,204,51,194,254,146,20,0,0,3,94,188,0,0,0,0,0,184,254,254,254,254,254,254,254,136,51,82,110,189,254,206,0,0,0,17,178,253,249,136,37,229,254,254,254,254,248,254,254,232,110,45,0,0,0,29,254,250,180,0,4,214,254,245,239,210,179,143,117,41,0,0,0,0,0,59,226,101,0,0,112,254,229,77,0,0,0,0,0,0,0,0,0,0,0,57,74,0,0,0,245,254,203,6,0,0,0,0,0,0,0,0,0,0,0,0,0,0,0,77,248,205,65,0,0,0,0,0,0,0,0,0,0,0,0,0,0,0,7,203,254,75,0,0,0,0,0,0,0,0,0,0,0,0,0,0,0,0,127,254,189,20,0,0,0,0,0,0,0,0,0,0,0,0,0,0,0,47,245,254,52,0,0,0,0,0,0,0,0,0,0,0,0,0,0,0,25,180,247,118,4,0,0,0,0,0,0,0,0,0,0,0,4
254,244,209,233,211,240,239,233,211,244,223,249,232,223,241,205,244,250,243,200,209,232,225,243,210,235,222,233,232,245,230,213,249,224,215,212,201,248,242,208,233,252,245,215,235,229,202,241,214,250,245,233,248,236,234,239,252,244,232,205,205,245,231,226,251,230,240,216,227,208,202,228,204,215,213,213,205,215,214,201,242,234,241,217,222,234,244,209,246,225,248,205,238,219,213,207,237,215,240,235,217,250,204,209,207,242,226,216,204,245,226,240,209,246,245,216,217,232,246,202,233,229,247,231,205,220,222,240,250,239,211,233,219,209,254,213,229,217,208,225,209,230,245,232,222,218,212,240,217,214,215,207,229,200,208,253,200,220,249,241,200,214,218,220,204,200,237,213,238,208,237,221,249,205,239,222,236,249,242,247,252,249,210,233,224,240,205,215,212,200,222,246,233,208,202,246,249,206,200,253,200,253,216,224,220,243,234,219,247,248,249,225,207,201,208,248,203,227,221,243,234,218,213,230,225,210,223,200,201,233,224,205,200,228,242,243,249,229,237,201,252,224,221,201,254,228,213,216,236,253,251,251,206,214,236,209,217,226,208,230,234,219,201,203,239,216,252,249,200,232,239,208,254,232,242,207,215,240,207,208,242,227,209,230,207,205,204,217,221,208,247,243,244,200,207,202,230,218,202,225,212,243,241,210,205,219,203,253,251,249,215,219,232,223,200,211,216,229,213,209,235,214,207,207,241,237,207,211,238,230,251,228,209,234,239,205,229,230,234,228,201,239,238,220,237,238,203,253,240,209,233,217,220,221,253,248,201,211,225,239,254,235,220,247,253,225,248,236,248,215,228,251,235,207,239,254,237,223,208,219,249,240,253,219,213,253,206,218,249,249,219,226,232,202,231,218,223,214,209,245,6
0,0,0,0,0,0,0,0,0,47,125,208,254,254,196,112,11,0,0,0,0,0,0,0,0,0,8,127,210,247,253,253,253,253,254,253,147,12,0,0,0,0,0,0,0,0,159,253,253,254,253,247,177,127,208,253,234,27,0,0,0,0,0,0,0,0,60,215,235,242,215,92,0,7,137,253,236,39,0,0,0,0,0,0,0,0,0,0,0,26,0,0,0,155,254,253,127,0,0,0,0,0,0,0,0,0,0,0,0,0,0,37,150,254,255,218,13,0,0,0,0,0,0,0,0,0,28,55,55,114,164,244,253,253,199,91,0,0,0,0,0,0,0,0,0,47,235,253,253,254,253,253,250,151,0,0,0,0,0,0,0,0,0,0,0,84,244,253,253,254,253,159,50,0,0,0,0,0,0,0,0,0,0,0,0,0,36,72,72,189,253,242,104,0,0,0,0,0,0,0,0,0,0,0,0,0,0,0,0,27,158,254,215,73,0,0,0,0,0,0,0,0,0,0,0,0,0,0,0,0,76,226,253,181,20,0,0,0,0,0,0,0,0,0,0,0,0,0,0,0,0,95,253,253,91,0,0,0,0,0,0,0,0,0,0,0,0,0,0,0,0,27,178,253,214,13,0,0,0,0,0,0,0,0,0,0,0,0,0,0,0,0,103,253,207,7,0,0,0,0,16,150,125,73,0,0,0,0,0,0,0,0,77,254,208,7,0,0,0,0,74,253,253,253,236,183,100,55,16,0,0,47,172,253,233,13,0,0,0,0,73,235,253,253,254,253,253,253,227,218,217,248,253,253,123,0,0,0,0,0,0,105,242,253,254,253,253,253,253,254,253,253,206,80,0,0,0,0,0,0,0,0,31,105,189,253,253,253,253,254,201,117,41,0,0,0,0,0,0,0,3
0,0,0,0,0,0,0,0,0,0,0,0,0,0,0,0,0,0,0,0,0,0,0,0,0,0,0,0,0,0,64,128,128,128,128,64,0,0,0,0,0,0,0,0,0,0,64,128,191,255,255,255,255,255,255,255,255,0,0,0,0,0,0,0,0,0,191,255,255,255,255,128,128,128,128,255,255,0,0,0,0,0,0,0,0,64,255,191,64,0,0,0,0,0,0,64,64,64,0,0,0,0,0,0,0,255,255,0,0,0,0,0,0,0,0,64,0,0,0,128,0,0,0,0,0,191,255,64,0,0,0,0,0,0,0,0,0,0,64,255,0,0,0,0,0,255,255,128,0,0,0,0,0,0,0,0,0,191,255,255,0,0,0,0,0,64,255,255,0,0,0,0,0,0,0,64,191,255,255,191,0,0,0,0,0,0,255,255,0,0,0,0,0,0,128,255,255,191,64,0,0,0,0,0,0,0,64,255,128,0,0,0,64,191,255,255,128,64,0,0,0,0,0,0,0,0,64,255,255,64,0,128,255,255,128,0,0,0,0,0,0,0,0,0,0,0,0,128,255,255,128,255,255,128,0,0,0,0,0,0,0,0,0,0,0,0,0,128,255,255,255,255,64,0,0,0,0,0,0,0,0,0,0,0,0,64,128,255,255,255,255,64,0,0,0,0,0,0,0,0,0,0,0,64,191,255,255,255,128,191,255,64,0,0,0,0,0,0,0,0,0,0,64,191,255,128,128,0,0,0,255,255,0,0,0,0,0,0,0,0,0,0,255,255,255,0,0,0,0,0,191,255,0,0,0,0,0,0,0,0,0,0,191,255,255,255,255,191,128,64,191,255,64,0,0,0,0,0,0,0,0,0,0,64,128,255,255,255,255,255,255,64,0,0,0,0,0,0,0,0,8
0,0,0,0,0,0,0,0,0,0,0,0,0,0,44,225,217,100,3,0,0,0,0,0,0,0,0,0,0,0,0,0,0,48,226,253,253,253,24,0,0,0,0,0,0,0,0,0,0,0,24,40,169,226,253,253,253,253,24,0,0,0,0,0,0,0,0,0,0,117,217,223,253,253,253,253,253,253,24,0,0,0,0,0,0,0,0,28,183,251,254,253,253,253,201,236,253,253,58,0,0,0,0,0,0,0,110,224,253,253,254,253,200,88,14,96,253,253,144,0,0,0,0,0,0,110,247,253,253,253,250,87,14,0,0,73,253,253,144,0,0,0,0,21,196,248,253,253,253,201,23,0,0,0,0,73,253,253,144,0,0,0,0,107,253,253,253,207,22,6,0,0,0,0,0,130,253,253,144,0,0,0,101,254,254,254,210,17,0,0,0,0,0,0,0,195,254,254,24,0,0,3,167,253,253,200,72,0,0,0,0,0,0,0,0,194,253,253,24,0,0,42,253,253,245,51,0,0,0,0,0,0,0,0,56,231,253,239,20,0,0,145,253,244,99,0,0,0,0,0,0,0,0,33,230,253,253,133,0,0,9,223,253,119,0,0,0,0,0,0,0,0,56,195,253,253,233,27,0,0,13,253,236,79,0,0,0,0,0,0,39,142,231,253,253,253,133,0,0,0,13,253,253,244,206,114,86,131,206,206,232,253,253,253,253,153,9,0,0,0,8,212,253,253,253,253,253,253,253,253,254,253,253,253,97,9,0,0,0,0,0,25,212,253,253,253,253,253,253,253,254,253,128,122,7,0,0,0,0,0,0,0,25,155,253,253,253,253,253,195,132,63,5,0,0,0,0,0,0,0,0,0,0,0,0,0,0,0,0,0,0,0,0,0,0,0,0,0,0,0,0
0,0,0,0,0,0,0,0,0,0,0,0,5,147,168,0,0,0,0,0,0,0,0,0,0,0,0,0,0,0,0,4,202,254,101,0,0,0,0,0,0,0,0,0,0,0,0,0,0,0,0,78,254,209,19,0,0,0,0,0,0,0,0,0,0,0,0,0,0,0,37,229,254,101,0,0,0,0,0,0,0,0,0,0,0,0,0,0,0,0,78,254,245,43,0,0,0,0,0,0,0,0,0,0,0,0,0,0,0,9,197,254,101,0,0,0,0,0,0,0,0,0,0,0,0,0,0,0,0,78,254,254,55,0,0,0,0,0,0,0,0,0,0,0,0,0,0,0,0,181,254,207,18,0,0,0,0,0,0,0,0,0,0,0,0,0,0,0,12,197,254,158,0,0,0,0,0,0,0,0,0,0,0,0,0,0,0,0,81,254,239,47,0,0,0,0,0,0,0,0,0,0,0,0,0,0,0,0,174,254,192,0,0,0,0,0,0,0,0,0,0,0,0,0,0,0,0,13,198,254,192,0,0,0,0,0,0,0,0,0,0,0,0,0,0,0,0,44,254,254,192,0,0,0,0,0,0,0,0,0,0,0,0,0,0,0,0,44,254,254,89,0,0,0,0,0,0,0,0,0,0,0,0,0,0,0,0,44,254,254,68,0,0,0,0,0,0,0,0,0,0,0,0,0,0,0,0,44,254,254,68,0,0,0,0,0,0,0,0,0,0,0,0,0,0,0,0,44,254,203,7,0,0,0,0,0,0,0,0,0,0,0,0,0,0,0,0,99,254,198,0,0,0,0,0,0,0,0,0,0,0,0,0,0,0,0,0,168,254,198,0,0,0,0,0,0,0,0,0,0,0,0,0,0,0,0,0,108,255,77,0,0,0,0,0,0,0,0,0,0,1
0,0,0,0,0,0,0,0,0,0,0,0,0,0,0,0,0,0,0,0,0,0,7,106,254,254,254,254,254,93,7,0,0,0,0,0,0,0,0,0,0,19,207,253,253,253,253,253,253,253,202,12,0,0,0,0,0,0,0,0,0,209,253,253,253,227,245,241,248,253,253,198,16,0,0,0,0,0,0,0,0,173,253,246,124,24,65,56,73,156,253,254,109,0,0,0,0,0,0,0,0,38,129,62,0,0,0,0,0,110,253,254,109,0,0,0,0,0,0,0,0,0,0,0,0,0,0,0,63,208,253,254,109,0,0,0,0,0,0,0,0,0,0,0,0,62,120,206,247,253,253,254,214,85,85,24,0,0,0,0,0,0,0,32,218,243,253,253,253,253,253,254,253,253,253,228,98,0,0,0,0,0,0,37,253,253,253,253,253,253,253,145,196,160,253,253,247,96,0,0,0,0,0,2,116,253,253,253,149,81,11,0,6,2,35,219,253,250,92,0,0,0,0,0,0,0,0,0,0,0,0,0,0,0,0,0,131,254,254,29,0,0,0,0,0,0,0,0,0,0,0,0,0,0,0,0,32,156,253,144,0,25,146,37,37,11,0,0,0,0,0,0,0,0,0,0,0,86,253,212,0,111,253,253,253,193,78,33,0,0,0,0,0,0,0,0,0,86,253,253,0,10,198,253,253,253,253,229,78,35,0,0,0,0,0,0,35,194,253,253,0,0,6,60,60,164,253,253,253,228,79,35,0,0,0,18,108,242,253,253,0,0,0,0,0,12,48,146,241,253,253,230,194,86,166,217,253,253,253,176,0,0,0,0,0,0,0,0,77,156,249,254,253,253,253,253,253,253,124,4,0,0,0,0,0,0,0,0,0,0,138,254,253,253,253,227,144,104,4,0,3
0,0,0,0,0,0,0,0,0,27,100,163,209,248,47,0,0,0,0,0,0,0,0,0,0,0,0,28,127,217,255,254,254,250,57,0,0,0,0,0,0,0,0,0,0,0,8,178,254,254,254,246,204,53,0,0,0,0,0,0,0,0,0,0,0,0,127,254,254,247,151,43,0,0,0,0,0,0,0,0,0,0,0,0,0,0,145,254,214,72,0,0,0,0,0,0,0,0,0,0,0,0,0,0,0,0,146,254,120,0,0,0,0,0,0,0,0,0,0,0,0,0,0,0,0,0,197,213,23,0,0,0,0,0,0,0,0,0,0,0,0,0,0,0,0,11,239,127,0,0,0,0,0,0,0,0,0,0,0,0,0,0,0,0,0,73,254,94,0,0,0,0,0,0,0,0,0,0,0,0,0,0,0,0,0,21,241,127,0,0,0,0,0,0,0,0,0,0,0,0,0,0,0,0,0,0,237,163,42,0,0,0,0,0,0,0,0,0,0,0,0,0,0,0,0,0,184,254,246,204,172,132,47,0,0,0,0,0,0,0,0,0,0,0,0,0,93,235,254,254,254,254,248,137,0,0,0,0,0,0,0,0,0,0,0,0,0,27,126,210,236,239,254,243,31,0,0,0,0,0,0,0,0,0,0,0,0,0,0,0,0,16,195,254,72,0,0,0,0,0,0,0,0,0,0,0,0,0,0,0,0,62,242,236,0,0,0,0,0,0,0,0,0,0,0,0,0,8,55,55,36,234,254,190,26,0,0,0,0,0,0,0,0,0,0,0,0,102,254,254,242,254,254,100,0,0,0,0,0,0,0,0,0,0,0,0,0,34,243,254,254,254,231,31,0,0,0,0,0,0,0,0,0,0,0,0,0,0,38,195,254,149,36,0,0,0,0,0,0,0,5
0,0,0,0,0,0,16,161,232,252,253,252,195,0,0,0,0,0,0,0,0,0,0,0,0,0,109,252,252,252,108,108,31,0,0,0,0,0,0,0,0,0,0,0,0,63,252,252,252,189,0,0,0,0,0,0,0,0,0,0,0,0,0,0,11,175,252,252,179,15,0,0,0,0,0,0,0,0,0,0,0,0,0,0,37,252,252,252,71,0,0,0,0,0,0,0,0,0,0,0,0,0,0,0,37,252,252,252,71,0,0,0,0,0,0,0,0,0,0,0,0,0,0,0,99,253,253,180,0,0,0,0,0,0,0,0,0,0,0,0,0,0,0,21,201,252,252,55,0,0,0,0,53,155,218,217,196,73,0,0,0,0,0,94,252,252,174,10,0,0,16,78,232,252,253,252,252,252,105,0,0,0,0,217,252,252,143,0,0,0,191,252,252,252,253,252,252,252,207,20,0,0,0,218,253,253,144,0,16,191,255,253,237,62,0,0,37,253,255,180,0,0,0,217,252,252,143,0,161,252,253,189,30,0,0,0,5,159,253,242,0,0,0,217,252,252,143,0,181,252,253,76,0,0,0,0,27,221,253,241,0,0,0,217,252,252,205,62,221,252,253,35,0,0,0,0,120,252,253,179,0,0,0,42,222,253,253,253,253,253,145,0,0,63,110,233,253,253,255,119,0,0,0,0,139,252,252,252,252,252,238,217,217,237,253,252,252,210,119,5,0,0,0,0,11,154,231,252,252,252,253,252,252,252,253,241,195,31,0,0,0,0,0,0,0,0,47,148,252,252,253,252,252,252,191,77,0,0,0,0,0,0,0,0,0,0,0,0,0,0,0,0,0,0,0,0,0,0,0,0,0,0,0,0,0,0,0,0,0,0,0,0,0,0,0,0,0,0,0,0,6
0,0,0,0,0,0,0,0,0,0,0,0,0,0,0,0,0,0,0,0,0,0,0,0,0,0,0,0,0,0,0,0,0,0,0,3,99,190,190,19,0,0,0,0,0,0,0,7,13,13,25,25,25,36,145,165,252,252,252,36,0,0,0,0,0,0,55,184,206,206,252,252,253,252,252,252,252,252,252,36,0,0,0,0,0,0,181,252,252,252,252,252,253,252,252,252,252,238,163,12,0,0,0,0,9,141,232,252,252,252,197,192,193,180,72,72,72,51,0,0,0,0,0,0,37,252,252,231,82,60,6,0,0,0,0,0,0,0,0,0,0,0,0,0,37,252,252,180,0,0,0,0,0,0,0,0,0,0,0,0,0,0,0,0,37,252,252,180,0,0,47,47,0,0,0,0,0,0,0,0,0,0,0,0,146,252,252,245,229,229,240,240,167,47,0,0,0,0,0,0,0,0,0,0,157,252,252,252,252,252,252,252,253,234,46,0,0,0,0,0,0,0,0,0,37,253,253,253,253,243,241,253,255,253,159,0,0,0,0,0,0,0,0,0,16,188,141,108,108,15,0,103,253,252,219,8,0,0,0,0,0,0,0,0,0,0,0,0,0,0,0,0,236,252,252,158,0,0,0,0,0,0,0,0,0,0,12,35,0,0,0,0,132,252,252,204,0,0,0,0,0,0,0,0,0,0,147,197,12,0,0,0,219,252,252,118,0,0,0,0,0,0,0,0,0,0,181,252,82,0,0,128,253,252,242,60,0,0,0,0,0,0,0,0,0,0,181,252,236,102,136,250,253,252,216,0,0,0,0,0,0,0,0,0,0,0,135,252,252,252,252,252,253,243,76,0,0,0,0,0,0,0,0,0,0,0,6,146,252,252,252,252,248,73,0,0,0,0,0,0,5
0,0,0,0,0,0,0,0,0,0,18,202,253,172,38,0,0,0,0,0,0,0,0,0,0,0,0,0,0,138,253,252,252,252,83,0,0,0,0,0,0,0,0,0,0,0,0,14,146,248,253,252,252,252,192,0,0,0,0,0,0,0,0,0,0,0,0,120,252,252,253,252,252,252,192,0,0,0,0,0,0,0,0,0,0,0,61,242,252,252,253,252,252,252,235,72,0,0,0,0,0,0,0,0,0,0,85,252,252,252,253,252,252,252,252,180,0,0,0,0,0,0,0,0,0,0,16,224,252,252,253,252,252,252,252,180,0,0,0,0,0,0,0,0,0,0,0,171,252,252,253,252,252,252,252,180,0,0,0,0,0,0,0,0,0,0,0,9,173,252,253,252,252,252,252,180,0,0,0,0,0,0,0,0,0,0,0,93,251,252,253,252,252,252,252,180,0,0,0,0,0,0,0,0,0,0,0,103,253,253,255,253,253,253,250,57,0,0,0,0,0,0,0,0,0,0,20,220,252,252,184,252,252,252,192,0,0,0,0,0,0,0,0,0,0,0,205,252,252,252,132,252,252,252,192,0,0,0,0,0,0,0,0,0,0,0,125,252,252,148,132,252,252,252,112,0,0,0,0,0,0,0,0,0,0,0,24,198,197,9,161,252,252,188,21,0,0,0,0,0,0,0,0,0,81,101,14,23,6,128,253,252,252,84,0,0,0,0,0,0,0,0,0,40,239,252,48,0,0,241,253,252,252,84,0,0,0,0,0,0,0,0,0,49,252,252,126,97,148,251,253,252,221,12,0,0,0,0,0,0,0,0,0,49,252,252,252,252,252,252,253,242,66,0,0,0,0,0,0,0,0,0,0,26,218,252,252,252,252,252,190,62,0,0,0,0,0,0,0,0,3
0,0,0,0,0,0,0,0,0,0,0,0,0,0,0,0,0,0,0,0,0,0,0,0,0,0,0,0,21,115,196,254,254,227,101,0,0,0,0,0,0,0,0,0,0,0,8,105,203,253,253,243,243,250,249,143,0,0,0,0,0,0,0,0,0,71,229,253,229,129,88,0,0,130,253,173,0,0,0,0,0,0,0,2,80,250,253,227,45,0,0,0,2,176,253,166,0,0,0,0,0,0,0,21,253,245,107,36,0,0,0,0,114,253,246,53,0,0,0,0,0,0,0,2,24,61,0,0,0,0,1,117,250,245,84,0,0,0,0,0,0,0,0,0,0,0,0,0,34,17,167,253,248,84,0,0,0,0,0,0,0,0,0,0,0,0,63,139,222,242,253,253,162,14,0,0,0,0,0,0,0,0,0,0,0,0,184,253,253,253,253,253,253,147,11,0,0,0,0,0,0,0,0,0,0,0,184,253,178,85,6,128,226,253,186,0,0,0,0,0,0,0,0,0,0,0,36,49,12,0,0,0,29,219,249,60,0,0,0,0,0,0,0,0,0,0,0,0,0,0,0,0,0,146,254,136,0,0,0,0,0,0,0,0,0,0,0,0,0,0,0,0,0,70,253,173,0,0,0,0,0,0,0,0,0,0,0,0,0,0,0,0,0,136,253,173,0,0,0,0,0,0,0,0,0,0,0,0,0,0,0,0,0,169,254,173,0,0,0,0,0,0,0,0,0,162,179,10,0,0,0,0,5,196,253,104,0,0,0,0,0,0,0,0,70,252,253,14,0,0,0,9,127,253,226,35,0,0,0,0,0,0,0,0,19,236,253,138,91,90,92,205,253,253,128,0,0,0,0,0,0,0,0,0,0,155,253,253,254,253,253,253,251,115,5,0,0,0,0,0,3
0,0,0,0,0,0,0,0,0,0,0,0,0,0,0,0,0,0,0,0,0,0,0,0,0,0,0,0,0,0,0,0,0,0,0,0,0,0,0,0,0,0,0,0,0,0,0,0,0,64,191,255,255,255,255,128,64,0,0,0,0,0,0,0,0,0,0,0,255,255,255,255,255,255,255,255,191,64,0,0,0,0,0,0,0,0,0,255,255,255,255,255,255,255,255,255,255,64,0,0,0,0,0,0,0,0,128,255,255,255,191,0,0,0,128,255,255,0,0,0,0,0,0,0,0,64,255,255,191,64,0,0,0,0,0,0,0,0,64,128,0,0,0,0,0,191,255,255,64,0,0,0,0,64,128,191,255,255,255,255,0,0,0,0,0,191,255,255,64,0,0,128,191,255,255,255,255,255,255,255,0,0,0,0,0,191,255,255,191,128,191,255,255,255,255,255,255,255,255,255,0,0,0,0,0,128,255,255,255,255,255,255,255,191,128,128,128,0,0,0,0,0,0,0,0,0,128,255,255,255,255,255,191,0,0,0,0,0,0,0,0,0,0,0,0,64,255,255,255,255,255,191,0,0,0,0,0,0,0,0,0,0,0,64,191,255,255,255,255,255,255,191,0,0,0,0,0,0,0,0,0,0,0,191,255,255,191,64,191,255,255,64,0,0,0,0,0,0,0,0,0,0,191,255,255,191,128,128,255,255,255,64,0,0,0,0,0,0,0,0,0,0,191,255,255,255,255,255,255,255,128,0,0,0,0,0,0,0,0,0,0,0,255,255,255,255,255,255,255,191,0,0,0,0,0,0,0,0,0,0,0,0,191,255,255,255,255,191,64,0,0,0,0,0,0,0,0,0,0,0,0,0,64,128,128,128,0,0,0,0,0,0,0,0,0,0,0,0,0,0,8
0,0,0,0,0,0,0,0,0,0,0,0,0,0,0,0,0,0,0,0,0,0,0,0,0,0,0,0,0,0,0,0,0,0,0,0,0,0,0,0,0,0,0,0,0,0,0,0,0,0,0,0,0,0,0,0,0,0,0,0,0,0,0,0,0,0,0,0,11,132,254,253,102,0,0,0,0,0,0,0,0,0,0,0,0,0,0,0,173,252,253,252,203,20,0,0,0,0,0,0,0,0,0,0,0,0,0,82,255,253,244,223,255,91,21,0,0,0,0,0,0,0,0,0,0,0,41,243,253,252,81,20,131,252,142,0,0,0,0,0,0,0,0,0,0,21,173,253,204,20,0,0,72,253,204,0,0,0,0,0,0,0,0,0,0,102,253,212,20,0,0,82,112,252,203,0,0,0,0,0,0,0,0,0,0,163,224,20,0,123,132,253,254,253,102,0,0,0,0,0,0,0,0,0,21,223,223,102,203,243,253,212,91,252,61,0,0,0,0,0,0,0,0,0,41,243,254,253,254,233,142,20,51,253,0,0,0,0,0,0,0,0,0,0,0,162,253,212,131,30,0,0,132,252,0,0,0,0,0,0,0,0,0,0,0,0,0,0,0,0,0,0,173,253,0,0,0,0,0,0,0,0,0,0,0,0,0,0,0,0,0,0,253,171,0,0,0,0,0,0,0,0,0,0,0,0,0,0,0,0,0,102,254,131,0,0,0,0,0,0,0,0,0,0,0,0,0,0,0,0,0,102,253,50,0,0,0,0,0,0,0,0,0,0,0,0,0,0,0,0,0,102,224,20,0,0,0,0,0,0,0,0,0,0,0,0,0,0,0,0,0,142,203,0,0,0,0,0,0,0,0,0,0,0,0,0,0,0,0,0,0,204,204,0,0,0,0,0,0,0,9
0,0,0,0,0,0,0,0,0,0,0,0,0,0,0,0,0,0,0,0,0,0,0,0,0,0,0,0,0,0,30,97,144,144,202,254,167,12,0,0,0,0,0,0,0,0,0,0,12,148,244,254,253,253,253,253,253,22,0,0,0,0,0,0,0,0,0,53,218,253,253,254,184,154,162,253,253,22,0,0,0,0,0,0,0,0,95,248,253,253,195,59,4,0,23,253,253,22,0,0,0,0,0,0,0,0,199,253,253,130,50,0,0,0,95,253,253,22,0,0,0,0,0,0,0,0,199,253,219,14,0,0,0,0,171,253,253,22,0,0,0,0,0,0,0,0,194,253,211,3,0,0,37,213,253,253,167,2,0,0,0,0,0,0,0,0,89,253,253,66,0,108,224,253,250,185,22,0,0,0,0,0,0,0,0,0,89,253,253,124,174,254,253,253,116,0,0,0,0,0,0,0,0,0,0,0,50,244,253,253,253,254,224,52,2,0,0,0,0,0,0,0,0,0,0,0,12,188,254,254,254,222,0,0,0,0,0,0,0,0,0,0,0,0,0,0,118,253,253,253,253,67,0,0,0,0,0,0,0,0,0,0,0,0,0,90,244,253,253,253,253,92,0,0,0,0,0,0,0,0,0,0,0,0,12,212,253,248,121,219,253,217,0,0,0,0,0,0,0,0,0,0,0,0,23,253,253,218,0,164,253,243,51,0,0,0,0,0,0,0,0,0,0,0,23,253,253,131,0,17,228,254,163,0,0,0,0,0,0,0,0,0,0,0,124,253,253,85,5,91,237,254,187,0,0,0,0,0,0,0,0,0,0,0,114,253,253,210,193,228,253,255,120,0,0,0,0,0,0,0,0,0,0,0,6,188,253,253,253,253,253,230,20,0,0,0,0,0,0,0,8
0,0,0,0,0,0,0,0,0,0,0,0,0,0,0,0,0,0,0,0,0,0,0,0,0,0,0,0,0,0,0,0,0,0,0,0,0,0,0,0,0,0,0,0,0,0,0,0,0,0,0,0,0,0,0,0,0,0,0,0,0,0,0,0,0,0,0,0,0,0,0,0,21,31,51,113,152,153,152,214,0,0,0,0,0,0,0,0,0,0,82,163,223,233,252,253,252,253,252,172,0,0,0,0,0,0,0,0,0,92,253,254,253,254,253,244,162,102,20,0,0,0,0,0,0,0,0,0,0,51,252,253,252,233,111,40,0,0,0,0,0,0,0,0,0,0,0,0,21,173,253,254,253,142,0,0,0,0,0,0,0,0,0,0,0,0,0,102,203,253,252,151,70,20,0,0,0,0,0,0,0,0,0,0,0,0,123,254,253,254,253,234,30,0,0,0,0,0,0,0,0,0,0,0,0,82,243,253,252,253,252,253,131,0,0,0,0,0,0,0,0,0,0,0,0,31,233,203,203,102,102,254,253,82,0,0,0,0,0,0,0,0,0,0,0,10,50,0,0,0,0,172,252,41,0,0,0,0,0,0,0,0,0,0,0,0,0,0,0,0,62,214,233,41,0,0,0,0,0,0,0,0,0,0,0,0,0,0,0,21,203,253,192,0,0,0,0,0,0,0,0,132,71,0,0,0,0,51,173,254,253,203,20,0,0,0,0,0,0,0,0,131,232,142,142,183,142,253,252,253,212,61,0,0,0,0,0,0,0,0,0,41,223,255,253,255,253,254,213,102,20,0,0,0,0,0,0,0,0,0,0,0,20,50,131,151,111,50,10,0,0,0,0,0,0,0,0,0,0,0,0,0,0,0,0,0,0,0,0,0,0,0,0,0,0,0,0,0,0,0,5
0,0,0,0,0,0,0,0,0,0,0,0,0,0,0,0,0,0,0,0,0,0,0,0,0,0,0,0,0,0,0,0,0,0,0,0,0,0,0,0,0,0,0,0,0,0,0,0,0,0,0,0,0,0,0,0,0,0,0,0,0,0,0,0,0,0,0,0,36,152,251,167,167,252,254,206,167,154,110,19,0,0,0,0,0,0,28,170,249,254,254,254,184,183,183,135,141,153,144,23,0,0,0,0,0,53,228,254,254,249,126,17,0,0,0,0,0,0,0,0,0,0,0,0,13,194,244,189,105,24,0,0,0,0,0,0,0,0,0,0,0,0,0,0,77,254,89,0,0,0,0,0,0,0,0,0,0,0,0,0,0,0,0,0,149,210,6,0,0,0,0,0,0,0,0,0,0,0,0,0,0,0,0,0,80,225,16,0,0,0,0,0,0,0,0,0,0,0,0,0,0,0,0,0,62,254,140,3,0,0,0,0,0,0,0,0,0,0,0,0,0,0,0,0,17,136,252,141,5,0,0,0,0,0,0,0,0,0,0,0,0,0,0,0,0,0,128,254,209,21,0,0,0,0,0,0,0,0,0,0,0,0,0,0,0,0,0,97,254,248,133,25,0,0,0,0,0,0,0,0,0,0,0,0,0,0,0,2,118,212,254,248,80,0,0,0,0,0,0,0,0,0,0,0,0,0,0,0,0,14,140,254,249,8,0,0,0,0,0,0,0,0,0,0,0,0,0,0,0,0,4,210,255,8,0,0,0,0,0,0,0,0,0,0,0,0,0,0,0,0,0,175,213,4,0,0,0,0,0,0,0,0,0,0,0,0,0,0,0,0,8,240,175,0,0,0,0,0,0,0,0,0,0,0,0,0,0,0,0,0,18,254,136,0,0,0,0,0,0,0,5
0,0,0,0,0,0,0,40,225,95,0,0,0,0,0,0,0,0,0,0,0,0,0,0,0,0,0,126,252,219,29,0,0,0,0,0,0,0,0,0,0,0,0,0,0,0,0,45,252,252,153,0,0,0,0,0,0,0,0,0,0,0,0,0,0,0,0,22,218,252,238,40,0,0,0,0,0,0,0,0,0,0,0,0,0,0,0,0,116,252,253,77,0,0,0,0,0,0,0,0,0,0,0,0,0,0,0,0,78,252,253,115,0,0,0,0,0,0,0,0,0,0,0,0,0,0,0,0,78,252,253,189,2,0,0,0,0,0,0,0,0,0,0,0,0,0,0,0,64,247,253,252,44,0,0,0,0,0,0,0,0,0,0,0,0,0,0,0,0,220,253,252,44,0,0,0,0,0,0,0,0,0,0,0,0,0,0,0,0,220,253,252,92,0,0,0,0,0,0,0,0,0,0,0,0,0,0,0,0,159,255,253,154,0,0,0,0,0,0,0,0,0,0,0,0,0,0,0,0,111,253,252,153,0,0,0,0,0,0,0,0,0,0,0,0,0,0,0,0,111,253,252,153,0,0,0,0,0,0,0,0,0,0,0,0,0,0,0,0,111,253,252,153,0,0,0,0,0,0,0,0,0,0,0,0,0,0,0,0,111,253,252,153,0,0,0,0,0,0,0,0,0,0,0,0,0,0,0,0,111,253,252,153,0,0,0,0,0,0,0,0,0,0,0,0,0,0,0,0,111,253,252,148,0,0,0,0,0,0,0,0,0,0,0,0,0,0,0,0,177,253,252,44,0,0,0,0,0,0,0,0,0,0,0,0,0,0,0,0,220,253,252,44,0,0,0,0,0,0,0,0,0,0,0,0,0,0,0,0,77,253,146,6,0,0,0,0,0,0,0,1
0,0,0,0,0,0,97,255,252,150,50,0,0,0,0,0,0,0,0,0,0,0,0,0,0,57,247,253,253,253,232,96,23,0,0,0,0,0,0,0,0,0,0,0,0,173,253,253,253,253,253,253,131,18,0,0,0,0,0,0,0,0,0,0,0,176,253,207,67,130,237,253,253,195,0,0,0,0,0,0,0,0,0,0,0,176,235,51,0,0,57,241,253,251,170,3,0,0,0,0,0,0,0,0,0,127,96,0,0,0,0,104,236,253,253,25,0,0,0,0,0,0,0,0,0,0,0,0,0,0,0,9,196,253,253,25,0,0,0,0,0,0,0,0,0,0,0,0,0,13,145,216,253,253,177,9,0,0,0,0,0,0,0,0,0,0,0,0,94,221,253,253,253,180,12,0,0,0,0,0,0,0,0,0,0,0,0,0,128,253,253,253,253,100,0,0,0,0,0,0,0,0,0,0,0,0,0,0,4,155,234,253,253,247,202,20,0,0,0,0,0,0,0,0,0,0,0,0,0,0,44,210,243,253,253,241,48,0,0,0,0,0,0,0,0,0,0,0,0,0,0,0,83,212,253,253,83,0,0,0,0,0,0,0,0,0,0,0,0,0,0,0,0,50,253,253,167,0,0,0,0,0,0,0,0,0,0,0,0,0,0,0,0,135,253,253,83,0,0,0,0,0,33,228,218,96,21,8,0,0,0,0,0,135,253,245,49,0,0,0,0,0,37,253,253,253,253,200,83,0,0,0,52,209,253,253,83,0,0,0,0,0,6,70,192,250,253,253,253,154,115,174,245,253,253,184,12,0,0,0,0,0,0,0,0,65,141,234,253,253,253,253,253,253,180,10,0,0,0,0,0,0,0,0,0,0,0,56,149,213,253,253,175,95,13,0,0,0,0,0,3
0,0,0,0,0,0,0,0,20,163,253,253,254,189,46,0,0,0,0,0,0,0,0,0,0,0,0,11,213,253,253,218,97,87,0,0,0,0,0,0,0,0,0,0,0,0,41,194,253,253,209,9,0,0,0,0,0,0,0,0,0,0,0,0,0,12,165,253,253,155,7,0,0,0,0,0,0,0,0,0,0,0,0,0,0,141,253,253,153,9,0,0,0,0,0,0,0,0,0,0,0,0,0,0,13,198,253,253,48,0,0,0,0,0,0,0,0,0,0,0,0,0,0,0,141,253,253,191,86,98,98,98,155,88,0,0,0,0,0,0,0,0,0,23,245,253,253,247,249,253,253,253,254,251,230,207,84,0,0,0,0,0,0,25,253,253,253,253,253,253,253,253,254,253,253,253,222,122,23,0,0,0,0,25,254,254,254,254,254,139,122,6,64,133,244,255,254,254,116,8,0,0,0,95,253,253,253,253,234,32,0,0,0,0,16,109,201,253,253,156,0,0,0,145,253,253,140,130,41,0,0,0,0,0,0,0,52,245,253,217,0,0,0,65,253,253,72,0,0,0,0,0,0,0,0,0,0,194,253,253,0,0,0,25,253,253,101,0,0,0,0,0,0,0,0,0,73,236,253,184,0,0,0,25,253,253,193,0,0,0,0,0,0,0,11,97,236,253,253,64,0,0,0,25,253,253,242,206,165,86,49,0,45,97,213,253,253,253,143,7,0,0,0,4,111,221,253,253,253,253,238,218,238,253,253,253,230,122,7,0,0,0,0,0,0,39,170,253,253,253,253,253,254,253,238,144,52,0,0,0,0,0,0,0,0,0,3,11,11,116,242,195,132,63,10,0,0,0,0,0,0,0,0,0,0,0,0,0,0,0,0,0,0,0,0,0,0,0,0,0,6
0,0,0,0,0,0,0,0,0,0,0,0,0,0,0,0,0,0,0,0,0,0,0,0,0,0,0,0,0,25,29,0,0,0,0,0,0,0,0,0,0,0,22,85,85,85,182,190,190,227,231,190,163,14,0,0,0,0,0,0,127,180,237,252,232,152,223,205,170,170,126,179,245,236,9,0,0,0,0,0,205,180,84,84,0,0,0,0,0,0,0,0,99,252,106,0,0,0,0,0,11,0,0,0,0,0,0,0,0,0,0,0,108,252,18,0,0,0,0,0,0,0,0,0,0,0,0,0,0,0,32,148,253,218,0,0,0,0,0,0,0,0,22,85,85,57,71,0,36,146,237,252,205,11,0,0,0,0,0,0,0,0,59,231,236,237,249,232,241,253,252,189,16,0,0,0,0,0,0,0,0,0,0,0,14,49,84,154,215,253,252,245,142,11,0,0,0,0,0,0,0,0,0,0,0,0,0,0,18,42,121,200,252,218,45,0,0,0,0,0,0,0,0,0,0,0,0,0,0,0,0,9,132,229,255,95,4,0,0,0,0,0,0,0,0,0,0,0,0,0,0,0,0,27,218,252,135,0,0,0,0,0,0,0,0,0,0,0,0,0,0,0,0,0,30,212,251,179,4,0,0,0,0,0,0,0,0,0,0,0,0,0,0,0,0,28,212,252,138,0,0,0,0,0,0,0,0,0,0,0,0,0,0,0,0,0,127,252,252,0,0,0,0,0,0,0,0,0,0,0,0,0,0,0,0,32,148,253,236,0,0,0,0,0,0,0,0,0,0,0,0,43,85,85,146,237,252,252,112,0,0,0,0,0,0,0,0,0,0,84,206,242,252,252,253,236,169,21,4,0,0,0,0,0,0,0,0,27,132,216,189,189,189,145,84,21,0,0,0,0,3
0,0,0,0,0,0,0,0,0,0,0,0,0,0,0,0,146,255,75,0,0,0,0,0,0,0,0,0,0,0,0,0,0,0,48,97,233,230,47,0,0,0,0,0,0,0,0,0,0,0,0,0,0,3,96,246,253,150,0,0,0,0,0,0,0,0,0,0,0,0,0,0,51,194,253,253,190,13,0,0,0,0,0,0,0,0,0,0,0,0,0,7,177,253,253,220,73,0,0,0,0,0,0,0,0,0,0,0,0,0,0,56,253,253,246,87,0,0,0,0,0,0,0,0,0,0,0,0,0,0,0,186,253,253,129,0,0,0,0,0,0,0,0,0,0,0,0,0,0,0,68,252,253,246,3,0,0,0,0,0,0,0,0,0,0,0,0,0,0,0,118,253,253,124,0,0,0,0,0,0,0,0,0,0,0,0,0,0,0,111,244,253,193,21,0,0,0,0,0,0,0,0,0,0,0,0,0,0,0,201,253,253,115,0,0,0,0,0,0,0,0,0,0,0,0,0,0,0,72,196,253,207,79,0,0,0,0,0,0,0,0,0,0,0,0,0,0,75,192,253,214,29,0,0,0,0,0,0,0,0,0,0,0,0,0,0,0,130,253,253,218,34,0,0,0,0,0,0,0,0,0,0,0,0,0,15,111,247,253,217,38,4,0,0,0,0,0,0,0,0,0,0,0,0,0,61,198,253,253,212,26,0,0,0,0,0,0,0,0,0,0,0,0,0,14,192,253,253,253,164,0,0,0,0,0,0,0,0,0,0,0,0,0,0,130,253,253,253,79,49,0,0,0,0,0,0,0,0,0,0,0,0,0,7,146,253,252,232,6,0,0,0,0,0,0,0,0,0,0,0,0,0,0,35,145,253,239,0,0,0,0,0,0,0,0,0,0,0,0,0,1
0,0,0,0,0,0,0,0,0,0,0,0,0,0,0,0,0,0,0,0,0,0,0,0,0,0,0,0,0,0,0,0,0,0,0,0,0,0,0,0,0,0,0,0,0,0,31,34,116,191,254,253,253,244,50,0,0,0,0,0,0,0,0,0,0,62,246,252,252,252,253,252,252,252,164,0,0,0,0,0,0,0,0,0,0,131,252,252,252,252,253,252,252,252,107,0,0,0,0,0,0,0,0,0,0,198,252,252,252,252,253,252,252,231,4,0,0,0,0,0,0,0,0,0,0,108,192,88,88,88,110,252,252,158,0,0,0,0,0,0,0,0,0,0,0,0,0,0,0,0,34,252,252,168,0,0,0,0,0,0,0,0,0,0,0,0,0,0,0,0,87,252,252,121,0,0,0,0,0,0,0,0,0,0,0,0,0,0,0,0,162,252,252,102,0,0,0,0,0,0,0,0,0,0,0,0,0,0,0,34,253,252,222,7,0,0,0,0,0,0,0,0,0,0,0,0,0,0,0,111,253,252,106,0,0,0,0,0,0,0,0,0,0,0,0,0,0,0,0,126,255,253,44,0,0,0,0,0,0,0,0,0,0,0,0,0,0,0,21,229,253,206,13,0,0,0,0,0,0,0,0,0,0,0,0,0,0,0,121,252,253,143,0,0,0,0,0,0,0,0,0,0,0,0,0,0,0,4,193,252,250,70,0,0,0,0,0,0,0,0,0,0,0,0,0,0,0,69,252,252,220,0,0,0,0,0,0,0,0,0,0,0,0,0,0,0,9,231,252,252,182,0,0,0,0,0,0,0,0,0,0,0,0,0,0,0,12,252,252,252,58,0,0,0,0,0,0,0,0,0,0,0,0,0,0,0,12,252,252,252,0,0,0,0,0,0,0,0,0,0,7
0,0,0,0,0,0,0,0,0,0,0,0,0,0,0,0,0,0,0,0,0,0,0,77,83,160,168,168,212,212,128,45,0,0,0,0,0,0,0,0,24,132,246,253,254,254,254,254,254,254,254,252,108,0,0,0,0,0,0,0,247,254,254,254,254,212,180,122,136,108,215,254,253,172,19,0,0,0,0,0,254,132,99,179,86,6,0,0,0,0,18,175,254,254,199,0,0,0,0,0,17,1,0,0,0,0,0,0,0,0,0,2,180,254,253,64,0,0,0,0,0,0,0,0,0,0,0,0,0,0,0,0,27,239,254,147,0,0,0,0,0,0,0,0,0,0,0,0,0,0,0,0,15,227,254,184,0,0,0,0,0,0,0,0,0,0,0,10,52,9,0,52,208,254,254,79,0,0,0,0,0,0,0,0,0,169,220,226,254,226,220,247,254,254,228,33,0,0,0,0,0,0,0,0,0,229,254,254,254,254,254,254,254,254,232,35,0,0,0,0,0,0,0,0,0,87,205,248,254,254,254,223,219,254,254,218,36,0,0,0,0,0,0,0,0,0,0,41,47,106,47,10,5,152,254,254,217,49,0,0,0,0,0,0,0,0,0,0,0,0,0,0,0,5,182,254,254,232,10,0,0,0,0,0,0,0,0,0,0,0,0,0,0,0,4,162,254,254,91,0,0,0,0,0,0,0,0,0,0,0,0,0,0,0,0,28,223,254,233,0,0,0,0,0,0,0,0,0,0,0,0,0,0,0,0,0,181,254,254,0,0,0,0,0,0,0,0,0,0,0,0,0,0,0,0,78,234,254,186,0,96,96,72,9,1,0,0,0,0,0,0,0,0,0,48,234,254,253,79,0,254,254,254,254,183,177,101,91,62,91,91,91,158,177,234,254,253,128,0,0,3
0,0,0,0,0,0,0,0,40,77,160,161,160,160,160,195,89,0,0,0,0,0,0,0,0,0,59,163,242,254,254,254,254,254,254,254,140,0,0,0,0,0,0,0,0,58,205,254,251,198,150,56,79,233,254,250,222,31,0,0,0,0,0,0,0,141,254,228,69,0,0,73,244,254,175,120,220,53,0,0,0,0,0,0,0,159,254,82,0,0,18,248,254,139,6,4,10,0,0,0,0,0,0,0,0,236,254,75,0,13,200,254,174,11,0,0,0,0,0,0,0,0,0,0,0,169,254,141,19,174,254,232,19,0,0,0,0,0,0,0,0,0,0,0,0,141,254,219,174,254,232,7,0,0,0,0,0,0,0,0,0,0,0,0,0,56,248,254,254,229,48,0,0,0,0,0,0,0,0,0,0,0,0,0,0,0,207,254,254,131,0,0,0,0,0,0,0,0,0,0,0,0,0,0,0,108,254,254,255,198,17,0,0,0,0,0,0,0,0,0,0,0,0,0,12,228,251,181,238,254,198,15,0,0,0,0,0,0,0,0,0,0,0,0,149,254,196,0,76,249,254,219,25,0,0,0,0,0,0,0,0,0,0,0,107,254,203,0,0,41,182,254,210,66,0,0,0,0,0,0,0,0,0,0,76,254,182,0,0,0,7,184,254,243,100,0,0,0,0,0,0,0,0,0,70,252,182,0,0,0,0,13,182,254,240,137,4,0,0,0,0,0,0,0,0,204,248,113,67,0,0,0,12,147,254,254,144,0,0,0,0,0,0,0,0,40,222,254,252,164,151,57,57,61,156,254,246,66,0,0,0,0,0,0,0,0,17,104,228,254,254,255,254,254,254,254,254,158,0,0,0,0,0,0,0,0,0,0,15,76,159,160,173,250,222,254,169,20,0,0,8
0,0,0,0,0,0,0,0,139,211,6,0,0,0,0,0,0,0,0,0,0,0,0,0,0,0,0,0,177,203,4,0,0,0,0,0,0,0,0,0,0,0,0,0,0,0,0,24,237,175,0,0,0,0,0,0,0,0,0,0,0,0,0,0,0,0,0,92,254,107,0,0,0,0,0,0,0,0,0,0,0,0,0,0,0,0,0,176,254,88,0,0,0,0,0,0,0,0,0,0,0,0,0,0,0,0,11,224,254,24,0,0,0,0,0,0,0,0,0,0,0,0,0,0,0,0,42,254,254,24,0,0,0,0,0,0,0,0,0,0,0,0,0,0,0,0,42,254,235,17,0,0,0,0,0,0,0,0,0,0,0,0,0,0,0,0,44,255,167,0,0,0,0,0,0,0,0,0,0,0,0,0,0,0,0,0,124,254,115,0,0,0,0,12,12,4,0,0,0,0,0,0,0,0,0,0,63,254,148,0,0,0,110,235,233,166,64,0,0,0,0,0,0,0,0,0,23,235,196,0,10,166,255,241,194,246,244,32,0,0,0,0,0,0,0,0,0,213,243,30,183,254,195,30,0,130,254,41,0,0,0,0,0,0,0,0,0,144,254,201,254,195,14,0,0,184,254,41,0,0,0,0,0,0,0,0,0,131,254,254,237,43,0,0,86,247,231,19,0,0,0,0,0,0,0,0,0,29,214,254,223,26,3,129,248,254,91,0,0,0,0,0,0,0,0,0,0,0,54,215,254,244,239,254,223,79,3,0,0,0,0,0,0,0,0,0,0,0,0,53,166,251,199,139,26,0,0,0,0,0,0,0,0,0,0,0,0,0,0,0,0,0,0,0,0,0,0,0,0,0,0,0,0,0,0,0,0,0,0,0,0,0,0,0,0,0,0,0,0,0,6
0,0,0,0,0,0,0,0,0,0,0,0,0,0,96,220,255,255,247,121,0,0,0,0,0,0,0,0,0,0,0,46,157,241,251,253,253,253,253,253,0,0,0,0,0,0,0,0,0,0,95,232,253,253,253,253,253,253,253,253,0,0,0,0,0,0,0,0,47,151,254,253,253,253,253,253,253,253,242,39,0,0,0,0,0,0,0,57,231,253,254,253,253,232,81,201,253,253,204,0,0,0,0,0,0,0,129,229,253,253,254,253,155,45,15,201,253,253,107,0,0,0,0,0,11,69,228,253,253,253,254,88,8,0,89,253,253,235,34,0,0,0,0,0,82,253,253,253,253,239,164,5,0,0,201,253,253,141,0,0,0,0,0,125,231,253,253,252,233,50,0,0,0,0,201,253,253,93,0,0,0,0,0,214,253,253,253,226,0,0,0,0,0,43,229,253,253,93,0,0,0,0,158,254,254,254,150,0,0,0,0,0,0,81,254,254,235,49,0,0,0,103,252,253,253,253,80,0,0,0,0,0,40,224,253,253,156,0,0,0,45,232,253,253,228,131,8,0,0,0,0,0,94,253,253,205,8,0,0,0,234,253,253,253,186,0,0,0,0,0,0,0,207,253,253,199,0,0,0,0,254,253,253,232,67,0,0,0,0,0,0,121,248,253,235,77,0,0,0,0,254,253,253,173,0,0,0,0,0,29,188,250,253,253,88,0,0,0,0,0,255,253,253,228,68,41,41,126,174,216,255,253,253,176,17,0,0,0,0,0,157,252,253,253,253,253,253,253,253,253,255,253,179,15,0,0,0,0,0,0,0,157,240,251,253,253,253,253,253,246,177,107,11,0,0,0,0,0,0,0,0,0,0,102,120,120,120,120,120,57,0,0,0,0,0,0,0,0,0,0,0
0,0,0,0,0,0,0,0,0,0,0,0,0,0,0,0,0,0,0,0,0,0,0,0,0,0,0,0,0,0,0,0,0,0,0,0,0,0,0,0,0,0,0,0,0,0,0,0,0,0,0,0,0,0,0,0,0,0,0,0,79,216,253,203,79,22,0,0,0,0,0,0,0,0,0,0,0,0,0,0,141,252,252,252,253,234,169,169,108,57,57,7,0,0,0,0,0,0,0,0,141,252,252,252,253,252,252,252,253,252,252,203,198,172,85,185,198,197,159,10,141,252,252,252,253,252,252,252,253,252,252,252,253,252,252,252,253,252,252,128,141,253,253,253,176,113,113,113,226,225,225,250,239,244,253,253,255,253,253,128,141,252,252,252,113,0,0,0,0,0,0,75,38,56,84,234,253,252,252,28,141,252,252,252,76,0,0,0,0,0,0,0,0,0,29,234,253,252,224,19,28,139,139,90,0,0,0,0,0,0,0,0,0,0,134,252,253,252,118,0,0,0,0,0,0,0,0,0,0,0,0,0,0,57,253,253,254,197,0,0,0,0,0,0,0,0,0,0,0,0,0,0,7,150,252,252,253,121,0,0,0,0,0,0,0,0,0,0,0,0,0,0,117,252,252,252,194,19,0,0,0,0,0,0,0,0,0,0,0,0,0,0,141,252,252,252,113,0,0,0,0,0,0,0,0,0,0,0,0,0,0,0,254,253,253,253,0,0,0,0,0,0,0,0,0,0,0,0,0,0,0,101,253,252,252,151,0,0,0,0,0,0,0,0,0,0,0,0,0,0,0,225,253,252,252,28,0,0,0,0,0,0,0,0,0,0,0,0,0,0,38,237,253,252,214,15,0,0,0,0,0,0,0,0,0,0,0,0,0,7,204,253,254,253,106,0,0,0,0,0,7
0,0,0,0,0,0,0,0,0,0,0,0,0,0,0,0,0,0,0,0,0,0,0,0,0,0,0,0,126,254,204,47,0,0,0,0,0,0,0,0,0,0,0,0,0,0,0,113,252,253,253,236,35,0,0,0,0,0,0,0,0,0,0,0,0,0,19,238,253,128,97,242,161,0,0,0,0,0,0,0,0,0,0,0,0,0,87,253,154,4,0,93,248,12,0,0,0,0,0,0,0,0,0,0,0,0,92,253,111,0,0,0,180,72,0,0,0,0,0,0,0,0,0,0,0,0,92,253,111,0,0,0,29,128,136,3,0,0,0,0,0,0,0,0,0,0,70,253,148,0,0,0,58,248,215,4,0,0,0,0,0,0,0,0,0,0,19,241,233,16,0,7,219,253,126,0,0,0,0,0,0,0,0,0,0,0,0,144,253,72,2,177,253,227,9,0,0,0,0,0,0,0,0,0,0,0,0,25,230,215,99,254,240,56,0,0,0,0,0,0,0,0,0,0,0,0,0,0,128,254,254,255,122,0,0,0,0,0,0,0,0,0,0,0,0,0,0,0,6,216,253,181,4,0,0,0,0,0,0,0,0,0,0,0,0,0,0,0,10,237,253,186,2,0,0,0,0,0,0,0,0,0,0,0,0,0,0,0,117,252,181,254,104,0,0,0,0,0,0,0,0,0,0,0,0,0,0,0,185,222,0,170,248,20,0,0,0,0,0,0,0,0,0,0,0,0,0,13,236,119,0,16,208,141,0,0,0,0,0,0,0,0,0,0,0,0,0,42,253,52,0,0,123,211,2,0,0,0,0,0,0,0,0,0,0,0,0,42,239,162,14,10,113,253,19,0,0,0,0,0,0,0,0,0,0,0,0,0,136,253,253,241,253,229,9,0,0,0,0,0,8
0,0,0,0,0,0,0,0,0,0,0,0,0,0,0,0,0,0,0,0,0,0,0,0,0,0,0,0,0,0,0,0,0,0,0,0,0,0,0,0,0,0,0,0,0,0,0,0,0,0,0,0,0,0,0,0,0,0,0,0,0,0,0,0,14,138,150,238,212,255,135,47,90,122,193,111,0,0,0,0,0,0,0,21,213,253,253,253,253,253,253,253,253,253,253,238,28,0,0,0,0,0,0,141,253,253,253,253,253,253,253,253,253,253,253,253,93,0,0,0,0,0,28,240,253,214,170,128,170,88,67,67,67,200,253,253,63,0,0,0,0,0,179,253,216,23,0,0,0,0,0,0,0,182,253,253,79,0,0,0,0,11,206,253,151,0,0,0,0,0,0,0,0,182,253,253,36,0,0,0,0,43,253,231,10,0,0,0,0,0,0,0,0,182,253,249,34,0,0,0,0,115,253,159,0,0,0,0,0,0,0,0,0,182,253,186,0,0,0,0,0,6,118,71,0,0,0,0,0,0,0,0,0,182,253,186,0,0,0,0,0,0,0,0,0,0,0,0,0,0,0,0,20,226,253,186,0,0,0,0,0,0,0,0,0,0,0,0,0,0,0,0,115,253,253,186,0,0,0,0,0,0,0,0,0,0,0,0,0,0,0,0,152,253,253,84,0,0,0,0,0,0,0,0,0,0,0,0,0,0,0,0,239,253,253,83,0,0,0,0,0,0,0,0,0,0,0,0,0,0,0,48,247,253,221,5,0,0,0,0,0,0,0,0,0,0,0,0,0,0,0,89,253,253,129,0,0,0,0,0,0,0,0,0,0,0,0,0,0,0,4,187,253,253,121,0,0,0,0,0,0,0,0,0,0,0,0,0,0,0,42,253,253,253,25,0,0,0,0,0,7
0,0,0,0,0,0,0,0,0,0,0,0,0,0,0,0,0,0,0,0,0,0,0,0,0,0,0,0,0,74,139,159,222,138,138,255,154,0,0,0,0,0,0,0,0,0,0,0,81,244,253,252,252,252,252,253,206,0,0,0,0,0,0,0,0,0,0,83,240,252,247,183,234,252,252,253,219,19,0,0,0,0,0,0,0,0,38,240,252,210,94,0,184,252,252,253,235,44,0,0,0,0,0,0,0,0,151,252,252,85,0,43,246,252,252,253,153,0,0,0,0,0,0,0,0,149,253,253,98,0,0,162,253,211,243,255,92,0,0,0,0,0,0,0,22,253,252,240,37,0,15,219,252,252,252,239,33,0,0,0,0,0,0,0,199,253,240,81,0,0,24,252,252,252,252,146,0,0,0,0,0,0,0,34,238,253,164,0,0,0,24,252,252,252,252,21,0,0,0,0,0,0,0,144,252,243,50,0,0,0,24,252,252,252,147,0,0,0,0,0,0,0,38,233,253,116,0,0,0,0,87,253,253,203,11,0,0,0,0,0,0,0,70,252,252,95,0,0,0,22,212,252,252,139,0,0,0,0,0,0,0,0,70,252,252,0,0,0,57,205,253,252,252,45,0,0,0,0,0,0,0,0,70,252,252,0,17,124,244,252,253,252,195,9,0,0,0,0,0,0,0,0,70,252,252,179,234,252,252,200,253,252,183,0,0,0,0,0,0,0,0,0,64,239,253,255,253,247,94,0,139,253,253,46,0,0,0,0,0,0,0,0,0,34,143,207,132,67,0,0,138,252,252,83,47,0,0,0,0,0,0,0,0,0,0,0,0,0,0,0,138,252,252,252,252,0,0,0,0,0,0,0,0,0,0,0,0,0,0,0,97,252,252,252,116,0,0,0,0,0,9
0,0,0,0,0,0,0,0,0,0,0,0,0,17,200,188,0,0,0,0,0,0,0,0,0,0,0,0,0,0,0,0,0,161,253,110,0,0,0,0,0,0,0,0,0,0,0,0,0,0,0,0,37,242,242,33,0,0,0,0,0,0,0,30,19,0,0,0,0,0,0,0,158,253,191,0,0,0,0,0,0,0,0,8,5,0,0,0,0,0,0,13,239,253,46,0,0,0,0,0,0,0,0,0,0,0,0,0,0,0,0,113,253,197,6,0,0,0,0,0,0,0,0,0,0,0,0,0,0,0,0,227,253,74,0,0,0,0,0,0,0,0,0,0,0,0,0,0,0,0,33,248,227,15,0,0,0,0,0,0,0,0,0,0,0,0,0,0,0,0,175,253,188,0,0,0,0,0,0,0,0,0,0,0,0,0,0,0,0,0,254,253,44,0,0,0,0,0,0,0,0,0,0,0,0,0,0,0,0,116,255,208,6,0,0,0,0,0,0,0,0,0,0,0,0,0,0,0,9,250,254,158,0,0,0,0,0,0,0,0,0,0,0,0,0,0,0,0,112,253,235,12,0,0,0,0,0,0,0,0,0,0,0,0,0,0,0,16,246,253,79,0,0,0,0,0,0,0,0,0,0,0,0,0,0,0,0,138,253,238,0,0,0,0,0,0,0,0,0,0,0,0,0,0,0,0,22,242,252,113,0,0,0,0,0,0,0,0,0,0,0,0,0,0,0,0,106,253,235,0,0,0,0,0,0,0,0,0,0,0,0,0,0,0,0,33,240,252,116,0,0,0,0,0,0,0,0,0,0,0,0,0,0,0,2,157,253,232,0,0,0,0,0,0,0,0,0,0,0,0,0,0,0,0,44,253,253,88,0,0,0,0,0,0,0,0,0,0,0,0,1
0,0,0,0,0,0,0,0,0,0,0,61,194,253,253,253,74,0,0,0,0,0,0,0,0,0,0,0,0,0,98,254,253,253,246,194,26,0,0,0,0,0,0,0,0,0,0,0,0,22,198,254,253,175,71,0,0,0,0,0,0,0,0,0,0,0,0,0,0,45,253,254,235,63,0,0,0,0,0,0,0,0,0,0,0,0,0,0,11,158,253,242,82,0,0,0,0,0,0,0,0,0,0,0,0,0,0,0,169,253,253,149,0,0,0,0,0,0,0,0,0,0,0,0,0,0,0,0,239,253,253,97,0,0,0,0,0,0,0,0,0,0,0,0,0,0,0,104,250,253,138,0,0,0,0,0,0,0,0,0,0,0,0,0,0,0,18,205,253,226,43,0,0,0,0,0,0,0,0,0,0,0,0,0,0,0,181,254,254,209,0,0,0,0,0,0,0,0,0,0,0,0,0,0,0,0,179,253,253,172,0,0,0,0,0,0,0,0,0,0,0,0,0,0,0,49,227,253,253,71,15,9,0,0,0,0,0,0,0,0,0,0,0,0,0,75,253,253,253,253,253,199,92,0,0,0,0,0,0,0,0,0,0,0,0,208,253,253,41,157,253,254,246,123,0,0,0,0,0,0,0,0,0,0,0,224,253,253,14,14,162,254,253,249,95,0,0,0,0,0,0,0,0,0,0,224,253,253,141,56,134,254,253,245,63,0,0,0,0,0,0,0,0,0,0,83,253,253,253,245,253,255,253,185,0,0,0,0,0,0,0,0,0,0,0,18,196,253,253,253,253,254,242,73,0,0,0,0,0,0,0,0,0,0,0,0,74,104,245,253,253,192,80,0,0,0,0,0,0,0,0,0,0,0,0,0,0,0,0,0,0,0,0,0,0,0,0,0,0,0,6
0,0,0,0,0,0,0,79,254,106,0,0,0,0,0,0,0,0,0,0,0,0,0,0,0,0,0,132,189,7,0,0,0,0,0,0,0,0,0,0,0,0,0,0,0,0,34,229,148,0,0,0,0,0,0,0,0,0,0,0,0,0,0,0,0,0,124,254,76,0,0,0,0,0,0,0,0,0,0,0,0,0,0,0,0,0,124,254,61,0,0,0,0,0,0,0,0,0,0,0,0,0,0,0,0,0,159,234,15,0,0,0,0,0,0,0,0,0,0,0,0,0,0,0,0,0,211,227,0,0,0,0,0,0,0,0,0,0,0,0,0,0,0,0,0,0,211,227,0,0,0,0,0,0,0,0,0,0,0,0,0,0,0,0,0,0,211,228,0,0,0,80,221,181,8,0,0,0,0,0,0,0,0,0,0,0,156,227,0,0,55,252,210,249,165,0,0,0,0,0,0,0,0,0,0,0,124,227,0,0,170,235,43,133,232,21,0,0,0,0,0,0,0,0,0,0,124,251,55,27,246,175,0,62,254,114,0,0,0,0,0,0,0,0,0,0,124,254,136,97,254,160,0,62,254,123,0,0,0,0,0,0,0,0,0,0,124,254,148,97,254,88,0,74,254,111,0,0,0,0,0,0,0,0,0,0,84,254,157,97,254,88,8,190,203,8,0,0,0,0,0,0,0,0,0,0,9,208,249,216,254,160,114,228,67,0,0,0,0,0,0,0,0,0,0,0,0,80,248,254,254,254,254,156,0,0,0,0,0,0,0,0,0,0,0,0,0,0,70,230,254,255,175,6,0,0,0,0,0,0,0,0,0,0,0,0,0,0,0,0,0,0,0,0,0,0,0,0,0,0,0,0,0,0,0,0,0,0,0,0,0,0,0,0,0,0,0,0,0,0,6
0,0,0,0,0,0,0,0,0,0,0,0,0,0,0,0,0,0,0,0,0,0,0,0,0,0,0,0,0,0,0,0,0,0,0,0,0,0,0,0,0,0,0,0,0,0,0,0,51,46,14,54,29,0,0,0,0,0,0,0,0,0,0,0,0,54,179,220,253,251,238,254,244,124,4,0,0,0,0,0,0,0,1,63,146,249,254,238,171,128,83,104,247,254,125,0,0,0,0,0,0,30,174,254,254,218,131,21,0,0,0,0,131,254,235,0,0,0,0,0,55,246,254,217,114,7,0,0,0,0,0,0,119,254,247,34,0,0,0,0,152,227,198,20,0,0,0,0,0,0,0,0,151,254,235,0,0,0,0,0,0,9,4,0,0,0,0,0,0,0,0,0,194,254,194,0,0,0,0,0,0,0,0,0,0,0,0,0,0,0,0,37,233,254,111,0,0,0,0,0,0,0,0,0,0,0,0,0,0,0,0,126,254,255,72,0,0,0,0,0,0,0,0,0,0,0,0,0,0,0,36,239,254,196,2,0,0,0,0,0,0,0,0,0,0,0,0,0,0,14,178,254,252,84,0,0,0,0,0,0,0,0,0,0,0,0,0,0,0,74,254,252,110,0,0,0,0,0,0,0,0,0,0,0,0,0,0,0,7,217,255,152,0,0,0,0,0,0,0,0,0,0,0,0,0,0,0,5,166,254,205,6,0,0,0,0,0,12,4,20,0,0,0,0,0,0,0,157,254,243,57,0,0,27,46,106,189,232,209,190,0,0,0,0,0,0,0,192,254,254,238,225,225,242,254,254,254,183,129,4,0,0,0,0,0,0,0,2,79,155,220,232,219,155,128,103,58,1,0,0,0,0,0,0,0,0,0,0,0,0,0,0,0,0,0,0,0,0,0,0,2
0,0,0,0,0,0,0,0,0,0,0,0,0,0,0,0,0,0,0,0,0,0,0,0,0,0,0,0,0,0,0,0,0,0,0,0,0,0,0,0,0,0,0,0,0,0,5,127,246,254,255,163,18,0,0,0,0,0,0,0,0,0,0,0,0,0,65,253,250,195,234,250,166,2,0,0,0,0,0,0,0,0,0,0,0,0,118,253,79,0,19,226,253,19,0,0,0,0,0,0,0,0,0,0,0,0,103,253,145,136,201,253,253,34,0,0,0,0,0,0,0,0,0,0,0,0,12,185,253,253,254,215,253,41,0,0,0,0,0,0,0,0,0,0,0,0,0,0,0,76,0,140,254,19,0,0,0,0,0,0,0,0,0,0,0,0,0,0,0,0,5,217,216,10,0,0,0,0,0,0,0,0,0,0,0,0,0,0,0,0,59,253,174,0,0,0,0,0,0,0,0,0,0,0,0,0,0,0,0,0,149,253,174,0,0,0,0,0,0,0,0,0,0,0,0,0,0,0,0,0,156,253,137,0,0,0,0,0,0,0,0,0,0,0,0,0,0,0,0,0,217,254,78,0,0,0,0,0,0,0,0,0,0,0,0,0,0,0,0,46,254,236,12,0,0,0,0,0,0,0,0,0,0,0,0,0,0,0,0,128,254,165,0,0,0,0,0,0,0,0,0,0,0,0,0,0,0,0,0,195,254,135,0,0,0,0,0,0,0,0,0,0,0,0,0,0,0,0,31,239,254,61,0,0,0,0,0,0,0,0,0,0,0,0,0,0,0,0,62,254,255,39,0,0,0,0,0,0,0,0,0,0,0,0,0,0,0,0,136,253,196,6,0,0,0,0,0,0,0,0,0,0,0,0,0,0,0,0,166,253,128,0,0,0,0,0,0,0,0,0,9
0,0,0,0,0,0,0,0,0,0,0,0,0,0,0,0,0,0,0,0,0,0,0,0,0,0,0,0,20,137,137,54,74,18,127,131,74,18,18,57,0,0,0,0,0,0,0,0,171,254,254,254,254,254,254,254,254,254,254,254,0,0,0,0,0,0,0,0,205,254,254,254,254,254,254,254,254,254,254,254,0,0,0,0,0,0,0,81,252,254,254,204,183,183,130,65,65,121,150,89,0,0,0,0,0,0,32,214,254,246,146,14,0,0,0,0,0,0,0,0,0,0,0,0,0,31,159,254,254,181,0,0,0,0,0,0,0,0,0,0,0,0,0,0,0,41,233,254,252,165,0,0,0,0,0,0,0,0,0,0,0,0,0,0,31,226,254,254,129,0,0,0,0,0,0,0,0,0,0,0,0,0,0,0,128,254,254,254,150,38,0,20,0,0,0,0,0,0,0,0,0,0,0,17,211,254,254,254,254,247,178,186,60,60,6,0,0,0,0,0,0,0,0,0,40,169,254,254,254,254,254,254,254,254,201,131,0,0,0,0,0,0,0,0,0,12,83,159,159,159,159,159,188,255,254,243,0,0,0,0,0,0,0,0,0,0,0,0,0,0,0,0,7,68,244,243,0,0,0,0,0,0,0,0,0,0,0,0,0,0,0,0,4,156,254,192,50,0,0,0,0,0,0,0,0,0,0,0,0,0,0,21,99,254,254,243,0,0,0,0,0,0,34,166,87,13,0,21,48,115,166,228,254,254,254,198,0,0,0,0,0,0,167,254,254,202,184,214,254,254,254,254,254,254,195,4,0,0,0,0,0,0,178,254,254,254,254,254,254,254,254,216,154,53,5,0,0,0,0,0,0,0,11,153,153,182,254,254,205,153,79,19,8,0,0,0,0,0,0,0,5
0,0,0,0,0,0,0,0,82,108,204,254,152,5,0,0,0,0,0,0,0,0,0,0,0,0,0,60,252,253,136,177,253,159,0,0,0,0,0,0,0,0,0,0,0,0,0,107,252,243,0,3,115,248,98,0,0,0,0,0,0,0,0,0,0,0,4,210,237,148,0,0,0,164,212,24,0,0,0,0,0,0,0,0,0,0,20,253,140,0,0,0,0,41,250,98,0,0,0,0,0,0,0,0,0,0,60,253,117,0,0,0,0,5,230,98,0,0,0,0,0,0,0,0,0,0,85,253,95,0,0,0,0,40,253,59,0,0,0,0,0,0,0,0,0,0,32,253,112,0,0,0,3,67,206,6,0,0,0,0,0,0,0,0,0,0,15,240,252,102,22,72,171,252,102,0,0,0,0,0,0,0,0,0,0,0,11,231,253,253,254,253,225,76,0,0,0,0,0,0,0,0,0,0,0,0,165,254,207,210,255,254,102,5,0,0,0,0,0,0,0,0,0,0,0,103,252,133,2,2,53,177,253,184,19,0,0,0,0,0,0,0,0,0,6,207,223,3,0,0,0,3,87,245,135,0,0,0,0,0,0,0,0,0,77,253,142,0,0,0,0,0,0,164,204,5,0,0,0,0,0,0,0,0,98,253,54,0,0,0,0,0,0,58,250,41,0,0,0,0,0,0,0,0,98,253,104,0,0,0,0,0,0,0,228,98,0,0,0,0,0,0,0,0,60,253,104,0,0,0,0,0,0,39,238,32,0,0,0,0,0,0,0,0,31,252,108,0,0,0,0,0,3,179,217,0,0,0,0,0,0,0,0,0,0,168,231,47,0,0,0,50,174,252,69,0,0,0,0,0,0,0,0,0,0,28,217,250,177,180,196,252,196,71,0,0,0,0,0,0,8
0,0,0,0,0,0,0,0,0,0,0,0,0,0,0,0,0,0,0,0,0,0,0,0,0,0,0,117,83,67,0,0,0,0,0,0,0,0,0,0,0,0,0,0,0,0,42,181,182,0,0,0,0,0,0,0,0,0,0,0,0,0,0,0,0,0,192,253,146,0,0,0,0,0,0,0,0,89,117,0,0,0,0,0,0,46,229,253,103,0,0,0,0,0,0,1,82,248,170,0,0,0,0,0,0,146,253,253,103,0,0,0,0,0,0,7,253,253,170,0,0,0,0,0,42,231,253,219,3,0,0,0,0,0,0,141,253,253,37,0,0,0,0,0,97,253,253,219,0,0,0,0,0,0,10,183,253,160,4,0,0,0,0,0,208,253,253,107,0,0,0,0,0,0,139,253,253,234,206,189,0,0,0,86,248,253,186,22,0,0,0,0,0,36,182,253,253,253,211,155,0,0,0,207,253,253,61,0,0,0,0,25,66,230,253,253,253,171,12,0,0,0,0,254,253,253,66,7,7,79,144,242,253,253,253,253,179,6,0,0,0,0,0,254,253,253,253,253,253,253,253,253,253,253,253,246,0,0,0,0,0,0,0,254,253,253,253,253,253,253,253,160,178,253,253,246,0,0,0,0,0,0,0,210,253,253,253,253,204,100,34,4,69,253,253,248,43,0,0,0,0,0,0,25,54,54,54,54,22,0,0,0,53,237,253,251,98,0,0,0,0,0,0,0,0,0,0,0,0,0,0,0,0,55,75,73,0,0,0,0,0,0,0,0,0,0,0,0,0,0,0,0,0,0,0,0,0,0,0,0,0,0,0,0,0,0,0,0,0,0,0,0,0,0,0,0,0,0,0,0,0,0,0,0,0,0,0,0,0,0,0,0,0,0,0,0,0,0,0,0,4
0,0,0,0,0,0,0,0,0,0,0,0,0,0,0,0,0,0,0,0,0,0,0,0,0,0,0,0,0,0,0,0,0,0,0,0,0,0,0,0,0,0,0,0,0,0,0,0,0,0,14,59,156,201,96,0,0,0,0,0,0,0,0,0,0,0,0,0,26,154,224,253,247,244,238,128,0,0,0,0,0,0,0,0,0,0,0,25,210,253,152,78,54,42,182,236,57,0,0,0,0,0,0,0,0,0,64,210,247,101,0,0,0,0,98,254,188,0,0,0,0,0,0,0,0,23,207,253,213,0,0,0,0,0,98,254,233,0,0,0,0,0,0,0,0,156,249,98,0,0,0,0,0,10,171,255,211,0,0,0,0,0,0,0,53,239,188,0,0,0,0,2,50,175,253,254,91,0,0,0,0,0,0,0,195,235,57,0,0,0,0,58,253,253,253,213,12,0,0,0,0,0,0,37,248,142,0,0,0,0,0,126,240,250,253,195,0,0,0,0,0,0,0,115,253,98,0,0,0,38,158,236,100,241,253,83,0,0,0,0,0,0,0,212,254,134,55,71,171,254,241,68,138,254,133,0,0,0,0,0,0,0,0,92,253,254,250,241,250,195,30,2,181,227,31,0,0,0,0,0,0,0,0,12,152,223,253,228,73,0,0,118,253,117,0,0,0,0,0,0,0,0,0,0,0,12,19,13,0,0,0,214,253,64,0,0,0,0,0,0,0,0,0,0,0,0,0,0,0,0,46,244,192,5,0,0,0,0,0,0,0,0,0,0,0,0,0,0,0,0,179,254,116,0,0,0,0,0,0,0,0,0,0,0,0,0,0,0,0,8,254,236,12,0,0,0,0,0,0,0,0,0,0,0,0,0,0,0,0,128,254,203,0,0,0,0,0,0,0,0,9
0,0,0,0,0,0,0,0,0,0,0,0,0,0,0,0,0,0,0,0,0,0,0,0,11,34,212,253,253,148,255,253,253,253,148,128,9,0,0,0,0,0,0,17,193,253,252,252,252,252,253,252,252,252,252,253,173,13,0,0,0,0,19,188,252,253,252,252,252,252,215,110,152,183,215,253,252,100,0,0,0,0,164,252,252,98,177,227,160,244,74,0,0,0,74,253,252,183,0,0,0,0,184,252,200,22,244,79,43,31,0,0,0,0,0,253,252,183,0,0,0,0,174,253,253,0,53,0,0,0,0,0,0,0,116,255,253,122,0,0,0,0,57,244,252,162,80,0,0,0,0,0,0,17,193,253,252,69,0,0,0,0,0,124,252,253,240,82,0,0,0,0,19,188,252,247,162,19,0,0,0,0,0,17,98,253,252,240,207,103,0,17,188,252,252,188,0,0,0,0,0,0,0,0,0,86,211,252,252,252,231,234,252,252,147,11,0,0,0,0,0,0,0,0,0,0,0,116,249,253,255,253,253,169,3,0,0,0,0,0,0,0,0,0,0,0,0,45,236,252,253,252,252,252,96,0,0,0,0,0,0,0,0,0,0,7,142,203,252,221,122,154,252,252,221,32,0,0,0,0,0,0,0,0,0,160,252,252,176,35,0,9,77,236,252,210,0,0,0,0,0,0,0,43,168,253,178,54,4,0,0,0,0,207,252,241,42,0,0,0,0,0,0,155,253,221,0,0,0,0,0,0,0,51,243,255,207,0,0,0,0,0,0,207,252,136,0,0,0,0,0,0,0,166,252,253,206,0,0,0,0,0,0,176,252,247,184,153,70,70,70,91,184,240,252,247,98,0,0,0,0,0,0,59,202,253,252,252,252,252,253,252,252,252,210,146,0,0,0,0,8
0,0,0,0,0,0,0,0,128,255,0,0,0,0,0,0,0,0,0,0,0,0,0,0,0,0,0,0,64,255,128,0,0,0,0,0,0,0,0,0,0,0,0,0,0,0,0,0,0,191,128,0,0,0,0,0,0,0,0,0,0,0,0,0,0,0,0,0,0,191,128,0,0,0,0,0,0,0,0,0,0,0,0,0,0,0,0,0,0,0,0,0,0,0,0,0,0,0,0,0,0,0,0,0,0,0,0,0,0,64,0,0,0,0,0,0,0,0,0,0,0,0,0,0,0,0,0,0,0,191,191,0,0,0,0,0,0,0,0,0,0,0,0,0,0,0,0,0,0,255,255,0,0,0,0,0,0,0,0,0,0,0,0,0,0,0,0,0,0,255,255,0,0,0,0,0,0,0,0,0,0,0,0,0,0,0,0,0,64,255,255,0,0,0,0,0,0,0,0,0,0,0,0,0,0,0,0,0,0,255,255,0,0,0,0,0,0,0,0,0,0,0,0,0,0,0,0,0,0,255,255,0,0,0,0,0,0,0,0,0,0,0,0,0,0,0,0,0,0,255,255,0,0,0,0,0,0,0,0,0,0,0,0,0,0,0,0,0,0,255,255,0,0,0,0,0,0,0,0,0,0,0,0,0,0,0,0,0,0,255,255,0,0,0,0,0,0,0,0,0,0,0,0,0,0,0,0,0,0,128,255,0,0,0,0,0,0,0,0,0,0,0,0,0,0,0,0,0,0,128,255,0,0,0,0,0,0,0,0,0,0,0,0,0,0,0,0,0,0,128,255,64,0,0,0,0,0,0,0,0,0,0,0,0,0,0,0,0,0,128,255,128,0,0,0,0,0,0,0,0,0,0,0,0,0,0,0,0,0,128,255,128,0,0,0,0,0,0,0,0,1
0,0,0,0,0,0,0,0,0,0,0,0,0,0,0,0,0,0,0,0,0,0,0,0,0,0,0,0,0,0,0,0,0,0,0,0,0,0,0,0,0,0,146,237,111,10,0,0,0,0,0,0,0,0,0,0,0,0,0,0,0,0,145,253,253,227,145,145,42,25,25,25,25,25,25,25,25,17,0,0,0,0,145,253,253,253,253,253,253,253,253,254,253,253,253,253,253,221,22,0,0,0,49,159,237,253,253,253,253,253,253,254,253,253,253,253,253,253,36,0,0,0,0,0,48,72,164,193,193,248,253,254,253,253,253,253,236,152,10,0,0,0,0,0,0,0,0,0,110,248,253,254,253,243,180,94,43,0,0,0,0,0,0,0,17,85,177,206,247,253,253,250,168,87,0,0,0,0,0,0,0,0,0,78,225,253,253,253,253,253,253,81,0,0,0,0,0,0,0,0,0,0,132,245,253,253,253,253,253,253,253,242,230,230,230,230,230,230,85,0,0,0,145,253,253,253,253,253,253,253,253,254,253,253,253,253,253,253,249,81,0,0,82,244,254,252,246,250,242,242,242,244,242,242,250,254,254,254,254,145,0,0,0,16,109,83,32,72,0,0,0,0,0,21,218,253,253,253,244,73,0,0,0,0,0,0,0,0,0,0,0,0,33,171,253,253,253,241,77,0,0,0,0,0,0,0,0,0,0,0,0,55,218,253,253,253,181,56,0,0,0,0,0,0,0,0,0,0,0,27,176,254,253,253,242,106,17,0,0,0,0,0,0,0,0,0,0,0,167,219,253,254,253,243,89,0,0,0,0,0,0,0,0,0,0,0,66,183,247,253,253,250,100,41,0,0,0,0,0,0,0,0,0,0,0,156,245,253,253,253,207,34,0,0,0,0,0,0,0,0,3
0,0,0,0,0,0,0,95,218,248,249,253,253,253,253,253,253,247,58,0,0,0,0,0,0,0,199,251,253,253,253,253,179,142,142,208,253,253,123,0,0,0,0,0,0,44,232,253,226,119,19,19,7,0,0,21,208,253,190,0,0,0,0,0,0,0,128,119,19,0,0,0,0,0,0,8,186,253,123,0,0,0,0,0,0,0,0,0,0,0,0,0,0,0,0,67,253,253,123,0,0,0,0,0,0,0,0,0,0,0,0,0,0,0,0,150,253,253,123,0,0,0,0,0,0,0,0,0,0,0,0,0,0,0,9,182,253,251,85,0,0,0,0,0,0,0,0,0,0,0,0,0,0,0,64,253,253,210,0,0,0,0,0,0,0,0,0,0,0,0,0,0,0,59,231,253,250,87,0,0,0,0,0,0,0,0,0,0,0,0,0,0,60,230,253,253,210,0,0,0,0,0,0,0,0,0,0,0,0,0,0,10,187,253,253,212,31,0,0,0,0,0,0,0,0,0,0,0,0,0,10,150,253,253,211,32,0,0,0,0,0,0,17,40,40,150,169,132,30,30,150,253,253,211,32,0,0,0,0,0,0,89,200,253,253,253,253,253,230,230,253,253,211,33,0,0,0,0,0,0,87,249,253,243,180,216,253,253,253,253,253,225,32,0,0,0,0,0,0,0,251,253,181,64,65,184,253,253,253,253,253,235,150,133,20,20,20,20,10,0,253,253,85,143,240,253,249,240,173,243,253,253,253,253,253,253,253,253,123,0,253,253,253,253,251,247,104,0,0,27,117,207,251,252,247,247,247,243,57,0,250,253,253,135,79,0,0,0,0,0,0,0,83,108,0,0,0,0,0,0,0,0,0,0,0,0,0,0,0,0,0,0,0,0,0,0,0,0,0,0,2
0,0,0,0,0,0,0,0,0,0,0,0,0,0,0,0,0,0,0,0,0,0,0,0,0,0,0,0,0,0,0,0,0,13,92,166,253,253,255,228,0,0,0,0,0,0,0,0,0,0,0,38,144,206,253,252,252,252,253,252,0,0,0,0,0,0,0,0,0,38,147,234,252,252,253,252,252,252,253,252,0,0,0,0,0,0,0,26,150,237,253,252,252,252,253,252,252,252,190,139,0,0,0,0,0,0,79,216,253,253,254,253,253,228,163,88,0,0,0,0,0,0,0,0,0,51,216,252,252,252,253,240,158,9,0,0,0,0,0,0,0,0,0,0,0,225,253,252,252,252,143,43,0,0,0,0,0,0,0,0,0,0,0,0,0,225,253,252,252,102,13,0,0,0,0,0,0,0,0,0,0,0,0,0,10,229,254,253,253,203,141,110,0,0,0,0,0,0,0,0,0,0,0,0,85,252,253,252,252,252,253,234,131,107,26,0,0,0,0,0,0,0,0,0,57,243,253,252,252,252,253,252,252,252,160,28,0,0,0,0,0,0,0,0,0,25,40,139,139,139,140,215,252,252,253,84,0,0,0,0,0,0,0,0,0,0,0,0,0,0,0,7,204,253,254,184,0,0,0,0,0,0,0,0,0,0,0,0,0,0,7,101,252,252,253,84,0,0,0,0,0,0,10,134,19,0,0,0,0,76,204,252,252,252,231,19,0,0,0,0,0,0,128,252,193,113,114,138,225,249,253,252,252,252,125,0,0,0,0,0,0,0,141,253,253,253,254,253,253,253,254,253,253,128,0,0,0,0,0,0,0,0,141,252,252,252,253,252,252,252,253,240,158,9,0,0,0,0,0,0,0,0,141,252,252,252,253,252,252,252,206,81,0,0,0,0,0,0,0,0,5
0,0,0,0,0,0,0,0,0,0,0,0,0,0,0,0,0,0,0,0,0,0,0,0,0,0,0,23,147,147,147,124,8,0,0,0,0,0,32,205,0,0,0,0,0,0,25,206,254,254,254,254,199,44,0,0,0,20,225,254,0,0,1,6,1,71,206,254,253,212,240,249,251,238,76,0,29,231,254,254,0,0,32,211,29,193,254,253,125,0,0,0,38,195,35,78,251,254,254,138,0,0,0,0,5,229,254,244,0,0,0,0,0,0,80,242,254,254,142,2,0,0,0,0,6,254,254,244,0,0,0,0,0,67,209,254,253,141,5,0,0,0,0,0,3,191,254,246,40,0,0,0,18,242,254,254,139,0,0,0,0,0,0,0,0,152,254,254,243,46,0,42,217,254,254,142,3,0,0,0,0,0,0,0,0,32,216,254,254,239,180,199,254,254,171,25,0,0,0,0,0,0,0,0,0,0,30,145,254,254,254,254,254,241,31,0,0,0,0,0,0,0,0,0,0,0,0,3,178,254,254,254,254,233,0,0,0,0,0,0,0,0,0,0,0,0,0,76,249,254,254,241,250,253,141,5,0,0,0,0,0,0,0,0,0,0,80,246,254,254,218,31,108,251,254,48,0,0,0,0,0,0,0,0,0,36,242,254,254,221,80,0,36,245,254,48,0,0,0,0,0,0,0,0,1,159,254,254,238,57,2,121,248,254,211,23,0,0,0,0,0,0,0,0,108,254,254,254,125,51,170,255,254,254,87,0,0,0,0,0,0,0,0,0,223,254,254,254,246,245,254,254,254,102,15,0,0,0,0,0,0,0,0,10,227,254,254,254,254,254,238,152,28,1,0,0,0,0,0,0,0,0,0,77,254,254,254,254,254,163,39,0,0,0,0,0,0,0,0,0,8
0,0,0,0,0,0,0,0,0,0,0,0,0,0,0,0,0,0,0,0,0,0,0,0,0,0,0,0,0,0,0,0,0,0,0,0,0,0,0,0,0,0,0,0,0,0,0,0,0,0,0,0,0,0,0,0,0,0,0,0,0,0,0,0,114,226,255,198,170,170,170,114,57,0,0,0,0,0,0,0,0,0,0,0,114,198,198,170,226,255,255,255,255,255,141,29,0,0,0,0,0,0,0,0,0,0,0,0,0,0,57,86,141,255,255,86,0,0,0,0,0,0,0,0,0,0,0,0,0,0,0,0,86,255,170,29,0,0,0,0,0,0,0,0,0,0,0,0,0,0,0,0,198,255,57,0,0,0,0,0,0,0,0,0,0,0,0,0,0,0,0,86,255,226,0,0,0,0,0,0,0,0,0,0,0,0,0,0,0,0,0,170,255,57,0,0,0,0,0,0,0,0,0,0,0,0,0,0,0,0,29,255,170,0,0,0,0,0,0,0,0,0,0,0,0,0,0,0,0,0,198,255,57,0,0,0,0,0,0,0,0,0,0,0,0,0,0,0,0,57,255,170,0,0,0,0,0,0,0,0,0,0,0,0,0,0,0,0,0,141,255,86,0,0,0,0,0,0,0,0,0,0,0,0,0,0,0,0,0,170,255,57,0,0,0,0,0,0,0,0,0,0,0,0,0,0,0,0,29,255,226,0,0,0,0,0,0,0,0,0,0,0,0,0,0,0,0,0,141,255,86,0,0,0,0,0,0,0,0,0,0,0,0,0,0,0,0,0,226,255,29,0,0,0,0,0,0,0,0,0,0,0,0,0,0,0,0,57,255,170,0,0,0,0,0,0,0,0,0,0,0,0,0,0,0,0,0,170,255,86,0,0,0,0,0,0,0,0,0,0,7
0,0,0,0,0,0,0,0,0,32,228,86,0,0,0,0,0,0,0,0,0,0,0,0,0,0,0,0,0,133,254,214,0,0,0,0,0,0,0,0,0,0,0,0,0,0,0,0,0,189,254,161,0,0,0,0,0,0,0,0,0,0,0,0,0,0,0,0,0,144,255,129,0,0,0,0,0,0,0,0,0,0,0,0,0,0,0,0,0,128,254,129,0,0,0,0,0,0,0,0,0,0,0,0,0,0,0,0,0,134,254,129,0,0,0,0,0,0,0,0,0,0,0,0,0,0,0,0,0,134,254,100,0,0,0,0,0,0,0,0,0,0,0,0,0,0,0,0,0,181,255,53,0,0,0,0,0,0,0,0,0,0,0,0,0,0,0,0,0,221,254,43,0,0,0,0,0,0,0,0,0,0,0,0,0,0,0,0,0,221,218,7,0,0,0,0,0,0,0,0,0,0,0,0,0,0,0,0,0,221,211,0,0,0,0,0,0,0,0,0,0,0,0,0,0,0,0,0,0,221,232,21,0,0,0,0,0,0,0,0,0,0,0,0,0,0,0,0,0,181,254,53,0,0,0,0,0,0,0,0,0,0,0,0,0,0,0,0,0,126,254,129,0,0,0,0,0,0,0,0,0,0,0,0,0,0,0,0,0,48,254,166,0,0,0,0,0,0,0,0,0,0,0,0,0,0,0,0,0,48,255,215,12,0,0,0,0,0,0,0,0,0,0,0,0,0,0,0,0,46,253,244,207,0,0,0,0,0,0,0,0,0,0,0,0,0,0,0,0,0,216,255,220,0,0,0,0,0,0,0,0,0,0,0,0,0,0,0,0,0,154,255,218,0,0,0,0,0,0,0,0,0,0,0,0,0,0,0,0,0,29,197,89,0,0,0,0,0,0,0,1
0,0,0,0,0,0,0,148,253,253,168,5,0,0,0,0,0,0,0,0,0,0,0,0,0,0,64,234,253,253,24,0,0,0,0,0,0,0,0,0,0,0,0,0,0,35,233,253,253,184,7,0,0,0,0,0,0,0,0,0,0,0,0,0,0,84,253,253,229,54,0,0,0,0,0,0,0,0,0,0,0,0,0,0,71,238,253,253,168,0,0,0,0,0,0,0,0,0,0,0,0,0,0,0,157,253,253,253,65,0,0,0,0,0,0,0,0,0,0,0,0,0,0,0,157,253,253,187,5,0,0,0,0,0,0,0,0,0,0,0,0,0,0,24,249,253,253,123,0,0,0,0,0,0,0,0,0,0,0,0,0,0,0,13,209,254,254,60,0,0,0,0,0,0,8,13,13,9,0,0,0,0,0,13,207,253,253,60,0,0,0,0,2,95,212,253,253,222,106,4,0,0,0,25,253,253,253,60,0,0,0,18,106,253,253,253,253,253,253,125,0,0,0,9,189,253,253,83,0,0,45,204,254,253,253,221,205,242,253,253,0,0,0,0,157,253,253,198,12,0,230,253,254,218,118,24,0,194,253,230,0,0,0,0,123,253,253,253,205,136,248,253,245,26,0,14,102,239,253,122,0,0,0,0,7,87,253,253,253,253,253,253,246,97,206,215,253,253,253,94,0,0,0,0,0,7,145,253,253,253,253,253,254,253,253,253,253,253,134,5,0,0,0,0,0,0,6,117,233,253,253,253,254,253,253,253,227,110,5,0,0,0,0,0,0,0,0,0,9,58,132,190,249,132,132,110,9,0,0,0,0,0,0,0,0,0,0,0,0,0,0,0,0,0,0,0,0,0,0,0,0,0,0,0,0,0,0,0,0,0,0,0,0,0,0,0,0,0,0,0,6
0,0,0,0,0,0,0,0,0,0,0,0,0,0,0,0,0,0,0,0,0,0,0,0,0,0,0,0,0,0,0,0,0,0,0,0,0,0,0,0,0,0,0,0,0,0,0,0,0,0,0,0,0,0,0,0,0,0,0,0,0,0,0,0,0,0,0,0,0,0,0,59,104,156,209,254,134,9,0,0,0,0,0,0,0,0,0,0,7,162,214,254,253,253,234,248,254,39,0,0,0,0,0,0,0,0,19,124,199,253,253,205,92,78,6,128,254,39,0,0,0,0,0,0,0,16,127,253,253,201,41,8,0,58,41,8,154,18,0,0,0,0,0,0,0,98,254,245,126,5,0,61,180,235,213,0,0,0,0,0,0,0,0,0,0,196,255,151,0,10,97,217,254,254,214,0,0,0,0,0,0,0,0,0,0,195,254,137,147,220,253,254,253,253,168,0,0,0,0,0,0,0,0,0,0,128,254,253,253,253,253,254,253,228,43,0,0,0,0,0,0,0,0,0,0,8,102,213,213,161,117,254,250,111,0,0,0,0,0,0,0,0,0,0,0,0,0,0,0,0,114,254,158,0,0,0,0,0,0,0,0,0,0,0,0,0,0,0,0,25,231,241,68,0,0,0,0,0,0,0,0,0,0,0,0,0,0,0,7,168,253,150,0,0,0,0,0,0,0,0,0,0,0,0,0,0,0,0,109,253,253,30,0,0,0,0,0,0,0,0,0,0,0,0,0,0,0,34,247,253,110,0,0,0,0,0,0,0,0,0,0,0,0,0,0,0,23,207,253,185,14,0,0,0,0,0,0,0,0,0,0,0,0,0,0,0,120,254,235,15,0,0,0,0,0,0,0,0,0,0,0,0,0,0,0,91,239,251,124,0,0,0,0,0,0,0,0,0,0,0,9
0,0,0,0,0,0,0,0,0,0,0,0,0,0,0,0,0,0,0,0,0,0,0,0,0,0,0,0,0,0,5,110,180,254,255,241,56,0,0,0,0,0,0,0,0,0,0,0,0,0,60,253,253,253,253,253,235,115,0,0,0,0,0,0,0,0,0,52,54,54,101,253,253,253,253,253,253,202,11,0,0,0,0,0,0,0,80,251,253,253,253,253,253,253,253,253,253,253,53,0,0,0,0,0,0,0,107,253,253,253,253,253,178,113,152,253,253,230,34,0,0,0,0,0,0,0,62,249,253,253,253,185,5,48,237,253,253,188,0,0,0,0,0,0,0,0,0,129,253,253,253,214,70,237,253,253,252,128,0,0,0,0,0,0,0,0,0,59,253,253,253,253,253,253,253,253,139,0,0,0,0,0,0,0,0,0,0,6,253,253,253,253,253,253,251,143,33,0,0,0,0,0,0,0,0,0,0,6,253,253,253,253,253,253,131,0,0,0,0,0,0,0,0,0,0,0,33,192,253,253,253,253,253,130,2,0,0,0,0,0,0,0,0,0,0,78,217,253,253,253,253,253,174,4,0,0,0,0,0,0,0,0,0,0,32,228,253,253,253,253,253,253,245,21,0,0,0,0,0,0,0,0,0,0,187,253,253,250,57,156,253,253,253,23,0,0,0,0,0,0,0,0,0,25,219,253,253,178,0,42,253,253,253,23,0,0,0,0,0,0,0,0,0,0,189,253,253,129,0,42,253,253,253,78,0,0,0,0,0,0,0,0,0,0,189,253,253,216,66,151,253,253,253,23,0,0,0,0,0,0,0,0,0,0,150,253,253,253,253,253,253,253,222,16,0,0,0,0,0,0,0,0,0,0,43,235,253,253,253,253,253,253,57,0,0,0,0,0,0,0,8
0,0,0,0,0,0,0,0,0,0,0,0,0,0,0,0,0,0,0,0,0,0,0,0,0,0,0,0,0,0,0,0,0,0,0,0,0,0,0,0,0,0,0,0,0,0,0,0,0,0,0,62,187,255,254,54,0,0,0,0,0,0,0,0,0,0,0,0,0,4,119,241,203,90,234,188,8,0,0,0,0,0,0,0,0,0,0,0,17,199,254,185,11,43,245,230,13,0,0,0,0,0,0,0,0,0,0,18,198,251,182,12,0,137,254,185,0,0,0,0,0,0,0,0,0,0,3,151,254,147,0,0,0,137,254,101,0,0,0,0,0,0,0,0,0,0,61,254,193,13,0,0,22,215,174,6,0,0,0,0,0,0,0,0,0,3,180,231,49,0,0,0,151,247,72,0,0,0,0,0,0,0,0,0,0,32,254,141,0,0,0,114,246,133,0,0,0,0,0,0,0,0,0,0,0,105,254,102,0,0,86,246,217,34,0,0,0,0,0,0,0,0,0,0,0,105,254,118,53,165,246,254,107,0,0,0,0,0,0,0,0,0,0,0,0,105,254,254,254,254,254,215,19,0,0,0,0,0,0,0,0,0,0,0,0,16,101,185,154,167,254,109,0,0,0,0,0,0,0,0,0,0,0,0,0,0,0,0,0,166,245,33,0,0,0,0,0,0,0,0,0,0,0,0,0,0,0,0,49,248,165,0,0,0,0,0,0,0,0,0,0,0,0,0,0,0,0,0,118,254,81,0,0,0,0,0,0,0,0,0,0,0,0,0,0,0,0,8,208,170,4,0,0,0,0,0,0,0,0,0,0,0,0,0,0,0,0,81,254,110,0,0,0,0,0,0,0,0,0,0,0,0,0,0,0,0,0,113,233,19,0,0,0,0,0,0,0,0,0,0,9
0,0,0,0,55,59,59,59,59,59,59,46,0,0,0,0,0,0,0,0,0,0,55,118,243,253,253,253,253,253,253,223,118,36,0,0,0,0,0,0,0,42,212,253,253,253,253,253,253,253,253,254,253,199,13,0,0,0,0,0,0,241,253,253,246,213,213,213,213,213,213,254,253,253,18,0,0,0,0,0,0,254,253,253,137,0,0,0,0,0,0,178,253,253,94,0,0,0,0,0,0,254,180,97,7,0,0,0,0,0,0,180,253,253,213,0,0,0,0,0,0,38,20,0,0,0,0,0,0,0,167,254,253,253,47,0,0,0,0,0,0,0,0,0,0,0,0,0,0,43,213,254,253,253,18,0,0,0,0,0,0,0,0,0,0,0,0,0,43,200,253,254,253,157,9,0,0,0,0,0,0,0,0,0,0,0,0,167,213,253,253,254,161,18,0,0,0,0,0,0,0,0,0,0,0,23,59,226,254,254,254,152,0,0,0,0,0,0,0,0,0,0,0,0,110,170,253,253,253,253,161,0,0,0,0,0,0,0,0,0,0,0,0,124,247,253,253,253,253,157,18,0,0,0,0,0,0,0,0,0,0,0,110,247,253,253,253,253,253,137,40,40,40,40,3,0,0,0,13,145,0,0,118,253,253,253,253,253,253,253,253,254,253,253,109,99,99,99,146,253,0,0,118,253,253,253,253,253,253,253,253,255,253,253,253,253,253,253,253,253,0,0,18,38,219,233,233,233,233,244,237,254,253,253,253,253,253,253,253,253,0,0,0,0,0,0,0,0,0,95,40,175,174,174,174,174,223,253,228,174,0,0,0,0,0,0,0,0,0,0,0,0,0,0,0,0,72,116,80,0,0,0,0,0,0,0,0,0,0,0,0,0,0,0,0,0,0,0,0,0,2
0,0,0,0,0,0,0,0,5,122,248,255,253,253,253,253,124,0,0,0,0,0,0,0,0,0,0,49,186,252,252,253,252,252,252,252,221,47,25,14,0,0,0,0,0,0,0,85,252,252,252,253,252,252,252,252,252,252,252,211,0,0,0,0,0,0,0,108,252,252,229,205,134,158,204,204,241,252,252,252,0,0,0,0,0,0,0,147,252,252,131,0,0,0,0,0,55,218,252,226,0,0,0,0,0,0,0,170,252,252,224,0,0,0,0,0,0,205,252,110,0,0,0,0,0,0,0,85,252,252,252,138,0,0,0,0,100,243,220,16,0,0,0,0,0,0,0,53,192,252,252,246,42,0,0,0,193,252,155,0,0,0,0,0,0,0,0,0,56,242,252,253,227,42,21,195,247,216,31,0,0,0,0,0,0,0,0,0,0,229,252,253,252,245,243,252,252,167,0,0,0,0,0,0,9,41,132,132,179,253,253,255,253,253,253,253,152,23,0,0,0,0,3,100,217,252,252,252,252,252,252,253,252,252,247,199,26,0,0,0,0,0,100,252,252,252,252,252,252,252,252,253,252,252,186,0,0,0,0,0,0,9,217,252,252,252,215,204,204,95,84,172,252,252,84,0,0,0,0,0,0,41,252,252,131,72,17,0,0,0,116,219,252,243,64,0,0,0,0,0,0,132,252,252,84,0,0,25,73,182,250,253,252,124,0,0,0,0,0,0,0,132,252,252,140,85,177,221,252,252,252,253,244,64,0,0,0,0,0,0,0,132,252,252,252,252,252,252,252,252,252,249,84,0,0,0,0,0,0,0,0,81,252,252,252,252,252,252,252,252,148,22,0,0,0,0,0,0,0,0,0,1,149,252,252,252,252,212,131,22,1,0,0,0,0,0,0,0,0,0,8
0,0,0,0,0,0,0,0,22,155,255,254,155,84,1,0,0,0,0,0,0,0,0,0,0,0,32,39,210,253,253,253,253,253,96,15,0,0,0,0,0,0,0,0,0,19,231,253,253,253,253,253,253,253,253,106,0,0,0,0,0,0,0,0,0,48,240,253,253,253,203,182,209,253,253,216,99,0,0,0,0,0,0,0,0,130,253,253,253,178,14,0,18,193,253,253,222,25,0,0,0,0,0,0,64,248,253,253,182,11,0,0,0,66,251,253,253,70,0,0,0,0,0,0,72,253,253,189,5,0,0,0,0,0,135,253,253,128,0,0,0,0,0,0,83,253,253,119,0,0,0,0,0,0,64,253,253,194,5,0,0,0,0,0,189,253,253,11,0,0,0,0,0,0,12,253,253,253,53,0,0,0,0,0,189,253,253,11,0,0,0,0,0,0,12,253,253,253,53,0,0,0,0,42,239,253,171,3,0,0,0,0,0,0,12,253,253,253,53,0,0,0,0,54,253,253,147,0,0,0,0,0,0,0,12,253,253,253,53,0,0,0,0,5,195,253,147,0,0,0,0,0,0,0,65,253,253,224,30,0,0,0,0,0,128,253,251,11,0,0,0,0,0,0,136,253,253,73,0,0,0,0,0,0,72,253,253,80,0,0,0,0,0,14,249,253,253,70,0,0,0,0,0,10,160,253,253,129,0,0,0,0,18,194,253,253,200,25,0,0,0,0,0,54,253,253,253,161,66,66,66,66,191,253,253,232,25,0,0,0,0,0,0,11,202,253,253,253,253,253,253,253,253,253,249,96,0,0,0,0,0,0,0,0,59,188,253,253,253,253,253,253,253,209,91,0,0,0,0,0,0,0,0,0,0,6,122,248,187,135,135,226,154,20,0,0,0,0,0,0,0
0,0,0,0,0,0,0,0,10,172,252,253,145,0,0,0,0,0,0,0,0,0,0,0,0,0,0,0,27,252,252,253,104,0,0,0,0,0,0,0,0,0,0,0,0,0,0,0,132,252,252,253,13,0,0,0,0,0,0,0,0,0,0,0,0,0,0,30,228,252,252,136,4,0,0,0,0,0,0,0,0,0,0,0,0,0,0,131,252,252,252,0,0,0,0,0,0,0,0,0,0,0,0,0,0,0,6,181,252,252,238,0,0,0,0,0,0,0,0,0,0,0,0,0,0,0,54,252,252,244,50,0,0,0,0,0,0,0,0,0,0,0,0,0,0,0,125,252,252,168,0,0,0,0,0,0,0,0,0,0,0,0,0,0,0,68,253,253,253,107,0,0,0,0,0,0,0,0,0,0,0,0,0,0,0,124,252,252,226,6,0,51,107,226,128,79,0,0,0,0,0,0,0,0,0,200,252,252,176,5,94,240,252,252,252,245,109,0,0,0,0,0,0,0,26,216,252,252,227,215,252,253,252,252,252,252,215,26,0,0,0,0,0,0,116,252,252,252,252,252,252,253,252,252,252,252,252,79,0,0,0,0,0,0,213,252,252,252,252,252,252,253,252,252,252,252,241,63,0,0,0,0,0,0,213,252,252,252,252,252,252,253,252,252,252,241,97,0,0,0,0,0,0,0,121,246,252,252,252,252,252,253,252,242,183,68,0,0,0,0,0,0,0,0,0,120,248,252,252,252,252,240,182,67,0,0,0,0,0,0,0,0,0,0,0,0,89,210,252,252,181,0,0,0,0,0,0,0,0,0,0,0,0,0,0,0,0,0,0,0,0,0,0,0,0,0,0,0,0,0,0,0,0,0,0,0,0,0,0,0,0,0,0,0,0,0,0,0,0,0,6
0,0,0,0,0,0,0,0,0,0,0,0,0,0,0,0,0,0,0,0,0,0,0,0,0,0,0,0,0,0,0,0,0,0,0,0,0,0,0,0,0,0,0,0,0,0,0,0,0,0,0,0,0,0,0,0,0,0,0,0,0,0,0,0,0,0,0,51,128,161,237,254,229,99,0,0,0,0,0,0,0,0,0,0,0,26,164,247,254,227,206,206,237,249,142,0,47,21,0,0,0,0,0,0,108,232,251,162,113,21,0,0,55,192,232,57,254,115,0,0,0,0,0,102,254,253,96,0,0,0,0,0,0,47,253,253,254,48,0,0,0,0,24,254,255,56,0,0,0,0,0,0,0,0,183,254,185,9,0,0,0,0,74,253,216,11,0,0,0,0,0,0,0,0,166,253,42,0,0,0,0,0,116,253,184,0,0,0,0,0,0,0,0,38,245,244,0,0,0,0,0,0,49,253,210,9,0,0,0,0,0,0,0,147,253,160,0,0,0,0,0,0,17,210,254,152,13,0,0,0,0,26,187,254,254,103,0,0,0,0,0,0,0,42,237,253,234,163,139,138,180,239,254,253,240,31,0,0,0,0,0,0,0,0,29,146,230,230,239,230,230,162,103,253,230,0,0,0,0,0,0,0,0,0,0,0,0,0,25,0,0,0,70,253,230,0,0,0,0,0,0,0,0,0,0,0,0,0,0,0,0,0,162,254,113,0,0,0,0,0,0,0,0,0,0,0,0,0,0,0,0,0,245,244,38,0,0,0,0,0,0,0,0,0,0,0,0,0,0,0,0,76,254,206,0,0,0,0,0,0,0,0,0,0,0,0,0,0,0,0,0,93,254,206,0,0,0,0,0,0,0,0,0,0,0,0,0,0,0,0,0,151,254,182,0,0,0,0,0,0,9
0,0,0,0,0,0,0,0,0,0,0,0,0,0,0,0,0,0,0,0,0,0,0,0,0,0,0,0,0,0,57,86,197,255,253,86,28,0,0,0,0,0,0,0,0,0,0,0,0,169,224,253,251,253,251,253,196,0,0,0,0,0,0,0,0,0,0,29,197,254,253,254,253,254,253,254,253,254,253,198,0,0,0,0,0,0,114,197,251,253,251,253,138,139,251,253,251,253,251,253,0,0,0,0,0,141,253,255,253,254,84,0,169,254,253,254,253,254,253,254,0,0,0,0,114,253,251,253,251,196,28,57,224,253,251,253,138,84,196,253,0,0,0,0,169,255,253,255,84,0,169,254,253,254,196,114,0,29,197,254,0,0,0,57,224,253,251,196,28,57,224,253,251,84,28,0,0,85,251,253,0,0,57,254,253,254,196,0,57,141,253,226,56,0,0,0,0,141,253,254,0,0,168,253,251,253,83,0,168,253,138,56,0,0,0,0,114,253,251,253,0,29,197,254,253,226,56,85,253,226,56,0,0,0,0,29,197,254,253,114,0,85,251,253,251,56,0,197,251,56,0,0,0,0,0,197,251,253,138,0,0,86,253,254,196,0,0,57,56,0,0,0,0,29,197,254,253,226,56,0,0,197,251,253,83,0,0,0,0,0,0,0,114,197,251,253,251,56,0,0,0,255,253,254,84,0,0,0,0,0,57,141,253,254,253,226,56,0,0,0,0,253,251,253,196,0,0,0,0,57,224,253,251,253,251,56,0,0,0,0,0,86,253,254,253,254,139,85,197,254,253,254,253,169,56,0,0,0,0,0,0,28,196,253,251,253,251,253,251,253,251,253,138,0,0,0,0,0,0,0,0,0,114,254,253,254,253,254,253,254,196,114,0,0,0,0,0,0,0,0,0
0,0,0,0,0,0,0,0,0,0,0,0,0,0,0,0,0,0,0,0,0,0,0,0,0,0,0,0,0,0,0,0,0,0,0,0,0,0,0,0,0,0,0,0,0,0,0,0,0,0,0,0,0,0,0,0,0,0,0,0,0,0,0,0,0,0,0,5,94,249,254,255,202,117,0,0,0,0,0,0,0,0,0,0,0,0,7,119,254,254,254,254,254,245,10,0,0,0,0,0,0,0,0,0,0,0,53,254,254,254,254,191,247,254,86,0,0,0,0,0,0,0,0,0,0,0,169,254,254,254,217,2,140,254,86,0,0,0,0,0,0,0,0,0,0,74,252,254,254,231,40,0,185,254,86,0,0,0,0,0,0,0,0,0,0,87,254,254,254,136,0,0,235,247,25,0,0,0,0,0,0,0,0,0,0,87,254,254,236,14,0,17,239,187,0,0,0,0,0,0,0,0,0,0,0,15,135,131,29,0,0,121,254,148,0,0,0,0,0,0,0,0,0,0,0,0,0,0,0,0,0,173,254,148,0,0,0,0,0,0,0,0,0,0,0,0,0,0,0,0,9,219,254,94,0,0,0,0,0,0,0,0,0,0,0,0,0,0,0,0,57,254,251,50,0,0,0,0,0,0,0,0,0,0,0,0,0,0,0,0,139,254,181,0,0,0,0,0,0,0,0,0,0,0,0,0,0,0,0,0,206,254,115,0,0,0,0,0,0,0,0,0,0,0,0,0,0,0,0,0,206,254,111,0,0,0,0,0,0,0,0,0,0,0,0,0,0,0,0,0,206,254,19,0,0,0,0,0,0,0,0,0,0,0,0,0,0,0,0,8,214,254,19,0,0,0,0,0,0,0,0,0,0,0,0,0,0,0,0,49,254,254,19,0,0,0,0,0,0,0,7
0,0,0,0,0,0,0,0,0,0,0,134,161,0,0,0,0,0,0,0,0,0,0,0,0,0,0,0,0,0,12,217,160,0,0,0,0,0,0,0,0,0,0,0,0,0,0,0,0,0,78,249,160,0,0,0,0,0,0,0,0,0,0,0,0,0,0,0,0,0,133,254,160,0,0,0,0,0,0,0,0,0,0,0,0,0,0,0,0,20,230,254,152,0,0,0,0,0,0,0,0,0,0,0,0,0,0,0,0,80,254,254,71,0,0,0,0,0,0,0,0,0,0,0,0,0,0,0,0,134,254,248,48,0,0,0,0,0,0,0,0,0,0,0,0,0,0,0,0,134,254,237,0,0,0,0,0,0,0,0,0,0,0,0,0,0,0,0,0,186,254,153,0,0,0,0,0,0,0,0,0,0,0,0,0,0,0,0,31,240,254,147,0,0,0,0,0,0,0,0,0,0,0,0,0,0,0,0,132,254,254,73,0,0,0,0,0,0,0,0,0,0,0,0,0,0,0,0,148,254,241,34,0,0,0,0,0,0,0,0,0,0,0,0,0,0,0,0,149,254,221,0,0,0,0,0,0,0,0,0,0,0,0,0,0,0,0,0,237,254,133,0,0,0,0,0,0,0,0,0,0,0,0,0,0,0,0,0,237,254,133,0,0,0,0,0,0,0,0,0,0,0,0,0,0,0,0,41,247,254,133,0,0,0,0,0,0,0,0,0,0,0,0,0,0,0,0,118,254,254,120,0,0,0,0,0,0,0,0,0,0,0,0,0,0,0,0,161,254,250,40,0,0,0,0,0,0,0,0,0,0,0,0,0,0,0,0,161,254,210,0,0,0,0,0,0,0,0,0,0,0,0,0,0,0,0,0,130,254,116,0,0,0,0,0,0,0,0,0,0,1
0,0,0,0,0,0,0,0,0,0,0,0,0,0,0,0,0,0,0,0,0,0,0,0,0,0,0,0,0,0,0,0,0,0,0,0,0,0,0,0,0,0,0,0,0,0,0,0,0,0,53,156,254,254,188,101,0,0,0,0,0,0,0,0,0,0,0,0,6,125,235,253,251,248,253,239,33,0,0,0,0,0,0,0,0,0,0,0,165,253,253,199,68,51,253,186,26,0,0,0,0,0,0,0,0,0,3,127,252,253,194,7,0,48,68,4,0,0,0,0,0,0,0,0,0,0,128,253,253,188,2,0,0,0,0,37,75,6,0,0,0,0,0,0,0,51,242,253,182,39,0,0,0,0,48,230,253,110,0,0,0,0,0,0,15,232,253,253,42,0,0,0,0,6,198,253,253,86,0,0,0,0,0,0,76,253,253,119,1,0,0,0,10,210,253,253,178,2,0,0,0,0,0,0,196,253,230,17,0,0,19,95,171,253,253,254,98,0,0,0,0,0,0,0,219,253,202,78,128,164,250,253,253,253,253,130,2,0,0,0,0,0,0,0,176,253,253,253,253,252,250,209,253,253,253,88,0,0,0,0,0,0,0,0,8,94,94,94,94,59,49,104,253,253,186,11,0,0,0,0,0,0,0,0,0,0,0,0,0,0,56,253,253,241,46,0,0,0,0,0,0,0,0,0,0,0,0,0,0,0,216,253,253,73,0,0,0,0,0,0,0,0,0,0,0,0,0,0,0,85,253,253,214,20,0,0,0,0,0,0,0,0,0,0,0,0,0,0,13,184,253,250,28,0,0,0,0,0,0,0,0,0,0,0,0,0,0,0,146,253,253,142,0,0,0,0,0,0,0,0,0,0,0,0,0,0,0,31,244,253,216,13,0,0,0,0,0,0,0,0,9
0,0,0,0,0,0,0,0,0,0,0,0,0,0,0,0,0,0,0,0,0,0,0,0,0,0,0,0,0,0,0,0,0,0,0,0,0,0,0,0,0,0,0,0,0,0,0,0,0,0,0,0,0,0,0,0,0,0,0,0,0,0,0,0,0,0,0,0,0,0,106,118,218,255,254,130,0,0,0,0,0,0,109,234,234,159,159,234,234,234,251,253,253,253,253,129,0,0,0,0,0,0,83,247,253,253,253,253,253,253,226,177,233,253,253,129,0,0,0,0,0,0,0,109,198,198,198,117,61,61,40,15,200,253,248,31,0,0,0,0,0,0,0,0,0,0,0,0,0,0,0,88,253,249,138,0,0,0,0,0,0,0,0,0,0,0,0,0,0,0,54,234,253,226,0,0,0,0,0,0,0,0,0,0,0,0,0,0,0,0,90,253,253,154,0,0,0,0,0,0,0,0,0,0,0,24,111,111,111,111,160,253,253,235,111,111,111,111,111,207,0,0,0,0,0,104,253,253,253,253,253,253,253,253,253,253,253,175,164,164,0,0,0,0,0,81,253,253,218,252,253,253,214,47,47,47,47,7,0,0,0,0,0,0,0,45,112,68,33,173,253,253,105,0,0,0,0,0,0,0,0,0,0,0,0,0,0,0,0,248,253,246,61,0,0,0,0,0,0,0,0,0,0,0,0,0,0,0,0,248,253,184,0,0,0,0,0,0,0,0,0,0,0,0,0,0,0,0,0,248,253,118,0,0,0,0,0,0,0,0,0,0,0,0,0,0,0,0,125,253,253,47,0,0,0,0,0,0,0,0,0,0,0,0,0,0,0,57,237,253,253,47,0,0,0,0,0,0,0,0,0,0,0,0,0,0,0,151,253,253,183,10,0,0,0,0,0,0,0,0,7
0,0,0,0,0,0,0,0,0,0,98,246,253,253,139,0,0,0,0,0,0,0,0,0,0,0,0,0,0,100,242,253,210,177,31,0,0,0,0,0,0,0,0,0,0,0,0,0,0,206,253,202,27,0,0,0,0,0,0,0,0,0,0,0,0,0,0,0,61,238,202,29,0,0,0,0,0,0,0,0,0,0,0,0,0,0,0,6,99,212,28,0,0,0,0,0,0,0,0,0,0,0,0,0,0,0,0,111,253,114,0,0,0,0,0,0,0,0,0,0,0,0,0,0,0,0,0,170,253,47,0,0,0,0,0,0,0,0,0,0,0,0,0,0,0,0,47,250,173,5,0,0,0,0,0,0,0,0,0,0,0,0,0,0,0,4,164,253,52,19,96,206,206,139,4,0,0,0,0,0,0,0,0,0,0,14,253,172,25,178,253,253,253,253,13,0,0,0,0,0,0,0,0,0,0,14,253,155,182,253,207,89,182,253,103,0,0,0,0,0,0,0,0,0,0,18,253,253,253,210,29,0,144,253,150,0,0,0,0,0,0,0,0,0,0,151,253,253,253,47,0,0,144,253,83,0,0,0,0,0,0,0,0,0,0,151,253,253,253,47,0,0,144,253,13,0,0,0,0,0,0,0,0,0,0,151,253,253,175,7,0,24,239,253,13,0,0,0,0,0,0,0,0,0,0,43,253,253,234,37,12,157,253,253,13,0,0,0,0,0,0,0,0,0,0,12,233,253,253,192,193,253,253,233,11,0,0,0,0,0,0,0,0,0,0,0,50,164,253,253,253,253,238,49,0,0,0,0,0,0,0,0,0,0,0,0,0,51,164,253,253,238,50,0,0,0,0,0,0,0,0,0,0,0,0,0,0,0,0,0,0,0,0,0,0,0,0,0,0,0,6
0,0,0,0,0,0,0,0,5,127,246,178,23,0,0,0,0,0,0,0,0,0,0,0,0,0,0,0,147,253,253,207,53,0,0,0,0,0,0,0,0,0,0,0,0,0,0,19,226,253,157,48,0,0,0,0,0,0,0,0,0,0,0,0,0,0,0,74,253,240,23,0,0,0,0,0,0,0,0,0,0,0,0,0,0,0,0,156,253,174,0,0,0,0,0,0,0,0,0,0,0,0,0,0,0,0,0,217,254,78,0,0,0,0,0,10,59,0,0,0,0,0,0,0,0,0,0,208,253,128,35,80,118,200,214,210,195,38,0,0,0,0,0,0,0,0,0,71,241,253,253,253,254,179,78,36,0,0,0,0,0,0,0,0,0,0,0,0,125,253,253,253,72,3,0,0,0,0,0,0,0,0,0,0,0,0,0,83,222,253,253,253,218,30,0,0,0,0,0,0,0,0,0,0,0,0,0,156,254,152,31,240,255,196,0,0,0,0,0,0,0,0,0,0,0,0,0,239,228,12,0,105,254,233,0,0,0,0,0,0,0,0,0,0,0,0,68,254,135,0,0,0,254,239,24,0,0,0,0,0,0,0,0,0,0,0,188,254,135,0,0,0,254,253,78,0,0,0,0,0,0,0,0,0,0,0,157,254,135,0,0,0,254,237,18,0,0,0,0,0,0,0,0,0,0,0,99,255,234,0,0,121,255,174,0,0,0,0,0,0,0,0,0,0,0,0,98,254,235,6,34,244,249,50,0,0,0,0,0,0,0,0,0,0,0,0,30,254,253,108,137,253,98,0,0,0,0,0,0,0,0,0,0,0,0,0,0,139,247,247,245,138,0,0,0,0,0,0,0,0,0,0,0,0,0,0,0,0,139,222,131,0,0,0,0,0,0,0,0,0,8
0,0,0,0,0,0,0,0,0,0,0,0,10,147,250,207,15,0,0,0,0,0,0,0,0,0,0,0,0,0,0,0,118,253,253,126,0,0,0,0,0,0,0,0,0,0,0,0,0,0,0,55,250,225,71,5,0,0,0,0,0,0,0,0,0,0,0,0,0,0,38,171,245,48,0,0,0,0,0,0,0,0,0,0,0,0,0,0,0,25,231,255,151,0,0,0,0,0,0,0,0,0,0,0,0,0,0,0,0,92,253,219,21,0,0,0,0,0,0,0,0,0,0,0,0,0,0,0,55,247,253,30,0,0,0,0,0,0,0,0,0,0,0,0,0,0,0,0,94,253,237,0,0,0,0,0,0,0,0,0,0,0,0,0,0,0,0,8,205,253,118,0,0,0,0,0,0,0,0,0,0,0,0,0,0,0,0,140,254,254,254,156,112,18,0,0,0,0,0,0,0,0,0,0,0,0,5,217,216,150,233,246,253,226,62,0,0,0,0,0,0,0,0,0,0,0,127,253,174,0,0,48,196,253,158,18,0,0,0,0,0,0,0,0,0,106,246,253,123,0,0,0,9,181,253,73,0,0,0,0,0,0,0,0,0,83,216,253,78,0,0,0,0,101,253,155,0,0,0,0,0,0,0,0,0,0,179,254,175,0,0,0,0,138,254,96,0,0,0,0,0,0,0,0,0,0,254,253,211,9,0,0,2,181,174,9,0,0,0,0,0,0,0,0,0,0,223,253,253,49,0,49,167,253,87,0,0,0,0,0,0,0,0,0,0,0,156,253,253,243,234,237,168,49,2,0,0,0,0,0,0,0,0,0,0,0,96,200,192,58,58,45,0,0,0,0,0,0,0,0,0,0,0,0,0,0,0,0,0,0,0,0,0,0,0,0,0,0,0,0,6
0,0,0,0,0,0,0,0,0,0,0,0,0,0,0,0,0,0,0,0,0,0,0,0,0,0,0,0,0,0,0,0,0,0,0,0,0,0,0,0,0,0,0,0,0,0,0,0,0,0,0,0,0,0,0,0,0,0,0,0,0,0,0,0,0,128,255,255,191,255,191,128,64,0,0,0,0,0,0,0,0,0,0,0,128,255,255,255,255,255,255,255,191,128,0,0,0,0,0,0,0,0,0,128,255,255,255,255,255,255,255,255,255,128,0,64,0,0,0,0,0,0,0,255,255,255,64,255,255,191,255,255,255,255,255,255,128,0,0,0,0,0,191,255,255,128,0,64,0,0,0,191,255,255,255,255,255,0,0,0,0,0,255,255,255,0,0,0,0,0,0,64,255,255,255,255,255,0,0,0,0,0,255,255,255,128,64,0,0,0,0,64,255,255,255,255,191,0,0,0,0,0,255,255,255,255,255,128,128,128,255,191,255,255,255,255,128,0,0,0,0,0,191,255,255,255,255,255,255,255,255,255,255,255,255,255,64,0,0,0,0,0,0,191,255,255,255,255,255,255,255,255,255,255,255,255,128,0,0,0,0,0,0,64,191,255,255,255,255,191,255,255,128,191,255,255,128,0,0,0,0,0,0,0,0,128,0,128,128,0,0,0,0,128,255,255,191,0,0,0,0,0,0,0,0,0,0,0,0,0,0,0,0,128,255,255,128,0,0,0,0,0,0,0,0,0,0,0,0,0,0,0,0,0,255,255,255,0,0,0,0,0,0,0,0,0,0,0,0,0,0,0,0,0,255,255,255,0,0,0,0,0,0,0,0,0,0,0,0,0,0,0,0,0,255,255,255,64,0,0,0,0,0,0,0,0,0,0,0,0,0,0,0,0,128,255,255,255,0,0,9
0,0,0,0,0,0,0,0,0,0,0,0,0,0,0,0,0,0,0,0,0,0,0,0,0,0,0,0,0,0,0,0,0,0,0,0,0,0,0,0,0,0,0,0,0,0,0,0,0,0,0,0,120,243,102,0,0,0,0,0,0,0,0,0,0,0,0,0,0,0,0,169,228,254,131,0,0,0,0,0,0,0,0,0,0,0,0,0,0,20,201,195,20,222,131,0,0,0,0,0,0,0,0,0,0,0,0,0,67,206,196,17,0,219,131,0,0,0,0,0,0,0,0,0,0,0,0,99,243,140,13,0,46,249,131,0,0,0,0,0,0,0,0,0,0,4,109,242,168,15,0,0,126,254,131,0,0,0,0,0,0,0,0,0,4,141,254,177,16,0,0,0,140,254,92,0,0,0,0,0,0,0,0,25,186,254,254,227,45,7,0,0,177,214,11,0,0,0,0,0,0,0,0,192,249,175,193,251,254,181,7,3,229,123,0,0,0,0,0,0,0,0,0,41,41,0,0,60,196,254,205,133,254,123,0,0,0,0,0,0,0,0,0,0,0,0,0,0,0,170,254,254,255,35,0,0,0,0,0,0,0,0,0,0,0,0,0,0,0,3,136,254,178,2,0,0,0,0,0,0,0,0,0,0,0,0,0,0,0,0,71,254,114,0,0,0,0,0,0,0,0,0,0,0,0,0,0,0,0,0,149,220,21,0,0,0,0,0,0,0,0,0,0,0,0,0,0,0,0,0,158,146,0,0,0,0,0,0,0,0,0,0,0,0,0,0,0,0,0,0,200,105,0,0,0,0,0,0,0,0,0,0,0,0,0,0,0,0,0,0,246,105,0,0,0,0,0,0,0,0,0,0,0,0,0,0,0,0,0,6,246,105,0,0,0,0,0,0,0,0,4
0,0,0,0,0,0,0,0,0,0,0,0,0,0,0,0,0,0,0,0,0,0,0,0,0,0,0,0,0,0,0,0,0,0,0,0,0,0,0,0,0,0,0,0,0,0,0,13,106,158,254,166,106,140,157,106,105,193,106,106,0,0,0,0,0,0,0,154,253,253,253,253,254,253,253,253,253,253,253,253,0,0,0,0,0,0,0,63,89,147,253,253,248,238,238,238,194,177,89,89,0,0,0,0,0,0,0,0,64,167,253,253,79,0,0,0,0,0,0,0,0,0,0,0,0,0,0,9,170,253,240,90,0,0,0,0,0,0,0,0,0,0,0,0,0,0,0,48,253,253,102,0,0,0,0,0,0,0,0,0,0,0,0,0,0,0,40,219,253,205,28,0,0,0,0,0,0,0,0,0,0,0,0,0,0,0,76,253,253,163,0,0,0,0,0,0,0,0,0,0,0,0,0,0,0,0,76,253,253,75,0,0,0,0,0,0,0,0,0,0,0,0,0,0,0,0,76,253,253,163,0,0,0,0,0,0,0,0,0,0,0,0,0,0,0,0,45,224,255,201,25,0,0,0,0,0,0,0,0,0,0,0,0,0,0,0,0,144,253,253,59,0,0,0,0,0,0,0,0,0,0,0,0,0,0,0,0,30,253,253,59,0,0,0,0,0,0,0,0,0,0,0,0,0,0,0,0,31,253,253,59,0,0,0,0,0,0,0,0,0,0,0,0,0,0,0,0,75,253,253,59,0,0,0,0,0,0,0,0,0,0,0,0,0,0,0,9,188,253,253,59,0,0,0,0,0,0,0,0,0,0,0,0,0,0,0,76,253,253,205,28,0,0,0,0,0,0,0,0,0,0,0,100,116,91,91,227,253,253,111,0,0,0,0,0,0,0,0,0,0,5
0,0,0,0,0,0,0,0,0,0,0,0,0,0,0,0,0,0,0,0,0,0,0,0,0,0,0,0,0,0,0,0,41,124,169,198,198,133,23,0,0,0,0,0,0,0,0,0,0,0,42,196,253,254,254,254,254,254,180,0,0,0,0,0,0,0,0,0,0,88,239,254,205,95,55,8,45,214,254,96,0,0,0,0,0,0,0,0,59,239,218,68,7,0,0,0,0,56,254,135,0,0,0,0,0,93,210,102,201,201,20,0,0,0,0,0,0,64,228,55,0,0,0,0,0,206,254,254,222,20,0,0,0,0,0,0,34,220,171,0,0,0,0,0,0,194,254,254,102,0,0,0,0,0,46,162,240,190,7,0,0,0,0,0,0,156,254,221,12,0,0,27,95,209,225,202,158,18,0,0,0,0,0,0,0,98,251,205,5,43,123,225,247,154,19,0,0,0,0,0,0,0,0,0,0,0,238,254,220,241,165,125,47,0,0,0,0,0,0,0,0,0,0,0,0,11,211,254,254,102,0,0,0,0,0,0,0,0,0,0,0,0,0,0,0,151,254,243,254,182,76,35,23,7,0,0,0,0,0,0,0,0,0,0,34,248,163,55,243,254,209,209,136,10,0,0,0,0,0,0,0,0,0,0,113,254,36,0,161,254,53,0,0,0,0,0,0,0,0,0,0,0,0,0,153,254,24,0,143,254,101,0,0,0,0,0,0,0,0,0,0,0,0,0,74,254,104,0,79,254,121,0,0,0,0,0,0,0,0,0,0,0,0,0,45,250,169,2,16,233,58,0,0,0,0,0,0,0,0,0,0,0,0,0,0,210,254,118,28,236,96,0,0,0,0,0,0,0,0,0,0,0,0,0,0,71,247,254,254,234,49,0,0,0,0,0,0,0,0,0,8
0,0,0,0,0,0,0,0,0,0,0,0,0,0,0,0,0,0,0,0,0,0,0,0,0,0,0,0,0,29,166,119,0,0,0,0,0,0,0,0,0,0,0,0,0,0,0,0,51,166,240,130,0,0,0,0,0,0,0,0,0,0,0,0,0,0,0,29,234,253,158,0,0,0,0,0,0,0,0,0,0,0,0,0,0,0,26,210,252,178,9,0,0,0,0,0,0,0,0,0,0,0,0,0,0,4,128,253,241,51,0,0,0,0,0,10,128,114,0,0,0,0,0,0,0,104,252,233,59,0,0,0,0,0,13,123,252,113,0,0,0,0,0,0,0,178,233,62,0,0,0,0,0,0,57,252,252,25,0,0,0,0,0,0,51,253,196,0,0,0,0,0,0,0,157,252,102,0,0,0,0,0,0,0,114,255,197,0,0,0,0,0,0,141,253,206,13,0,0,0,0,0,0,0,113,253,196,0,0,0,0,0,26,216,240,81,0,0,0,0,0,0,0,0,25,216,240,110,47,0,0,29,210,253,196,0,0,0,0,0,0,0,0,0,0,79,215,252,240,226,225,234,252,253,96,0,0,0,0,0,0,0,0,0,0,0,26,113,113,163,144,253,253,151,0,0,0,0,0,0,0,0,0,0,0,0,0,0,0,0,82,252,227,0,0,0,0,0,0,0,0,0,0,0,0,0,0,0,0,10,197,252,52,0,0,0,0,0,0,0,0,0,0,0,0,0,0,0,0,128,252,214,15,0,0,0,0,0,0,0,0,0,0,0,0,0,0,0,0,204,222,25,0,0,0,0,0,0,0,0,0,0,0,0,0,0,0,0,26,253,171,0,0,0,0,0,0,0,0,0,0,0,0,0,0,0,0,0,76,253,84,0,0,0,0,0,0,0,0,0,4
0,0,0,0,0,0,0,0,0,0,0,0,0,0,0,0,0,0,0,0,0,0,0,0,0,0,0,0,0,0,0,0,0,0,0,0,0,0,0,0,0,22,185,254,255,212,254,254,254,254,254,254,199,150,35,0,0,0,0,0,0,37,253,253,253,253,253,253,253,253,253,253,253,253,217,31,0,0,0,0,0,2,87,114,114,71,114,114,114,114,114,149,222,253,253,83,0,0,0,0,0,0,0,0,0,0,0,0,0,0,0,0,32,253,253,159,0,0,0,0,0,0,0,0,0,0,0,0,0,0,0,0,32,253,253,132,0,0,0,0,0,0,0,0,0,0,0,0,0,0,0,0,32,253,253,83,0,0,0,0,0,0,0,0,0,0,0,0,0,0,0,0,129,253,252,78,0,0,0,0,0,0,0,0,0,0,0,0,0,0,0,59,248,253,207,0,0,0,0,0,0,0,0,0,0,0,0,0,0,0,0,91,253,253,42,0,0,0,0,0,0,0,0,0,0,0,0,0,0,0,9,205,253,205,10,0,0,0,0,0,0,0,0,0,0,0,0,0,0,0,125,253,241,65,0,0,0,0,0,0,0,0,0,0,0,0,0,0,0,0,162,253,205,0,0,0,0,0,0,0,0,0,0,0,0,0,0,0,0,0,249,253,119,0,0,0,0,0,0,0,0,0,0,0,0,0,0,0,0,148,253,206,13,0,13,0,0,0,0,0,0,0,0,0,0,0,0,0,0,202,253,165,10,152,91,0,0,0,0,0,0,0,0,0,0,0,0,0,26,228,253,122,93,253,25,0,0,0,0,0,0,0,0,0,0,0,0,0,80,253,253,220,253,173,9,0,0,0,0,0,0,0,0,0,0,0,0,0,156,253,253,253,222,11,0,0,0,0,0,0,7
0,0,0,0,0,0,0,0,0,0,0,64,191,255,191,64,0,0,0,0,0,0,0,0,0,0,0,0,0,0,64,255,255,255,255,64,0,0,0,0,0,0,0,0,0,0,0,0,0,64,255,255,255,255,64,0,0,0,0,0,0,0,0,0,0,0,0,0,64,255,255,255,255,255,128,0,0,0,0,0,0,0,0,0,0,0,0,64,255,255,255,64,191,255,255,191,64,0,0,0,0,0,0,0,0,0,128,255,255,191,64,0,0,64,255,255,255,64,0,0,0,0,0,0,0,64,255,255,255,128,0,0,0,0,64,255,255,255,64,0,0,0,0,0,0,255,255,255,64,0,0,0,0,0,0,0,191,255,191,0,0,0,0,0,64,255,255,191,0,0,0,0,0,0,0,0,0,255,255,255,0,0,0,128,255,255,255,64,0,0,0,0,0,0,0,0,0,255,255,255,0,0,0,191,255,255,128,0,0,0,0,0,0,0,0,0,0,64,255,255,0,0,0,255,255,191,0,0,0,0,0,0,0,0,0,0,0,0,255,255,0,0,191,255,255,0,0,0,0,0,0,0,0,0,0,0,0,0,255,255,0,0,255,255,255,0,0,0,0,0,0,0,0,0,0,0,0,255,255,255,0,0,255,255,255,0,0,0,0,0,0,0,0,0,0,0,64,255,255,64,0,0,255,255,255,0,0,0,0,0,0,0,0,0,0,128,255,255,64,0,0,0,255,255,255,64,0,0,0,0,0,0,128,128,255,255,255,64,0,0,0,0,191,255,255,255,128,128,128,128,128,255,255,255,255,191,0,0,0,0,0,0,0,191,255,255,255,255,255,255,255,255,191,128,0,0,0,0,0,0,0,0,0,0,64,128,191,255,255,191,128,0,0,0,0,0,0,0,0,0,0
0,0,0,0,0,0,0,0,0,0,0,0,0,0,0,0,0,0,0,0,0,0,0,0,0,0,0,0,0,0,0,0,0,0,0,0,0,0,0,0,0,0,0,0,0,0,0,91,255,131,0,0,0,0,0,0,0,0,0,0,0,0,0,0,6,167,234,241,253,249,219,42,0,0,0,0,0,0,0,0,0,0,0,0,55,253,253,253,212,253,253,230,146,76,52,0,0,0,0,0,0,0,0,57,229,253,229,75,28,87,204,253,253,253,170,0,0,0,0,0,0,0,0,172,253,253,125,0,0,0,9,179,253,253,170,0,0,0,0,0,0,0,0,172,253,253,6,0,0,0,24,209,253,253,170,0,0,0,0,0,0,0,0,172,253,253,6,0,0,97,210,253,253,253,170,0,0,0,0,0,0,0,0,172,253,253,114,111,222,252,253,253,253,253,170,0,0,0,0,0,0,0,0,124,253,253,253,253,253,253,195,215,253,253,170,0,0,0,0,0,0,0,0,7,133,253,253,253,234,158,17,144,253,253,59,0,0,0,0,0,0,0,0,0,4,68,128,82,50,0,0,144,253,253,134,0,0,0,0,0,0,0,0,0,0,0,0,0,0,0,0,144,253,253,82,0,0,0,0,0,0,0,0,0,0,0,0,0,0,0,0,144,253,253,34,0,0,0,0,0,0,0,0,0,0,0,0,0,0,0,0,144,253,253,34,0,0,0,0,0,0,0,0,0,0,0,0,0,0,0,0,144,253,253,90,0,0,0,0,0,0,0,0,0,0,0,0,0,0,0,0,144,253,253,52,0,0,0,0,0,0,0,0,0,0,0,0,0,0,0,0,144,253,253,34,0,0,0,0,0,0,0,0,0,0,0,0,0,0,0,0,48,253,253,56,0,0,0,0,0,9
0,0,0,0,0,0,0,0,0,0,0,0,0,0,0,0,0,0,0,0,0,0,0,0,0,0,0,0,0,0,0,0,0,0,0,0,0,0,0,0,0,0,0,0,0,0,0,11,122,132,139,242,116,4,0,0,0,0,0,0,0,0,0,0,0,7,123,237,252,252,253,252,252,84,0,0,0,0,0,0,0,0,0,0,38,184,252,252,252,217,159,237,252,84,0,0,0,0,0,0,0,0,0,10,155,252,252,234,95,4,0,145,252,84,0,0,0,0,0,0,0,0,9,155,252,252,232,61,0,0,0,145,252,84,0,0,0,0,0,0,0,0,128,252,252,231,62,0,0,0,0,46,180,60,0,0,0,0,0,0,0,20,234,252,232,62,0,0,0,0,0,0,0,0,50,205,108,12,0,0,0,25,252,252,192,0,0,0,0,0,0,0,0,65,191,252,252,36,0,0,0,25,252,252,192,0,0,0,0,0,0,0,85,244,252,252,175,4,0,0,0,25,252,252,221,87,0,0,0,0,6,132,248,252,252,252,53,0,0,0,0,24,243,253,253,253,155,132,132,190,255,253,252,249,253,253,48,0,0,0,0,0,16,193,252,252,252,252,252,252,241,216,93,169,252,252,48,0,0,0,0,0,0,19,125,216,245,221,216,158,46,0,6,181,252,207,18,0,0,0,0,0,0,0,0,0,68,12,0,0,0,0,30,236,252,180,0,0,0,0,0,0,0,0,0,0,0,0,0,0,0,0,0,169,252,197,12,0,0,0,0,0,0,0,0,0,0,0,0,0,0,0,0,169,252,252,48,0,0,0,0,0,0,0,0,0,0,0,0,0,0,0,0,169,252,252,48,0,0,0,0,0,0,0,0,0,0,0,0,0,0,0,0,47,225,252,94,0,0,0,9
0,0,0,0,0,0,0,0,0,0,0,0,0,0,0,0,0,0,0,0,0,0,0,0,0,0,0,0,0,0,0,0,0,0,0,0,0,0,0,0,0,0,0,0,0,0,0,0,51,92,152,152,254,172,51,31,0,0,0,0,0,0,0,0,0,0,102,183,253,252,253,252,253,252,253,232,82,0,0,0,0,0,0,0,11,132,254,253,254,233,183,61,102,183,203,223,234,112,0,0,0,0,0,41,213,252,253,212,91,30,0,0,0,0,0,20,213,252,0,0,0,0,11,213,255,253,142,20,0,0,0,0,0,0,0,0,21,203,21,0,0,0,132,252,233,70,0,0,0,0,0,0,0,0,0,0,82,61,102,0,0,0,254,253,123,0,0,0,0,0,0,0,0,41,152,233,255,172,41,0,0,41,253,171,0,0,0,0,0,0,0,0,123,243,253,252,253,171,0,0,0,203,254,151,0,0,0,0,0,21,132,253,254,253,234,253,244,40,0,0,0,122,253,232,123,122,102,183,203,223,253,252,253,90,152,252,203,0,0,0,0,41,254,253,254,253,254,253,254,253,203,162,41,41,214,192,41,0,0,0,0,0,131,252,253,252,253,252,151,70,0,0,41,243,253,151,0,0,0,0,0,0,0,41,102,102,0,0,0,0,0,0,132,253,142,0,0,0,0,0,0,0,0,0,0,0,0,0,0,0,0,41,253,252,102,0,0,0,0,0,0,0,0,0,0,0,0,0,0,0,31,233,254,172,0,0,0,0,0,0,0,0,0,0,0,0,0,0,0,0,92,252,253,50,0,0,0,0,0,0,0,0,0,0,0,0,0,0,0,21,173,253,183,0,0,0,0,0,0,0,0,0,0,0,0,0,0,0,0,102,253,252,20,0,0,0,0,0,0,0,9
0,0,0,0,0,0,0,0,0,0,0,0,0,0,0,0,0,0,0,0,0,0,0,0,0,0,0,0,0,64,128,255,255,255,255,255,255,255,128,0,0,0,0,0,0,0,64,191,255,255,255,255,255,255,255,255,255,255,191,64,0,0,0,0,0,128,255,255,255,255,255,255,255,255,255,255,255,255,255,128,0,0,0,0,191,255,255,255,255,255,255,191,255,255,255,255,255,255,255,128,0,0,0,191,255,255,255,255,191,64,0,191,255,255,255,255,255,255,255,64,0,0,64,255,255,255,255,64,0,0,0,128,255,255,255,255,128,128,191,0,0,0,191,255,255,255,128,0,0,0,64,191,255,255,191,128,64,128,0,0,0,0,128,255,255,255,191,0,0,0,128,255,255,255,191,0,0,0,0,0,0,0,0,255,255,255,255,128,0,64,255,255,255,255,64,0,0,0,0,0,0,0,64,191,255,255,255,255,128,255,255,255,255,64,0,0,0,0,0,0,0,0,0,0,64,255,255,255,255,255,255,255,255,0,0,0,0,0,0,0,0,0,0,0,0,0,255,255,255,255,255,255,128,0,0,0,0,0,0,0,0,0,0,0,0,0,128,255,255,255,255,255,255,64,0,0,0,0,0,0,0,0,0,0,0,0,255,255,255,255,255,255,255,191,0,0,0,0,0,0,0,0,0,0,128,191,255,255,255,128,255,255,255,255,64,0,0,0,0,0,0,0,0,0,255,255,255,255,191,0,128,255,255,255,191,0,0,0,0,0,0,0,0,191,255,255,255,255,0,64,191,255,255,255,191,0,0,0,0,0,0,0,64,255,255,255,255,255,255,255,255,255,255,255,0,0,0,0,0,0,0,0,0,255,255,255,255,255,255,255,255,255,255,64,0,0,0,0,0,0,8
0,0,0,0,0,0,0,0,0,0,0,0,0,0,0,0,0,0,0,0,0,0,0,0,0,0,5,24,170,243,191,138,138,138,138,74,0,0,0,0,0,0,0,0,0,36,178,252,252,252,253,252,252,252,252,157,0,0,0,0,0,0,0,0,85,222,252,252,153,69,131,183,183,183,130,32,0,0,0,0,0,0,0,0,157,253,252,101,51,0,0,0,0,0,0,0,0,0,0,0,0,0,0,0,230,253,252,236,240,178,53,0,0,0,0,0,0,0,0,0,0,0,0,0,53,231,234,253,243,253,255,180,38,0,0,0,0,0,0,0,0,0,0,0,0,0,17,92,50,143,253,252,154,9,0,0,0,0,0,0,0,0,0,0,0,0,0,0,0,0,190,252,252,154,7,0,0,0,0,0,0,0,0,0,0,0,0,0,0,0,5,177,252,252,65,0,0,0,0,0,0,0,0,0,0,0,0,0,0,0,0,36,221,252,189,0,0,0,0,0,0,0,0,0,0,0,0,0,0,0,0,0,70,253,253,0,0,0,0,0,0,0,0,0,0,0,0,0,0,0,0,0,70,252,252,0,0,0,0,0,0,0,0,0,0,0,0,0,0,0,0,0,70,252,252,53,0,0,0,0,0,0,0,0,43,0,0,0,0,0,0,0,70,252,252,0,0,0,0,0,0,0,0,0,220,106,0,0,0,0,0,0,122,252,200,0,0,0,0,0,0,0,0,0,231,233,9,0,0,0,3,170,253,253,75,0,0,0,0,0,0,0,0,0,157,253,173,13,0,0,66,252,252,172,8,0,0,0,0,0,0,0,0,0,84,222,252,171,164,184,253,252,170,13,0,0,0,0,0,0,0,0,0,0,0,97,252,252,252,252,253,172,13,0,0,0,0,0,0,0,5
0,0,0,49,209,254,255,216,186,178,97,134,55,0,0,0,0,0,0,0,0,0,0,42,236,253,254,253,253,253,253,254,250,117,2,0,0,0,0,0,0,0,0,0,42,78,78,85,107,129,137,186,253,253,117,0,0,0,0,0,0,0,0,0,0,0,0,0,0,0,0,12,75,253,250,54,0,0,0,0,0,0,0,0,0,0,0,0,0,0,0,0,58,253,237,36,0,0,0,0,0,0,0,0,0,0,0,0,0,0,46,179,254,254,192,0,0,0,0,0,0,0,0,0,0,0,0,2,88,170,244,254,251,203,25,0,0,0,0,0,0,0,0,0,0,0,176,181,253,253,253,205,86,0,0,0,0,0,0,0,0,0,0,0,0,143,254,253,253,253,253,150,0,0,0,0,0,0,0,0,0,0,0,0,0,120,254,253,253,253,253,240,150,135,8,0,0,0,0,0,0,0,0,0,0,0,23,60,98,98,173,158,222,254,254,178,121,0,0,0,0,0,0,0,0,0,0,0,0,0,0,0,26,135,188,248,222,72,6,0,0,0,0,0,0,0,0,0,0,0,0,0,0,0,0,60,254,253,145,0,0,0,0,0,0,0,0,0,0,0,0,0,0,0,0,0,148,253,174,0,0,0,0,0,106,45,0,0,0,0,0,0,0,0,0,0,14,223,235,15,0,0,0,102,214,0,0,0,0,0,0,0,0,0,0,23,120,239,175,0,0,0,2,181,216,12,0,0,0,0,0,0,8,7,111,207,254,198,57,0,0,0,6,199,253,223,176,93,79,94,175,176,205,199,253,253,205,57,0,0,0,0,0,74,235,253,254,253,253,253,253,254,250,213,124,41,8,0,0,0,0,0,0,0,32,96,119,238,185,155,155,96,54,0,0,0,0,0,0,0,3
0,0,0,0,0,0,0,0,0,0,0,0,0,0,0,0,0,0,0,0,0,0,0,0,0,0,0,0,0,0,0,0,0,0,0,0,0,0,0,0,0,0,0,0,0,0,0,0,59,253,205,0,0,0,0,0,0,0,0,0,0,0,0,0,0,0,0,32,180,252,252,0,0,0,0,0,29,0,0,0,0,0,0,0,0,0,0,164,252,252,118,0,0,0,0,137,228,152,0,0,0,0,0,0,0,0,142,251,252,252,52,71,23,23,90,249,252,241,0,0,0,0,0,0,5,80,234,252,252,252,252,253,252,252,252,252,252,169,0,0,0,0,0,0,23,252,252,252,252,252,252,253,252,252,252,252,183,29,0,0,0,0,0,5,176,252,252,247,174,131,131,131,163,252,252,221,38,0,0,0,0,0,0,100,252,252,237,61,0,0,0,6,147,252,248,72,0,0,0,0,0,0,0,26,161,90,66,0,0,0,0,116,252,252,196,0,0,0,0,0,0,0,0,0,0,0,0,0,0,0,0,191,252,252,24,0,0,0,0,0,0,0,0,0,0,0,0,0,0,0,15,255,253,183,5,0,0,0,0,0,0,0,0,0,0,0,0,0,0,0,187,253,235,32,0,0,0,0,0,0,0,0,0,0,0,0,0,0,0,31,233,253,186,0,0,0,0,0,0,0,0,0,0,0,0,0,0,0,4,140,252,250,74,0,0,0,0,0,0,0,0,0,0,0,0,0,0,0,45,252,252,148,0,0,0,0,0,0,0,0,0,0,0,0,0,0,0,4,165,252,252,72,0,0,0,0,0,0,0,0,0,0,0,0,0,0,0,118,252,252,146,0,0,0,0,0,0,0,0,0,0,0,0,0,0,0,35,235,252,252,33,0,0,0,0,0,0,0,0,0,7
0,0,0,0,0,0,0,0,0,0,0,0,0,0,0,0,0,0,0,0,0,0,0,0,0,0,0,0,39,43,25,0,0,0,0,62,254,63,0,0,0,0,0,0,0,0,0,80,241,252,147,0,0,0,0,185,239,42,0,0,0,0,0,0,0,0,0,0,144,252,138,0,0,0,85,232,211,0,0,0,0,0,0,0,0,0,0,22,237,236,31,0,0,15,225,252,211,0,0,0,0,0,0,0,0,0,18,199,252,145,0,0,0,22,252,252,124,0,0,0,0,0,0,0,0,18,123,253,250,70,0,0,0,128,253,253,45,0,0,0,0,0,0,0,0,141,253,252,73,0,0,0,0,206,252,217,0,0,0,0,0,0,0,2,119,249,250,117,2,0,0,0,43,242,252,138,0,8,2,0,0,0,0,119,252,252,185,0,0,0,0,11,171,252,236,31,0,85,118,0,0,0,36,241,252,252,167,106,106,106,106,175,252,252,242,211,194,199,249,115,0,0,146,253,253,253,254,253,253,253,253,255,253,253,253,253,255,253,253,172,0,0,155,252,252,217,151,98,80,168,239,253,252,122,63,63,63,63,63,21,0,0,7,21,21,12,0,0,0,0,211,253,245,19,0,0,0,0,0,0,0,0,0,0,0,0,0,0,0,70,239,253,141,0,0,0,0,0,0,0,0,0,0,0,0,0,0,0,9,204,252,218,11,0,0,0,0,0,0,0,0,0,0,0,0,0,0,0,189,253,253,132,0,0,0,0,0,0,0,0,0,0,0,0,0,0,0,29,239,252,217,0,0,0,0,0,0,0,0,0,0,0,0,0,0,0,22,169,252,247,91,0,0,0,0,0,0,0,0,0,0,0,0,0,0,0,43,252,252,119,0,0,0,0,0,0,0,0,0,0,4
0,0,0,0,0,0,0,0,0,0,0,0,0,0,0,0,0,0,0,0,0,0,0,0,0,0,0,0,0,0,0,0,0,0,0,0,0,0,0,0,0,0,0,0,0,0,0,0,13,191,255,128,25,0,0,0,0,0,0,0,0,0,0,0,0,0,0,98,228,252,253,223,37,10,85,0,0,0,0,0,0,0,0,0,0,0,98,240,252,220,56,37,13,156,252,135,6,0,0,0,0,0,0,0,0,92,243,252,217,37,0,10,156,252,252,253,27,0,0,0,0,0,0,0,0,253,252,252,84,0,0,85,252,252,252,253,106,0,0,0,0,0,0,13,113,255,253,228,47,0,51,159,253,253,253,255,168,0,0,0,0,0,0,76,252,253,223,52,0,48,238,252,252,252,252,253,167,0,0,0,0,0,0,169,252,253,167,13,150,227,253,252,176,187,252,253,58,0,0,0,0,0,38,224,252,253,145,187,252,252,253,179,19,169,252,253,27,0,0,0,0,0,57,252,252,253,252,252,252,252,112,12,0,169,252,253,27,0,0,0,0,0,0,170,253,255,253,253,162,0,0,0,0,169,253,255,27,0,0,0,0,0,0,34,167,168,167,58,9,0,0,0,0,169,252,253,27,0,0,0,0,0,0,0,0,0,0,0,0,0,0,0,0,169,252,253,27,0,0,0,0,0,0,0,0,0,0,0,0,0,0,0,0,169,252,253,27,0,0,0,0,0,0,0,0,0,0,0,0,0,0,0,0,169,252,253,27,0,0,0,0,0,0,0,0,0,0,0,0,0,0,0,0,169,253,204,15,0,0,0,0,0,0,0,0,0,0,0,0,0,0,0,0,169,252,241,24,0,0,0,0,0,0,0,0,0,0,0,0,0,0,0,0,137,252,253,59,0,0,0,9
0,0,0,0,0,0,0,0,0,0,0,0,0,0,0,0,0,0,0,0,0,0,0,0,0,0,0,0,0,0,0,0,0,0,0,0,0,0,0,0,0,0,0,0,0,0,0,0,0,0,0,0,0,0,0,0,0,0,0,0,0,0,0,0,0,0,0,0,0,0,0,0,42,164,252,63,0,0,0,0,0,0,0,0,0,0,0,0,0,23,34,0,244,254,112,0,0,0,0,85,0,0,0,0,0,0,0,0,4,190,225,0,255,185,13,0,0,0,0,95,0,0,0,0,0,0,0,6,170,254,197,64,254,59,0,0,0,0,0,95,0,0,0,0,0,0,9,132,254,204,23,112,254,28,0,0,0,0,0,77,0,0,0,0,0,6,167,254,216,58,24,242,225,16,0,0,0,0,0,0,0,0,0,0,0,76,254,254,162,85,138,254,188,0,0,0,48,85,25,0,0,0,0,0,0,3,159,254,254,254,254,254,228,151,151,214,250,254,75,0,0,0,0,0,0,0,7,79,131,158,254,254,226,225,225,225,190,148,39,0,0,0,0,0,0,0,0,0,0,127,254,148,0,0,0,0,0,0,0,71,0,0,0,0,0,0,0,0,23,248,201,0,0,0,0,0,0,0,0,36,0,0,0,0,0,0,0,0,85,254,118,0,0,0,0,0,0,0,0,0,0,0,0,0,0,0,0,12,189,227,22,0,0,0,0,0,0,0,0,0,0,0,0,0,0,0,0,114,254,103,0,0,0,0,0,0,0,0,0,0,0,0,0,0,0,0,44,226,175,8,0,0,0,0,0,0,0,0,0,0,0,0,0,0,0,0,148,203,59,0,0,0,0,0,0,0,0,0,0,0,0,0,0,0,0,26,242,140,0,0,0,0,0,0,0,0,0,0,0,0,4
0,0,0,0,0,0,0,0,0,0,0,0,0,0,0,0,0,0,0,0,0,0,0,0,0,0,0,0,0,0,0,0,0,0,0,0,0,0,0,0,0,0,0,0,0,0,0,0,0,0,0,0,0,0,0,0,0,0,0,0,0,0,0,0,0,0,0,0,120,240,254,255,205,122,22,0,0,0,0,0,0,0,0,0,0,0,10,198,252,253,253,254,253,253,206,10,0,0,0,0,0,0,0,0,0,0,130,253,251,152,56,56,139,230,253,92,0,0,0,0,0,0,0,0,0,0,207,253,133,0,0,0,40,214,253,112,0,0,0,0,0,0,0,0,0,0,189,253,242,110,48,107,234,253,239,92,0,0,0,0,0,0,0,0,0,0,70,240,253,253,253,254,253,253,170,0,0,0,0,0,0,0,0,0,0,0,0,25,215,253,253,254,253,253,84,0,0,0,0,0,0,0,0,0,0,0,0,0,6,9,9,163,253,188,3,0,0,0,0,0,0,0,0,0,0,0,0,0,0,0,46,240,253,105,0,0,0,0,0,0,0,0,0,0,0,0,0,0,0,0,164,254,225,15,0,0,0,0,0,0,0,0,0,0,0,0,0,0,0,8,205,255,122,0,0,0,0,0,0,0,0,0,0,0,0,0,0,0,0,92,253,244,34,0,0,0,0,0,0,0,0,0,0,0,0,0,0,0,0,216,253,115,0,0,0,0,0,0,0,0,0,0,0,0,0,0,0,0,38,240,253,67,0,0,0,0,0,0,0,0,0,0,0,0,0,0,0,0,127,253,235,0,0,0,0,0,0,0,0,0,0,0,0,0,0,0,0,0,244,253,159,0,0,0,0,0,0,0,0,0,0,0,0,0,0,0,0,0,244,253,93,0,0,0,0,0,0,0,0,0,9
0,0,0,0,0,0,0,0,0,0,0,0,0,0,117,255,152,0,0,0,0,0,0,0,0,0,0,0,0,0,0,0,0,41,224,253,245,0,0,0,0,0,0,0,0,0,0,0,0,0,0,0,0,170,253,253,245,0,0,0,0,0,0,0,0,0,0,0,0,0,0,0,0,169,253,253,245,0,0,0,0,0,0,0,0,0,0,0,0,0,0,0,54,233,253,244,115,0,0,0,0,0,0,0,0,0,0,0,0,0,0,0,154,253,253,107,0,0,0,0,0,0,0,0,0,0,0,0,0,0,0,117,251,253,253,38,0,0,0,0,0,0,0,0,0,0,0,0,0,0,17,218,253,253,239,33,0,0,0,0,0,0,0,0,0,0,0,0,0,41,142,253,253,245,67,0,0,0,0,0,0,0,0,0,0,0,0,0,0,125,253,253,253,97,0,0,0,0,0,0,0,0,0,0,0,0,0,3,24,233,253,253,247,76,0,0,0,0,0,0,0,0,0,0,0,0,0,31,253,253,253,253,109,0,0,0,0,0,0,0,0,0,0,0,0,0,118,227,253,253,253,144,4,0,0,0,0,0,0,0,0,0,0,0,0,9,240,253,253,248,129,43,0,0,0,0,0,0,0,0,0,0,0,0,18,191,253,253,253,176,0,0,0,0,0,0,0,0,0,0,0,0,0,0,170,253,253,253,253,138,0,0,0,0,0,0,0,0,0,0,0,0,0,60,231,253,253,253,253,22,0,0,0,0,0,0,0,0,0,0,0,0,0,93,253,253,253,253,197,13,0,0,0,0,0,0,0,0,0,0,0,0,0,219,253,253,253,195,22,0,0,0,0,0,0,0,0,0,0,0,0,0,0,153,253,253,108,27,0,0,0,0,0,0,0,0,0,0,0,0,1
223,254,237,215,237,213,209,201,200,254,225,248,240,209,241,243,225,247,221,208,241,202,244,207,219,203,212,205,249,210,206,202,222,254,241,238,220,224,235,201,206,215,235,233,209,231,220,208,226,253,217,240,219,228,223,202,236,207,245,209,214,221,252,212,205,200,235,239,220,217,203,232,244,240,212,243,206,215,215,218,233,212,222,240,222,215,229,249,209,248,206,209,200,217,218,215,221,239,201,223,249,254,223,221,251,239,221,243,229,239,204,247,210,237,204,204,235,211,245,212,234,231,246,234,229,237,207,230,228,246,224,236,204,212,231,214,226,240,237,216,222,250,252,204,245,219,236,241,249,214,208,245,222,225,245,251,221,201,208,200,231,223,236,203,227,245,225,219,219,208,240,200,229,222,244,240,206,219,217,238,244,252,200,231,200,212,209,216,202,212,217,238,218,223,250,240,228,246,206,220,214,248,211,205,224,238,206,251,218,230,203,239,247,214,243,248,208,242,200,228,204,242,254,201,238,216,230,201,243,200,203,209,223,230,226,200,208,206,246,232,247,201,203,203,233,226,232,237,220,245,223,209,219,254,242,229,237,214,247,216,237,228,236,246,243,220,212,226,218,248,202,217,241,212,235,249,221,253,213,205,227,201,227,200,219,250,202,218,244,210,223,227,210,217,248,216,234,227,226,230,202,220,230,234,254,237,241,218,241,224,239,207,232,211,213,217,214,219,236,223,241,240,232,250,245,224,216,234,240,229,216,211,214,215,205,208,245,228,220,207,215,212,229,221,200,227,220,253,232,238,214,239,215,240,252,247,247,236,246,253,238,233,204,237,244,228,211,242,247,249,214,225,242,206,236,234,235,252,227,239,234,244,241,251,200,238,239,230,236,207,254,202,224,252,201,218,236,238,232,227,2
0,0,0,0,0,0,0,0,0,92,254,254,254,255,254,254,168,54,0,0,0,0,0,0,0,0,0,0,45,246,253,253,253,253,253,253,253,168,0,0,0,0,0,0,0,0,0,38,201,253,253,216,122,40,208,253,253,137,0,0,0,0,0,0,0,0,0,0,71,183,61,31,0,18,211,253,249,91,0,0,0,0,0,0,0,0,0,0,0,0,0,0,15,106,253,248,201,0,0,0,0,0,0,0,0,0,0,0,0,0,1,14,56,235,253,234,52,0,0,0,0,0,0,0,0,0,0,0,0,0,4,186,253,253,253,212,0,0,0,0,0,0,0,0,0,0,0,0,81,200,248,250,253,217,35,5,0,0,0,0,0,0,0,0,0,0,0,62,246,253,253,253,253,97,0,0,0,0,0,0,0,0,0,0,0,0,0,51,235,253,253,253,253,193,15,0,0,0,0,0,0,0,0,0,0,0,0,0,50,68,68,134,225,253,154,0,0,0,0,0,0,0,0,0,0,0,0,0,0,0,0,0,104,253,191,0,0,0,0,0,0,0,0,0,0,0,0,0,0,0,0,4,108,253,226,43,0,0,0,0,0,0,0,0,0,0,0,0,0,0,4,187,253,253,155,39,0,0,0,0,104,25,0,0,0,0,0,0,0,12,182,253,253,219,32,0,0,0,0,0,253,61,0,0,0,0,0,0,61,176,253,253,219,41,0,0,0,0,0,0,253,108,29,25,0,0,22,100,239,253,253,253,42,0,0,0,0,0,0,0,253,253,213,209,179,179,205,253,253,249,208,75,4,0,0,0,0,0,0,0,232,248,253,253,253,253,253,253,212,85,0,0,0,0,0,0,0,0,0,0,0,89,116,116,116,116,116,116,31,0,0,0,0,0,0,0,0,0,0,0,3
0,0,0,0,0,0,0,0,0,0,0,0,0,0,0,0,0,0,0,0,0,0,0,0,0,26,105,212,224,206,14,0,0,0,0,0,0,0,0,0,0,0,0,0,26,198,254,254,254,253,207,20,0,0,0,0,0,0,0,0,0,0,0,33,177,254,254,179,187,232,254,170,0,0,0,0,0,0,0,0,0,0,74,218,254,254,179,6,0,150,254,254,24,0,0,0,0,0,0,0,0,0,201,254,254,190,27,0,0,136,254,254,50,0,0,0,0,0,0,0,0,0,156,209,125,2,0,0,0,131,254,254,54,0,0,0,0,0,0,0,0,0,0,0,0,0,0,0,0,131,254,254,54,0,0,0,0,0,0,0,0,0,0,0,0,0,0,0,0,155,254,254,54,0,0,0,0,0,0,0,0,0,0,0,0,44,147,254,254,254,254,255,31,0,0,0,0,0,0,0,0,0,0,0,86,234,254,254,254,254,254,254,156,10,0,0,19,189,149,13,0,0,0,130,250,254,254,254,254,254,254,254,254,96,0,0,17,211,254,199,0,0,8,217,254,254,200,93,249,254,250,252,255,224,16,0,0,23,136,254,0,0,0,124,249,254,202,245,254,254,107,149,254,254,197,116,139,158,195,254,0,0,0,15,178,252,254,254,254,97,7,24,236,254,254,254,254,254,254,254,0,0,0,0,22,221,254,252,145,4,0,0,102,247,249,248,246,161,92,60,0,0,0,0,0,54,146,64,0,0,0,0,0,13,30,21,0,0,0,0,0,0,0,0,0,0,0,0,0,0,0,0,0,0,0,0,0,0,0,0,0,0,0,0,0,0,0,0,0,0,0,0,0,0,0,0,0,0,0,0,0,0,0,0,0,0,0,0,0,0,0,0,0,0,0,0,0,0,0,0,2
0,0,0,0,0,0,0,0,0,0,32,144,0,0,0,0,0,0,0,0,0,0,0,0,0,0,0,0,0,0,131,224,19,0,0,0,0,0,0,0,0,0,0,0,0,0,0,0,0,0,169,252,116,0,0,0,0,0,0,0,0,0,0,0,0,0,0,0,0,0,169,252,90,0,0,0,0,0,0,0,0,0,0,0,0,0,0,0,0,0,170,253,40,0,0,0,0,0,0,0,0,0,0,0,0,0,0,0,0,0,169,252,139,0,0,0,0,0,0,0,0,0,0,0,0,0,0,0,0,0,169,252,52,0,0,0,0,0,0,0,0,0,0,0,0,0,0,0,0,26,243,252,28,0,0,0,0,0,0,0,0,0,0,0,0,0,0,0,0,29,253,253,28,0,0,0,0,0,0,0,0,0,0,0,0,0,0,0,0,29,252,233,22,0,0,0,0,0,0,0,0,0,0,0,0,0,0,0,0,29,252,168,0,0,0,0,0,0,0,0,0,0,0,0,0,0,0,0,0,29,252,168,0,0,0,0,0,0,0,0,0,0,0,0,0,0,0,0,0,41,253,168,0,0,0,0,0,0,0,0,0,0,0,0,0,0,0,0,0,141,252,168,0,0,0,0,0,0,0,0,0,0,0,0,0,0,0,0,0,141,252,168,0,0,0,0,0,0,0,0,0,0,0,0,0,0,0,0,0,241,252,168,0,0,0,0,0,0,0,0,0,0,0,0,0,0,0,0,0,255,253,168,0,0,0,0,0,0,0,0,0,0,0,0,0,0,0,0,0,228,252,168,0,0,0,0,0,0,0,0,0,0,0,0,0,0,0,0,0,141,252,168,0,0,0,0,0,0,0,0,0,0,0,0,0,0,0,0,0,28,190,43,0,0,0,0,0,0,0,0,1
0,0,0,0,0,0,0,22,149,179,0,0,0,0,0,0,0,0,0,0,0,0,0,0,0,0,22,211,254,210,0,0,0,0,0,0,0,0,0,0,0,0,0,0,0,0,26,252,254,192,0,0,0,0,0,0,0,0,0,0,0,0,0,0,0,0,98,254,246,72,0,0,0,0,0,8,31,0,0,0,0,0,0,0,0,1,182,254,196,0,0,0,0,0,0,164,246,39,0,0,0,0,0,0,0,76,254,254,128,0,0,0,0,0,27,241,254,49,0,0,0,0,0,0,0,99,254,205,6,0,0,0,0,0,159,254,254,49,0,0,0,0,0,0,7,206,254,127,0,0,0,0,54,161,252,254,254,49,0,0,0,0,0,0,107,254,254,73,0,0,8,165,250,254,254,254,231,21,0,0,0,0,0,0,128,254,209,15,66,150,228,254,254,254,254,254,214,0,0,0,0,0,0,29,227,254,210,222,254,254,254,254,241,133,251,254,140,0,0,0,0,0,0,126,254,254,254,254,254,251,237,199,62,6,247,254,56,0,0,0,0,0,19,205,254,254,254,253,146,59,0,0,1,116,254,254,36,0,0,0,0,0,34,242,254,254,199,62,0,0,0,0,5,254,254,237,24,0,0,0,0,0,0,115,129,64,3,0,0,0,0,0,5,254,254,177,0,0,0,0,0,0,0,0,0,0,0,0,0,0,0,0,5,254,254,112,0,0,0,0,0,0,0,0,0,0,0,0,0,0,0,0,5,254,254,34,0,0,0,0,0,0,0,0,0,0,0,0,0,0,0,0,87,254,254,22,0,0,0,0,0,0,0,0,0,0,0,0,0,0,0,8,212,254,227,13,0,0,0,0,0,0,0,0,0,0,0,0,0,0,0,18,254,254,156,0,0,0,0,0,4
0,0,0,0,0,0,0,0,0,0,0,0,13,38,0,0,30,229,128,0,0,0,0,0,0,0,0,0,0,47,172,231,235,243,197,47,218,253,202,0,0,0,0,0,0,0,0,15,157,245,253,254,253,253,253,254,253,234,54,0,0,0,0,0,0,0,0,195,253,253,253,136,135,253,253,254,253,104,0,0,0,0,0,0,0,0,119,254,254,247,109,95,245,254,254,254,254,46,0,0,0,0,0,0,0,5,197,254,253,251,239,254,253,253,253,254,244,38,0,0,0,0,0,0,0,5,197,254,253,253,253,254,248,232,253,254,244,38,0,0,0,0,0,0,0,0,151,254,253,253,219,161,98,24,253,254,253,46,0,0,0,0,0,0,0,0,0,60,93,118,0,0,0,49,254,254,182,0,0,0,0,0,0,0,0,0,0,0,0,0,0,0,0,99,253,254,148,0,0,0,0,0,0,0,22,24,7,0,0,0,0,0,30,228,253,254,39,0,0,0,0,0,34,119,247,253,203,0,0,0,0,26,180,253,253,169,6,0,0,0,0,41,195,254,254,254,254,229,40,0,0,153,254,254,254,34,0,0,0,0,110,241,253,241,206,177,253,254,173,30,147,254,253,248,106,0,0,0,0,0,249,253,202,34,0,13,221,254,253,236,253,254,253,145,0,0,0,0,0,0,253,236,19,0,0,0,118,254,253,253,253,254,119,13,34,185,151,0,0,0,254,197,0,0,64,145,229,254,254,254,254,254,254,254,254,255,254,46,0,0,253,251,230,231,251,253,253,254,253,253,253,254,253,253,253,254,143,4,0,0,251,253,253,254,253,253,244,171,88,163,230,237,248,230,230,113,4,0,0,0,80,160,160,161,160,85,44,0,0,0,0,19,56,0,0,0,0,0,0,0,2
0,0,0,0,0,0,0,0,0,0,0,0,0,0,0,0,99,255,235,0,0,0,0,0,0,0,0,0,0,0,0,0,0,0,0,110,170,253,142,0,0,0,0,0,0,0,0,0,0,0,0,0,0,0,124,247,184,77,12,0,0,0,0,0,0,0,0,0,0,0,0,0,86,235,247,246,130,0,0,0,0,0,0,0,0,0,0,0,0,0,0,0,254,253,253,137,0,0,0,0,0,0,0,0,0,0,0,0,0,0,0,122,254,253,143,7,0,0,0,0,0,0,0,0,0,16,0,0,0,7,127,244,254,243,71,0,0,0,0,0,0,0,0,0,55,213,79,30,7,132,253,253,236,94,0,0,0,0,0,0,0,0,0,0,176,253,253,181,146,253,253,253,90,0,0,0,0,0,0,0,0,0,0,0,40,239,253,253,253,253,253,253,0,0,0,0,0,0,0,0,0,0,0,0,0,31,218,254,254,254,254,58,0,0,0,0,0,0,0,0,0,0,0,0,0,0,99,253,253,253,253,148,0,0,0,0,0,0,0,0,0,0,0,0,0,0,99,253,253,253,253,253,0,0,0,0,0,0,0,0,0,0,0,0,0,7,123,253,253,253,253,253,31,0,0,0,0,0,0,0,0,0,0,0,0,25,192,253,245,185,253,253,196,0,0,0,0,0,0,0,0,0,0,0,0,0,99,253,245,186,253,253,75,0,0,0,0,0,0,0,0,0,0,0,0,0,99,253,253,253,253,253,0,0,0,0,0,0,0,0,0,0,0,0,0,0,68,223,253,253,253,253,0,0,0,0,0,0,0,0,0,0,0,0,0,0,0,156,253,253,178,116,0,0,0,0,0,0,0,0,0,0,0,0,0,0,0,36,73,253,116,0,0,0,0,0,0,0,0,0,8
0,0,0,0,0,0,0,0,0,0,0,0,0,0,0,0,0,0,0,0,0,0,0,0,0,0,0,0,0,0,0,0,0,0,0,0,0,0,0,0,0,0,0,0,0,191,255,128,0,0,0,0,0,0,0,0,0,0,0,0,0,0,0,0,0,255,255,255,255,255,255,191,128,0,0,0,0,0,0,0,0,0,0,0,0,64,191,255,255,255,255,255,255,191,0,0,0,0,0,0,0,0,0,0,0,0,0,64,128,128,128,191,255,255,64,0,0,0,0,0,0,0,0,0,0,0,0,0,0,0,0,64,255,255,128,0,0,0,0,0,0,0,0,0,0,0,0,0,0,0,0,0,255,255,128,0,0,0,0,0,0,0,0,0,0,0,0,0,0,0,0,128,255,255,64,0,0,0,0,0,0,0,0,0,0,0,0,0,0,0,0,128,255,255,0,0,0,0,0,0,0,0,0,0,0,0,0,0,0,0,0,191,255,191,0,0,0,0,0,0,0,0,0,0,0,0,0,0,0,0,0,255,255,64,0,0,0,0,0,0,0,0,0,0,0,0,0,0,0,0,191,255,255,0,0,0,0,0,0,0,0,0,0,0,0,0,0,0,0,0,255,255,255,0,0,0,0,0,0,0,0,0,0,0,0,0,0,0,0,0,255,255,128,0,0,0,0,0,0,0,0,0,0,0,0,0,0,0,0,128,255,255,0,0,0,0,0,0,0,0,0,0,0,0,0,0,0,0,0,255,255,191,0,0,0,0,0,0,0,0,0,0,0,0,0,0,0,0,64,255,255,128,0,0,0,0,0,0,0,0,0,0,0,0,0,0,0,0,128,255,255,128,0,0,0,0,0,0,0,0,0,0,0,0,0,0,0,0,128,255,255,128,0,0,0,0,0,0,0,0,7
0,0,0,0,0,0,0,43,171,252,253,252,252,184,14,0,0,0,0,0,0,0,0,0,0,0,0,224,252,252,214,126,233,252,191,9,0,0,0,0,0,0,0,0,0,0,0,161,252,226,0,0,96,231,252,176,0,0,0,0,0,0,0,0,0,0,0,74,173,103,0,0,0,126,252,247,53,0,0,0,0,0,0,0,0,0,0,0,54,124,0,0,0,54,247,254,81,0,0,0,0,0,0,0,0,0,0,0,0,0,0,0,0,0,131,253,196,7,0,0,0,0,0,0,0,0,0,0,0,0,0,0,0,0,106,253,252,21,0,0,0,0,0,0,0,0,0,0,0,0,0,0,0,0,106,253,252,65,0,0,0,0,0,0,0,0,0,0,0,0,0,0,0,0,194,253,252,21,0,0,0,0,0,0,0,0,0,0,0,0,0,18,4,139,253,255,151,0,0,0,0,0,0,0,0,50,85,137,190,190,191,216,195,252,252,239,42,0,0,0,0,16,22,48,83,245,252,252,252,252,253,252,252,252,252,70,0,0,0,0,55,232,252,252,252,253,252,247,189,215,253,252,252,252,252,187,16,0,0,0,236,252,252,252,164,86,42,38,27,167,253,252,244,147,191,253,186,9,0,0,254,253,200,104,148,148,227,209,253,253,255,222,62,0,0,175,253,188,0,0,81,231,252,252,252,253,252,252,252,252,151,16,0,0,0,29,231,247,63,0,0,16,118,126,170,232,231,134,100,21,0,0,0,0,0,0,51,242,186,4,0,0,0,0,0,0,0,0,0,0,0,0,0,0,0,0,0,161,252,138,0,0,0,0,0,0,0,0,0,0,0,0,0,0,0,0,0,21,113,147,0,0,0,0,0,0,0,0,0,0,0,0,0,0,0,0,0,0,0,0,2
0,0,0,0,0,0,0,0,0,0,170,120,0,0,0,0,0,0,0,0,0,0,0,0,0,0,0,0,0,0,170,168,0,0,0,0,0,0,0,0,0,0,0,0,0,0,0,0,0,0,170,168,0,0,0,0,0,0,0,0,0,0,0,0,0,0,0,0,0,0,170,244,25,0,0,0,0,0,0,0,0,0,0,0,0,0,0,0,0,0,170,254,28,0,0,0,0,0,0,0,0,0,0,0,0,0,0,0,0,0,170,253,28,0,0,0,0,0,0,0,0,0,0,0,0,0,0,0,0,0,170,253,78,0,0,0,0,0,0,0,0,0,0,0,0,0,0,0,0,0,170,253,28,0,0,0,0,0,0,0,0,0,0,0,0,0,0,0,0,0,170,245,25,0,0,0,0,0,0,0,0,0,0,0,0,0,0,0,0,19,226,168,0,0,0,0,0,0,0,0,0,0,0,0,0,0,0,0,0,29,253,168,0,0,0,0,0,0,0,0,0,0,0,0,0,0,0,0,0,29,253,244,25,0,0,0,0,0,0,0,0,0,0,0,0,0,0,0,0,29,255,254,28,0,0,0,0,0,0,0,0,0,0,0,0,0,0,0,0,54,253,196,9,0,0,0,0,0,0,0,0,0,0,0,0,0,0,0,0,141,253,168,0,0,0,0,0,0,0,0,0,0,0,0,0,0,0,0,0,141,253,68,0,0,0,0,0,0,0,0,0,0,0,0,0,0,0,0,0,142,255,56,0,0,0,0,0,0,0,0,0,0,0,0,0,0,0,0,0,166,253,56,0,0,0,0,0,0,0,0,0,0,0,0,0,0,0,0,0,255,253,56,0,0,0,0,0,0,0,0,0,0,0,0,0,0,0,0,0,204,203,6,0,0,0,0,0,0,0,0,1
0,0,0,0,0,0,0,0,0,0,0,0,0,0,0,0,0,0,0,0,0,0,0,0,0,0,0,0,0,0,0,0,49,246,140,0,0,0,0,0,0,0,0,0,0,0,0,0,0,0,0,2,129,253,207,0,0,0,0,0,0,0,0,0,0,0,0,0,0,0,0,118,253,253,88,0,0,0,0,0,0,0,0,0,0,0,0,0,0,0,47,235,253,253,58,0,0,0,0,0,0,0,0,0,0,0,0,0,0,38,231,253,253,237,36,0,0,0,0,0,0,0,0,0,0,0,0,0,108,194,255,254,254,214,0,0,0,0,0,0,0,0,0,0,0,0,10,118,250,253,223,238,253,130,0,0,0,0,0,0,0,0,0,0,0,49,196,253,253,185,89,253,253,87,0,0,0,0,0,0,0,0,0,0,53,246,253,253,222,51,89,253,253,19,0,0,0,0,0,0,0,0,0,0,98,254,253,253,253,253,254,253,253,19,0,0,0,0,0,0,0,0,0,0,0,61,98,98,113,195,255,249,98,0,0,0,0,0,0,0,0,0,0,0,0,0,0,0,0,0,178,233,0,0,0,0,0,0,0,0,0,0,0,0,0,0,0,0,0,68,254,233,0,0,0,0,0,0,0,0,0,0,0,0,0,0,0,0,0,113,254,218,0,0,0,0,0,0,0,0,0,0,0,0,0,0,0,0,0,195,254,135,0,0,0,0,0,0,0,0,0,0,0,0,0,0,0,0,62,254,241,30,0,0,0,0,0,0,0,0,0,0,0,0,0,0,0,0,182,253,195,0,0,0,0,0,0,0,0,0,0,0,0,0,0,0,0,55,247,253,128,0,0,0,0,0,0,0,0,0,0,0,0,0,0,0,0,168,253,200,8,0,0,0,0,0,0,0,0,0,4
0,0,0,0,0,0,0,0,0,0,0,0,0,0,0,0,0,0,0,0,0,0,0,0,0,0,0,0,0,0,0,0,0,0,0,0,0,0,0,0,0,0,0,0,0,0,0,0,0,0,0,0,0,0,0,0,0,0,0,0,0,0,1,19,130,130,130,130,130,130,164,255,255,255,255,255,88,0,0,0,0,0,19,253,253,253,253,253,253,253,253,253,253,253,253,253,148,0,0,0,0,0,18,235,235,246,253,240,239,253,248,235,235,250,253,253,78,0,0,0,0,0,0,0,0,67,105,33,24,105,77,0,8,215,253,253,24,0,0,0,0,0,0,0,0,0,0,0,0,0,0,0,97,253,253,192,10,0,0,0,0,0,0,0,0,0,0,0,0,0,0,48,236,253,253,75,0,0,0,0,0,0,0,0,0,0,0,0,0,0,0,96,253,253,192,11,0,0,0,0,0,0,0,0,0,0,0,0,0,0,14,209,253,253,136,0,0,0,0,0,0,0,0,0,0,0,0,0,0,0,20,214,253,253,98,0,0,0,0,0,0,0,0,0,0,0,0,0,0,0,51,239,253,232,28,0,0,0,0,0,0,0,0,0,0,0,0,0,0,0,162,253,253,133,0,0,0,0,0,0,0,0,0,0,0,0,0,0,0,86,240,253,229,30,0,0,0,0,0,0,0,0,0,0,0,0,0,0,0,186,253,253,73,0,0,0,0,0,0,0,0,0,0,0,0,0,0,0,90,242,253,253,49,0,0,0,0,0,0,0,0,0,0,0,0,0,0,19,207,253,253,143,7,0,0,0,0,0,0,0,0,0,0,0,0,0,0,50,253,253,253,55,0,0,0,0,0,0,0,0,0,0,0,0,0,0,0,102,253,253,225,32,0,0,0,0,0,0,0,0,7
0,0,0,0,0,12,92,124,165,92,35,0,0,0,0,0,0,0,0,0,0,0,0,2,87,191,254,254,254,254,210,128,17,0,0,0,0,0,0,0,0,0,0,17,254,254,254,254,254,254,254,254,250,66,0,0,0,0,0,0,0,0,0,17,254,229,57,196,221,230,254,254,254,233,72,0,0,0,0,0,0,0,0,9,130,114,0,0,0,34,130,171,254,254,230,0,0,0,0,0,0,0,0,0,0,0,0,0,0,0,0,83,254,254,235,28,0,0,0,0,0,0,0,0,0,0,0,0,0,0,0,38,210,254,254,139,0,0,0,0,0,0,0,0,0,0,0,0,0,0,0,76,247,254,254,139,0,0,0,0,0,0,0,0,0,0,0,132,157,15,0,83,254,254,254,139,0,0,0,0,0,0,0,0,0,33,248,253,254,205,83,85,254,254,230,4,0,0,0,0,0,0,0,0,0,34,254,254,254,254,254,202,254,254,230,0,0,0,0,0,0,0,0,0,0,34,254,254,254,254,254,254,254,254,165,0,0,0,0,0,0,0,0,0,0,34,254,217,65,221,254,254,254,180,17,0,0,0,0,0,0,0,0,0,0,34,254,205,0,67,254,254,254,155,0,0,0,0,0,0,0,0,0,0,0,34,254,245,116,204,255,254,254,155,0,0,0,0,0,0,0,0,0,0,0,34,254,254,254,254,254,254,254,155,0,0,0,0,0,0,0,0,0,0,0,5,113,245,254,254,254,254,254,242,207,32,0,0,0,0,0,0,0,0,0,0,0,90,106,106,106,154,254,254,254,206,125,0,0,0,0,0,0,0,0,0,0,0,0,0,0,59,180,209,254,254,252,240,240,100,0,0,0,0,0,0,0,0,0,0,0,0,0,35,90,164,254,254,217,38,2
0,0,0,0,0,0,0,0,0,0,0,0,0,0,0,0,0,0,0,0,0,0,0,0,0,0,0,0,0,0,0,0,0,0,0,0,0,0,0,0,0,0,0,0,0,0,0,0,0,0,0,0,0,0,0,0,0,0,0,0,0,0,0,0,0,0,0,0,0,0,0,0,0,36,95,251,106,0,0,0,0,0,0,0,0,0,0,0,0,12,90,164,203,253,254,254,159,0,0,0,0,0,0,0,18,74,74,120,175,248,254,254,254,254,254,254,134,0,0,0,0,46,209,242,245,254,254,254,254,254,186,99,32,33,254,254,73,0,0,0,0,147,254,254,254,240,114,104,89,17,4,0,0,22,254,242,5,0,0,0,0,176,217,172,87,17,0,0,0,0,0,0,0,72,254,241,0,0,0,0,0,8,10,0,0,0,0,0,0,0,0,0,6,199,254,144,0,0,0,0,0,0,0,0,0,0,0,0,0,0,0,0,27,254,245,32,0,0,0,0,0,0,0,0,0,0,0,0,0,0,0,0,118,254,162,0,0,0,0,0,0,0,0,0,0,0,0,0,0,0,0,26,246,251,67,0,0,0,0,0,0,0,0,0,0,0,0,0,0,0,6,153,254,177,0,0,0,0,0,0,0,0,0,0,0,0,0,0,0,0,76,254,221,11,0,0,0,0,0,0,0,0,0,0,0,0,0,0,0,32,228,254,131,0,0,0,0,0,0,0,0,0,0,0,0,0,0,0,5,149,254,231,13,0,0,0,0,0,0,0,0,0,0,0,0,0,0,0,51,254,252,118,0,0,0,0,0,0,0,0,0,0,0,0,0,0,0,0,165,254,214,0,0,0,0,0,0,0,0,0,0,0,0,0,0,0,0,40,244,253,68,0,0,0,0,0,0,0,0,0,7
0,0,0,0,0,0,0,0,0,0,0,0,0,0,0,0,0,0,0,0,0,0,0,0,0,0,0,0,1,18,38,136,227,255,254,132,0,90,136,98,0,0,0,0,0,0,0,82,156,253,253,253,253,253,253,249,154,219,253,253,0,0,0,0,0,40,150,244,253,253,253,253,253,253,253,253,253,253,253,253,0,0,0,0,74,237,253,253,253,253,253,203,182,242,253,253,253,253,253,230,0,0,0,13,200,253,253,253,168,164,91,14,64,246,253,253,253,195,79,32,0,0,0,21,219,253,253,159,2,0,0,103,233,253,253,253,177,10,0,0,0,0,0,0,171,253,253,147,0,1,155,250,253,253,251,126,5,0,0,0,0,0,0,0,101,236,253,206,32,152,253,253,253,253,130,0,0,0,0,0,0,0,0,0,0,91,253,253,253,253,253,253,241,113,9,0,0,0,0,0,0,0,0,0,0,91,243,253,253,253,253,239,81,0,0,0,0,0,0,0,0,0,0,0,0,0,207,253,253,253,253,158,0,0,0,0,0,0,0,0,0,0,0,0,0,0,207,253,253,253,253,121,0,0,0,0,0,0,0,0,0,0,0,0,24,145,249,253,253,253,253,194,0,0,0,0,0,0,0,0,0,0,0,0,59,253,253,253,253,253,253,224,30,0,0,0,0,0,0,0,0,0,0,5,181,253,253,241,114,240,253,253,136,5,0,0,0,0,0,0,0,0,0,36,253,253,253,125,0,65,253,253,253,41,0,0,0,0,0,0,0,0,0,67,253,253,253,29,2,138,253,253,253,41,0,0,0,0,0,0,0,0,0,60,253,253,253,207,202,253,253,253,192,9,0,0,0,0,0,0,0,0,0,5,183,253,253,253,253,253,253,230,52,0,0,0,0,0,0,0,8
0,0,0,0,0,0,0,0,0,0,0,0,89,191,25,0,0,0,0,0,0,0,0,0,0,0,0,0,0,0,0,5,178,252,45,0,0,0,0,0,0,0,0,0,0,0,0,0,0,0,0,24,252,170,13,0,0,0,0,0,0,0,0,0,0,0,0,0,0,0,0,160,252,69,0,0,0,0,0,0,0,0,0,0,0,0,0,0,0,0,0,253,252,69,0,0,0,0,0,0,0,0,0,0,0,0,0,0,0,0,64,255,196,0,0,0,0,0,0,0,0,0,0,0,0,0,0,0,0,0,189,253,92,0,0,0,0,0,0,0,0,0,0,0,0,0,0,0,0,0,230,236,25,0,0,0,0,0,0,0,0,0,0,0,0,0,0,0,0,76,248,230,0,0,0,0,0,0,0,0,0,0,0,0,0,0,0,0,0,93,252,230,0,0,0,0,0,0,0,0,0,0,0,0,0,0,0,0,0,208,253,168,0,0,0,0,0,0,0,0,0,0,0,0,0,0,0,0,0,207,252,116,0,0,0,0,0,0,0,0,0,0,0,0,0,0,0,0,51,240,252,32,0,0,0,0,0,0,0,0,0,0,0,0,0,0,0,0,164,252,157,0,0,0,0,0,0,0,0,0,0,0,0,0,0,0,0,0,184,252,137,0,0,0,0,0,0,0,0,0,0,0,0,0,0,0,0,22,216,253,137,0,0,0,0,0,0,0,0,0,0,0,0,0,0,0,0,0,184,252,137,0,0,0,0,0,0,0,0,0,0,0,0,0,0,0,0,0,184,252,137,0,0,0,0,0,0,0,0,0,0,0,0,0,0,0,0,0,184,252,137,0,0,0,0,0,0,0,0,0,0,0,0,0,0,0,0,0,80,252,85,0,0,0,0,0,0,0,0,0,1
0,0,0,0,0,0,0,0,0,0,0,0,0,0,0,0,0,0,0,0,0,0,0,0,0,0,1,86,131,131,192,131,131,95,7,2,0,0,0,0,0,0,0,0,0,14,151,254,254,254,254,254,254,254,254,157,26,0,0,0,0,0,0,0,2,104,254,254,251,236,236,205,112,209,242,254,214,27,0,0,0,0,0,0,93,254,254,239,129,0,0,0,0,0,74,238,254,213,27,0,0,0,0,0,68,254,254,169,0,0,0,0,0,0,0,34,232,254,213,88,0,0,0,0,19,254,254,223,32,0,0,0,0,12,38,141,241,221,217,122,0,0,0,0,16,236,254,254,240,83,35,33,78,194,254,218,165,11,0,0,0,0,0,0,0,48,156,236,254,254,237,233,254,240,104,14,0,0,0,0,0,0,0,0,0,0,0,66,235,254,254,254,254,179,0,0,0,0,0,0,0,0,0,0,0,0,0,10,189,254,254,254,254,235,147,11,0,0,0,0,0,0,0,0,0,0,0,72,254,254,178,92,238,254,254,43,0,0,0,0,0,0,0,0,0,0,62,235,254,118,16,0,193,254,254,43,0,0,0,0,0,0,0,0,0,8,187,254,219,16,0,0,93,254,254,143,0,0,0,0,0,0,0,0,7,165,254,242,78,0,0,0,69,254,254,125,0,0,0,0,0,0,0,0,19,254,254,217,0,0,0,0,175,254,254,43,0,0,0,0,0,0,0,0,19,254,254,108,0,0,0,105,247,254,254,43,0,0,0,0,0,0,0,0,19,254,254,93,0,0,104,248,254,254,129,4,0,0,0,0,0,0,0,0,19,254,254,225,195,237,249,254,254,185,4,0,0,0,0,0,0,0,0,0,11,147,254,254,254,254,254,254,131,8,0,0,0,0,0,0,8
0,0,0,0,0,0,0,0,0,0,0,0,0,0,0,0,0,0,0,0,0,0,0,0,0,0,0,0,0,0,0,0,0,0,0,152,255,151,0,0,0,0,0,0,0,0,4,76,18,0,0,0,0,0,0,244,234,106,0,0,0,0,0,0,0,0,58,250,104,0,0,0,0,2,135,252,94,0,0,0,0,0,0,0,0,0,140,97,0,0,0,0,0,79,253,253,81,0,0,0,0,0,0,0,0,27,236,177,0,0,0,0,0,168,253,245,55,0,0,0,0,0,0,0,2,135,253,248,53,0,0,0,76,245,253,226,0,0,0,0,0,0,0,0,17,193,253,244,48,0,0,0,171,253,253,196,35,0,0,0,0,0,0,0,0,164,253,205,0,0,0,0,213,253,253,10,0,0,0,0,0,0,0,0,40,248,253,151,6,9,0,13,239,253,253,187,173,0,0,0,0,0,0,0,67,253,253,197,193,209,162,234,253,253,253,253,120,0,0,0,0,0,0,0,151,253,253,253,253,253,253,253,253,253,253,204,52,0,0,0,0,0,0,0,93,232,232,164,124,124,207,253,253,188,16,8,0,0,0,0,0,0,0,0,0,0,0,0,0,4,184,253,248,66,0,0,0,0,0,0,0,0,0,0,0,0,0,0,0,17,253,253,190,0,0,0,0,0,0,0,0,0,0,0,0,0,0,0,0,121,253,253,124,0,0,0,0,0,0,0,0,0,0,0,0,0,0,0,0,198,253,253,50,0,0,0,0,0,0,0,0,0,0,0,0,0,0,0,73,250,253,132,3,0,0,0,0,0,0,0,0,0,0,0,0,0,0,0,147,253,253,54,0,0,0,0,0,0,0,0,0,0,0,0,0,0,0,0,195,253,215,16,0,0,0,0,0,0,0,0,4
0,0,0,0,0,0,0,0,0,0,0,0,0,0,0,0,0,0,0,0,0,0,0,0,0,0,0,0,57,253,253,255,253,253,84,0,0,0,0,0,0,0,0,0,0,0,0,76,231,252,252,253,252,252,84,0,0,0,0,0,0,0,0,0,0,0,89,215,252,252,252,253,252,252,215,88,0,0,0,0,0,0,0,132,169,169,207,252,252,252,252,253,252,252,252,205,95,0,0,0,0,0,126,227,252,252,253,252,252,252,252,253,252,252,252,252,203,94,0,0,0,114,238,253,253,253,255,253,253,253,253,141,241,253,253,253,255,206,88,0,0,253,252,252,252,252,253,223,167,167,167,0,149,233,252,252,253,252,214,76,0,253,252,252,252,252,228,130,0,0,0,0,0,153,233,252,253,252,252,230,0,253,252,252,252,236,126,0,0,0,0,0,0,0,150,223,237,252,252,252,0,253,252,252,252,112,0,0,0,0,0,0,0,0,0,0,113,252,252,252,0,255,253,253,253,112,0,0,0,0,0,0,0,0,0,0,114,253,253,253,0,253,252,252,252,237,126,0,0,0,0,0,0,0,0,0,12,103,252,252,0,253,252,252,252,252,140,0,0,0,0,0,0,0,0,0,0,85,252,252,0,253,252,252,252,252,216,113,0,0,0,0,0,0,0,95,169,196,252,252,0,112,237,252,252,252,253,214,140,140,140,0,126,140,140,203,253,252,252,252,0,0,126,229,253,253,255,253,253,253,253,114,238,253,253,253,255,253,253,240,0,0,0,131,224,252,253,252,252,252,252,253,252,252,252,252,253,223,167,148,0,0,0,0,131,195,196,214,252,252,252,253,252,252,252,220,196,130,0,0,0,0,0,0,0,0,0,76,223,223,223,225,223,223,223,99,0,0,0,0,0
0,0,0,0,0,0,0,0,0,0,0,0,0,3,70,253,168,0,0,0,0,0,0,0,0,0,0,0,0,0,0,0,0,60,252,252,99,0,0,0,0,0,0,0,0,0,0,0,0,0,0,0,6,181,252,252,48,0,0,0,0,0,0,0,0,0,0,0,0,0,0,5,78,252,252,204,16,0,0,0,0,0,0,0,0,0,0,0,0,0,0,25,252,252,252,94,0,0,0,0,0,0,0,0,0,0,0,0,0,0,0,117,252,252,206,14,0,0,0,0,0,0,0,0,0,0,0,0,0,0,51,232,252,252,94,0,0,0,0,0,0,0,0,0,0,0,0,0,0,0,132,252,252,210,10,0,0,0,0,0,0,0,0,0,0,0,0,0,0,0,242,252,252,95,0,0,0,0,0,0,0,0,0,0,0,0,0,0,0,173,253,252,235,44,0,0,0,0,0,0,0,0,0,0,0,0,0,0,64,248,255,241,46,0,0,0,0,0,0,0,0,0,0,0,0,0,0,56,242,252,252,148,0,0,0,0,0,0,0,0,0,0,0,0,0,0,0,171,252,252,166,0,0,0,0,0,0,0,0,0,0,0,0,0,0,0,80,241,252,252,40,0,0,0,0,0,0,0,0,0,0,0,0,0,0,18,216,252,252,136,0,0,0,0,0,0,0,0,0,0,0,0,0,0,18,125,252,252,221,8,0,0,0,0,0,0,0,0,0,0,0,0,0,0,61,252,252,252,104,0,0,0,0,0,0,0,0,0,0,0,0,0,0,88,225,252,252,169,4,0,0,0,0,0,0,0,0,0,0,0,0,0,0,169,252,252,252,104,0,0,0,0,0,0,0,0,0,0,0,0,0,0,0,112,252,217,34,2,0,0,0,0,0,0,0,0,0,0,0,0,1
0,0,0,0,0,0,0,0,0,0,0,0,0,0,55,236,212,0,0,0,0,0,0,0,0,0,0,0,0,0,0,0,0,16,232,252,225,21,0,0,0,0,0,0,0,0,0,0,0,0,0,0,0,171,252,252,232,32,0,0,0,0,0,0,0,0,0,0,0,0,0,0,0,232,252,252,185,0,0,0,0,0,0,0,0,0,0,0,0,0,0,0,71,249,252,164,18,0,0,0,0,0,0,0,0,0,0,0,0,0,0,0,146,253,253,129,0,0,0,0,0,0,0,0,0,0,0,0,0,0,0,32,237,252,169,11,0,0,0,0,0,0,0,0,0,0,0,0,0,0,9,192,252,251,77,0,0,0,0,0,0,0,0,0,0,0,0,0,0,0,132,253,252,205,0,0,0,0,0,0,0,0,0,0,0,0,0,0,0,98,246,253,252,38,0,0,0,0,0,0,0,0,0,0,0,0,0,0,4,183,253,247,140,0,0,0,0,0,0,0,0,0,0,0,0,0,0,0,101,252,252,176,0,0,0,0,0,0,0,0,0,0,0,0,0,0,0,8,226,252,244,53,0,0,0,0,0,0,0,0,0,0,0,0,0,0,11,171,252,252,121,0,0,0,0,0,0,0,0,0,0,0,0,0,0,0,130,252,252,182,24,0,0,0,0,0,0,0,0,0,0,0,0,0,0,62,255,253,206,35,0,0,0,0,0,0,0,0,0,0,0,0,0,0,0,185,253,252,21,0,0,0,0,0,0,0,0,0,0,0,0,0,0,0,112,249,253,252,21,0,0,0,0,0,0,0,0,0,0,0,0,0,0,0,169,252,253,196,7,0,0,0,0,0,0,0,0,0,0,0,0,0,0,0,169,252,218,28,0,0,0,0,0,0,0,0,0,0,0,0,1
0,0,0,0,0,0,0,0,0,0,0,0,0,0,0,0,0,0,0,0,0,0,0,0,0,0,0,0,0,0,0,0,0,0,0,0,0,0,0,0,0,0,0,0,0,0,0,0,0,0,0,0,0,0,0,0,0,0,0,0,0,0,0,0,0,0,0,0,0,0,87,170,123,181,148,120,188,149,68,0,0,0,0,0,0,0,0,0,56,251,254,254,254,254,254,254,254,254,253,251,0,0,0,0,0,0,0,21,163,254,241,232,254,254,254,248,230,192,134,122,0,0,0,0,0,0,0,39,243,254,41,5,72,72,72,52,0,0,0,0,0,0,0,0,0,0,0,90,254,223,29,0,0,0,0,0,0,0,0,0,0,0,0,0,0,0,0,90,254,254,157,4,0,0,0,0,0,0,0,0,0,0,0,0,0,0,0,37,241,254,254,48,0,0,0,0,0,0,0,0,0,0,0,0,0,0,0,0,103,254,254,196,16,0,0,0,0,0,0,0,0,0,0,0,0,0,0,0,4,115,254,254,82,0,0,0,0,0,0,0,0,0,0,0,0,0,0,0,0,27,245,254,199,13,0,0,0,0,0,0,0,28,6,0,0,0,0,0,4,142,254,254,183,2,0,0,0,0,0,0,0,199,74,0,0,0,0,67,190,254,254,245,68,0,0,0,0,0,0,0,0,201,212,134,73,73,141,252,254,254,254,80,0,0,0,0,0,0,0,0,0,135,254,254,254,254,254,254,254,227,71,5,0,0,0,0,0,0,0,0,0,15,105,224,254,254,251,230,146,18,0,0,0,0,0,0,0,0,0,0,0,0,0,0,90,91,26,0,0,0,0,0,0,0,0,0,0,0,0,0,0,0,0,0,0,0,0,0,0,0,0,0,0,0,0,0,0,0,0,0,5
0,0,0,0,0,0,0,0,0,0,0,0,0,0,0,0,0,0,0,0,0,0,0,0,0,0,0,0,0,0,0,0,0,0,0,0,0,0,0,0,0,0,0,0,0,0,0,0,0,0,0,0,0,0,0,0,0,0,0,0,0,0,0,0,0,0,0,0,0,0,0,0,0,0,0,0,0,0,0,0,0,0,0,0,0,0,73,99,168,211,255,254,216,168,71,0,0,0,0,0,0,23,31,47,177,250,253,254,254,254,217,176,237,254,252,124,0,0,0,0,0,157,249,250,254,212,133,95,21,8,5,0,7,52,235,179,0,0,0,0,0,8,89,133,49,6,0,0,0,0,0,0,0,0,137,249,45,0,0,0,0,0,0,0,0,0,0,0,0,0,0,0,0,0,104,254,73,0,0,0,0,0,0,0,0,0,0,0,0,0,0,0,0,0,125,251,56,0,0,0,0,0,0,0,0,0,0,0,0,0,0,0,0,13,226,222,0,0,0,0,0,0,0,0,0,0,0,0,0,0,0,0,0,69,254,137,0,0,0,0,0,0,0,0,0,0,0,0,0,0,0,0,5,194,245,33,0,0,0,0,0,0,0,0,0,0,0,0,0,0,0,0,71,254,163,0,0,0,0,0,0,0,0,0,0,0,0,0,0,0,0,0,126,250,69,0,0,0,0,0,0,0,0,0,0,0,0,0,0,0,0,27,225,191,0,0,0,0,0,0,0,0,0,0,0,0,0,0,0,0,0,156,254,107,0,0,0,0,0,0,0,0,0,0,0,0,0,0,0,0,36,243,195,13,0,0,0,0,0,0,0,0,0,0,0,0,0,0,0,0,157,251,101,0,0,0,0,0,0,0,0,0,0,0,0,0,0,0,0,65,242,159,0,0,0,0,0,0,0,0,7
0,0,0,0,0,0,0,0,0,11,123,180,254,255,212,83,1,0,0,0,0,0,0,0,0,4,65,175,180,254,254,254,254,254,254,254,119,2,0,0,0,0,0,0,16,163,254,254,254,254,224,147,110,65,176,251,232,19,0,0,0,0,0,0,0,211,254,254,142,56,0,0,0,0,16,232,254,72,0,0,0,0,0,0,0,27,76,49,2,0,0,0,0,0,16,232,254,58,0,0,0,0,0,0,0,0,0,0,0,0,0,0,0,0,74,249,254,16,0,0,0,0,0,0,0,0,0,0,0,0,0,0,0,42,236,254,132,2,0,0,0,0,0,0,0,0,0,0,0,0,0,0,30,210,241,125,3,0,0,0,0,0,0,0,0,0,0,0,0,0,0,56,208,218,66,0,0,0,0,0,0,0,0,0,0,0,0,0,0,3,115,231,243,62,0,0,0,0,0,0,0,0,0,0,0,0,0,0,0,94,254,254,111,0,0,0,0,0,0,0,0,0,0,0,0,0,0,0,0,82,249,254,63,0,0,0,0,0,0,0,0,0,0,0,0,0,0,0,0,0,180,254,192,0,0,0,0,0,0,0,0,0,0,0,0,0,0,0,0,0,54,254,228,38,0,0,0,0,0,0,0,18,10,0,0,0,0,0,0,0,4,201,254,181,0,0,0,0,0,0,0,149,152,0,0,0,0,0,0,0,0,51,254,247,34,0,0,0,0,0,87,237,68,0,0,0,0,0,0,2,58,129,254,254,41,0,0,0,0,0,78,254,206,82,32,58,66,90,148,231,254,254,254,208,17,0,0,0,0,0,7,139,254,254,246,252,254,254,254,254,254,246,132,9,0,0,0,0,0,0,0,1,72,156,214,254,254,254,200,172,109,7,0,0,0,0,0,0,0,0,3
0,0,0,0,0,0,0,0,0,0,0,0,0,0,0,0,0,0,0,0,0,0,0,0,0,0,0,0,0,0,0,0,0,0,0,0,0,0,0,0,0,0,0,0,0,0,46,23,0,0,0,0,59,59,59,149,156,217,254,175,0,0,0,0,0,19,222,230,214,214,214,214,254,253,253,253,253,254,253,211,0,0,0,0,0,40,253,254,253,253,253,253,254,253,253,253,253,205,174,144,0,0,0,0,0,18,221,254,100,117,102,57,117,34,19,19,19,8,0,0,0,0,0,0,0,31,239,208,9,0,0,0,0,0,0,0,0,0,0,0,0,0,0,0,0,62,254,173,0,0,0,0,0,0,0,0,0,0,0,0,0,0,0,0,0,136,253,98,0,0,0,0,0,0,0,0,0,0,0,0,0,0,0,0,0,166,253,98,67,109,74,0,0,0,0,0,0,0,0,0,0,0,0,0,0,181,253,242,250,253,250,196,0,0,0,0,0,0,0,0,0,0,0,0,0,212,253,254,253,253,253,253,114,0,0,0,0,0,0,0,0,0,0,0,0,115,254,255,226,128,113,218,255,39,0,0,0,0,0,0,0,0,0,0,0,21,135,114,21,0,0,15,254,54,0,0,0,0,0,0,0,0,0,0,0,0,0,0,0,0,0,0,254,233,0,0,0,0,0,0,0,0,0,0,0,0,0,0,0,0,0,16,254,233,0,0,0,0,0,0,0,0,0,0,0,0,0,0,0,0,0,98,254,195,0,0,0,0,0,0,0,0,0,5,156,79,0,0,0,0,47,231,255,114,0,0,0,0,0,0,0,0,0,20,253,202,5,0,25,147,235,253,249,36,0,0,0,0,0,0,0,0,0,20,253,253,193,176,241,253,253,253,98,0,0,0,0,0,0,0,5
0,0,0,0,0,0,0,0,0,30,221,253,44,0,0,0,0,0,0,0,0,0,0,0,0,0,0,0,108,229,241,126,8,0,0,0,0,0,0,0,0,0,0,0,0,0,0,4,194,253,202,0,0,0,0,0,0,0,0,0,0,0,0,0,0,0,0,117,253,229,0,0,0,0,0,0,0,0,0,0,0,0,0,0,0,0,48,232,226,94,0,0,0,0,0,0,0,0,0,0,0,0,0,0,0,48,233,251,121,0,0,0,0,0,0,0,0,0,0,0,0,0,0,0,54,232,253,236,155,155,155,155,112,2,0,0,0,0,0,0,0,0,0,51,231,253,253,253,253,220,187,253,253,181,61,0,0,0,0,0,0,0,0,133,253,253,152,143,61,19,5,33,167,253,246,48,0,0,0,0,0,0,0,117,221,96,0,0,0,0,0,0,0,71,255,129,3,0,0,0,0,0,0,0,0,0,0,0,0,0,0,0,0,7,192,253,99,0,0,0,0,0,0,0,0,0,0,0,0,0,0,0,0,0,75,253,131,0,0,0,0,0,0,0,0,0,0,0,0,0,0,0,0,0,56,253,131,0,0,0,0,0,0,0,0,0,0,0,0,0,0,0,0,0,56,253,131,0,0,0,0,0,0,0,0,0,0,0,0,0,0,0,0,0,56,253,131,0,0,0,0,0,0,10,0,0,0,0,0,0,0,0,0,26,237,253,128,0,0,0,0,0,0,167,131,45,4,0,0,0,0,31,88,206,253,180,9,0,0,0,0,0,0,93,193,253,193,188,188,188,189,234,253,247,152,14,0,0,0,0,0,0,0,0,8,71,244,253,171,95,143,143,143,34,0,0,0,0,0,0,0,0,0,0,0,0,0,0,0,0,0,0,0,0,0,0,0,0,0,0,5
0,0,0,0,0,0,0,0,0,0,0,0,0,0,0,0,0,0,0,0,0,0,0,0,0,0,0,0,0,0,0,0,0,0,0,0,0,0,0,0,0,0,0,0,0,0,0,0,0,0,0,0,0,0,0,0,0,0,0,0,0,0,0,21,113,152,254,253,254,253,254,213,41,0,0,0,0,0,0,0,0,0,21,203,253,252,192,151,151,151,151,232,243,122,0,0,0,0,0,0,0,0,52,253,163,20,0,0,0,0,0,123,254,151,0,0,0,0,0,0,0,0,132,252,20,0,0,0,0,0,0,0,213,151,0,0,0,0,0,0,0,0,152,253,0,0,0,0,0,0,0,0,72,233,163,0,0,0,0,0,0,0,152,252,82,0,0,0,0,0,0,0,51,252,203,0,0,0,0,0,0,0,51,253,173,10,0,0,0,0,0,0,0,203,234,30,0,0,0,0,0,0,10,172,253,212,41,0,0,0,0,0,0,203,253,50,0,0,0,0,0,0,0,0,163,223,254,253,234,193,254,172,173,253,254,50,0,0,0,0,0,0,0,0,0,20,50,91,151,232,192,232,253,252,253,50,0,0,0,0,0,0,0,0,0,0,0,0,0,0,0,0,0,102,254,50,0,0,0,0,0,0,0,0,0,0,0,0,0,0,0,0,0,102,253,50,0,0,0,0,0,0,0,0,0,0,0,0,0,0,0,0,0,102,254,112,0,0,0,0,0,0,0,0,0,0,0,0,0,0,0,0,0,102,253,232,0,0,0,0,0,0,0,0,0,0,0,0,0,0,0,0,0,0,254,253,0,0,0,0,0,0,0,0,0,0,0,0,0,0,0,0,0,0,213,252,0,0,0,0,0,0,0,0,0,0,0,0,0,0,0,0,0,0,152,253,173,10,0,0,9
0,0,0,0,0,0,0,0,0,0,0,0,0,0,0,0,0,0,0,0,0,0,0,0,0,0,0,0,0,0,0,0,0,0,0,0,0,0,0,0,0,0,0,0,0,0,0,0,0,0,0,0,0,0,0,0,0,0,0,0,0,0,0,0,0,0,0,0,0,0,0,0,0,0,0,0,0,0,0,0,53,29,29,29,29,29,29,29,29,79,141,141,141,141,13,0,0,0,0,0,252,252,253,252,252,252,253,252,252,252,253,252,252,252,207,82,0,0,0,0,252,252,253,252,252,252,253,252,252,127,56,56,94,205,253,240,81,0,0,0,252,102,28,28,28,28,28,28,28,3,0,0,0,13,153,252,243,25,0,0,113,113,0,0,0,0,0,0,0,0,0,0,0,0,26,244,253,40,0,0,0,0,0,0,0,0,0,0,0,0,0,0,0,0,7,187,252,115,0,0,0,0,0,0,0,0,0,0,0,0,0,0,0,0,29,252,252,28,0,0,0,0,0,0,0,0,0,0,0,0,0,0,0,0,29,252,252,28,0,0,0,0,0,0,0,0,0,0,0,0,0,0,0,0,141,253,253,28,0,0,0,0,0,0,0,0,0,0,0,0,0,0,0,0,141,252,233,22,0,0,0,0,0,0,0,0,0,0,0,0,0,0,0,0,141,252,168,0,0,0,0,0,0,0,0,0,0,0,0,0,0,0,0,0,241,252,118,0,0,0,0,0,0,0,0,0,0,0,0,0,0,0,0,0,254,253,56,0,0,0,0,0,0,0,0,0,0,0,0,0,0,0,0,0,253,252,56,0,0,0,0,0,0,0,0,0,0,0,0,0,0,0,0,0,253,252,143,0,0,0,0,0,0,0,0,0,0,0,0,0,0,0,0,0,253,252,168,0,0,0,7
0,0,0,0,0,0,0,0,0,0,79,151,230,243,120,5,0,0,0,0,0,0,0,0,0,0,0,0,2,158,243,254,183,172,254,26,0,0,0,0,0,0,0,0,0,0,0,9,84,254,185,12,3,2,10,1,0,0,0,0,0,0,0,0,0,0,0,63,254,237,35,0,0,11,84,9,0,0,0,0,0,0,0,0,0,0,0,117,254,139,0,0,0,43,254,26,0,0,0,0,0,0,0,0,0,0,0,167,249,0,0,0,0,165,254,26,0,0,0,0,0,0,0,0,0,0,0,167,254,93,0,0,42,247,218,14,0,0,0,0,0,0,0,0,0,0,0,99,254,215,13,11,172,254,109,0,0,0,0,0,0,0,0,0,0,0,0,36,235,254,56,131,254,181,12,0,0,0,0,0,0,0,0,0,0,0,0,0,46,254,254,254,200,6,0,0,0,0,0,0,0,0,0,0,0,0,0,0,6,254,254,238,59,0,0,0,0,0,0,0,0,0,0,0,0,0,0,0,83,254,254,220,11,0,0,0,0,0,0,0,0,0,0,0,0,0,0,84,245,254,254,254,62,0,0,0,0,0,0,0,0,0,0,0,0,0,65,213,239,55,193,254,160,0,0,0,0,0,0,0,0,0,0,0,0,23,161,235,101,0,100,254,166,0,0,0,0,0,0,0,0,0,0,0,0,167,255,183,0,0,18,251,166,0,0,0,0,0,0,0,0,0,0,0,18,229,244,29,0,0,100,254,166,0,0,0,0,0,0,0,0,0,0,0,27,254,239,0,0,7,191,253,74,0,0,0,0,0,0,0,0,0,0,0,10,205,249,161,120,219,254,124,0,0,0,0,0,0,0,0,0,0,0,0,0,63,156,254,255,190,67,1,0,0,0,0,0,0,0,0,8
0,0,0,0,0,0,0,0,0,0,0,68,237,253,253,253,85,0,0,0,0,0,0,0,0,0,0,0,0,0,70,240,254,253,253,253,199,11,0,0,0,0,0,0,0,0,0,0,0,102,240,253,254,236,135,253,254,56,0,0,0,0,0,0,0,0,0,0,153,254,254,254,185,9,17,235,255,115,0,0,0,0,0,0,0,0,0,85,254,253,253,185,9,0,0,184,254,115,0,0,0,0,0,0,0,0,0,168,254,248,179,13,0,0,0,184,254,115,0,0,0,0,0,0,0,0,0,84,254,139,0,0,0,0,9,209,254,115,0,0,0,0,0,0,0,0,0,0,0,0,0,0,0,0,24,254,254,115,0,0,0,0,0,0,0,0,0,0,0,0,0,0,0,0,157,253,254,64,0,0,0,0,0,0,0,0,0,0,41,49,108,24,0,22,228,253,239,21,0,0,0,0,0,0,0,0,85,184,229,253,253,253,160,189,253,253,93,0,0,0,0,0,0,0,19,136,254,254,254,254,254,254,254,254,254,169,0,0,0,0,0,0,0,17,204,253,253,253,207,190,128,253,254,253,240,31,0,0,0,0,0,0,3,174,254,253,192,71,0,22,161,253,254,253,240,32,0,0,0,0,0,0,57,253,254,151,13,0,60,189,253,253,254,253,253,69,0,0,0,0,0,0,208,254,255,48,66,195,254,254,254,203,34,206,254,128,0,0,0,0,0,0,207,253,254,241,249,253,254,244,123,6,0,89,253,211,0,0,0,0,0,0,157,253,254,253,253,244,171,46,0,0,0,26,232,253,0,0,0,0,0,0,7,69,161,160,152,44,0,0,0,0,0,0,207,219,0,0,0,0,0,0,0,0,0,0,0,0,0,0,0,0,0,0,0,0,0,0,0,0,2
0,0,0,0,0,0,0,0,0,0,0,0,0,0,0,0,0,0,0,0,0,0,0,0,0,0,0,117,254,219,161,112,15,0,0,0,0,0,0,0,0,0,0,0,0,0,0,151,254,254,254,254,232,226,209,167,39,0,0,0,0,0,0,0,0,0,0,90,70,196,245,246,254,254,254,242,45,0,0,0,0,0,0,0,0,0,0,0,0,0,0,13,188,254,254,140,0,0,0,0,0,0,0,0,0,0,0,0,0,0,0,71,243,254,245,80,0,0,0,0,0,0,0,0,0,0,0,0,0,15,104,249,200,78,73,0,0,0,0,0,0,0,0,0,0,0,0,0,52,234,254,209,38,0,0,0,0,0,0,0,0,0,0,0,0,0,41,147,249,197,114,5,0,0,0,0,0,0,0,0,0,0,0,0,16,113,243,223,180,48,0,0,0,0,0,0,0,0,0,0,0,0,4,123,225,254,254,103,0,0,0,0,0,0,0,0,0,0,0,0,0,0,10,254,254,254,254,255,209,91,0,0,0,0,0,0,0,0,0,0,0,0,5,122,122,122,201,254,254,254,227,177,128,27,0,0,0,0,0,0,0,0,0,0,0,0,19,168,249,254,254,254,254,237,180,62,3,0,0,0,0,0,0,0,0,0,0,0,41,85,144,217,254,254,254,254,137,0,0,0,0,0,0,0,0,0,0,0,0,0,0,38,206,238,254,254,151,0,0,0,0,0,0,0,0,0,0,0,0,0,0,0,57,238,254,120,14,0,0,0,0,0,0,0,0,0,0,0,0,0,23,134,237,254,157,14,0,0,0,0,0,0,0,0,0,0,0,0,7,92,213,254,251,197,14,0,0,0,0,0,0,0,0,0,0,0,0,38,172,254,237,211,57,0,0,0,0,0,0,0,3
0,0,0,0,0,0,0,0,0,0,0,0,0,0,0,0,0,0,0,0,0,0,0,0,29,29,66,141,141,216,253,253,255,253,178,4,0,0,0,0,0,0,0,151,253,252,252,252,253,252,252,252,253,252,252,28,0,0,0,0,0,0,67,246,253,252,252,177,168,168,130,56,78,252,252,28,0,0,0,0,0,0,85,151,128,28,28,3,0,0,0,0,79,252,177,3,0,0,0,0,0,0,0,0,0,0,0,0,0,0,0,13,254,253,156,0,0,0,0,0,0,0,0,0,0,0,0,0,0,0,57,206,253,189,19,0,0,0,0,0,0,0,0,0,0,0,0,0,48,160,215,252,253,122,0,0,0,0,0,0,0,0,0,0,0,0,38,163,241,252,252,252,253,246,150,0,0,0,0,0,0,0,0,0,0,7,204,253,254,234,187,163,242,253,253,103,0,0,0,0,0,0,0,0,0,107,252,202,134,28,0,0,60,234,252,252,0,0,0,0,0,0,0,0,0,13,56,6,0,0,0,0,0,82,252,252,126,0,0,0,0,0,0,0,0,51,0,0,0,0,0,0,0,7,203,252,225,0,0,0,0,0,0,0,41,184,0,0,0,0,0,0,0,0,86,253,242,47,0,0,0,0,0,0,216,109,0,0,0,0,0,0,0,0,85,252,253,84,0,0,0,0,0,0,253,215,19,0,0,0,0,0,0,0,85,252,231,19,0,0,0,0,0,0,253,252,156,0,0,0,0,0,0,0,134,252,225,0,0,0,0,0,0,0,179,253,253,103,0,0,0,0,0,32,229,253,101,0,0,0,0,0,0,0,22,234,252,252,108,19,0,0,7,150,252,227,0,0,0,0,0,0,0,0,0,131,252,252,253,215,159,134,204,252,252,103,0,0,0,0,3
0,0,0,0,0,0,0,0,0,0,12,146,190,36,0,0,0,0,0,0,0,0,0,0,0,0,0,0,0,0,49,254,254,162,0,0,0,0,0,0,0,0,0,0,0,0,0,0,0,0,84,254,254,227,19,0,0,0,0,0,0,0,0,0,0,0,0,0,0,0,144,254,254,206,21,0,0,0,0,0,0,0,0,0,0,0,0,0,0,0,227,254,254,115,0,0,0,0,0,0,0,0,0,0,0,0,0,0,0,0,241,254,254,115,0,0,0,0,0,0,0,0,0,0,0,0,0,0,0,0,241,254,254,59,0,0,0,0,0,0,0,0,0,0,0,0,0,0,0,38,247,254,249,17,0,0,0,0,0,0,0,0,0,0,0,0,0,0,0,114,254,254,177,0,0,0,0,0,0,0,0,0,0,0,0,0,0,0,19,250,254,254,123,0,0,0,0,0,0,0,0,0,0,0,0,0,0,0,20,254,254,254,82,0,0,0,0,0,0,0,0,0,0,0,0,0,0,0,49,254,254,250,57,0,0,0,0,0,0,0,0,0,0,0,0,0,0,0,116,254,254,240,0,0,0,0,0,0,0,0,0,0,0,0,0,0,0,0,156,254,254,236,0,0,0,0,0,0,0,0,0,0,0,0,0,0,0,0,212,254,254,143,0,0,0,0,0,0,0,0,0,0,0,0,0,0,0,49,251,254,254,195,0,0,0,0,0,0,0,0,0,0,0,0,0,0,0,54,254,254,254,246,33,0,0,0,0,0,0,0,0,0,0,0,0,0,0,54,254,254,254,254,82,0,0,0,0,0,0,0,0,0,0,0,0,0,0,26,220,254,254,107,9,0,0,0,0,0,0,0,0,0,0,0,0,0,0,0,43,223,140,12,0,0,0,0,0,0,0,0,1
0,0,0,0,0,0,0,0,0,0,0,0,0,0,0,0,0,0,0,0,0,0,0,0,0,0,11,51,152,233,254,213,152,152,92,51,0,0,0,0,0,0,0,0,0,0,92,252,253,252,253,252,253,252,253,252,123,0,0,0,0,0,0,0,0,41,254,253,203,102,102,102,102,102,163,223,255,172,41,0,0,0,0,0,0,0,253,252,102,0,0,0,0,0,0,20,91,252,203,0,0,0,0,0,0,0,254,253,132,10,0,0,0,0,0,0,52,253,123,0,0,0,0,0,0,0,71,232,253,172,41,0,0,0,0,0,92,252,82,0,0,0,0,0,0,0,0,123,234,253,254,213,51,10,0,21,254,253,0,0,0,0,0,0,0,0,0,0,30,131,253,252,253,172,62,203,253,130,0,0,0,0,0,0,0,0,0,0,0,0,31,233,254,253,254,253,183,0,0,0,0,0,0,0,0,0,102,183,142,20,213,252,253,252,253,212,20,0,0,0,0,0,0,0,72,233,254,253,224,81,82,223,254,253,254,253,62,0,0,0,0,0,0,123,253,252,151,70,20,0,0,20,50,50,172,252,183,0,0,0,0,0,113,253,244,162,0,0,0,0,0,0,0,0,152,253,183,0,0,0,0,41,233,252,162,0,0,0,0,0,0,0,0,0,152,252,102,0,0,0,0,203,254,192,0,0,0,0,0,0,0,0,0,82,254,233,41,0,0,0,0,203,253,70,0,0,0,0,0,0,0,0,203,243,192,50,0,0,0,0,0,203,255,71,0,0,0,0,0,21,132,253,254,172,41,0,0,0,0,0,0,122,253,232,142,102,102,102,163,223,253,252,131,10,0,0,0,0,0,0,0,0,132,253,255,253,254,253,254,253,203,61,0,0,0,0,0,0,0,0,8
0,0,0,0,0,0,0,0,0,0,0,0,0,0,0,0,0,0,0,0,0,0,0,0,0,0,0,0,0,0,0,0,0,0,0,0,0,0,0,0,0,0,0,0,0,0,0,0,0,0,0,0,0,0,0,0,0,0,0,0,0,0,0,0,0,0,0,0,0,0,36,149,148,51,43,43,43,43,149,254,0,0,0,0,0,0,0,0,43,156,243,254,253,253,253,253,254,253,253,253,0,0,0,0,15,66,128,207,243,253,253,254,253,253,253,253,254,253,253,213,0,0,0,41,226,253,254,253,253,253,200,190,154,84,197,253,254,253,141,28,0,0,0,84,253,253,254,218,138,42,7,0,0,63,240,253,237,113,4,0,0,0,0,0,72,62,0,0,0,0,0,8,79,246,254,237,89,0,0,0,0,0,0,0,0,0,0,0,0,0,0,79,253,253,232,54,0,0,0,0,0,0,0,0,0,0,0,0,0,0,63,246,253,243,86,0,0,0,0,0,0,0,0,0,0,0,0,0,0,114,240,254,232,51,0,0,0,0,0,0,0,0,0,0,0,0,0,0,63,240,253,237,54,0,0,0,0,0,0,0,0,0,0,0,0,0,8,79,246,254,192,45,0,0,0,0,0,0,0,0,0,0,0,0,0,0,114,253,253,232,54,0,0,0,0,0,0,0,0,0,0,0,0,0,0,107,255,253,234,51,0,0,0,0,0,0,0,0,0,0,0,0,0,0,114,240,254,232,51,0,0,0,0,0,0,0,0,0,0,0,0,0,0,107,240,253,237,54,0,0,0,0,0,0,0,0,0,0,0,0,0,0,68,246,254,237,45,0,0,0,0,0,0,0,0,0,0,0,0,0,0,33,238,253,253,113,0,0,0,0,0,0,0,0,0,0,0,0,0,0,7
0,0,0,0,0,0,0,0,0,0,0,105,253,188,0,0,0,0,0,0,0,0,0,0,0,0,0,0,0,0,0,183,252,196,0,0,0,0,0,0,0,0,0,0,0,0,0,0,0,0,62,253,252,73,0,0,0,0,0,0,0,0,0,0,0,0,0,0,0,0,211,253,196,7,0,0,0,0,0,0,0,0,0,0,0,0,0,0,0,0,211,253,168,0,0,0,0,0,0,0,0,0,0,0,0,0,0,0,0,11,219,255,107,0,0,0,0,0,0,0,0,0,0,0,0,0,0,0,0,64,252,253,63,0,0,0,0,0,0,0,0,0,0,0,0,0,0,0,0,160,252,232,32,0,0,0,0,0,0,0,0,0,0,0,0,0,0,0,6,190,252,140,0,0,0,0,0,0,0,0,0,0,0,0,0,0,0,0,22,252,252,106,0,0,0,0,0,0,0,0,0,0,0,0,0,0,0,0,22,253,253,107,0,0,0,0,0,0,0,0,0,0,0,0,0,0,0,0,15,224,252,141,0,0,0,0,0,0,0,0,0,0,0,0,0,0,0,0,2,176,252,115,0,0,0,0,0,0,0,0,0,0,0,0,0,0,0,0,22,252,252,106,0,0,0,0,0,0,0,0,0,0,0,0,0,0,0,0,22,252,252,18,0,0,0,0,0,0,0,0,0,0,0,0,0,0,0,0,101,253,147,0,0,0,0,0,0,0,0,0,0,0,0,0,0,0,0,0,232,252,147,0,0,0,0,0,0,0,0,0,0,0,0,0,0,0,0,0,232,252,244,194,0,0,0,0,0,0,0,0,0,0,0,0,0,0,0,0,161,252,252,185,0,0,0,0,0,0,0,0,0,0,0,0,0,0,0,0,30,217,208,62,0,0,0,0,0,0,0,0,1
0,0,0,0,0,0,0,120,243,255,254,255,254,216,40,0,0,0,0,0,0,0,0,0,0,0,137,253,254,173,90,90,129,237,207,20,0,0,0,0,0,0,0,0,0,0,229,239,31,2,0,0,0,54,236,143,0,0,0,0,0,0,0,0,0,38,244,149,0,0,0,0,0,0,194,247,42,0,0,0,0,0,0,0,0,61,254,87,0,0,0,0,0,0,194,243,28,0,0,0,0,0,0,0,0,47,248,178,9,0,0,0,0,65,249,108,0,0,0,0,0,0,0,0,0,0,120,247,186,51,57,11,37,229,242,29,0,0,0,0,0,0,0,0,0,0,0,103,235,244,254,218,220,222,48,0,0,0,0,0,0,0,0,0,0,0,0,0,103,254,254,254,254,83,0,0,0,0,0,0,0,0,0,0,0,0,25,166,249,254,247,169,228,237,66,0,0,0,0,0,0,0,0,0,0,30,227,254,174,85,36,0,84,245,236,67,0,0,0,0,0,0,0,0,0,172,254,158,7,0,0,0,0,46,225,229,33,0,0,0,0,0,0,0,8,235,228,16,0,0,0,0,0,0,126,254,69,0,0,0,0,0,0,0,104,254,122,0,0,0,0,0,0,0,109,254,69,0,0,0,0,0,0,0,217,254,26,0,0,0,0,0,0,0,144,252,63,0,0,0,0,0,0,5,238,229,15,0,0,0,0,0,0,8,198,230,0,0,0,0,0,0,0,70,254,193,0,0,0,0,0,11,53,197,253,84,0,0,0,0,0,0,0,20,242,216,47,9,9,24,167,240,254,250,108,0,0,0,0,0,0,0,0,0,204,253,254,254,254,254,253,208,163,62,0,0,0,0,0,0,0,0,0,0,0,154,167,244,254,195,69,0,0,0,0,0,0,0,0,0,8
0,0,0,0,0,0,0,0,0,0,0,0,0,0,0,0,0,0,0,0,0,0,0,0,0,0,0,0,0,0,0,0,0,0,0,0,0,0,0,0,0,0,0,0,0,0,0,0,0,0,0,0,0,0,0,0,0,0,0,0,0,0,0,0,0,0,0,0,0,41,44,44,22,0,0,0,0,0,0,0,0,0,0,0,0,0,39,82,165,249,254,254,222,165,82,4,0,0,0,0,0,0,0,0,72,154,241,254,254,254,254,254,254,254,254,229,154,30,1,0,0,0,0,46,216,254,252,138,97,197,237,254,220,97,185,232,254,254,93,0,0,0,27,234,254,227,115,0,68,88,194,254,41,0,0,44,167,240,247,96,0,19,210,254,226,42,0,21,208,238,215,91,2,0,0,0,0,18,244,249,0,62,254,253,81,0,0,0,0,0,0,0,0,0,0,0,0,0,119,254,0,147,254,124,0,0,0,0,0,0,0,0,0,0,0,0,0,0,7,195,0,249,254,32,0,0,0,0,0,0,0,0,0,0,0,0,0,0,87,250,0,183,254,83,0,0,0,0,0,0,0,0,0,0,0,0,16,150,216,238,0,106,254,253,126,0,0,0,0,0,0,0,0,24,99,110,219,254,254,142,0,18,151,251,253,245,245,198,161,136,182,222,245,247,254,254,248,183,59,3,0,0,0,120,200,254,254,254,254,254,255,231,189,189,147,81,60,0,0,0,0,0,0,0,8,43,43,43,43,43,43,28,0,0,0,0,0,0,0,0,0,0,0,0,0,0,0,0,0,0,0,0,0,0,0,0,0,0,0,0,0,0,0,0,0,0,0,0,0,0,0,0,0,0,0,0,0,0,0,0,0,0,0,0,0,0,0,0,0,0,0,0,0,0,0,0,0,0,0,0,0
0,0,0,0,0,0,0,0,0,0,0,0,0,0,0,0,0,0,0,0,0,0,0,0,0,0,0,0,0,0,0,0,0,0,0,0,0,0,0,0,0,0,0,0,0,0,0,0,0,0,0,0,0,0,0,0,0,0,0,0,0,0,0,0,0,0,0,22,166,34,104,34,6,24,34,104,122,128,198,198,0,0,0,0,0,0,0,172,254,254,254,254,223,254,254,254,254,254,254,254,0,0,0,0,0,0,62,250,254,254,254,254,254,254,254,254,236,250,206,171,0,0,0,0,0,13,185,252,136,47,47,47,47,47,47,47,30,43,0,0,0,0,0,0,7,229,254,168,0,0,0,0,0,0,0,0,0,0,0,0,0,0,0,0,31,254,169,22,0,0,0,0,0,0,0,0,0,0,0,0,0,0,0,0,58,244,233,139,154,126,43,8,0,0,0,0,0,0,0,0,0,0,0,0,0,44,118,236,254,254,254,135,0,0,0,0,0,0,0,0,0,0,0,0,0,0,0,0,32,95,147,255,196,18,0,0,0,0,0,0,0,0,0,0,0,0,0,0,0,0,4,132,254,112,0,0,0,0,0,0,0,0,10,2,0,0,0,0,0,0,0,0,184,209,21,0,0,0,0,0,0,0,191,91,0,0,0,0,0,0,0,57,219,230,21,0,0,0,0,0,0,0,178,195,104,48,21,39,48,48,138,249,254,181,0,0,0,0,0,0,0,0,254,254,254,254,228,245,254,254,254,254,236,96,0,0,0,0,0,0,0,0,134,213,254,254,254,254,254,254,212,99,0,0,0,0,0,0,0,0,0,0,0,5,13,103,103,103,103,12,5,0,0,0,0,0,0,0,0,0,0,0,0,0,0,0,0,0,0,0,0,0,0,0,0,0,0,0,0,0,5
0,0,0,0,0,0,0,0,0,0,0,0,0,0,0,0,0,0,0,0,0,0,0,0,0,0,0,0,0,0,0,0,0,0,0,0,0,0,0,0,0,0,0,0,0,0,0,0,0,0,0,0,0,0,0,0,0,0,0,0,0,0,0,0,0,0,0,23,128,204,253,253,253,255,253,253,253,242,110,0,0,0,0,0,0,32,131,234,252,253,252,252,252,253,252,252,252,253,208,13,0,0,0,0,0,141,252,252,252,253,252,186,168,106,130,196,252,253,208,13,0,0,0,0,0,91,252,252,151,78,28,6,0,0,26,210,252,253,145,0,0,0,0,0,0,0,76,76,0,0,0,0,0,0,70,253,253,226,38,0,0,0,0,0,0,0,0,0,0,0,0,0,0,95,225,252,252,88,0,0,0,0,0,0,0,0,0,0,0,0,0,0,38,229,252,252,77,0,0,0,0,0,0,0,0,0,0,0,0,0,0,0,213,253,252,214,15,0,0,0,0,0,0,0,0,0,0,0,0,0,32,229,253,254,184,0,0,0,0,0,0,0,0,0,0,0,0,0,0,7,101,252,252,247,65,0,0,0,0,0,0,0,0,0,0,0,0,0,0,117,252,252,214,50,0,0,0,0,0,0,0,0,0,0,0,0,0,0,101,241,252,214,28,0,0,0,0,0,0,0,0,0,0,0,0,0,7,154,253,254,209,25,0,0,0,0,0,0,0,0,0,0,0,0,0,0,131,252,252,209,28,0,0,0,0,0,0,0,0,0,0,0,0,0,0,147,234,252,214,25,0,0,0,0,0,0,0,0,0,0,0,0,0,0,201,253,252,252,40,0,0,0,0,0,0,0,0,0,0,0,0,0,32,178,253,254,222,25,0,0,0,0,0,0,0,0,0,0,0,0,7
0,0,0,0,0,0,0,0,7,136,254,237,114,0,0,0,0,0,0,0,0,0,0,0,0,0,13,147,232,185,115,224,251,63,0,0,0,0,0,0,0,0,0,0,0,0,187,248,145,13,0,93,249,144,0,0,0,0,0,0,0,0,0,0,0,68,254,106,0,0,0,0,207,160,0,0,0,0,0,0,0,0,0,0,0,119,102,0,0,0,0,0,208,161,0,0,0,0,0,0,0,0,0,0,17,234,0,0,0,0,0,9,216,143,0,0,0,0,0,0,0,0,0,0,0,34,0,0,0,0,0,123,242,38,0,0,0,0,0,0,0,0,0,0,0,0,0,0,0,0,0,206,162,0,0,0,0,0,0,0,0,0,0,0,0,0,0,0,0,0,0,231,138,0,0,0,0,0,0,0,0,0,0,0,0,0,0,0,0,0,114,209,29,0,0,0,0,0,0,0,0,0,0,0,0,0,0,0,0,9,203,115,0,0,0,0,0,0,0,0,0,0,0,0,0,0,0,0,9,184,254,115,0,0,0,0,0,0,0,0,0,0,0,0,0,0,0,13,187,254,254,254,105,0,0,0,0,0,0,0,0,0,0,0,0,0,0,214,253,253,165,224,234,38,0,0,0,0,0,0,0,0,0,0,0,0,83,241,253,236,17,130,253,111,0,0,0,0,0,0,0,0,0,0,0,0,254,119,253,69,0,13,220,194,34,0,0,0,0,0,0,0,0,0,0,60,255,186,214,25,0,0,116,254,229,161,161,195,210,9,0,0,0,0,13,214,254,253,54,0,0,0,19,115,140,206,198,115,17,0,0,0,0,0,24,253,254,164,9,0,0,0,0,0,0,0,0,0,0,0,0,0,0,0,7,169,195,15,0,0,0,0,0,0,0,0,0,0,0,0,2
0,0,0,0,0,0,0,0,0,0,91,237,253,253,254,240,16,0,0,0,0,0,0,0,0,0,0,0,0,124,236,254,253,253,254,253,84,0,0,0,0,0,0,0,0,0,0,0,91,253,254,254,252,206,232,254,166,0,0,0,0,0,0,0,0,0,0,28,235,253,253,206,90,0,126,253,219,0,0,0,0,0,0,0,0,0,0,36,247,253,188,46,0,0,126,253,219,0,0,0,0,0,0,0,0,0,0,0,53,69,14,0,0,0,126,253,219,0,0,0,0,0,0,0,0,0,0,0,0,0,0,0,0,0,180,253,203,0,0,0,0,0,0,0,0,0,0,0,0,0,0,0,0,54,247,253,120,0,0,0,0,0,0,0,0,0,0,0,0,0,0,0,0,90,254,253,100,0,0,0,0,0,0,0,0,0,0,0,0,0,0,0,9,204,254,252,19,0,0,0,0,0,0,0,0,0,0,48,0,0,0,0,116,253,254,173,0,0,0,0,0,0,0,100,183,215,215,245,215,214,215,215,232,253,254,241,201,116,98,4,0,3,96,242,253,253,253,253,253,253,253,253,253,253,254,253,254,253,254,82,0,20,254,254,254,254,254,254,254,254,254,254,254,254,254,254,254,254,254,153,18,194,253,254,230,123,74,133,253,253,253,253,180,74,74,74,74,148,205,67,56,254,254,229,45,18,108,239,254,254,239,94,3,0,0,0,0,0,8,0,91,254,254,137,158,222,254,254,254,200,57,0,0,0,0,0,0,0,0,0,59,254,254,254,254,254,254,213,109,6,0,0,0,0,0,0,0,0,0,0,56,253,253,253,253,253,147,25,0,0,0,0,0,0,0,0,0,0,0,0,0,0,0,0,0,0,0,0,0,0,0,0,0,0,0,0,0,0,0,0,2
0,0,0,0,0,0,0,0,0,0,0,0,0,0,0,0,0,0,0,0,0,0,0,0,0,0,0,0,0,0,0,0,0,0,0,0,0,0,0,0,0,0,0,0,0,0,0,0,0,0,0,0,0,0,0,0,0,0,0,0,0,0,0,0,0,27,37,37,37,37,37,89,217,217,217,217,37,37,5,0,0,0,0,94,109,211,253,251,251,251,251,253,251,251,251,251,253,251,113,0,0,53,180,241,251,251,253,251,251,251,251,253,251,251,251,251,253,251,241,103,0,255,253,253,253,253,255,253,164,0,0,0,0,27,180,180,255,253,253,253,0,253,251,251,251,251,108,107,15,0,0,0,0,0,0,0,253,251,251,251,0,98,251,251,251,96,0,0,0,0,0,0,0,0,0,0,87,215,246,251,0,150,251,251,204,41,0,0,0,0,0,0,0,0,0,0,0,0,217,251,0,253,251,251,142,0,0,0,0,0,0,0,0,0,0,0,0,0,217,251,0,255,253,253,143,0,0,0,0,0,0,0,0,0,0,0,0,145,253,253,0,253,251,251,205,41,0,0,0,0,0,0,0,0,0,0,145,206,251,251,0,98,251,251,251,97,0,0,0,0,0,0,0,0,16,37,253,251,246,137,0,42,205,251,251,251,110,47,0,0,0,32,109,109,170,251,253,251,137,0,0,0,41,226,251,251,253,210,180,180,180,202,251,251,251,251,201,71,10,0,0,0,0,27,212,253,255,253,253,253,253,255,253,253,221,180,0,0,0,0,0,0,0,0,47,210,253,251,251,251,251,253,251,127,61,0,0,0,0,0,0,0,0,0,0,25,35,35,35,35,35,35,35,5,0,0,0,0,0,0,0,0,0,0,0,0,0,0,0,0,0,0,0,0,0,0,0,0,0,0,0
0,0,0,0,0,0,0,0,0,0,0,0,0,68,229,253,179,179,102,0,0,0,0,0,0,0,0,0,0,0,0,0,35,197,253,176,4,0,0,0,0,0,0,0,0,0,0,0,0,0,6,105,240,212,147,13,0,0,0,0,0,0,0,0,0,0,0,0,0,4,120,253,205,20,0,0,0,0,0,0,0,0,0,0,0,0,0,0,0,87,253,253,54,0,0,0,0,0,0,0,0,0,0,0,0,0,0,0,54,190,253,128,13,0,0,0,0,0,0,0,0,0,0,0,0,0,0,24,246,253,132,8,0,0,0,0,0,0,0,0,0,0,0,0,0,0,0,227,253,198,8,0,0,0,0,0,0,0,0,0,0,0,0,0,0,16,173,248,253,82,0,0,0,0,0,0,0,0,0,0,0,0,0,0,0,53,253,252,144,4,0,0,0,0,0,0,0,0,0,0,0,0,0,0,76,219,253,217,0,0,0,0,0,0,0,0,0,0,0,0,0,0,0,0,26,253,253,222,19,98,197,136,137,206,134,19,0,0,0,0,0,0,0,0,64,253,253,253,246,253,242,236,236,253,253,162,2,0,0,0,0,0,0,20,149,253,253,253,241,106,46,29,69,250,253,253,38,0,0,0,0,0,0,76,253,253,253,244,35,0,0,0,0,192,253,253,119,0,0,0,0,0,0,67,222,253,253,253,161,33,86,141,180,253,253,253,12,0,0,0,0,0,0,0,4,225,253,253,253,253,253,253,253,253,207,141,3,0,0,0,0,0,0,0,0,23,119,100,166,253,154,214,168,90,13,0,0,0,0,0,0,0,0,0,0,0,0,0,0,0,0,0,0,0,0,0,0,0,0,0,0,0,0,0,0,0,0,0,0,0,0,0,0,0,0,0,0,0,0,0,6
0,0,0,0,0,0,0,0,0,0,0,0,0,0,19,154,253,0,0,0,0,0,0,0,0,0,0,0,0,0,0,0,0,7,187,252,252,0,0,0,0,0,0,0,0,0,0,0,0,0,0,0,0,154,252,252,252,0,0,0,0,0,0,0,0,0,0,0,0,0,0,0,0,253,252,252,102,0,0,0,0,0,0,0,0,0,0,0,0,0,0,0,176,255,253,156,0,0,0,0,0,0,0,0,0,0,0,0,0,0,0,57,243,253,214,19,0,0,0,0,0,0,0,0,0,0,0,0,0,0,19,191,252,253,109,0,0,0,0,0,0,0,0,0,0,0,0,0,0,0,157,252,252,241,47,0,0,0,0,0,0,0,0,0,0,0,0,0,0,16,216,253,253,163,0,0,0,0,0,0,0,0,0,0,0,0,0,0,0,104,252,252,252,38,0,0,0,0,0,0,0,0,0,0,0,0,0,0,0,229,252,252,127,0,0,0,0,0,0,0,0,0,0,0,0,0,0,0,101,253,252,177,3,0,0,0,0,0,0,0,0,0,0,0,0,0,0,48,241,254,253,168,0,0,0,0,0,0,0,0,0,0,0,0,0,0,0,160,252,253,252,142,0,0,0,0,0,0,0,0,0,0,0,0,0,0,132,240,252,253,170,13,0,0,0,0,0,0,0,0,0,0,0,0,0,13,206,252,252,241,47,0,0,0,0,0,0,0,0,0,0,0,0,0,0,204,253,253,253,51,0,0,0,0,0,0,0,0,0,0,0,0,0,0,0,253,252,252,227,0,0,0,0,0,0,0,0,0,0,0,0,0,0,0,89,253,252,224,43,0,0,0,0,0,0,0,0,0,0,0,0,0,0,0,63,253,252,118,0,0,0,0,0,0,0,0,0,0,0,0,1
0,0,0,0,0,0,0,0,0,0,0,0,0,0,0,0,0,0,0,0,0,0,0,0,0,0,0,0,0,0,0,0,0,0,0,0,0,0,0,0,0,0,0,0,0,0,0,0,0,0,57,85,85,85,197,254,253,254,139,0,0,0,0,0,0,0,0,0,0,169,224,253,251,253,251,253,251,253,251,114,0,0,0,0,0,0,0,86,197,254,253,254,253,254,253,169,168,254,253,254,0,0,0,0,0,0,0,253,251,253,251,253,251,84,83,0,0,139,251,253,0,0,0,0,0,29,197,255,253,254,196,0,0,0,0,0,0,0,169,254,0,0,0,0,0,197,251,253,251,196,28,0,0,0,0,0,0,57,224,253,0,0,0,85,197,254,253,254,253,0,0,0,0,0,0,0,0,141,253,254,0,0,0,253,251,253,251,196,83,0,0,0,0,0,0,0,114,253,251,196,0,0,57,254,253,254,196,0,0,0,0,0,0,0,0,141,253,254,253,114,0,170,224,253,251,196,28,0,0,0,0,0,0,0,114,253,251,253,251,0,0,255,253,254,253,0,0,0,0,0,0,0,57,254,253,254,253,226,56,0,0,253,251,253,138,0,0,0,0,0,114,169,224,253,251,253,251,56,0,0,0,255,253,254,253,254,253,254,253,254,253,254,253,254,253,226,168,0,0,0,0,253,251,253,251,253,251,253,251,253,251,253,251,253,251,56,0,0,0,0,0,170,225,254,253,254,253,254,253,226,168,169,168,0,0,0,0,0,0,0,0,0,56,84,83,84,83,84,83,56,0,0,0,0,0,0,0,0,0,0,0,0,0,0,0,0,0,0,0,0,0,0,0,0,0,0,0,0,0,0,0,0,0,0,0,0,0,0,0,0,0,0,0,0,0,0,0,0,0,0,0
0,0,0,0,0,0,0,0,0,22,34,212,253,253,253,244,114,0,0,0,0,0,0,0,0,0,0,34,89,244,253,252,252,252,252,253,236,44,0,0,0,0,0,0,0,0,34,234,252,252,247,183,183,130,246,253,252,69,0,0,0,0,0,0,0,9,174,252,252,252,230,0,0,0,178,253,235,44,0,0,0,0,0,0,0,24,252,252,210,85,73,0,0,0,230,253,206,0,0,0,0,0,0,0,0,24,253,253,211,23,0,0,0,9,233,255,207,0,0,0,0,0,0,0,0,9,173,252,252,211,0,0,13,122,252,253,132,0,0,0,0,0,0,0,0,0,13,202,252,252,174,25,101,252,252,152,25,0,0,0,0,0,0,0,0,0,0,33,173,252,253,223,240,252,252,74,0,0,0,0,0,0,0,0,0,0,0,0,51,242,253,252,252,252,95,0,0,0,0,0,0,0,0,0,0,0,0,0,9,128,255,253,253,253,33,0,0,0,0,0,0,0,0,0,0,0,9,78,194,252,253,231,252,252,158,0,0,0,0,0,0,0,0,0,0,7,155,252,252,252,122,37,202,252,252,85,0,0,0,0,0,0,0,0,43,212,252,252,218,160,0,0,90,252,252,157,0,0,0,0,0,0,0,0,220,253,252,168,35,0,0,0,7,158,252,241,42,0,0,0,0,0,7,212,253,252,209,32,0,0,0,0,0,104,253,255,92,0,0,0,0,0,91,252,252,209,0,0,0,0,0,0,66,236,252,253,92,0,0,0,0,0,153,252,252,216,111,70,70,70,70,142,234,252,252,205,25,0,0,0,0,0,13,173,252,253,252,252,252,252,253,252,252,252,168,21,0,0,0,0,0,0,0,9,75,201,252,252,252,252,253,252,221,96,2,0,0,0,0,0,8
0,0,0,0,0,0,0,0,0,0,0,0,0,0,0,0,0,0,0,0,0,0,0,0,0,0,0,0,0,0,0,0,0,0,0,0,0,0,0,0,0,0,0,0,0,0,28,156,254,254,97,9,0,0,0,0,0,0,0,0,0,0,0,0,0,13,165,253,242,241,254,213,36,0,0,0,0,0,0,0,0,0,0,0,0,148,253,228,43,30,155,253,145,0,0,0,0,0,0,0,0,0,0,0,53,254,242,43,0,0,27,217,247,18,0,0,0,0,0,0,0,0,0,0,98,254,121,0,0,0,0,192,253,19,0,0,0,0,0,0,0,0,0,0,158,196,0,0,0,0,0,215,254,19,0,0,0,0,0,0,0,0,0,41,244,150,0,0,0,0,58,247,253,217,139,8,0,0,0,0,0,0,0,136,253,98,0,0,0,0,156,253,253,253,253,98,0,0,0,0,0,0,0,174,253,98,0,0,0,16,209,253,240,144,253,150,0,0,0,0,0,0,0,136,253,218,150,98,98,195,254,253,137,40,253,195,0,0,0,0,0,0,0,53,195,255,254,254,254,254,218,105,0,40,254,196,0,0,0,0,0,0,0,0,15,76,122,135,135,135,15,0,0,40,253,245,33,0,0,0,0,0,0,0,0,0,0,0,0,0,0,0,0,12,212,254,39,0,0,0,0,0,0,0,0,0,0,0,0,0,0,0,0,0,195,254,128,0,0,0,0,0,0,0,0,0,0,0,0,0,0,0,0,0,120,254,135,0,0,0,0,0,0,0,0,0,0,0,0,0,0,0,0,0,99,255,234,0,0,0,0,0,0,0,0,0,0,0,0,0,0,0,0,0,98,254,233,0,0,0,0,0,0,0,0,0,0,0,0,0,0,0,0,0,98,254,165,0,0,0,9
0,0,0,0,0,0,0,0,0,0,0,0,0,0,0,0,0,0,0,0,0,0,0,0,0,0,0,0,0,0,0,0,0,0,0,0,0,0,0,0,0,0,0,0,0,0,0,0,0,0,0,0,0,0,0,0,0,0,0,0,0,0,0,0,0,0,0,0,0,0,0,0,0,0,0,0,0,0,84,109,0,0,0,0,22,98,40,0,0,0,0,0,0,0,0,0,0,111,249,245,0,0,0,0,26,210,230,104,0,0,0,0,0,0,0,0,112,246,254,251,0,0,0,163,207,254,247,57,0,0,0,11,56,60,194,194,247,254,254,163,0,99,173,242,254,254,247,75,35,158,173,188,254,254,254,254,254,254,207,76,0,181,254,254,254,254,254,254,254,254,254,254,254,254,254,254,254,251,71,0,0,184,254,254,254,254,254,254,254,254,254,254,240,124,187,254,254,224,39,0,0,193,254,254,254,239,62,6,6,6,6,6,5,7,252,254,218,35,2,0,0,54,244,254,235,142,0,0,0,0,0,0,10,169,254,254,123,0,0,0,0,118,254,254,161,0,0,0,0,0,0,0,66,254,254,132,7,0,0,0,0,32,195,90,17,0,0,0,0,0,0,0,166,254,254,13,0,0,0,0,0,0,0,0,0,0,0,0,0,0,0,107,224,254,173,5,0,0,0,0,0,0,0,0,0,0,0,0,0,3,7,129,254,247,56,0,0,0,0,0,0,0,0,0,0,0,0,0,0,47,231,254,254,110,0,0,0,0,0,0,0,0,0,0,0,0,0,0,0,217,252,254,172,6,0,0,0,0,0,0,0,0,0,0,0,0,0,0,97,251,254,239,60,0,0,0,0,0,0,0,0,0,0,0,0,0,0,0,220,254,254,172,0,0,0,0,0,0,0,0,7
0,0,0,0,0,0,0,0,0,0,0,0,12,173,251,212,20,0,0,0,0,0,0,0,0,0,0,0,0,0,0,48,142,251,251,251,158,0,0,0,0,0,0,0,0,0,0,0,0,0,40,234,251,251,251,251,19,0,0,0,0,0,0,0,0,0,0,0,0,40,217,253,251,251,251,152,0,0,0,0,0,0,0,0,0,0,0,0,48,234,253,255,253,205,119,0,0,0,0,0,0,0,0,0,0,0,0,24,221,251,251,253,247,110,0,0,0,0,0,0,0,0,0,0,0,0,0,112,251,251,251,205,110,0,0,0,0,0,0,0,0,0,0,0,0,0,124,244,251,251,211,119,0,0,0,0,0,0,0,0,0,0,0,0,0,0,253,251,251,211,35,0,0,0,0,0,0,0,0,0,0,0,0,0,0,159,255,253,253,213,96,0,0,0,0,0,0,0,0,0,0,0,0,0,8,170,253,251,251,251,251,131,28,0,0,0,0,0,0,0,0,0,0,0,64,251,253,251,251,251,251,253,236,63,0,0,0,0,0,0,0,0,0,0,64,251,253,251,251,196,228,253,251,236,67,0,0,0,0,0,0,0,0,0,24,193,253,251,172,12,59,253,251,251,188,0,0,0,0,0,0,0,0,0,0,159,255,253,253,91,0,96,253,253,253,95,0,0,0,0,0,0,0,0,0,39,253,251,251,196,32,56,212,251,251,94,0,0,0,0,0,0,0,0,0,0,253,251,251,251,251,253,251,251,251,94,0,0,0,0,0,0,0,0,0,0,91,196,251,251,251,253,251,251,235,70,0,0,0,0,0,0,0,0,0,0,0,12,173,251,251,253,251,172,70,0,0,0,0,0,0,0,0,0,0,0,0,0,0,0,0,0,0,0,0,0,0,0,0,0,6
0,0,0,0,0,0,0,0,0,116,248,255,255,93,13,0,0,0,0,0,0,0,0,0,0,0,0,5,145,239,253,253,253,253,113,0,0,0,0,0,0,0,0,0,0,0,0,114,253,253,253,253,253,253,245,40,0,0,0,0,0,0,0,0,0,0,0,233,253,253,253,253,253,253,253,150,0,0,0,0,0,0,0,0,0,0,0,163,253,253,253,234,238,253,253,150,0,0,0,0,0,0,0,0,0,0,0,2,165,203,79,20,63,249,253,238,4,0,0,0,0,0,0,0,0,0,0,0,0,0,0,0,0,244,253,150,0,0,0,0,0,0,0,0,0,0,0,0,0,0,0,0,0,244,253,150,0,0,0,0,0,0,0,0,0,0,0,0,0,0,0,11,146,253,253,150,0,0,0,0,0,0,0,0,0,0,0,0,0,0,0,168,253,253,253,216,26,0,0,0,0,0,0,0,0,0,0,0,0,0,8,199,253,253,230,161,72,0,0,0,0,0,0,0,0,0,0,0,0,0,4,180,253,253,87,0,0,0,0,0,0,0,0,0,0,37,60,159,168,128,123,253,253,235,28,0,0,0,0,0,0,0,0,32,195,235,253,253,253,253,253,253,253,138,0,0,0,0,0,0,0,0,54,247,253,253,253,253,253,253,253,253,253,225,9,0,0,0,0,0,0,78,221,253,251,122,167,253,253,253,253,253,253,253,199,104,0,0,0,0,0,114,253,253,201,170,244,253,253,253,201,219,253,253,227,44,0,0,0,0,0,114,253,253,253,253,253,253,233,50,3,29,227,253,128,0,0,0,0,0,0,36,225,253,253,253,162,75,27,0,0,0,103,183,58,0,0,0,0,0,0,0,87,226,202,79,9,0,0,0,0,0,0,0,0,0,0,0,0,0,2
0,0,0,0,0,0,0,0,0,0,0,0,0,0,0,0,0,0,0,0,0,0,0,0,0,0,0,0,0,0,0,0,0,94,253,253,66,0,0,0,0,0,0,0,0,0,0,0,0,0,0,0,0,149,252,167,38,0,0,0,0,0,0,0,0,0,0,0,0,0,0,0,40,236,252,53,0,0,0,0,0,0,0,0,0,0,0,0,0,0,0,0,219,252,252,53,0,0,0,0,0,0,0,0,0,0,0,0,0,0,0,32,243,252,153,11,0,0,0,0,0,0,0,0,0,0,0,0,0,0,29,219,252,232,31,0,0,0,0,0,0,0,0,0,0,0,0,0,0,0,133,253,252,158,0,0,0,0,0,0,0,0,0,0,0,0,0,0,0,2,146,253,252,75,0,0,0,0,0,0,0,0,0,0,0,0,0,0,2,26,252,253,239,25,0,0,0,0,0,0,0,0,0,0,0,0,0,0,27,252,252,253,13,0,0,0,0,0,0,0,0,0,0,0,0,0,0,0,27,253,253,255,13,0,0,0,0,0,0,0,0,0,0,0,0,0,0,0,153,252,252,146,7,0,0,0,0,0,0,0,0,0,0,0,0,0,0,86,243,252,132,0,0,0,0,0,0,0,0,0,0,0,0,0,0,0,0,173,252,248,82,0,0,0,0,0,0,0,0,0,0,0,0,0,0,0,15,194,252,133,0,0,0,0,0,0,0,0,0,0,0,0,0,0,0,0,82,252,232,28,0,0,0,0,0,0,0,0,0,0,0,0,0,0,0,46,231,252,225,0,0,0,0,0,0,0,0,0,0,0,0,0,0,0,0,81,252,252,140,0,0,0,0,0,0,0,0,0,0,0,0,0,0,0,0,200,252,151,39,0,0,0,0,0,0,0,0,0,0,0,1
0,0,0,0,0,0,37,107,189,255,254,254,254,254,254,203,60,0,0,0,0,0,0,0,0,123,240,254,254,254,254,254,254,254,254,254,152,0,0,0,0,0,0,0,0,182,254,254,254,236,157,67,103,215,254,254,82,0,0,0,0,0,0,0,0,105,196,152,70,4,0,0,0,202,254,254,151,0,0,0,0,0,0,0,0,0,0,0,0,0,0,0,0,202,254,254,143,0,0,0,0,0,0,0,0,0,0,0,0,0,0,0,15,219,254,254,57,0,0,0,0,0,0,0,0,0,0,0,0,0,0,0,156,254,254,160,2,0,0,0,0,0,0,0,0,0,0,0,0,0,0,14,237,254,254,76,0,0,0,0,0,0,0,0,0,0,0,0,0,0,11,229,254,254,136,7,0,0,0,0,0,0,0,0,0,0,0,0,0,64,241,254,254,175,37,0,0,0,0,0,0,0,0,0,0,0,0,2,77,233,254,254,224,30,0,0,0,0,0,0,0,0,0,0,0,0,17,127,254,254,254,201,13,0,0,0,0,0,0,0,0,0,0,0,5,113,236,254,254,245,163,6,0,0,0,0,0,0,0,0,0,0,0,0,140,254,254,254,216,84,0,0,0,0,0,0,0,0,0,0,0,0,0,66,241,254,254,150,26,0,0,0,0,0,0,0,0,0,0,0,0,0,0,241,254,254,154,4,0,22,37,27,69,0,0,0,0,0,0,0,0,0,110,253,254,221,144,197,197,229,250,235,244,197,197,197,158,38,0,0,0,0,187,254,254,254,254,254,254,254,254,254,254,254,254,254,254,186,0,0,0,0,138,254,254,254,254,254,230,202,125,189,220,247,254,254,189,55,0,0,0,0,23,178,254,254,177,62,19,0,0,0,0,49,62,62,14,0,0,0,2
0,0,0,0,0,0,0,0,0,0,0,0,0,0,0,0,0,0,0,0,0,0,0,0,0,0,0,8,38,144,208,255,254,255,213,134,13,0,0,0,0,0,0,0,0,25,81,197,253,253,253,253,253,253,253,253,178,13,0,0,0,0,0,0,0,130,253,253,253,197,117,32,41,139,230,253,253,43,0,0,0,0,0,0,0,189,253,253,253,201,39,0,0,0,98,253,253,43,0,0,0,0,0,0,0,189,253,253,191,116,0,0,0,0,56,249,253,43,0,0,0,0,0,0,0,189,253,210,7,0,0,0,0,0,103,253,253,43,0,0,0,0,0,0,0,123,253,235,37,0,0,0,0,105,235,253,241,35,0,0,0,0,0,0,0,82,253,253,171,8,0,0,137,234,253,244,78,0,0,0,0,0,0,0,0,7,77,253,253,174,17,103,246,253,198,69,0,0,0,0,0,0,0,0,0,0,4,168,253,253,253,253,253,192,18,0,0,0,0,0,0,0,0,0,0,0,0,28,228,253,253,253,157,18,0,0,0,0,0,0,0,0,0,0,0,0,15,200,253,253,253,253,25,0,0,0,0,0,0,0,0,0,0,0,0,20,197,253,253,199,232,253,200,21,0,0,0,0,0,0,0,0,0,0,0,82,253,253,96,4,75,253,253,128,0,0,0,0,0,0,0,0,0,0,0,185,253,216,28,0,26,213,253,251,46,0,0,0,0,0,0,0,0,0,30,233,246,31,0,0,0,93,253,253,76,0,0,0,0,0,0,0,0,0,26,227,247,40,0,0,0,93,253,253,66,0,0,0,0,0,0,0,0,0,0,129,253,251,249,149,141,228,253,220,22,0,0,0,0,0,0,0,0,0,0,24,128,253,253,253,253,253,253,118,0,0,0,0,0,0,8
0,0,0,0,0,0,0,0,0,0,0,0,0,0,0,0,0,0,0,0,0,0,0,0,0,13,212,190,5,0,0,0,0,0,22,22,0,0,0,0,0,0,0,0,0,97,252,252,45,0,0,0,0,81,244,245,59,0,0,0,0,0,0,0,0,138,252,233,33,0,0,0,0,207,252,247,119,0,0,0,0,0,0,0,0,233,252,183,0,0,0,0,26,224,252,135,0,0,0,0,0,0,0,0,0,253,252,183,0,0,0,0,174,252,252,116,0,0,0,0,0,0,0,0,127,255,253,184,0,0,0,47,253,253,253,106,0,0,0,0,0,0,0,0,230,253,252,162,0,0,0,47,252,252,231,0,0,0,0,0,0,0,0,68,246,253,240,50,0,0,0,47,252,252,137,0,0,0,0,0,0,0,0,93,252,253,223,25,0,0,0,140,252,252,137,51,34,0,0,0,0,0,0,144,252,253,252,236,230,126,127,244,252,252,242,243,196,0,0,0,0,0,0,93,253,255,253,253,253,253,255,253,253,253,253,252,135,0,0,0,0,0,0,34,196,253,252,252,252,231,232,252,252,252,252,209,0,0,0,0,0,0,0,0,0,69,69,69,69,37,138,252,252,252,136,32,0,0,0,0,0,0,0,0,0,0,0,0,0,0,138,252,252,252,22,0,0,0,0,0,0,0,0,0,0,0,0,0,0,0,138,252,252,168,2,0,0,0,0,0,0,0,0,0,0,0,0,0,0,0,149,253,253,161,0,0,0,0,0,0,0,0,0,0,0,0,0,0,0,0,253,252,252,160,0,0,0,0,0,0,0,0,0,0,0,0,0,0,0,85,253,252,252,77,0,0,0,0,0,0,0,0,0,0,0,0,0,0,0,116,253,252,252,45,0,0,0,0,0,0,4
0,0,0,0,0,0,0,0,0,0,0,0,0,0,0,0,0,0,0,0,0,0,0,0,0,0,0,0,0,0,0,0,0,120,253,112,0,0,0,0,0,0,0,0,0,0,0,0,0,0,0,0,201,246,252,112,0,0,0,0,0,0,0,0,0,0,0,0,0,0,0,0,225,252,230,25,0,0,0,0,0,0,0,0,0,0,0,0,0,0,0,76,243,245,121,0,0,0,0,0,0,0,0,0,0,0,0,0,0,0,0,191,252,195,0,0,0,0,0,0,0,0,0,0,0,0,0,0,0,0,141,255,253,133,0,0,0,0,0,0,0,0,0,0,0,0,0,0,0,10,178,253,223,37,0,0,0,0,0,0,0,0,0,0,0,0,0,0,0,138,252,253,58,0,0,0,0,0,0,0,0,0,0,0,0,0,0,0,38,224,252,240,24,0,0,0,0,0,0,0,0,0,0,0,0,0,0,0,57,252,252,140,0,0,0,0,0,0,0,0,0,0,0,0,0,0,0,0,57,253,253,0,0,0,0,0,0,0,0,0,0,0,0,0,0,0,0,29,200,252,127,0,0,0,0,0,0,0,0,0,0,0,0,0,0,0,0,194,252,252,112,0,0,0,0,0,0,0,0,0,0,0,0,0,0,0,0,225,252,233,37,0,0,0,0,0,0,0,0,0,0,0,0,0,0,0,0,225,252,145,0,0,0,0,0,0,0,0,0,0,0,0,0,0,0,0,0,226,228,47,0,0,0,0,0,0,0,0,0,0,0,0,0,0,0,0,101,249,246,75,0,0,0,0,0,0,0,0,0,0,0,0,0,0,0,0,113,252,239,65,0,0,0,0,0,0,0,0,0,0,0,0,0,0,0,0,113,252,195,0,0,0,0,0,0,0,0,0,0,0,1
0,0,0,0,0,0,0,0,0,0,0,0,0,0,0,0,0,0,0,0,0,0,0,0,0,0,0,0,0,52,254,254,50,0,0,0,0,0,0,0,0,0,0,0,0,0,0,0,0,51,252,252,49,0,0,0,0,0,0,0,0,0,0,0,0,0,0,0,0,51,252,252,49,0,0,0,0,0,0,0,0,0,0,0,0,0,0,0,0,51,252,252,49,0,0,0,0,0,0,0,0,0,0,0,0,0,0,0,0,52,254,254,50,0,0,0,0,0,0,0,0,0,0,0,0,0,0,0,0,51,252,252,49,0,0,0,0,0,0,0,0,0,0,0,0,0,0,0,0,51,252,252,49,0,0,0,0,0,0,0,0,0,0,0,0,0,0,0,0,51,252,252,49,0,0,0,0,0,0,0,0,0,0,0,0,0,0,0,0,52,254,254,50,0,0,0,0,0,0,0,0,0,0,0,0,0,0,0,0,51,252,252,49,0,0,0,0,0,0,0,0,0,0,0,0,0,0,0,0,51,252,252,49,0,0,0,0,0,0,0,0,0,0,0,0,0,0,0,0,51,252,252,49,0,0,0,0,0,0,0,0,0,0,0,0,0,0,0,0,52,254,254,50,0,0,0,0,0,0,0,0,0,0,0,0,0,0,0,0,51,252,252,49,0,0,0,0,0,0,0,0,0,0,0,0,0,0,0,0,51,252,252,49,0,0,0,0,0,0,0,0,0,0,0,0,0,0,0,0,51,252,252,49,0,0,0,0,0,0,0,0,0,0,0,0,0,0,0,0,52,254,255,50,0,0,0,0,0,0,0,0,0,0,0,0,0,0,0,0,51,252,252,49,0,0,0,0,0,0,0,0,0,0,0,0,0,0,0,0,51,252,252,49,0,0,0,0,0,0,0,1
0,0,0,0,0,0,0,0,0,0,0,0,0,0,0,0,0,0,0,0,0,0,0,0,0,0,0,0,0,0,0,0,0,0,0,0,0,0,0,0,0,0,0,0,0,0,0,0,0,0,0,0,0,0,0,0,0,0,0,0,0,0,0,0,4,98,208,254,255,233,170,67,0,0,0,0,0,0,0,0,0,0,0,0,149,210,99,32,32,32,85,149,188,37,0,0,0,0,0,0,0,0,0,87,187,13,0,0,0,0,0,3,122,197,0,0,0,0,0,0,0,0,58,245,64,0,0,0,0,0,0,0,34,241,73,0,0,0,0,0,0,0,141,144,0,0,0,0,0,0,0,0,0,127,180,0,0,0,0,0,0,0,158,128,0,0,0,0,0,0,0,0,5,164,234,9,0,0,0,0,0,0,158,128,0,0,0,0,0,0,0,0,51,254,254,14,0,0,0,0,0,0,129,128,0,0,0,0,0,0,0,2,134,254,122,1,0,0,0,0,0,0,39,186,68,0,0,0,0,0,0,89,220,243,39,0,0,0,0,0,0,0,0,74,192,206,103,36,36,58,172,155,69,195,0,0,0,0,0,0,0,0,0,0,0,46,135,178,189,187,75,4,51,236,0,0,0,0,0,0,0,0,0,0,0,0,0,0,0,0,0,0,28,240,40,0,0,0,0,0,0,0,0,0,0,0,0,0,0,0,0,0,0,189,118,0,0,0,0,0,0,0,0,0,0,0,0,0,0,0,0,0,0,161,125,0,0,0,0,0,0,0,0,0,0,0,0,0,0,0,0,0,0,96,125,0,0,0,0,0,0,0,0,0,0,0,0,0,0,0,0,0,0,90,161,0,0,0,0,0,0,0,0,0,0,0,0,0,0,0,0,0,0,90,196,0,0,0,0,0,9
0,0,0,0,0,0,0,0,0,0,0,0,0,0,0,0,0,0,0,0,0,0,0,0,0,0,0,0,0,0,0,0,7,33,182,155,17,3,0,0,0,0,0,0,0,0,0,0,0,0,35,108,165,254,254,254,254,32,0,0,0,0,0,0,0,0,0,0,9,34,212,254,254,254,254,254,254,205,179,10,0,0,0,0,0,0,0,69,158,254,254,254,254,254,254,254,254,254,178,125,0,0,0,0,0,0,75,237,254,254,254,254,254,254,254,254,254,254,254,206,0,0,0,0,19,140,237,254,254,254,254,254,254,254,254,254,254,254,254,213,0,0,0,28,91,254,254,254,254,254,233,188,188,195,254,254,254,254,254,248,0,0,0,108,254,254,254,254,254,254,71,0,0,10,98,225,254,254,254,254,0,0,17,251,254,254,254,254,190,7,1,0,0,0,0,6,135,254,254,254,0,0,129,254,254,254,254,159,61,0,0,0,0,0,80,173,216,254,254,206,0,100,210,254,254,254,171,70,0,0,0,0,39,100,170,254,254,254,254,161,0,149,254,254,254,242,143,0,7,25,25,137,215,254,254,254,254,249,230,14,0,181,254,254,254,187,94,64,152,254,254,254,254,254,254,254,254,122,0,0,0,198,254,254,254,254,245,233,254,255,254,254,254,254,254,221,128,6,0,0,0,177,254,254,254,254,254,254,254,254,254,254,254,242,123,24,0,0,0,0,0,112,254,254,254,254,254,254,254,254,236,197,132,29,0,0,0,0,0,0,0,38,106,168,254,254,254,254,254,254,76,0,0,0,0,0,0,0,0,0,0,0,0,7,37,180,180,90,15,15,1,0,0,0,0,0,0,0,0,0,0,0,0,0,0,0,0,0,0,0,0,0,0,0,0,0,0,0,0,0,0
0,0,0,0,0,0,0,0,0,0,0,0,0,0,0,0,0,0,0,0,0,0,0,0,0,0,0,0,0,0,0,0,0,0,0,0,0,0,0,0,0,0,0,0,0,0,0,0,0,0,0,0,67,209,219,163,5,0,0,0,0,0,0,0,0,0,0,0,0,0,0,0,230,234,216,227,89,0,0,0,0,0,0,0,0,0,0,0,0,24,184,122,36,31,0,17,40,0,0,0,0,0,0,0,0,0,0,0,0,183,109,22,20,191,38,0,0,0,0,0,0,0,0,0,0,0,0,29,173,151,52,0,171,218,4,0,0,0,0,0,0,0,0,0,0,0,4,158,209,5,3,159,255,132,0,0,0,0,0,0,0,0,0,0,0,0,48,247,107,85,174,254,176,9,0,0,0,0,0,0,0,0,0,0,0,0,48,254,254,254,254,254,74,0,0,0,0,0,0,0,0,0,0,0,0,0,42,227,234,114,222,243,0,0,0,0,0,0,0,0,0,0,0,0,0,0,0,5,20,0,217,159,0,0,0,0,0,0,0,0,0,0,0,0,0,0,0,0,0,0,218,101,0,0,0,0,0,0,0,0,0,0,0,0,0,0,0,0,0,86,245,56,0,0,0,0,0,0,0,0,0,0,0,0,0,0,0,0,0,133,236,25,0,0,0,0,0,0,0,0,0,0,0,0,0,0,0,0,0,245,162,0,0,0,0,0,0,0,0,0,0,0,0,0,0,0,0,0,48,229,30,0,0,0,0,0,0,0,0,0,0,0,0,0,0,0,0,0,85,232,24,0,0,0,0,0,0,0,0,0,0,0,0,0,0,0,0,7,141,235,25,0,0,0,0,0,0,0,0,0,0,0,0,0,0,0,0,19,254,141,0,0,0,0,0,0,0,0,0,0,9
0,0,0,0,0,0,0,0,0,0,0,0,0,0,0,0,0,0,0,0,0,0,0,0,64,128,191,255,255,255,255,255,255,255,255,191,64,0,0,0,0,0,0,191,255,255,255,255,255,255,191,128,255,255,255,255,255,128,0,0,0,0,255,255,255,128,128,128,0,0,0,0,0,0,64,191,255,255,64,0,0,0,255,191,64,0,0,0,0,0,0,0,0,0,0,0,191,255,128,0,0,0,191,0,0,0,0,0,0,0,0,0,0,0,0,128,255,255,128,0,0,0,0,0,0,0,0,0,0,0,0,0,0,0,128,255,255,255,0,0,0,0,0,0,0,0,0,0,0,0,0,0,64,191,255,255,255,64,0,0,0,0,0,0,0,0,0,0,0,0,64,191,255,255,255,64,0,0,0,0,0,0,0,0,0,0,0,0,0,191,255,255,255,255,255,64,0,0,0,0,0,0,0,0,0,0,0,0,255,255,255,255,255,255,255,255,191,0,0,0,0,0,255,128,0,0,0,0,0,0,0,0,0,0,64,191,255,191,0,0,64,255,255,0,0,0,0,0,0,0,0,0,0,0,0,0,64,255,128,0,191,255,255,0,0,0,0,0,0,0,0,0,0,0,0,0,0,255,255,64,255,255,0,0,0,0,0,0,0,0,0,0,0,0,0,0,0,255,255,64,255,255,0,0,0,0,0,0,0,0,0,0,0,0,0,0,0,255,255,0,255,255,128,0,0,0,0,0,0,0,0,0,0,0,0,0,64,255,255,0,128,255,255,191,64,0,0,0,0,0,0,0,0,0,0,64,191,255,128,0,0,64,255,255,255,255,128,64,0,0,0,0,64,128,128,255,255,191,0,0,0,0,64,191,255,255,255,255,255,255,255,255,255,255,255,255,128,0,0,0,3
0,0,0,0,0,0,0,0,0,0,0,0,15,237,227,25,0,0,0,0,0,0,0,0,0,0,0,0,0,0,0,0,85,252,252,77,0,0,0,0,0,0,0,0,0,0,0,0,0,0,0,0,85,252,252,50,0,0,0,0,0,0,0,0,0,0,0,0,0,0,0,0,112,252,252,42,0,0,0,0,0,0,0,0,0,0,0,0,0,0,0,18,216,252,226,24,0,0,0,0,0,0,0,0,0,0,0,0,0,0,0,61,253,253,172,0,0,0,0,0,0,0,0,0,0,0,0,0,0,0,0,148,252,245,56,0,0,0,0,0,0,0,0,0,0,0,0,0,0,0,0,245,252,231,0,0,0,0,0,0,0,0,0,0,0,0,0,0,0,0,98,253,252,205,0,0,0,0,0,0,0,0,0,0,0,0,0,0,0,27,228,253,217,29,0,0,0,0,0,0,0,0,0,0,0,0,0,0,4,139,253,255,151,0,0,0,0,0,0,0,0,0,0,0,0,0,0,0,22,252,252,253,63,0,0,0,0,0,0,0,0,0,0,0,0,0,0,8,173,252,252,161,5,0,0,0,0,0,0,0,0,0,0,0,0,0,0,112,252,252,252,35,0,0,0,0,0,0,0,0,0,0,0,0,0,0,18,216,252,252,121,0,0,0,0,0,0,0,0,0,0,0,0,0,0,0,105,253,253,216,18,0,0,0,0,0,0,0,0,0,0,0,0,0,0,0,148,252,245,82,0,0,0,0,0,0,0,0,0,0,0,0,0,0,0,0,148,252,222,0,0,0,0,0,0,0,0,0,0,0,0,0,0,0,0,0,148,252,152,0,0,0,0,0,0,0,0,0,0,0,0,0,0,0,0,0,87,226,231,0,0,0,0,0,0,0,0,0,0,0,1
0,0,0,0,0,0,0,0,0,0,0,0,0,0,0,0,0,0,0,0,0,0,0,0,0,0,0,0,0,0,0,0,0,0,0,0,0,0,0,0,0,0,0,0,0,0,0,0,0,0,0,0,0,0,0,0,0,0,0,0,0,0,0,0,0,0,0,0,0,0,0,0,0,0,0,0,0,0,0,0,0,0,0,0,0,0,0,0,0,0,0,0,0,0,0,0,0,60,83,145,0,0,0,0,0,0,0,0,0,0,37,160,183,195,195,254,254,254,254,254,0,0,0,0,0,0,0,0,109,178,189,253,253,254,253,253,253,241,169,126,0,0,0,0,0,0,0,126,254,234,225,247,197,197,153,111,56,10,0,0,0,0,0,0,0,15,111,251,254,201,196,150,0,0,0,0,0,0,0,0,0,0,0,0,4,201,253,253,254,253,253,217,24,0,0,0,0,0,0,0,0,0,0,0,15,254,225,211,141,141,229,254,155,0,0,0,0,0,0,0,0,0,0,74,8,28,10,0,0,56,247,229,253,0,0,0,0,0,0,0,0,0,0,254,195,92,19,48,108,189,186,210,218,0,0,0,0,0,0,0,0,0,0,254,253,253,244,251,254,253,230,253,89,0,0,0,0,0,0,0,0,0,0,195,253,253,253,253,254,253,253,198,19,0,0,0,0,0,0,0,0,0,0,44,198,254,254,254,255,240,160,4,0,0,0,0,0,0,0,0,0,0,0,0,10,63,99,99,87,19,0,0,0,0,0,0,0,0,0,0,0,0,0,0,0,0,0,0,0,0,0,0,0,0,0,0,0,0,0,0,0,0,0,0,0,0,0,0,0,0,0,0,0,0,0,0,0,0,0,0,0,0,0,0,0,0,0,0,0,0,0,0,0,0,0,0,0,0,0,0,5
0,0,0,0,0,0,0,0,206,255,254,147,22,0,0,0,0,0,0,0,0,0,0,0,0,0,0,0,237,254,202,239,177,0,0,0,0,0,0,0,0,0,0,0,0,0,0,0,237,196,5,148,253,76,0,0,0,0,0,0,0,0,0,0,0,0,0,0,237,164,0,151,254,128,0,0,0,0,0,0,0,0,0,0,0,0,0,0,158,229,20,196,254,142,0,0,0,0,0,0,0,0,0,0,0,0,0,0,36,242,44,196,254,138,0,0,0,0,0,0,0,0,0,0,0,0,0,0,0,223,106,196,254,85,0,0,0,0,0,0,0,0,0,0,0,0,0,0,0,223,209,233,252,61,0,0,0,0,0,0,0,0,0,0,0,0,0,0,0,203,254,254,249,0,0,0,0,0,0,0,0,0,0,0,0,0,0,0,42,186,254,254,155,0,0,0,0,0,0,0,0,0,0,0,0,0,0,0,142,254,254,251,62,0,0,0,0,0,0,0,0,0,0,0,0,0,0,37,244,254,254,237,5,0,0,0,0,0,0,0,0,0,0,0,0,0,0,225,254,250,253,254,71,0,0,0,0,0,0,0,0,0,0,0,0,0,57,252,254,31,210,254,71,0,0,0,0,0,0,0,0,0,0,0,0,6,220,254,142,1,147,254,71,0,0,0,0,0,0,0,0,0,0,0,0,9,254,254,25,0,210,254,71,0,0,0,0,0,0,0,0,0,0,0,0,9,254,254,17,23,232,254,71,0,0,0,0,0,0,0,0,0,0,0,0,5,208,254,74,129,254,254,71,0,0,0,0,0,0,0,0,0,0,0,0,0,21,251,254,254,254,199,18,0,0,0,0,0,0,0,0,0,0,0,0,0,0,75,210,254,232,17,0,0,0,0,0,0,0,0,8
0,0,0,0,0,0,0,0,64,191,64,0,0,0,0,0,0,0,0,0,0,0,0,0,0,0,0,0,128,255,255,255,64,0,0,0,0,0,0,0,0,0,0,0,0,0,0,0,255,255,255,255,128,0,0,0,0,0,0,0,0,0,0,0,0,0,0,0,191,255,255,255,255,0,0,0,0,0,0,0,0,0,0,0,0,0,0,0,255,255,255,255,255,0,0,0,0,0,0,0,0,0,0,0,0,0,0,0,128,255,255,255,255,0,0,0,0,0,0,0,0,0,0,0,0,0,0,0,128,255,255,255,255,0,0,0,0,0,0,0,0,0,0,0,0,0,0,0,191,255,255,255,191,0,0,0,0,0,0,0,0,0,0,0,0,0,0,0,255,255,255,255,191,0,0,0,0,0,0,0,0,0,0,0,0,0,0,0,255,255,255,255,255,0,0,0,0,0,0,0,0,0,0,0,0,0,0,0,191,255,255,255,255,64,0,0,0,0,0,0,0,0,0,0,0,0,0,0,64,255,255,255,255,128,0,0,0,0,0,0,0,0,0,0,0,0,0,0,0,255,255,255,255,64,0,0,0,0,0,0,0,0,0,0,0,0,0,0,0,255,255,255,191,0,0,0,0,0,0,0,0,0,0,0,0,0,0,0,0,255,255,255,128,0,0,0,0,0,0,0,0,0,0,0,0,0,0,0,0,255,255,255,191,0,0,0,0,0,0,0,0,0,0,0,0,0,0,0,0,255,255,255,255,128,0,0,0,0,0,0,0,0,0,0,0,0,0,0,0,128,255,255,255,255,0,0,0,0,0,0,0,0,0,0,0,0,0,0,0,128,255,255,255,255,0,0,0,0,0,0,0,0,0,0,0,0,0,0,0,128,255,255,191,64,0,0,0,0,0,0,1
0,0,0,0,0,0,0,0,0,154,252,252,139,0,0,0,0,0,0,0,0,0,0,0,0,0,0,0,101,253,252,164,28,0,0,0,0,0,0,0,0,0,0,0,0,0,0,10,229,255,159,25,0,0,0,0,0,0,0,0,0,0,0,0,0,0,0,160,252,234,28,0,0,0,0,0,0,0,0,0,0,0,0,0,0,0,82,240,252,100,0,0,0,0,0,0,0,0,0,0,0,0,0,0,0,26,243,252,151,0,0,0,0,0,0,0,0,0,0,0,0,0,0,0,13,204,253,206,13,0,0,0,0,0,0,0,0,0,0,0,0,0,0,0,113,253,252,93,0,0,0,0,0,0,0,0,0,0,0,0,0,0,0,0,200,253,208,13,0,0,0,0,0,10,85,172,147,38,0,0,0,0,0,0,225,241,109,0,0,0,0,89,213,229,252,252,252,213,0,0,0,0,0,0,226,226,0,0,0,29,166,253,253,254,253,241,253,226,0,0,0,0,0,19,231,225,0,0,26,216,252,252,202,84,84,47,159,225,0,0,0,0,0,85,252,225,0,0,113,253,252,148,6,0,0,0,113,247,66,0,0,0,0,85,252,225,0,0,113,241,115,6,0,0,0,0,113,228,9,0,0,0,0,0,226,242,66,7,0,0,0,0,0,4,29,117,241,201,0,0,0,0,0,0,150,253,252,149,57,57,57,57,157,179,252,252,151,0,0,0,0,0,0,0,25,216,252,252,252,253,252,252,252,253,233,80,6,0,0,0,0,0,0,0,0,28,139,228,202,140,139,139,139,128,22,0,0,0,0,0,0,0,0,0,0,0,0,0,0,0,0,0,0,0,0,0,0,0,0,0,0,0,0,0,0,0,0,0,0,0,0,0,0,0,0,0,0,0,0,0,6
0,0,0,0,0,0,0,0,0,0,0,0,0,0,0,0,0,0,0,0,0,0,0,0,0,0,0,0,0,0,0,0,0,0,0,0,0,0,0,0,0,0,0,0,0,0,0,0,0,0,0,25,201,182,12,0,0,0,0,0,0,0,0,0,0,0,0,0,0,0,122,218,252,252,151,0,0,0,0,0,0,0,0,0,0,0,0,0,3,104,253,252,252,252,177,0,0,0,0,0,0,0,0,0,0,0,0,0,116,252,253,252,252,252,177,0,0,0,0,0,0,0,0,0,0,0,40,128,245,252,222,142,173,252,177,0,0,0,0,0,0,0,0,0,9,48,217,252,252,234,44,43,226,252,177,0,0,0,0,0,0,0,0,0,75,252,252,252,148,49,0,60,252,252,177,0,0,0,0,0,0,0,0,0,49,226,252,220,38,0,38,216,252,252,37,0,0,0,0,0,0,0,0,0,0,42,59,38,0,0,130,252,252,160,7,0,0,0,0,0,0,0,0,0,0,0,0,0,0,0,253,252,252,132,0,0,0,0,0,0,0,0,0,0,0,0,0,0,0,0,255,253,247,79,0,0,0,0,0,0,0,0,0,0,0,0,0,0,0,36,253,252,237,0,0,0,0,0,0,0,0,0,0,0,0,0,0,0,0,149,253,252,140,0,0,0,0,0,0,0,0,0,0,0,0,0,0,0,22,197,253,252,88,0,0,0,0,0,0,0,0,0,0,0,0,0,0,0,45,252,253,199,10,0,0,0,0,0,0,0,0,0,0,0,0,0,0,0,150,252,253,192,0,0,0,0,0,0,0,0,0,0,0,0,0,0,0,0,193,252,253,192,0,0,0,0,0,0,0,0,0,0,0,0,0,0,0,0,193,252,253,192,0,0,0,0,0,0,0,0,1
0,0,0,0,0,0,0,0,0,0,0,0,0,0,0,0,0,0,0,0,0,0,0,0,0,0,0,0,0,0,0,0,0,0,0,0,0,0,0,0,0,0,0,0,0,0,0,0,0,0,0,0,0,0,0,0,0,0,0,0,253,53,0,0,0,0,0,0,0,0,0,0,0,0,0,0,0,0,0,0,252,252,76,0,0,0,0,0,0,0,0,0,0,0,0,0,0,0,0,0,252,252,223,122,57,0,0,0,0,0,0,0,29,85,198,172,19,0,0,0,116,240,253,252,243,225,226,225,225,225,226,225,234,252,253,252,156,0,0,0,0,101,176,244,253,253,255,253,253,253,255,253,253,253,255,253,56,0,0,0,0,0,0,56,122,196,197,196,196,196,197,121,84,184,253,214,19,0,0,0,0,0,0,0,0,0,0,0,0,0,0,0,0,225,253,196,0,0,0,0,0,0,0,0,0,0,0,0,0,0,0,0,0,225,253,196,0,0,0,0,0,0,0,0,0,0,0,0,0,0,0,0,0,226,254,197,0,0,0,0,0,0,0,0,0,0,0,0,0,0,0,0,0,225,253,196,0,0,0,0,0,0,0,0,0,0,0,0,0,0,0,0,0,225,253,196,0,0,0,0,0,0,0,0,0,0,0,0,0,0,0,0,0,225,253,196,0,0,0,0,0,0,0,0,0,0,0,0,0,0,0,0,86,253,254,84,0,0,0,0,0,0,0,0,0,0,0,0,0,0,0,0,85,252,253,84,0,0,0,0,0,0,0,0,0,0,0,0,0,0,0,0,123,252,253,84,0,0,0,0,0,0,0,0,0,0,0,0,0,0,0,0,197,252,241,47,0,0,0,0,0,0,0,0,0,0,0,0,0,0,0,7,204,253,242,110,0,0,0,0,7
0,0,0,0,0,0,0,0,0,0,0,0,0,0,0,0,0,0,0,0,0,0,0,0,0,0,9,18,93,136,136,136,29,1,0,0,0,0,0,0,0,0,0,0,0,32,198,253,253,253,253,253,253,77,0,0,0,0,0,0,0,0,0,15,95,244,253,253,253,253,253,253,253,211,97,0,0,0,0,0,0,0,74,207,253,253,253,213,182,100,155,209,253,253,246,189,53,0,0,0,7,106,238,253,253,253,151,21,0,0,0,62,206,110,216,253,220,85,0,0,18,253,253,223,51,29,15,0,0,0,0,0,14,0,31,216,253,205,15,0,189,253,169,38,0,0,0,0,0,0,0,0,0,0,0,30,216,253,150,1,254,222,36,0,0,0,0,0,0,0,0,0,0,0,0,0,29,224,253,17,255,100,0,0,0,0,0,0,0,0,0,0,0,0,0,0,0,127,253,92,242,30,0,0,0,0,0,0,0,0,0,0,0,0,0,0,0,84,253,218,237,0,0,0,0,0,0,0,0,0,0,0,0,0,0,0,0,84,253,253,252,84,0,0,0,0,0,0,0,0,0,0,0,0,0,0,0,84,253,253,255,223,37,0,0,0,0,0,0,0,0,0,0,0,0,0,0,191,253,201,243,253,90,3,0,0,0,0,0,0,0,0,0,0,0,0,9,204,253,129,16,242,253,141,20,0,0,0,0,0,0,0,0,0,0,6,192,253,253,17,0,70,238,253,223,61,25,0,0,0,0,0,0,25,62,182,253,238,159,6,0,0,73,206,253,253,219,183,110,66,66,164,183,219,253,253,237,127,0,0,0,0,0,15,149,244,253,253,253,253,253,253,253,253,253,199,72,0,0,0,0,0,0,0,0,31,148,152,152,223,253,253,161,153,84,12,0,0,0,0,0
0,0,0,0,0,60,188,254,233,123,8,0,0,1,46,91,15,0,0,0,0,0,0,0,61,240,229,174,241,254,230,152,130,188,252,157,12,0,0,0,0,0,0,19,239,223,32,0,17,116,200,239,204,147,75,0,0,0,0,0,0,0,0,100,254,149,0,0,0,0,0,21,17,0,0,0,0,0,0,0,0,0,14,241,238,41,0,0,0,0,0,0,0,0,0,0,0,0,0,0,0,0,17,254,205,0,0,0,0,0,0,0,0,0,0,0,0,0,0,0,0,0,107,254,94,0,0,0,0,0,0,0,0,0,0,0,0,0,0,0,0,5,223,231,6,0,0,0,0,0,0,0,0,0,0,0,0,0,0,0,0,9,254,205,0,60,117,156,156,132,51,0,0,0,0,0,0,0,0,0,0,35,254,189,201,252,254,254,179,198,249,247,214,129,45,0,0,0,0,0,0,91,254,254,209,85,0,0,0,0,0,86,164,229,255,215,61,2,0,0,0,29,155,114,0,0,0,0,0,0,0,0,0,31,122,245,254,144,15,0,0,0,0,0,0,0,0,0,0,0,0,0,0,0,0,45,194,254,147,2,0,0,0,0,0,0,0,0,0,0,0,0,0,0,0,0,12,181,254,127,0,0,0,0,0,0,0,0,0,0,0,0,0,0,0,0,0,11,194,254,0,0,57,71,0,0,0,0,0,0,0,0,0,0,0,0,0,0,79,254,0,0,54,224,32,0,0,0,0,0,0,0,0,0,0,0,0,32,161,254,0,0,7,195,232,125,0,0,0,0,0,0,0,0,0,54,150,243,254,118,0,0,0,7,91,213,238,166,156,156,156,154,137,203,193,251,254,144,24,1,0,0,0,0,0,4,24,109,171,171,171,201,222,206,216,158,48,1,0,0,5
0,0,0,0,0,0,0,11,18,18,18,18,2,1,88,192,102,0,0,0,0,0,0,0,0,0,4,211,254,254,254,254,163,159,254,254,189,0,0,0,0,0,0,0,0,0,87,254,254,254,254,254,254,252,207,254,164,0,0,0,0,0,0,0,0,0,126,254,254,254,254,254,254,209,8,65,18,0,0,0,0,0,0,0,0,0,166,254,254,206,47,47,100,25,0,0,0,0,0,0,0,0,0,0,0,0,244,254,254,195,0,0,0,0,0,0,0,0,0,0,0,0,0,0,0,103,254,254,254,82,0,0,0,0,0,0,0,0,0,0,0,0,0,0,0,108,254,254,254,77,0,0,0,0,0,0,0,0,0,0,0,0,0,0,0,108,254,254,254,106,42,7,0,0,0,0,0,0,0,0,0,0,0,0,0,108,254,254,254,255,254,190,126,29,0,0,0,0,0,0,0,0,0,0,0,108,254,254,254,254,254,254,254,224,128,27,0,0,0,0,0,0,0,0,0,108,254,254,254,255,254,255,254,254,254,206,27,0,0,0,0,0,0,0,0,60,197,244,141,114,23,123,192,254,254,254,178,0,0,0,0,0,0,0,0,0,3,5,0,0,0,0,3,73,254,254,253,52,0,0,0,0,0,0,0,0,0,0,0,0,0,0,0,12,255,254,254,53,0,0,0,0,0,36,9,0,0,0,0,0,0,0,0,35,254,254,254,53,0,0,0,0,39,237,197,134,65,0,0,0,0,100,184,220,254,254,207,15,0,0,0,0,54,254,254,254,253,202,202,202,202,246,254,254,254,239,72,0,0,0,0,0,8,124,236,254,254,254,254,254,254,254,254,250,153,70,0,0,0,0,0,0,0,0,14,123,194,254,254,254,254,254,146,19,0,0,0,0,0,0,5
0,0,0,0,0,0,0,0,57,255,114,57,86,0,0,0,0,0,0,0,0,0,0,0,0,0,0,0,141,255,29,0,0,0,0,0,0,0,0,0,0,0,0,0,0,0,0,0,226,170,0,0,0,0,0,0,0,0,0,0,0,0,0,0,0,0,0,86,255,170,0,0,0,0,0,0,0,0,0,0,0,0,0,0,0,0,0,86,255,114,0,0,0,0,0,0,0,0,0,0,0,0,0,0,0,0,0,141,255,0,0,0,0,0,0,0,0,0,0,0,0,0,0,0,0,0,0,198,226,0,0,0,0,0,0,0,0,0,0,0,0,0,0,0,0,0,29,255,170,0,0,0,0,0,0,0,0,0,0,0,0,0,0,0,0,0,86,255,170,0,0,0,0,0,0,0,0,0,0,0,0,0,0,0,0,0,86,255,141,0,0,0,0,0,0,0,0,0,0,0,0,0,0,0,0,0,114,255,86,0,0,0,0,29,0,0,0,0,0,0,0,0,0,0,0,0,170,255,0,0,29,141,255,255,255,141,0,0,0,0,0,0,0,0,0,0,170,198,0,170,255,255,198,141,226,170,0,0,0,0,0,0,0,0,0,0,170,226,86,255,141,29,0,29,255,170,0,0,0,0,0,0,0,0,0,0,170,255,226,141,0,0,0,170,255,86,0,0,0,0,0,0,0,0,0,0,114,255,170,29,0,29,170,255,141,0,0,0,0,0,0,0,0,0,0,0,86,255,226,170,198,255,255,170,0,0,0,0,0,0,0,0,0,0,0,0,0,170,255,255,226,170,86,0,0,0,0,0,0,0,0,0,0,0,0,0,0,0,0,0,0,0,0,0,0,0,0,0,0,0,0,0,0,0,0,0,0,0,0,0,0,0,0,0,0,0,0,0,0,0,6
0,0,0,37,233,253,29,0,0,0,0,0,0,0,0,0,0,0,0,0,0,0,0,142,253,228,21,0,0,0,0,0,0,0,0,0,0,0,0,0,0,0,0,171,253,164,0,0,0,0,0,0,0,0,0,0,0,0,0,0,0,0,0,171,253,60,0,0,0,0,0,0,0,0,0,0,0,0,0,0,0,0,0,171,252,46,0,0,0,0,0,0,0,0,0,0,0,0,0,0,0,0,0,171,182,0,0,0,0,0,0,0,0,0,74,142,61,0,0,0,0,0,0,171,182,0,0,0,0,0,0,0,0,91,208,253,236,45,0,0,0,0,0,171,182,0,0,0,0,0,0,0,23,236,253,253,253,153,0,0,0,0,0,171,204,15,0,0,0,0,0,60,217,253,214,185,253,208,16,0,0,0,0,171,253,91,0,0,0,0,0,122,253,211,78,19,221,253,53,0,0,0,0,171,253,164,0,0,0,0,27,221,253,89,0,0,166,253,53,0,0,0,0,56,253,252,28,0,0,0,121,253,253,23,0,0,166,253,108,0,0,0,0,23,216,253,111,2,0,0,177,253,198,10,0,18,217,215,22,0,0,0,0,0,113,253,253,111,0,0,177,253,82,0,25,127,253,111,0,0,0,0,0,0,53,241,253,252,172,85,232,253,194,183,219,253,211,52,0,0,0,0,0,0,0,85,244,253,253,253,253,253,253,253,253,191,19,0,0,0,0,0,0,0,0,0,81,202,253,253,253,253,253,253,94,15,0,0,0,0,0,0,0,0,0,0,0,9,28,135,135,226,209,83,1,0,0,0,0,0,0,0,0,0,0,0,0,0,0,0,0,0,0,0,0,0,0,0,0,0,0,0,0,0,0,0,0,0,0,0,0,0,0,0,0,0,0,0,0,0,6
0,0,0,0,0,0,0,0,0,0,0,0,0,0,0,0,0,0,0,0,0,0,0,0,0,0,0,186,255,177,0,0,0,0,0,0,0,0,0,0,0,0,0,0,0,0,0,185,253,176,0,0,0,0,0,0,0,0,0,0,0,0,0,0,0,0,0,185,253,87,0,0,0,0,68,22,0,0,0,0,0,0,0,0,0,0,32,210,253,22,0,0,0,16,250,38,0,0,0,0,0,0,0,0,0,0,109,253,233,19,0,0,0,16,253,61,0,0,0,0,0,0,0,0,0,77,247,253,123,0,0,0,0,16,253,191,0,0,0,0,0,0,0,0,0,139,253,243,82,26,100,239,239,240,253,191,0,0,0,0,0,0,0,0,5,153,253,245,185,206,253,253,253,253,253,199,12,0,0,0,0,0,0,0,39,253,253,253,253,253,253,253,253,253,253,253,92,0,0,0,0,0,0,29,198,253,253,253,253,182,68,22,179,253,253,253,92,0,0,0,0,0,0,93,253,253,253,236,150,7,0,0,21,180,253,253,92,0,0,0,0,0,0,93,253,253,253,68,0,0,0,0,0,16,253,253,92,0,0,0,0,0,0,93,253,253,135,8,0,0,0,0,0,16,253,253,92,0,0,0,0,0,0,31,201,153,5,0,0,0,0,0,0,16,253,253,92,0,0,0,0,0,0,0,0,0,0,0,0,0,0,0,0,16,253,253,92,0,0,0,0,0,0,0,0,0,0,0,0,0,0,0,0,16,253,253,92,0,0,0,0,0,0,0,0,0,0,0,0,0,0,0,0,16,253,253,92,0,0,0,0,0,0,0,0,0,0,0,0,0,0,0,0,16,253,253,92,0,0,0,0,0,0,0,0,0,0,0,0,0,0,0,0,13,224,253,92,0,0,0,4
0,0,0,0,0,0,0,0,0,0,0,0,0,0,0,0,0,0,0,0,0,0,0,0,0,0,23,142,173,125,0,0,0,0,0,0,0,0,0,0,0,0,0,0,0,0,99,253,239,253,132,0,0,0,21,21,0,0,0,0,0,0,0,0,0,12,209,251,63,91,146,0,0,3,215,220,28,0,0,0,0,0,0,0,0,113,253,196,0,0,0,0,0,104,253,171,0,0,0,0,0,0,0,0,9,208,253,92,0,0,0,0,0,169,253,140,0,0,0,0,0,0,0,0,90,253,215,5,0,0,0,0,0,169,253,140,0,0,0,0,0,0,0,0,141,253,168,0,0,0,0,0,7,228,253,109,0,0,0,0,0,0,0,17,236,248,61,0,0,0,0,0,10,253,242,36,0,0,0,0,0,0,0,86,253,188,0,0,0,0,0,0,101,253,195,0,0,0,0,0,0,0,0,169,253,140,0,0,11,95,153,188,238,253,112,0,0,0,0,0,0,0,0,169,254,212,159,180,254,254,255,254,254,254,113,0,0,0,0,0,0,0,0,155,253,253,253,244,215,145,98,28,203,253,112,0,0,0,0,0,0,0,0,17,108,149,84,44,0,0,0,0,197,253,112,0,0,0,0,0,0,0,0,0,0,0,0,0,0,0,0,0,197,253,112,0,0,0,0,0,0,0,0,0,0,0,0,0,0,0,0,21,228,253,25,0,0,0,0,0,0,0,0,0,0,0,0,0,0,0,0,38,253,247,17,0,0,0,0,0,0,0,0,0,0,0,0,0,0,0,0,38,253,203,6,0,0,0,0,0,0,0,0,0,0,0,0,0,0,0,0,38,253,253,18,0,0,0,0,0,0,0,0,0,0,0,0,0,0,0,0,20,226,253,219,85,0,0,0,0,4
0,0,0,0,0,0,0,0,75,251,253,194,0,0,0,0,0,0,0,0,0,0,0,0,0,0,0,0,132,253,253,140,0,0,0,0,0,0,0,0,0,0,0,0,0,0,0,128,249,253,228,40,0,0,0,0,0,0,0,0,0,0,0,0,0,0,0,215,253,253,74,0,0,0,0,0,0,0,0,0,0,0,0,0,0,0,78,248,253,229,39,0,0,0,0,0,0,0,0,0,0,0,0,0,0,31,209,253,229,59,0,0,0,0,0,0,0,0,0,0,0,0,0,0,0,202,253,253,175,0,0,0,0,51,139,72,28,0,0,0,0,0,0,0,115,248,253,253,75,0,0,16,93,236,253,253,197,0,0,0,0,0,0,0,235,253,253,159,12,0,46,171,253,253,253,253,247,78,0,0,0,0,0,0,235,253,253,38,0,15,208,253,253,253,253,253,253,104,0,0,0,0,0,0,235,253,253,38,15,172,253,253,253,198,105,253,253,194,0,0,0,0,0,0,235,253,253,38,99,253,253,244,121,26,40,253,253,146,0,0,0,0,0,0,235,253,253,49,214,253,253,177,0,0,124,253,253,104,0,0,0,0,0,0,235,253,253,136,253,253,213,25,0,42,221,253,250,93,0,0,0,0,0,0,235,253,253,253,253,253,227,150,150,222,253,253,150,0,0,0,0,0,0,0,155,252,253,253,253,253,253,253,253,253,253,228,42,0,0,0,0,0,0,0,0,155,252,253,253,253,253,253,253,252,226,42,0,0,0,0,0,0,0,0,0,0,108,234,253,253,253,253,159,101,0,0,0,0,0,0,0,0,0,0,0,0,0,0,0,0,0,0,0,0,0,0,0,0,0,0,0,0,0,0,0,0,0,0,0,0,0,0,0,0,0,0,0,0,0,0,6
0,0,0,0,0,0,0,0,0,0,0,0,0,0,0,0,0,0,0,0,0,0,0,0,0,0,0,0,0,0,0,0,0,0,0,0,0,0,0,0,0,0,0,0,0,0,0,13,121,121,255,197,121,19,0,0,0,0,0,0,0,0,0,0,0,0,17,192,252,252,253,252,252,242,107,0,0,0,0,0,0,0,0,0,0,0,160,252,252,252,159,158,193,252,210,25,0,0,0,0,0,0,0,0,0,158,240,252,198,39,0,0,15,177,252,108,0,0,0,0,0,0,0,0,18,204,252,209,78,0,0,0,0,81,252,213,21,0,0,0,0,0,0,0,165,252,222,24,0,0,0,0,0,178,252,252,79,0,0,0,0,0,0,56,236,252,212,0,0,0,0,0,0,213,252,252,79,0,0,0,0,0,0,81,252,252,198,0,0,0,0,0,10,217,252,218,29,0,0,0,0,0,0,81,252,252,79,0,0,0,0,0,101,252,252,198,0,0,0,0,0,0,0,38,154,252,149,0,0,0,0,57,240,252,252,128,0,0,0,0,0,0,0,0,68,253,213,0,0,0,121,247,253,253,253,66,0,0,0,0,0,0,0,0,39,224,250,155,114,240,253,252,195,252,252,66,0,0,0,0,0,0,0,0,0,118,223,252,247,208,159,32,97,252,252,66,0,0,0,0,0,0,0,0,0,0,27,39,37,21,0,0,94,252,252,66,0,0,0,0,0,0,0,0,0,0,0,0,0,0,0,0,94,252,234,49,0,0,0,0,0,0,0,0,0,0,0,0,0,0,0,0,122,252,185,0,0,0,0,0,0,0,0,0,0,0,0,0,0,0,0,0,226,252,196,11,0,0,0,0,0,0,0,0,0,0,0,0,0,0,0,68,243,252,209,24,0,0,0,0,9
0,0,0,0,0,0,0,0,0,12,228,253,253,253,48,0,0,0,0,0,0,0,0,0,0,0,0,0,39,169,253,253,244,115,6,0,0,0,0,0,0,0,0,0,0,0,0,9,161,253,253,253,213,0,0,0,0,0,0,0,0,0,0,0,0,0,0,129,253,253,253,224,85,0,0,0,0,0,0,0,0,0,0,0,0,0,10,202,253,253,246,63,0,0,0,0,0,0,0,0,0,0,0,0,0,0,140,253,253,243,35,0,0,0,0,0,0,0,0,0,0,0,0,0,0,28,236,253,253,163,0,0,0,0,0,0,0,0,0,0,0,0,0,0,22,212,253,253,179,18,17,17,1,0,0,0,0,0,0,0,0,0,0,0,113,253,253,253,253,253,253,253,168,137,55,3,0,0,0,0,0,0,0,129,232,253,253,253,253,253,253,253,253,253,253,144,30,0,0,0,0,0,128,242,253,253,252,164,132,62,16,140,139,246,253,253,169,31,0,0,0,0,109,150,253,253,217,0,0,0,0,0,0,57,196,253,253,219,29,0,0,0,0,222,253,253,47,0,0,0,0,0,0,0,19,245,253,253,154,0,0,0,0,119,253,253,27,0,0,0,0,0,0,0,0,128,253,253,221,0,0,0,0,114,253,253,128,0,0,0,0,0,0,0,0,28,253,253,221,0,0,0,0,22,212,253,252,125,0,0,0,0,0,0,0,72,253,253,248,63,0,0,0,0,87,245,253,253,249,149,118,33,89,141,141,247,253,253,208,2,0,0,0,0,0,56,128,253,253,253,253,253,253,253,253,253,253,195,36,0,0,0,0,0,0,0,2,58,145,152,253,253,207,253,165,145,72,7,0,0,0,0,0,0,0,0,0,0,0,0,0,0,0,0,0,0,0,0,0,0,6
0,0,0,0,0,0,0,0,0,0,0,0,0,0,0,0,0,0,0,0,0,0,0,0,0,0,0,0,0,0,0,0,0,0,0,0,0,0,0,0,0,0,0,0,0,0,0,0,0,0,0,0,0,0,0,0,0,0,0,0,0,0,0,0,48,136,6,0,3,46,73,180,255,249,136,111,0,0,0,0,0,0,0,0,161,253,158,154,170,253,207,253,237,235,239,235,60,0,0,0,0,0,0,40,217,253,253,253,253,253,212,156,44,40,48,114,232,36,0,0,0,0,0,189,253,253,253,253,189,65,15,0,0,0,0,48,253,86,0,0,0,0,86,242,253,253,251,99,18,0,0,0,0,0,0,48,253,129,0,0,0,0,171,253,253,253,93,0,0,0,0,0,0,0,0,98,253,103,0,0,0,0,114,253,251,93,1,0,0,0,0,0,0,0,4,168,253,113,0,0,0,0,24,200,149,0,0,0,0,0,0,0,0,0,148,253,247,48,0,0,0,0,0,0,0,0,0,0,0,0,0,0,0,8,214,253,199,25,0,0,0,0,0,0,0,0,0,0,0,0,0,0,0,123,253,220,21,0,0,0,0,0,0,0,0,0,0,0,0,0,0,0,87,252,253,206,0,0,0,0,0,0,0,0,0,0,0,0,0,0,0,36,220,253,242,74,0,0,0,0,0,0,0,0,0,0,0,0,0,0,0,147,253,253,117,0,0,0,0,0,0,0,0,0,0,0,0,0,0,3,194,253,253,231,2,0,0,0,0,0,0,0,0,0,0,0,0,0,5,83,253,253,226,5,0,0,0,0,0,0,0,0,0,0,0,0,0,0,64,253,253,191,8,0,0,0,0,0,0,0,0,0,0,0,0,0,0,48,227,253,253,128,0,0,0,0,0,0,0,0,7
0,0,0,0,0,0,0,0,0,0,0,0,0,0,0,0,0,0,0,0,0,0,0,0,0,0,16,74,8,0,0,0,0,0,0,0,0,0,0,0,0,0,0,0,0,127,242,236,96,0,0,0,0,0,0,0,0,0,0,0,0,0,0,12,87,238,181,42,0,0,0,0,0,0,0,0,0,0,0,0,0,0,10,164,253,228,106,0,0,0,0,0,0,0,0,0,0,0,0,0,0,0,132,253,253,68,0,0,0,0,0,0,120,207,197,0,0,0,0,0,0,16,242,253,140,6,0,0,0,0,0,33,230,253,241,0,0,0,0,0,0,131,253,202,3,0,0,0,0,0,0,135,253,253,247,52,0,0,0,0,0,147,253,200,0,0,0,0,0,0,45,228,244,251,253,172,0,0,0,0,0,254,253,126,0,0,0,0,0,7,190,253,85,156,253,229,15,0,0,0,0,254,253,82,0,0,0,0,0,125,253,172,13,87,252,253,88,0,0,0,0,254,253,82,0,0,0,2,143,232,235,41,0,0,157,253,193,22,0,0,0,255,253,201,95,18,40,154,253,238,67,0,0,0,31,253,253,70,0,0,0,39,253,253,253,235,240,253,243,63,0,0,0,0,12,253,253,178,0,0,0,1,77,203,241,241,241,126,5,0,0,0,0,0,1,144,253,191,3,0,0,0,0,0,0,0,0,0,0,0,0,0,0,0,0,27,243,253,67,0,0,0,0,0,0,0,0,0,0,0,0,0,0,0,0,0,166,253,225,23,0,0,0,0,0,0,0,0,0,0,0,0,0,0,0,0,68,235,253,91,0,0,0,0,0,0,0,0,0,0,0,0,0,0,0,0,0,90,253,253,0,0,0,0,0,0,0,0,0,0,0,0,0,0,0,0,0,9,128,240,9
0,0,0,0,0,0,0,0,0,3,132,253,250,140,159,241,146,0,0,0,0,0,0,0,0,0,0,0,0,66,253,248,105,0,0,0,0,0,0,0,0,0,0,0,0,0,0,0,103,223,247,107,0,0,0,0,0,0,0,0,0,0,0,0,0,0,0,6,183,253,116,0,0,0,0,0,0,0,0,0,0,0,0,0,0,0,0,123,253,218,25,0,0,0,0,0,0,0,0,0,0,0,0,0,0,0,7,182,253,176,0,0,0,0,0,0,0,0,0,0,0,0,0,0,0,0,38,253,244,59,0,0,0,0,0,0,0,0,0,0,0,0,0,0,0,0,126,253,116,0,0,0,0,0,0,0,0,0,0,0,0,0,0,0,0,23,229,243,61,0,0,0,0,0,0,0,0,0,0,0,0,0,0,0,0,126,253,176,0,16,69,162,192,93,12,0,0,0,0,0,0,0,0,0,0,155,253,86,76,211,253,253,253,253,208,126,0,0,0,0,0,0,0,0,0,155,253,160,238,253,194,79,49,89,240,190,10,0,0,0,0,0,0,0,0,155,253,253,194,79,12,0,0,0,108,253,73,0,0,0,0,0,0,0,0,155,253,237,51,0,0,0,0,0,132,253,154,0,0,0,0,0,0,0,0,155,253,161,0,0,0,0,0,0,211,217,33,0,0,0,0,0,0,0,0,155,253,137,0,0,0,0,32,206,249,160,0,0,0,0,0,0,0,0,0,26,213,250,150,112,112,145,241,253,253,106,0,0,0,0,0,0,0,0,0,0,104,253,253,253,253,253,253,216,32,2,0,0,0,0,0,0,0,0,0,0,1,27,214,253,223,129,93,4,0,0,0,0,0,0,0,0,0,0,0,0,0,0,0,0,0,0,0,0,0,0,0,0,0,0,6
0,0,0,0,0,147,254,201,2,0,0,0,0,0,0,0,0,0,0,0,0,0,0,0,18,237,254,176,0,0,0,0,0,0,0,0,0,0,0,0,0,0,0,0,70,254,254,33,0,0,0,0,0,0,0,0,0,0,0,0,0,0,0,0,119,254,200,3,0,0,0,0,0,0,0,0,0,0,0,0,0,0,0,41,239,254,176,0,0,0,0,0,0,0,0,0,0,0,0,0,0,0,0,74,254,254,33,0,0,0,0,0,0,0,5,85,193,130,30,0,0,0,0,162,254,199,4,0,0,0,0,0,0,0,41,254,254,254,233,0,0,0,39,251,254,147,0,0,0,0,0,0,0,5,164,254,252,231,253,108,0,0,79,254,254,33,0,0,0,0,0,0,0,72,254,252,117,29,255,163,0,0,79,254,246,15,0,0,0,0,0,0,16,209,254,222,0,9,230,163,0,0,117,254,185,0,0,0,0,0,0,0,35,254,254,109,0,22,254,163,0,0,164,254,185,0,0,0,0,0,0,0,35,254,254,60,2,171,251,65,0,0,164,254,190,2,0,0,0,0,0,0,41,254,254,74,93,254,205,0,0,0,164,254,254,168,76,9,0,0,0,0,122,254,254,254,254,246,24,0,0,0,74,249,254,254,237,231,182,107,96,96,171,254,254,254,254,254,167,0,0,0,0,49,183,253,254,254,255,254,254,254,255,254,254,254,254,250,153,0,0,0,0,0,0,49,131,168,215,254,254,254,254,185,129,82,76,0,0,0,0,0,0,0,0,0,0,0,0,0,0,0,0,0,0,0,0,0,0,0,0,0,0,0,0,0,0,0,0,0,0,0,0,0,0,0,0,0,0,0,0,0,0,0,0,0,0,0,0,0,0,0,0,0,0,0,0,0,0,0,6
0,0,0,0,0,0,0,0,0,0,0,0,0,0,0,0,0,0,0,0,0,0,0,0,0,0,114,113,113,113,113,255,253,222,38,0,0,0,0,0,0,0,0,0,0,126,253,252,252,252,252,253,252,252,130,0,0,0,0,0,0,0,0,0,0,140,253,252,252,252,252,253,252,252,223,0,0,0,0,0,0,0,0,0,0,140,253,252,230,208,161,225,233,252,242,75,0,0,0,0,0,0,0,0,0,63,112,112,25,0,0,0,85,252,252,112,0,0,0,0,0,0,0,0,0,0,0,0,0,0,0,114,238,253,225,0,0,0,0,0,0,0,0,0,0,0,0,0,0,73,225,253,252,252,99,0,0,0,0,0,0,0,0,0,0,0,0,19,166,234,252,253,252,176,19,0,0,0,0,0,0,0,0,0,0,0,0,85,252,252,252,253,179,19,0,0,0,0,0,0,0,0,0,0,0,0,0,85,252,252,252,253,27,0,0,0,0,0,0,0,0,0,0,0,0,0,0,48,166,253,253,255,206,25,0,0,0,0,0,0,0,0,0,0,0,0,0,0,6,43,167,253,252,231,75,0,0,0,0,0,0,0,0,0,0,0,0,0,0,0,0,196,246,252,193,0,0,0,0,0,0,0,0,0,0,0,0,0,0,0,0,0,122,246,242,75,0,0,0,0,0,0,0,0,0,0,0,0,0,0,0,0,0,119,252,189,0,0,0,0,0,0,0,0,0,0,114,75,0,0,0,0,0,57,253,253,0,0,0,0,0,0,0,0,0,126,253,167,67,85,85,85,85,200,252,252,0,0,0,0,0,0,0,0,0,140,253,233,240,252,252,253,252,252,252,220,0,0,0,0,0,0,0,0,0,47,253,252,252,252,252,253,252,230,129,37,0,0,0,0,3
0,0,0,0,0,0,0,0,0,0,0,50,248,92,0,0,0,0,0,0,0,0,0,0,0,0,0,0,0,0,0,149,186,3,0,0,0,0,0,0,0,0,0,0,0,0,0,0,0,0,80,243,52,0,0,0,0,0,0,0,0,0,0,0,0,0,0,0,0,13,212,162,0,0,0,0,0,0,0,0,0,0,0,0,0,0,0,0,0,57,251,36,0,0,0,0,0,0,0,0,0,0,0,0,0,0,0,0,13,228,168,0,0,0,0,0,0,0,0,0,0,0,0,0,0,0,0,0,113,243,50,0,0,0,0,0,0,0,0,0,0,0,0,0,0,0,0,4,214,167,0,0,0,56,166,193,119,0,0,0,0,0,0,0,0,0,0,136,246,12,0,31,180,234,137,32,204,80,0,0,0,0,0,0,0,0,15,209,130,2,114,237,153,30,0,24,245,34,0,0,0,0,0,0,0,0,114,232,41,177,239,87,0,0,0,107,177,0,0,0,0,0,0,0,0,8,212,124,177,228,42,0,0,0,27,237,87,0,0,0,0,0,0,0,0,72,231,137,254,57,0,0,0,0,178,156,0,0,0,0,0,0,0,0,0,174,162,156,135,0,0,0,0,85,219,12,0,0,0,0,0,0,0,0,26,250,56,156,87,1,0,0,84,245,48,0,0,0,0,0,0,0,0,0,84,199,0,59,182,110,0,85,229,75,0,0,0,0,0,0,0,0,0,0,100,183,0,0,0,19,158,227,64,0,0,0,0,0,0,0,0,0,0,0,60,223,60,44,127,225,195,44,0,0,0,0,0,0,0,0,0,0,0,0,0,0,0,0,0,0,0,0,0,0,0,0,0,0,0,0,0,0,0,0,0,0,0,0,0,0,0,0,0,0,0,0,0,0,0,0,6
0,0,0,0,0,0,0,0,0,0,0,0,0,113,213,0,0,0,0,0,0,0,0,0,0,0,0,0,0,0,0,0,0,152,252,0,0,0,0,0,0,0,0,0,0,0,0,0,0,0,0,0,0,214,253,0,0,0,0,0,0,0,0,0,0,0,0,0,0,0,0,0,0,253,171,0,0,0,0,0,0,0,0,0,0,0,0,0,0,0,0,0,163,254,91,0,0,0,0,0,0,0,0,0,0,0,0,0,0,0,0,41,243,233,30,0,0,0,0,0,0,0,0,0,0,0,0,0,0,0,0,113,253,102,0,0,0,0,0,0,0,0,0,0,0,0,0,0,0,0,0,233,252,102,0,0,0,0,0,0,0,0,0,0,0,0,0,0,0,0,163,254,253,0,0,0,0,0,0,0,0,0,0,0,0,0,0,0,0,21,223,253,130,0,0,0,0,0,0,0,0,0,0,0,0,0,0,0,0,51,253,254,50,0,0,0,0,0,0,0,0,0,0,0,0,0,0,0,0,132,252,233,30,0,0,0,0,0,0,0,0,0,0,0,0,0,0,0,21,254,253,123,0,0,0,0,0,0,0,0,0,0,0,0,0,0,0,0,102,253,252,0,0,0,0,0,0,0,0,0,0,0,0,0,0,0,0,11,173,254,233,0,0,0,0,0,0,0,0,0,0,0,0,0,0,0,0,92,252,253,111,0,0,0,0,0,0,0,0,0,0,0,0,0,0,0,0,214,253,204,0,0,0,0,0,0,0,0,0,0,0,0,0,0,0,0,0,253,252,122,0,0,0,0,0,0,0,0,0,0,0,0,0,0,0,0,62,255,253,41,0,0,0,0,0,0,0,0,0,0,0,0,0,0,0,0,102,253,252,0,0,0,0,0,0,0,0,0,0,0,1
0,0,0,0,0,0,0,2,155,250,253,249,250,253,72,0,0,0,0,0,0,0,0,0,0,0,0,126,253,253,154,60,74,199,226,48,0,0,0,0,0,0,0,0,0,0,47,228,253,201,5,0,0,6,161,94,0,0,0,0,0,0,0,0,0,0,156,253,222,34,0,0,0,0,0,0,0,0,0,0,0,0,0,0,0,23,255,254,152,0,0,0,0,0,0,0,0,0,0,0,0,0,0,0,0,142,254,228,12,0,0,0,0,0,0,0,0,0,0,0,0,0,0,0,0,195,254,135,0,0,61,176,175,108,36,0,0,0,0,0,0,0,0,0,37,248,254,135,0,52,248,254,253,253,190,47,0,0,0,0,0,0,0,0,40,253,254,61,0,174,253,193,80,223,253,230,38,0,0,0,0,0,0,0,40,254,255,39,79,254,254,0,0,0,175,254,158,0,0,0,0,0,0,0,40,253,254,39,79,253,207,0,0,0,36,226,195,0,0,0,0,0,0,0,40,253,254,39,79,253,155,0,0,0,0,195,213,12,0,0,0,0,0,0,40,253,254,91,153,253,155,0,0,0,0,105,254,39,0,0,0,0,0,0,9,208,254,135,79,253,155,0,0,0,0,135,254,39,0,0,0,0,0,0,0,196,255,196,79,254,178,0,0,0,10,209,241,30,0,0,0,0,0,0,0,68,254,250,166,238,253,0,0,7,131,253,195,0,0,0,0,0,0,0,0,0,186,253,253,253,253,117,79,169,253,222,98,0,0,0,0,0,0,0,0,0,12,149,253,253,253,254,253,253,179,72,0,0,0,0,0,0,0,0,0,0,0,5,88,208,253,254,245,126,27,0,0,0,0,0,0,0,0,0,0,0,0,0,0,0,0,0,0,0,0,0,0,0,0,0,6
0,0,0,0,0,0,0,0,0,0,0,0,0,0,0,170,255,98,0,0,0,0,0,0,0,0,0,0,0,0,0,0,0,0,172,251,161,2,0,0,0,0,0,0,0,0,0,0,0,0,0,0,0,50,250,216,5,0,0,0,0,0,0,0,0,0,0,0,0,0,0,0,25,202,253,160,0,0,0,0,0,0,0,0,0,0,0,0,0,0,0,0,59,253,235,52,0,0,0,0,0,0,0,0,0,0,0,0,0,0,0,0,173,253,160,0,0,0,0,0,0,0,0,0,0,0,0,0,0,0,0,100,244,236,52,0,0,0,0,0,0,0,0,0,0,0,0,0,0,0,23,213,235,72,0,0,0,0,0,0,0,0,0,0,0,0,0,0,0,0,109,253,157,0,0,0,0,0,0,0,0,0,0,0,0,0,0,0,0,21,215,203,15,0,0,0,0,0,0,0,0,0,0,0,0,0,0,22,170,142,253,91,0,0,0,0,0,0,0,0,0,0,0,0,0,0,0,119,253,253,253,58,0,0,0,0,0,0,0,0,0,0,0,0,0,0,0,198,253,199,78,18,0,0,0,0,0,0,0,0,0,0,0,0,0,0,16,117,253,175,0,0,0,0,0,0,0,0,0,0,0,0,0,0,0,0,115,253,242,86,0,0,0,0,0,0,0,0,0,0,0,0,0,0,0,11,231,253,88,0,0,0,0,0,0,0,0,0,0,0,0,0,0,0,9,183,253,189,16,0,0,0,0,0,0,0,0,0,0,0,0,0,0,0,118,253,198,14,0,0,0,0,0,0,0,0,0,0,0,0,0,0,0,68,248,193,72,0,0,0,0,0,0,0,0,0,0,0,0,0,0,0,0,248,196,9,0,0,0,0,0,0,0,0,0,0,0,0,0,0,1
0,0,0,0,0,0,0,0,0,0,0,0,0,0,0,0,0,0,0,0,0,0,0,0,0,0,0,8,38,38,30,14,149,255,213,130,0,0,0,0,0,0,0,0,0,0,4,156,253,253,239,209,253,203,207,246,91,0,0,0,0,0,0,0,0,0,154,253,249,204,253,249,45,11,13,194,245,40,0,0,0,0,0,0,0,14,232,206,57,146,221,22,0,0,0,28,253,150,0,0,0,0,0,0,0,82,250,82,214,126,51,0,0,0,0,28,253,150,0,0,0,0,0,0,0,178,243,146,126,3,0,0,0,0,0,28,253,146,0,0,0,0,0,0,48,229,175,81,69,0,0,0,0,0,0,95,253,43,0,0,0,0,0,0,151,253,134,0,109,9,0,0,0,0,0,135,253,43,0,0,0,0,0,0,151,253,128,0,0,0,0,0,0,0,0,142,194,4,0,0,0,0,0,0,151,253,27,0,0,0,0,0,0,0,63,250,120,0,0,0,0,0,0,0,151,253,27,0,0,0,0,0,0,0,98,244,52,0,0,0,0,0,0,0,151,177,2,0,0,0,0,0,0,31,224,226,0,0,0,0,0,0,0,0,151,226,18,0,0,0,0,0,0,131,253,154,0,0,0,0,0,0,0,0,151,253,27,0,0,0,0,0,0,168,253,31,0,0,0,0,0,0,0,0,151,253,38,0,0,0,0,0,33,250,160,1,0,0,0,0,0,0,0,0,125,253,134,0,0,0,0,0,204,253,128,0,0,0,0,0,0,0,0,0,44,253,224,0,0,0,0,38,244,229,29,0,0,0,0,0,0,0,0,0,1,130,249,74,8,0,45,228,253,88,0,0,0,0,0,0,0,0,0,0,0,59,216,253,196,179,227,253,131,26,0,0,0,0,0,0,0
0,0,0,7,105,236,147,49,0,62,0,0,25,105,105,148,253,253,14,0,0,0,0,15,252,252,252,228,208,234,208,209,218,252,252,252,252,252,14,0,0,0,4,118,252,247,148,245,252,252,252,247,249,251,244,238,219,88,5,0,0,0,60,252,252,177,0,71,132,132,132,79,110,125,63,15,0,0,0,0,0,0,7,173,252,243,65,0,0,0,0,0,0,0,0,0,0,0,0,0,0,0,0,59,252,252,74,0,0,0,0,0,0,0,0,0,0,0,0,0,0,0,0,95,252,252,74,0,0,0,0,0,0,0,0,0,0,0,0,0,0,0,0,164,252,252,74,0,0,0,0,0,0,0,0,0,0,0,0,0,0,0,0,164,252,252,74,0,16,72,193,194,158,45,45,6,0,0,0,0,0,0,0,164,252,252,178,149,185,252,252,253,252,252,252,160,131,0,0,0,0,0,0,104,253,253,253,253,253,253,253,255,253,253,253,253,235,105,6,0,0,0,0,12,220,252,252,252,230,165,44,44,44,53,192,245,252,252,136,0,0,0,0,0,113,237,237,157,57,0,0,0,0,0,0,79,204,252,220,38,0,0,0,0,0,0,0,0,0,0,0,0,0,0,0,0,178,252,252,59,0,0,0,0,0,0,0,0,0,0,0,0,0,0,0,0,178,252,252,59,0,0,0,0,0,0,0,0,0,0,0,0,0,0,15,162,230,252,252,59,0,0,0,0,64,95,0,0,0,0,0,0,0,88,189,252,252,252,252,59,0,0,0,9,197,248,238,159,90,90,90,91,125,247,252,252,252,252,115,4,0,0,0,0,99,246,252,252,252,252,252,253,252,252,252,238,102,59,4,0,0,0,0,0,0,92,208,252,252,252,252,253,252,154,103,73,0,0,0,0,5
0,0,0,0,0,0,0,0,82,203,203,123,0,0,0,0,0,0,0,0,0,0,0,0,0,0,0,173,253,254,253,254,253,21,0,0,0,0,0,0,0,0,0,0,0,0,0,253,252,253,252,253,252,102,0,0,0,0,0,0,0,0,0,0,0,0,0,234,253,254,253,254,253,102,0,0,0,0,0,0,0,0,0,0,0,0,0,30,172,192,151,253,252,102,0,0,0,0,0,0,0,0,0,0,0,0,0,0,0,0,62,254,253,82,0,0,0,0,0,0,0,0,0,0,0,0,0,0,0,0,102,253,252,0,0,0,0,0,0,0,0,0,0,0,0,0,0,0,0,11,173,254,233,0,0,0,0,0,0,0,0,0,0,0,0,0,0,0,0,132,252,253,111,0,0,0,0,0,0,0,0,0,0,0,0,0,0,0,0,214,253,224,20,0,0,0,0,0,0,0,0,0,0,0,0,0,0,0,123,253,252,122,0,0,0,0,0,0,0,21,0,0,0,0,0,0,0,51,233,254,192,0,0,0,0,0,0,0,0,132,0,0,82,203,203,203,203,233,252,253,70,0,0,0,0,0,0,0,41,253,0,173,253,254,253,254,253,254,253,254,131,41,0,0,0,0,0,31,233,254,0,213,252,253,252,253,252,253,171,172,252,243,162,0,0,0,41,173,252,253,0,0,82,123,203,163,122,0,0,0,41,214,253,234,152,113,233,255,253,41,0,0,0,0,0,0,0,0,0,0,0,10,50,253,252,253,252,253,130,0,0,0,0,0,0,0,0,0,0,0,0,0,0,0,82,163,162,82,0,0,0,0,0,0,0,0,0,0,0,0,0,0,0,0,0,0,0,0,0,0,0,0,0,0,0,0,0,0,0,0,0,0,0,0,0,0,0,0,0,0,2
0,0,0,0,0,0,0,0,0,0,0,0,150,255,163,14,0,0,0,0,0,0,0,0,0,0,0,0,0,0,0,44,214,253,253,152,0,0,0,0,0,0,0,0,0,0,0,0,0,0,0,235,253,253,253,218,0,0,0,0,0,0,0,0,0,0,0,0,0,0,93,250,253,253,253,218,0,0,0,0,0,0,0,0,0,0,0,0,0,0,167,253,253,253,253,218,0,0,0,0,0,0,0,0,0,0,0,0,0,43,208,253,253,253,253,132,0,0,0,0,0,0,0,0,0,0,0,0,1,106,253,253,253,253,239,38,0,0,0,0,0,0,0,0,0,0,0,0,83,253,253,253,253,253,122,0,0,0,0,0,0,0,0,0,0,0,0,4,187,253,253,253,253,253,122,0,0,0,0,0,0,0,0,0,0,0,0,106,253,253,253,253,253,234,80,0,0,0,0,0,0,0,0,0,0,0,18,202,253,253,253,253,253,200,0,0,0,0,0,0,0,0,0,0,0,0,76,253,253,253,253,253,253,30,0,0,0,0,0,0,0,0,0,0,0,0,202,253,253,253,253,253,165,11,0,0,0,0,0,0,0,0,0,0,0,26,212,253,253,253,253,238,83,0,0,0,0,0,0,0,0,0,0,0,0,124,253,253,253,253,253,92,0,0,0,0,0,0,0,0,0,0,0,0,62,231,253,253,253,253,115,2,0,0,0,0,0,0,0,0,0,0,0,0,219,253,253,253,253,253,87,0,0,0,0,0,0,0,0,0,0,0,0,0,219,253,253,253,253,253,87,0,0,0,0,0,0,0,0,0,0,0,0,0,219,253,253,253,253,219,54,0,0,0,0,0,0,0,0,0,0,0,0,0,98,253,253,253,126,51,0,0,0,0,0,0,0,0,0,0,1
0,0,0,0,0,0,0,0,31,134,151,235,136,31,0,0,0,0,0,0,0,0,0,0,0,0,0,174,235,254,254,254,254,235,89,0,0,0,0,0,0,0,0,0,0,0,171,253,254,254,254,254,254,254,253,138,4,0,0,0,0,0,0,0,0,0,177,254,254,254,203,238,147,104,250,254,60,0,0,0,0,0,0,0,0,0,177,254,254,185,8,16,9,0,88,236,236,43,0,0,0,0,0,0,0,49,231,255,211,13,0,0,0,0,0,56,247,113,0,0,0,0,0,0,0,222,255,254,137,0,0,0,0,0,0,0,180,246,38,0,0,0,0,0,81,248,254,170,0,0,0,0,0,0,0,0,126,254,140,0,0,0,0,16,216,254,255,90,0,0,0,0,0,0,0,0,38,254,140,0,0,0,0,37,254,254,145,12,0,0,0,0,0,0,0,0,17,238,140,0,0,0,0,78,254,254,78,0,0,0,0,0,0,0,0,0,17,238,223,0,0,0,0,141,254,254,78,0,0,0,0,0,0,0,0,0,39,254,227,0,0,0,0,177,254,235,19,0,0,0,0,0,0,0,0,0,161,254,219,0,0,0,0,189,254,228,0,0,0,0,0,0,0,0,0,55,243,254,146,0,0,0,0,141,254,228,0,0,0,0,0,0,0,28,92,234,254,234,55,0,0,0,0,90,254,252,79,0,0,0,0,0,30,213,254,254,254,135,0,0,0,0,0,27,237,254,231,120,0,58,90,172,219,254,254,254,185,27,0,0,0,0,0,0,61,246,254,252,219,249,254,254,254,254,236,66,4,0,0,0,0,0,0,0,0,139,237,254,254,254,254,254,245,161,44,0,0,0,0,0,0,0,0,0,0,0,63,156,254,210,150,150,83,0,0,0,0,0,0,0,0
0,0,0,0,0,0,0,0,0,0,0,0,0,0,0,0,0,0,0,0,0,0,0,0,4,29,117,141,204,253,216,141,141,66,19,0,0,0,0,0,0,0,19,57,179,252,252,252,253,252,252,252,253,252,224,44,0,0,0,0,0,19,191,252,253,252,252,252,253,252,252,252,253,252,252,228,0,0,0,0,0,157,252,252,253,252,214,139,28,28,28,28,140,165,252,252,0,0,0,0,0,101,247,228,101,0,0,0,0,0,0,0,29,216,253,241,0,0,0,0,0,0,66,9,0,0,0,0,0,0,19,157,216,252,233,59,0,0,0,0,0,0,0,0,0,0,0,0,48,110,215,252,253,233,112,0,0,0,0,0,0,0,0,0,0,0,76,225,241,252,252,252,253,221,25,0,0,0,0,0,0,0,0,0,0,0,198,253,254,253,253,253,254,253,216,91,0,0,0,0,0,0,0,0,0,0,172,252,197,121,84,84,197,234,252,252,101,0,0,0,0,82,159,10,0,0,19,56,0,0,0,0,0,38,171,252,247,66,0,0,0,169,177,3,0,0,0,0,0,0,0,0,0,0,10,178,253,133,0,0,0,157,253,103,0,0,0,0,0,0,0,0,0,0,0,0,242,228,31,0,0,19,215,252,51,0,0,0,0,0,0,0,0,0,0,0,216,252,56,0,0,0,110,252,247,66,0,0,0,0,0,0,0,0,0,38,253,252,56,0,0,0,10,178,253,234,100,0,0,0,0,0,0,0,76,237,253,227,31,0,0,0,0,0,255,253,253,253,141,66,29,29,141,216,253,253,254,134,0,0,0,0,0,0,97,234,252,252,253,252,252,252,253,252,252,252,234,28,0,0,0,0,0,0,0,38,171,252,253,252,252,252,253,252,252,214,50,0,0,0,3
0,0,0,0,0,0,0,0,0,0,0,158,251,252,252,66,0,0,0,0,0,0,0,0,0,0,0,0,0,0,157,251,252,252,227,42,0,0,0,0,0,0,0,0,0,0,0,0,5,150,253,252,252,252,185,0,0,0,0,0,0,0,0,0,0,0,0,8,147,252,253,252,252,252,150,0,0,0,0,0,0,0,0,0,0,0,9,145,252,252,253,229,149,66,14,0,0,0,0,0,0,0,0,0,0,0,62,252,252,252,253,125,0,0,0,0,0,0,0,0,0,0,0,0,0,49,223,252,252,252,93,5,0,9,20,20,9,0,0,0,0,0,0,0,0,186,252,252,237,106,0,6,63,180,224,224,158,12,0,0,0,0,0,0,36,221,252,252,106,0,64,183,252,252,252,252,252,225,0,0,0,0,0,39,226,253,253,163,0,64,255,253,253,253,253,253,253,226,0,0,0,0,0,81,252,252,157,5,70,246,253,252,252,252,252,252,252,225,0,0,0,0,35,214,252,232,50,144,241,252,253,252,168,188,252,252,252,225,0,0,0,0,94,252,252,86,34,238,252,252,253,161,34,205,252,252,252,183,0,0,0,0,164,252,252,66,76,252,252,252,253,159,219,252,252,252,241,68,0,0,0,0,94,252,252,105,190,252,252,252,253,252,252,252,252,252,184,0,0,0,0,0,30,133,252,252,252,252,252,252,253,252,252,252,252,252,170,0,0,0,0,0,0,30,205,252,252,252,252,252,253,252,252,252,231,127,78,0,0,0,0,0,0,0,28,133,241,252,252,252,253,252,252,205,22,0,0,0,0,0,0,0,0,0,0,0,19,119,119,189,253,252,132,82,0,0,0,0,0,0,0,0,0,0,0,0,0,0,0,0,0,0,0,0,0,0,0,0,0,0,6
0,0,0,0,0,0,0,0,0,0,0,0,0,0,0,0,0,0,0,0,0,0,0,55,134,156,156,224,254,178,134,32,0,0,0,0,0,0,0,0,0,0,74,250,253,254,253,253,253,253,254,235,111,0,0,0,0,0,0,0,0,0,175,253,253,254,253,253,253,253,254,253,229,44,0,0,0,0,0,0,0,0,175,253,200,117,34,19,19,19,117,217,253,169,0,0,0,0,0,0,0,0,71,215,36,0,0,0,0,38,99,207,253,229,23,0,0,0,0,0,0,0,0,0,61,156,156,186,254,254,255,254,254,229,23,0,0,0,0,0,0,0,0,0,142,254,253,253,253,253,254,253,253,206,0,0,0,0,0,0,0,0,0,0,195,254,253,253,253,253,254,253,253,79,0,0,0,0,0,0,0,0,0,0,128,254,253,253,253,253,254,253,253,227,100,0,0,0,0,0,0,0,0,0,0,58,140,118,155,155,155,238,253,253,253,38,0,0,0,0,0,0,0,0,0,0,0,0,0,0,0,8,145,254,254,232,24,0,0,0,0,0,0,0,0,0,0,0,0,0,0,0,12,110,253,254,167,6,0,0,0,0,0,0,0,0,0,0,0,0,0,0,0,12,152,254,253,78,0,0,0,0,0,0,0,0,0,0,0,0,0,0,0,0,0,238,253,93,0,0,0,0,0,0,0,0,0,0,0,0,0,0,0,16,98,231,253,174,0,0,0,0,0,0,0,0,0,0,0,46,156,156,224,254,254,255,254,175,0,0,0,0,0,0,0,13,11,14,126,244,254,253,253,253,253,254,253,129,0,0,0,0,0,0,68,224,217,229,253,253,254,253,253,253,253,205,129,24,0,0,0,0,0,0,188,254,253,253,253,253,254,253,210,131,176,8,0,0,0,0,3
0,0,0,0,0,0,0,0,0,0,0,0,0,0,0,0,0,0,0,0,0,0,0,0,0,0,0,0,0,0,0,0,51,255,54,0,0,0,0,0,0,0,0,0,0,0,0,0,0,0,0,0,114,254,117,0,0,0,0,0,0,0,0,0,0,153,128,0,0,0,0,0,123,254,125,0,0,0,0,0,0,0,0,0,0,204,225,0,0,0,0,0,146,254,125,0,0,0,0,0,0,0,0,0,0,204,225,0,0,0,0,0,173,254,125,0,0,0,0,0,0,0,0,0,27,250,199,0,0,0,0,4,216,254,99,0,0,0,0,0,0,0,0,0,168,254,99,0,0,0,0,11,254,244,26,0,0,0,0,0,0,0,0,65,248,204,4,0,0,0,0,40,254,167,0,0,0,0,0,0,0,0,0,165,254,194,140,160,120,140,88,169,254,213,49,0,0,0,0,0,0,0,0,187,254,254,254,254,254,254,254,254,254,254,115,0,0,0,0,0,0,0,0,18,103,108,108,108,108,108,108,238,254,115,8,0,0,0,0,0,0,0,0,0,0,0,0,0,0,0,0,226,254,21,0,0,0,0,0,0,0,0,0,0,0,0,0,0,0,0,2,227,223,9,0,0,0,0,0,0,0,0,0,0,0,0,0,0,0,0,44,254,203,0,0,0,0,0,0,0,0,0,0,0,0,0,0,0,0,0,44,254,203,0,0,0,0,0,0,0,0,0,0,0,0,0,0,0,0,0,100,254,147,0,0,0,0,0,0,0,0,0,0,0,0,0,0,0,0,0,123,254,132,0,0,0,0,0,0,0,0,0,0,0,0,0,0,0,0,0,186,254,74,0,0,0,0,0,0,0,0,0,0,0,0,0,0,0,0,12,233,243,2,0,0,0,0,0,0,0,4
0,0,0,0,0,0,0,0,0,134,255,58,0,0,0,0,0,0,0,0,0,0,0,0,0,0,0,0,0,134,254,58,0,0,0,0,0,0,0,0,0,0,0,0,0,0,0,0,0,134,254,58,0,0,0,0,0,0,0,0,0,0,0,0,0,0,0,0,0,134,254,58,0,0,0,0,0,0,0,0,0,0,0,0,0,0,0,0,0,205,254,58,0,0,0,0,0,0,0,0,0,0,0,0,0,0,0,0,0,157,254,124,0,0,0,0,0,0,0,0,0,0,0,0,0,0,0,0,0,134,254,146,0,0,0,0,0,0,0,0,0,0,0,0,0,0,0,0,0,134,254,146,0,0,0,0,0,0,0,0,0,0,0,0,0,0,0,0,0,134,254,64,0,0,0,0,0,0,0,0,0,0,0,0,0,0,0,0,0,134,254,58,0,0,0,0,0,0,0,0,0,0,0,0,0,0,0,0,0,134,228,10,0,0,0,0,0,0,0,0,0,0,0,0,0,0,0,0,0,134,222,0,0,0,0,0,0,0,0,0,0,0,0,0,0,0,0,0,0,167,222,0,0,0,0,0,0,0,0,0,0,0,0,0,0,0,0,0,0,223,222,0,0,0,0,0,0,0,0,0,0,0,0,0,0,0,0,0,16,231,222,0,0,0,0,0,0,0,0,0,0,0,0,0,0,0,0,0,59,254,222,0,0,0,0,0,0,0,0,0,0,0,0,0,0,0,0,0,59,254,222,0,0,0,0,0,0,0,0,0,0,0,0,0,0,0,0,0,203,254,150,0,0,0,0,0,0,0,0,0,0,0,0,0,0,0,0,0,237,254,128,0,0,0,0,0,0,0,0,0,0,0,0,0,0,0,0,0,142,238,29,0,0,0,0,0,0,0,0,0,1
0,0,0,0,0,0,0,0,0,0,0,0,75,198,254,255,142,23,0,0,0,0,0,0,0,0,0,0,0,6,71,190,251,254,254,254,254,181,4,0,0,0,0,0,0,0,0,0,30,195,254,254,254,254,129,165,254,254,99,0,0,0,0,0,0,0,0,34,222,254,254,254,254,200,2,3,198,254,218,0,0,0,0,0,0,0,35,217,254,254,238,133,45,8,0,0,116,254,220,0,0,0,0,0,0,30,221,254,254,237,59,0,0,0,0,0,102,254,220,0,0,0,0,0,6,194,254,254,206,49,0,0,0,0,0,0,102,254,220,0,0,0,0,0,147,254,254,237,58,0,0,0,0,0,0,0,102,254,220,0,0,0,0,41,242,254,254,108,0,0,0,0,0,0,0,0,102,254,220,0,0,0,0,203,254,254,149,3,0,0,0,0,0,0,0,0,155,254,220,0,0,0,80,253,254,249,27,0,0,0,0,0,0,0,0,3,200,254,220,0,0,20,232,254,254,102,0,0,0,0,0,0,0,0,0,68,254,254,154,0,0,119,254,254,215,6,0,0,0,0,0,0,0,0,0,151,254,242,67,0,0,165,254,254,58,0,0,0,0,0,0,0,0,0,34,240,254,183,0,0,18,230,254,254,38,0,0,0,0,0,0,0,0,3,192,254,223,31,0,0,6,224,254,254,38,0,0,0,0,0,0,0,7,156,254,254,138,0,0,0,0,181,254,254,196,31,0,0,0,0,1,34,200,254,254,184,13,0,0,0,0,22,236,254,254,223,108,68,68,86,168,254,254,251,123,9,0,0,0,0,0,0,56,239,254,254,254,254,254,254,254,243,167,47,0,0,0,0,0,0,0,0,0,38,152,254,254,254,254,235,152,43,0,0,0,0,0,0,0,0,0
0,0,0,0,0,0,0,0,0,0,0,0,0,0,0,0,0,0,0,0,0,0,0,0,0,0,0,0,0,0,18,154,239,255,223,254,114,77,11,0,0,0,0,0,0,66,144,17,21,66,238,254,254,254,254,254,254,254,120,0,0,0,0,0,27,236,254,200,177,244,225,157,73,26,58,86,232,254,226,27,0,0,0,0,50,254,254,241,254,43,17,0,0,0,0,0,113,254,254,49,0,0,0,0,11,183,246,102,231,4,0,0,0,0,0,0,145,254,250,45,0,0,0,0,0,126,254,167,0,0,0,0,0,0,4,98,252,254,144,0,0,0,0,0,0,64,254,248,27,0,0,0,0,36,179,254,254,155,11,0,0,0,0,0,0,26,214,254,221,3,0,38,145,231,254,231,158,10,0,0,0,0,0,0,0,0,29,254,254,180,117,235,254,254,210,42,0,0,0,0,0,0,0,0,0,0,3,164,254,254,254,254,217,103,9,0,0,0,0,0,0,0,0,0,0,0,62,242,254,254,254,185,8,0,0,0,0,0,0,0,0,0,0,0,0,35,222,253,206,208,254,244,41,0,0,0,0,0,0,0,0,0,0,0,1,190,253,146,0,46,247,254,197,0,0,0,0,0,0,0,0,0,0,0,50,254,171,0,0,0,177,254,243,39,0,0,0,0,0,0,0,0,0,0,50,254,197,0,0,0,93,254,254,58,0,0,0,0,0,0,0,0,0,0,39,245,200,0,0,0,26,236,254,58,0,0,0,0,0,0,0,0,0,0,43,248,243,48,0,0,0,223,254,103,0,0,0,0,0,0,0,0,0,0,10,171,254,232,117,29,48,237,254,137,0,0,0,0,0,0,0,0,0,0,0,22,160,254,254,254,254,254,252,55,0,0,0,0,0,0,8
0,0,0,0,0,0,0,0,0,0,0,0,0,0,0,0,0,0,0,0,0,0,0,0,0,0,0,0,0,0,0,0,0,0,0,0,0,0,0,0,0,0,0,0,0,0,0,0,0,0,79,177,12,0,0,0,60,22,0,0,0,0,0,0,0,0,0,0,0,20,222,239,39,0,0,17,236,36,0,0,0,0,0,0,0,0,0,0,3,207,254,155,0,0,0,179,254,36,0,0,0,0,0,0,0,0,0,0,40,254,254,75,0,0,93,248,254,36,0,0,0,0,0,0,0,0,0,33,226,254,254,90,130,143,249,254,209,18,0,0,0,0,0,0,0,0,35,160,254,254,254,254,254,254,254,255,202,25,0,0,0,0,0,0,0,41,183,254,254,254,254,254,254,254,254,248,254,36,0,0,0,0,0,0,43,228,254,254,254,242,192,228,254,254,177,52,88,13,0,0,0,0,0,39,226,255,254,181,58,33,45,235,254,226,12,0,0,0,0,0,0,0,23,229,254,254,153,0,0,11,214,254,236,52,0,0,0,0,0,0,0,0,37,254,254,155,7,0,0,93,254,254,126,0,0,0,0,0,0,0,0,0,31,213,148,2,0,0,6,253,254,196,2,0,0,0,0,0,0,0,0,0,0,0,0,0,0,0,85,254,254,109,0,0,0,0,0,0,0,0,0,0,0,0,0,0,0,8,213,254,242,10,0,0,0,0,0,0,0,0,0,0,0,0,0,0,0,63,254,254,81,0,0,0,0,0,0,0,0,0,0,0,0,0,0,0,0,72,254,229,27,0,0,0,0,0,0,0,0,0,0,0,0,0,0,0,0,167,254,174,0,0,0,0,0,0,0,0,0,0,0,0,0,0,0,0,0,167,252,54,0,0,0,0,0,0,0,0,0,0,4
0,0,0,0,0,0,0,0,0,0,0,0,0,0,0,0,24,67,26,0,0,0,0,0,0,0,0,0,0,0,0,0,0,0,96,171,224,252,226,209,0,0,0,0,0,0,0,0,0,0,0,3,80,242,252,252,235,230,244,252,0,0,0,0,0,0,0,0,0,0,0,153,252,252,190,88,19,0,73,238,0,0,0,0,0,0,0,0,0,0,0,153,191,73,3,0,0,0,122,238,0,0,0,0,0,0,0,0,0,0,0,3,7,0,0,0,0,59,244,252,0,0,0,0,0,0,0,0,0,0,0,0,0,0,0,0,74,158,245,174,0,0,0,0,0,0,0,0,0,0,0,68,0,0,41,149,238,252,174,0,0,63,111,68,0,0,0,0,0,34,206,249,220,220,237,252,252,99,13,0,0,254,253,253,169,0,0,0,0,44,239,255,253,253,250,196,24,0,0,0,0,205,252,252,212,138,0,0,0,24,77,187,186,241,240,39,0,0,0,0,0,167,252,252,252,219,65,0,0,0,0,0,0,166,239,35,0,0,0,0,0,79,246,252,252,252,249,89,9,0,0,0,0,157,243,50,0,0,0,0,0,0,176,252,252,252,252,252,180,39,0,0,68,237,252,88,0,0,0,0,0,0,67,237,252,252,252,252,252,236,150,151,236,252,196,19,0,0,0,0,0,0,0,109,252,252,252,252,252,252,252,253,245,150,15,0,0,0,0,0,0,0,0,39,108,208,243,252,252,252,252,214,30,0,0,0,0,0,0,0,0,0,0,0,0,0,52,66,66,66,66,29,0,0,0,0,0,0,0,0,0,0,0,0,0,0,0,0,0,0,0,0,0,0,0,0,0,0,0,0,0,0,0,0,0,0,0,0,0,0,0,0,0,0,0,0,0,0,0,0,3
0,0,0,0,0,0,0,0,0,0,0,0,0,0,0,0,0,0,0,0,0,0,0,0,0,0,0,0,0,0,0,0,0,6,80,194,124,7,0,0,0,0,0,0,0,0,6,95,95,95,95,154,198,205,254,254,254,36,0,0,0,53,241,245,245,245,246,254,255,254,254,254,254,254,254,237,120,2,0,0,0,25,248,254,254,254,254,254,254,254,254,254,254,254,254,96,0,0,0,0,0,0,77,125,125,125,125,99,20,122,254,254,254,217,50,2,0,0,0,0,0,0,0,0,0,0,0,0,34,225,254,254,163,5,0,0,0,0,0,0,0,0,0,0,0,0,0,0,188,254,254,254,232,71,5,0,0,0,0,0,0,0,0,0,0,0,0,0,2,152,216,254,254,254,118,7,0,0,0,0,0,0,0,0,0,0,0,0,0,0,16,58,181,254,254,158,4,0,0,0,0,0,0,0,0,0,0,0,0,0,0,0,0,197,254,254,200,29,0,0,0,0,0,0,0,0,0,0,0,0,0,0,0,7,156,254,254,180,0,0,0,0,0,0,0,0,0,0,0,0,0,0,0,0,15,234,254,244,0,0,0,0,0,0,0,0,0,0,0,0,0,0,0,11,182,254,254,244,0,0,0,0,0,0,0,0,0,0,0,0,0,6,68,236,254,254,218,72,0,0,0,0,0,0,0,0,0,0,0,0,31,150,254,254,254,207,53,0,0,0,0,0,12,98,10,0,0,0,1,86,218,254,254,243,128,13,0,0,0,0,0,0,211,254,20,0,60,94,174,254,254,243,187,45,0,0,0,0,0,0,0,0,245,254,222,219,250,254,254,252,203,75,0,0,0,0,0,0,0,0,0,0,245,254,254,254,254,254,206,115,0,0,0,0,0,0,0,0,0,0,3
0,0,7,106,149,254,254,255,254,254,194,81,0,0,0,0,0,0,0,0,0,0,15,253,253,210,193,193,193,229,254,243,74,0,0,0,0,0,0,0,0,0,6,89,89,26,0,0,0,53,157,253,186,0,0,0,0,0,0,0,0,0,0,0,0,0,0,0,0,0,106,253,245,64,0,0,0,0,0,0,0,0,0,0,0,0,0,0,0,0,105,253,249,95,0,0,0,0,0,0,0,0,0,0,0,0,0,0,0,0,123,253,131,0,0,0,0,0,0,0,0,0,0,0,0,0,0,0,24,134,254,253,89,0,0,0,0,0,0,0,0,0,0,0,0,64,91,91,120,253,255,217,37,0,0,0,0,0,0,0,0,0,3,117,194,236,253,253,253,253,254,253,215,194,62,14,0,0,0,0,0,0,15,253,253,253,253,253,226,104,166,253,253,253,253,162,0,0,0,0,0,0,9,199,254,180,149,8,0,0,0,0,98,149,243,237,106,6,0,0,0,0,0,21,44,13,0,0,0,0,0,0,0,0,39,192,253,137,0,0,0,0,0,0,0,0,0,0,0,0,0,0,0,0,0,171,253,168,4,0,0,0,0,0,0,0,0,0,0,0,0,0,0,0,0,102,253,253,59,0,0,0,0,0,0,0,0,0,0,0,0,0,0,0,67,201,253,173,7,0,0,0,0,0,0,0,0,0,0,0,0,0,20,102,245,253,237,56,0,0,0,0,0,0,0,0,0,0,0,0,0,32,212,253,253,237,56,0,0,0,0,75,90,48,0,54,0,86,90,178,241,243,253,253,129,12,0,0,0,0,0,95,253,225,194,229,194,250,253,253,254,216,111,59,7,0,0,0,0,0,0,25,113,253,253,253,253,253,226,104,105,18,0,0,0,0,0,0,0,0,3
0,0,0,0,0,0,0,0,0,0,0,0,0,0,0,0,0,0,0,0,0,0,0,0,0,0,0,0,0,0,0,0,0,0,0,0,0,0,0,0,0,0,0,0,0,0,0,0,0,0,0,0,0,0,0,0,0,0,0,0,152,193,254,172,193,71,51,51,0,21,21,0,0,0,0,0,0,0,0,0,253,252,253,252,253,252,253,252,203,223,223,81,0,0,0,0,0,0,0,0,254,253,254,253,254,253,254,253,254,253,254,253,254,213,153,71,0,0,0,0,151,151,151,151,50,50,151,151,172,252,253,252,253,252,253,252,0,0,0,0,0,0,0,0,0,0,0,0,0,0,62,102,234,253,255,253,173,10,0,0,0,0,0,0,0,0,0,0,0,0,0,0,30,172,253,252,253,50,0,0,0,0,0,0,0,0,0,0,0,0,0,0,0,102,254,253,254,50,0,0,0,0,0,0,0,0,0,0,0,0,0,0,0,102,253,252,253,50,0,0,0,0,0,0,0,0,0,0,0,0,0,0,11,213,254,253,244,40,0,0,0,0,0,0,0,0,0,0,0,0,0,0,132,252,253,252,162,0,0,0,0,0,0,0,0,0,0,0,0,0,0,0,173,253,254,253,0,0,0,0,0,0,0,0,0,0,0,0,0,0,0,123,253,252,253,130,0,0,0,0,0,0,0,0,0,0,0,0,0,0,11,213,254,253,183,0,0,0,0,0,0,0,0,0,0,0,0,0,0,0,173,252,253,252,61,0,0,0,0,0,0,0,0,0,0,0,0,0,11,92,254,253,254,172,0,0,0,0,0,0,0,0,0,0,0,0,0,0,92,252,253,252,172,10,0,0,0,0,0,0,0,0,0,0,0,0,0,62,254,253,254,131,0,0,0,0,0,0,0,0,7
0,0,0,0,0,0,0,0,0,0,0,0,0,0,0,0,0,0,0,0,0,0,0,0,0,0,0,15,139,148,236,254,253,200,67,0,0,0,0,0,0,0,0,0,0,36,146,211,252,252,252,253,252,252,237,67,0,0,0,0,0,0,0,0,15,162,253,252,252,252,190,127,126,233,252,244,107,0,0,0,0,0,0,6,190,252,253,252,185,84,14,0,0,51,231,252,239,90,6,0,0,0,0,153,252,252,236,112,4,0,0,0,0,0,28,174,253,252,65,0,0,0,68,245,253,191,45,0,0,0,0,0,0,0,0,89,254,253,191,14,0,0,190,252,252,68,0,0,0,0,0,0,0,0,0,0,138,252,252,84,0,0,190,252,194,4,0,0,0,0,0,0,0,0,0,0,43,252,252,93,0,0,190,252,189,0,0,0,0,0,0,0,0,0,0,0,43,252,252,189,0,0,190,252,189,0,0,0,0,0,0,0,0,0,0,0,43,252,252,189,0,0,191,253,200,7,0,0,0,0,0,0,0,0,0,0,43,253,253,190,0,0,190,252,252,42,0,0,0,0,0,0,0,0,0,0,43,252,252,189,0,0,137,252,252,42,0,0,0,0,0,0,0,0,0,0,96,252,251,86,0,0,85,252,252,113,0,0,0,0,0,0,0,0,0,0,174,252,231,0,0,0,50,244,252,147,0,0,0,0,0,0,0,0,0,89,253,252,99,0,0,0,0,154,253,253,168,0,0,0,0,0,0,0,100,192,255,186,9,0,0,0,0,6,154,252,243,155,7,0,0,0,0,87,232,252,222,16,0,0,0,0,0,0,6,206,253,252,234,206,127,128,206,251,247,143,17,0,0,0,0,0,0,0,0,35,102,237,252,252,252,253,252,247,98,0,0,0,0,0,0
0,0,0,0,0,0,0,0,0,85,255,254,254,187,38,0,0,0,0,0,0,0,0,0,0,0,0,0,118,250,254,253,253,253,233,51,0,0,0,0,0,0,0,0,0,0,7,134,248,253,235,191,191,247,253,182,0,0,0,0,0,0,0,0,0,0,124,253,253,204,79,0,0,101,253,218,0,0,0,0,0,0,0,0,0,76,246,253,200,23,0,0,0,53,253,218,0,0,0,0,0,0,0,0,0,165,253,196,27,0,0,0,0,96,253,218,0,0,0,0,0,0,0,0,5,214,250,73,0,0,0,0,7,212,253,218,0,0,0,0,0,0,0,0,111,253,160,0,0,0,0,36,201,253,253,181,0,0,0,0,0,0,0,0,131,253,182,30,43,127,184,227,253,253,236,51,0,0,0,0,0,0,0,0,71,193,253,253,253,253,254,253,253,253,209,0,0,0,0,0,0,0,0,0,0,55,238,254,254,254,255,254,254,254,210,0,0,0,0,0,0,0,0,0,0,0,140,253,253,174,96,120,224,253,209,0,0,0,0,0,0,0,0,0,0,135,249,248,95,6,0,0,148,253,209,0,0,0,0,0,0,0,0,0,43,234,253,156,0,0,0,0,167,253,191,0,0,0,0,0,0,0,0,0,131,253,248,93,0,0,0,61,250,253,77,0,0,0,0,0,0,0,0,0,204,253,142,0,0,0,51,189,253,227,18,0,0,0,0,0,0,0,0,24,234,253,52,0,14,144,236,253,253,122,0,0,0,0,0,0,0,0,0,31,239,253,174,192,215,253,254,253,194,7,0,0,0,0,0,0,0,0,0,0,185,253,253,253,253,253,218,72,5,0,0,0,0,0,0,0,0,0,0,0,86,238,253,216,132,78,0,0,0,0,0,0,0,0,0,0,8
0,0,0,0,0,0,0,0,0,0,0,64,255,191,0,0,0,0,0,0,0,0,0,0,0,0,0,0,0,0,0,128,255,255,0,0,0,0,0,0,0,0,0,0,0,0,0,0,0,0,0,191,255,191,0,0,0,0,0,0,0,0,0,0,0,0,0,0,0,0,0,255,255,128,0,0,0,0,0,0,0,0,0,0,0,0,0,0,0,0,128,255,255,0,0,0,0,0,0,0,0,0,0,0,0,0,0,0,0,0,255,255,255,0,0,0,0,0,0,0,0,0,0,0,0,0,0,0,0,64,255,255,255,0,0,0,0,0,0,0,0,0,0,0,0,0,0,0,0,128,255,255,128,0,0,0,0,0,0,0,0,0,0,0,0,0,0,0,64,255,255,255,64,0,0,0,0,0,0,0,0,0,0,0,0,0,0,0,128,255,255,191,0,0,0,0,0,0,0,0,0,0,0,0,0,0,0,0,128,255,255,128,0,0,0,0,0,0,0,0,0,0,0,0,0,0,0,0,191,255,255,128,0,0,0,0,0,0,0,0,0,0,0,0,0,0,0,0,255,255,255,128,0,0,0,0,0,0,0,0,0,0,0,0,0,0,0,128,255,255,255,0,0,0,0,0,0,0,0,0,0,0,0,0,0,0,0,128,255,255,191,0,0,0,0,0,0,0,0,0,0,0,0,0,0,0,0,128,255,255,128,0,0,0,0,0,0,0,0,0,0,0,0,0,0,0,0,128,255,255,128,0,0,0,0,0,0,0,0,0,0,0,0,0,0,0,0,128,255,255,128,0,0,0,0,0,0,0,0,0,0,0,0,0,0,0,0,128,255,255,128,0,0,0,0,0,0,0,0,0,0,0,0,0,0,0,0,128,255,255,128,0,0,0,0,0,0,0,0,0,1
0,0,0,0,0,0,0,0,0,0,0,0,0,0,0,0,0,0,0,0,0,0,0,0,0,0,0,0,0,0,0,0,0,0,0,0,0,0,0,0,0,0,0,0,0,0,0,0,0,0,0,0,0,0,0,0,0,0,0,0,0,0,0,0,0,0,0,0,0,41,88,166,166,166,221,201,0,0,0,0,0,0,0,0,0,0,0,18,116,238,254,254,254,254,254,178,0,0,0,0,0,0,0,0,0,0,34,202,254,254,231,167,167,254,241,59,0,0,0,0,0,0,0,0,0,128,242,244,198,82,21,0,95,254,187,0,0,0,0,0,0,0,0,0,26,241,254,73,0,0,0,0,165,254,148,0,0,0,0,0,0,0,0,0,178,254,157,1,0,0,0,17,236,252,32,0,0,0,0,0,0,0,0,0,202,254,80,0,0,0,0,108,254,174,0,0,0,0,0,0,0,0,0,36,254,254,80,0,0,0,0,108,254,148,0,0,0,0,0,0,0,0,0,36,254,246,6,0,0,0,0,191,253,66,0,0,0,0,0,0,0,0,0,17,223,108,0,0,0,0,44,248,250,0,0,0,0,0,0,0,0,0,0,0,31,0,0,0,0,0,122,254,207,0,0,0,0,0,0,0,0,0,0,0,0,0,0,0,0,0,128,254,160,0,0,0,0,0,0,0,0,0,0,0,0,0,0,0,0,1,211,254,95,0,0,0,0,0,0,0,0,0,0,0,0,0,0,0,0,74,254,208,0,0,0,0,0,0,0,0,0,0,0,0,0,0,0,0,0,134,254,147,0,0,0,0,0,0,0,0,0,0,0,0,0,0,0,0,0,216,254,66,0,0,0,0,0,0,0,0,0,0,0,0,0,0,0,0,30,240,227,8,0,0,0,0,0,0,0,0,7
0,0,0,0,0,0,0,23,67,67,42,0,0,0,0,0,0,0,0,0,0,0,0,0,0,0,10,172,253,253,208,132,14,0,0,0,0,0,0,0,0,0,0,0,0,112,202,253,253,253,253,253,35,10,10,1,0,0,0,0,0,0,0,0,23,174,253,253,208,177,205,253,253,253,253,88,76,22,0,0,0,0,0,112,174,253,253,205,45,0,42,112,238,253,253,253,253,174,110,0,0,0,0,198,253,253,251,155,0,0,0,0,41,46,172,251,253,253,200,10,0,0,45,216,253,253,170,0,0,0,0,0,0,0,0,172,253,253,253,171,0,0,132,253,253,168,19,0,0,0,0,0,0,0,0,20,169,253,253,253,0,78,235,253,253,112,0,0,0,0,0,0,0,0,0,0,114,253,253,253,0,254,253,253,253,112,0,0,0,0,0,0,0,0,0,0,114,253,253,253,0,255,253,253,205,41,0,0,0,0,0,0,0,0,0,0,114,253,253,253,0,254,253,253,177,0,0,0,0,0,0,0,0,0,0,71,238,253,244,124,0,254,253,253,177,0,0,0,0,0,0,0,0,0,70,243,253,253,196,0,0,254,253,253,177,0,0,0,0,0,0,0,0,0,169,253,253,253,70,0,0,79,253,253,248,104,0,0,0,0,0,0,8,125,247,253,253,219,7,0,0,37,198,253,253,174,105,0,0,13,114,114,134,253,253,253,202,41,0,0,0,0,132,253,253,253,247,179,179,187,253,253,253,253,253,253,139,0,0,0,0,0,4,199,253,253,253,253,253,253,253,253,253,253,215,161,5,0,0,0,0,0,0,198,253,253,253,253,253,253,253,175,130,130,43,0,0,0,0,0,0,0,0,51,65,65,65,65,65,65,65,24,0,0,0,0,0,0,0,0,0
0,0,0,0,0,0,0,0,0,0,0,0,0,0,0,0,0,0,0,0,0,0,0,0,0,0,0,0,0,0,0,0,0,40,250,81,0,0,0,0,0,0,0,0,0,0,0,0,0,0,0,0,0,56,254,59,0,0,0,0,0,0,22,9,0,0,0,0,0,0,0,0,0,85,244,19,0,0,0,0,0,99,246,208,0,0,0,0,0,0,0,0,0,129,240,0,0,0,0,0,0,168,254,236,0,0,0,0,0,0,0,0,0,129,240,0,0,0,0,0,0,22,217,236,0,0,0,0,0,0,0,0,0,144,225,0,0,0,0,0,0,0,182,237,3,0,0,0,0,0,0,0,0,203,166,0,0,0,0,0,0,0,133,254,55,0,0,0,0,0,0,0,0,203,166,0,0,0,0,0,0,0,50,250,180,8,0,0,0,0,0,0,14,234,166,0,0,0,0,0,0,0,0,176,254,208,99,5,0,0,0,0,23,254,113,0,11,0,0,0,0,0,0,14,145,254,254,200,113,11,0,0,23,254,136,163,138,0,0,0,0,0,0,0,1,75,164,234,255,252,252,252,209,254,244,189,38,0,0,0,0,0,0,0,0,0,0,14,44,108,118,118,231,225,34,0,0,0,0,0,0,0,0,0,0,0,0,0,0,0,0,0,170,199,0,0,0,0,0,0,0,0,0,0,0,0,0,0,0,0,0,0,208,199,0,0,0,0,0,0,0,0,0,0,0,0,0,0,0,0,0,0,244,195,0,0,0,0,0,0,0,0,0,0,0,0,0,0,0,0,0,0,244,146,0,0,0,0,0,0,0,0,0,0,0,0,0,0,0,0,0,0,244,102,0,0,0,0,0,0,0,0,0,0,0,0,0,0,0,0,0,0,244,63,0,0,0,0,0,0,4
0,0,0,0,0,0,0,0,0,0,0,0,0,0,0,0,0,0,0,0,0,0,0,0,0,0,0,0,0,0,0,0,0,0,0,0,0,0,0,0,0,0,0,0,0,0,0,0,0,0,0,0,0,0,0,0,0,0,0,0,0,0,0,0,0,0,0,0,6,52,135,197,254,254,232,93,0,0,0,0,0,0,0,0,0,0,0,88,217,253,254,253,253,253,253,224,0,0,0,0,0,0,0,0,0,29,226,252,253,253,248,238,194,250,253,252,91,0,0,0,0,0,0,0,49,236,253,253,205,90,35,0,0,194,253,254,119,0,0,0,0,0,0,0,149,254,253,86,7,0,0,0,36,246,253,236,27,0,0,0,0,0,0,85,223,255,218,24,0,49,128,184,254,254,254,242,49,0,0,0,0,0,0,80,253,254,121,100,99,248,254,253,253,253,253,224,0,0,0,0,0,0,0,43,251,254,228,168,241,253,254,253,253,253,253,193,0,0,0,0,0,0,0,0,211,254,253,253,253,253,254,240,253,253,253,40,0,0,0,0,0,0,0,0,40,210,253,253,196,156,74,139,253,253,187,0,0,0,0,0,0,0,0,0,0,0,0,0,0,0,4,193,254,254,52,0,0,0,0,0,0,0,0,0,0,0,0,0,0,0,92,253,253,159,6,0,0,0,0,0,0,0,0,0,0,0,0,0,0,5,223,253,243,39,0,0,0,0,0,0,0,0,0,0,0,0,0,0,0,111,254,253,107,0,0,0,0,0,0,0,0,0,0,0,0,0,0,0,14,202,254,235,19,0,0,0,0,0,0,0,0,0,0,0,0,0,0,0,98,254,255,89,0,0,0,0,0,0,0,0,0,0,0,0,0,0,0,0,137,253,211,8,0,0,0,0,0,0,0,0,9
0,0,0,0,0,0,0,0,0,0,0,0,0,0,0,0,0,0,0,0,0,0,0,0,0,0,0,0,0,0,0,0,0,0,0,0,0,0,0,0,0,0,0,0,0,0,0,0,29,29,117,141,141,141,141,91,26,0,0,0,0,0,0,0,0,38,144,169,253,252,252,252,253,252,252,252,231,44,0,0,0,0,0,38,98,234,252,252,253,252,252,214,168,168,234,252,253,240,81,0,0,0,89,225,253,252,252,202,140,115,28,15,0,0,22,78,203,252,205,13,0,32,229,253,251,200,25,0,0,0,0,0,0,0,0,0,26,231,253,153,0,131,252,227,125,0,0,0,0,0,0,0,0,0,0,0,0,19,171,145,23,234,252,139,0,0,0,0,0,0,0,0,0,0,0,0,0,19,85,10,128,252,252,40,0,0,0,0,0,0,0,0,0,0,0,0,76,231,252,128,204,253,253,40,0,0,0,0,0,0,0,0,4,29,66,191,255,253,253,140,178,252,252,215,108,44,0,0,0,0,45,57,179,252,252,252,253,252,208,59,53,252,252,252,253,240,197,197,198,197,240,252,253,252,252,252,253,233,37,0,16,65,116,190,253,252,252,252,253,252,252,252,190,165,252,252,241,59,0,0,0,0,0,0,13,113,150,125,114,113,25,0,16,166,253,253,163,0,0,0,0,0,0,0,0,0,0,0,0,0,0,0,104,252,252,227,38,0,0,0,0,0,0,0,0,0,0,0,0,0,0,38,229,252,224,43,0,0,0,0,0,0,0,0,0,0,0,0,0,0,0,113,253,252,68,0,0,0,0,0,0,0,0,0,0,0,0,0,0,0,0,176,255,209,25,0,0,0,0,0,0,0,0,0,0,0,0,0,0,0,0,200,253,84,0,0,0,0,0,0,9
0,0,0,0,0,0,0,0,0,0,0,0,0,0,0,0,0,0,0,0,0,0,0,0,0,0,0,0,0,0,0,0,0,0,0,0,0,0,0,0,0,0,0,0,0,0,0,0,0,0,0,0,0,0,0,0,0,0,0,0,0,0,0,0,0,0,0,57,239,191,151,151,116,3,0,0,0,0,0,0,0,0,0,0,0,0,83,199,254,254,254,254,254,97,0,0,0,0,0,0,0,0,0,0,4,139,253,254,254,254,254,254,254,194,183,72,0,0,0,0,0,0,0,0,61,254,254,254,254,203,88,67,67,244,254,163,0,0,0,0,0,0,0,0,141,254,254,169,80,8,0,26,184,253,254,234,0,0,0,0,0,0,0,24,240,255,244,27,32,95,177,253,254,254,254,204,0,0,0,0,0,0,0,84,254,254,253,224,237,254,254,254,254,254,254,81,0,0,0,0,0,0,0,64,250,254,254,254,254,254,254,254,254,254,203,9,0,0,0,0,0,0,0,0,145,254,254,254,254,251,166,86,203,254,176,0,0,0,0,0,0,0,0,0,21,202,202,177,99,38,0,26,231,254,113,0,0,0,0,0,0,0,0,0,0,0,0,0,0,0,0,42,254,242,45,0,0,0,0,0,0,0,0,0,0,0,0,0,0,0,0,119,254,223,0,0,0,0,0,0,0,0,0,0,0,0,0,0,0,0,0,250,254,144,0,0,0,0,0,0,0,0,0,0,0,0,0,0,0,0,0,250,254,120,0,0,0,0,0,0,0,0,0,0,0,0,0,0,0,0,0,250,254,88,0,0,0,0,0,0,0,0,0,0,0,0,0,0,0,0,90,254,211,8,0,0,0,0,0,0,0,0,0,0,0,0,0,0,0,0,128,254,189,4,0,0,0,0,0,0,9
0,0,0,0,0,0,0,0,0,0,0,0,0,0,131,206,46,0,0,0,0,0,0,0,0,0,0,0,0,0,0,11,111,65,173,254,157,0,0,0,0,0,0,0,0,0,0,0,0,25,125,237,254,254,254,254,174,0,0,0,0,0,0,0,0,0,0,0,27,170,251,151,35,56,254,254,128,0,0,0,0,0,0,0,0,0,0,26,174,226,105,0,0,145,254,208,24,0,0,0,0,0,0,0,0,0,16,211,250,102,0,0,31,235,254,118,0,0,0,0,0,0,0,0,0,0,176,254,141,0,0,2,164,254,170,8,0,0,0,0,0,0,0,0,0,42,244,254,115,0,8,84,254,252,72,0,0,0,0,0,0,0,0,0,0,18,236,254,167,23,126,254,254,86,0,0,0,0,0,0,0,0,0,0,0,0,107,241,254,251,254,254,118,1,0,0,0,0,0,0,0,0,0,0,0,0,0,70,249,254,254,249,0,0,0,0,0,0,0,0,0,0,0,0,0,0,0,78,249,254,254,253,84,0,0,0,0,0,0,0,0,0,0,0,0,0,20,217,254,205,162,254,222,18,0,0,0,0,0,0,0,0,0,0,0,0,130,254,243,43,17,154,254,107,0,0,0,0,0,0,0,0,0,0,0,8,221,254,155,0,0,194,254,139,0,0,0,0,0,0,0,0,0,0,0,146,254,228,10,0,99,240,236,57,0,0,0,0,0,0,0,0,0,0,0,175,250,107,6,73,253,240,89,0,0,0,0,0,0,0,0,0,0,0,16,235,235,55,155,254,237,58,0,0,0,0,0,0,0,0,0,0,0,0,21,254,254,251,247,172,49,0,0,0,0,0,0,0,0,0,0,0,0,0,5,192,203,194,91,0,0,0,0,0,0,0,0,0,0,0,8
0,0,0,0,0,0,0,0,0,0,0,0,0,0,0,0,0,0,0,0,0,0,0,0,0,0,0,0,0,0,0,0,0,0,0,0,0,0,0,0,0,0,0,0,79,160,160,251,254,219,161,160,60,0,0,0,0,0,0,0,0,0,16,129,252,254,254,254,254,254,254,254,242,125,0,0,0,0,0,0,0,19,200,254,254,253,177,150,150,220,251,254,254,237,111,62,0,0,0,0,0,160,254,254,240,96,0,0,0,0,54,144,254,254,254,240,76,3,0,0,55,241,254,240,64,0,0,0,0,0,0,3,96,238,254,254,254,148,0,0,160,254,254,178,0,0,0,0,0,0,0,0,0,88,252,254,254,243,31,0,160,254,254,178,0,0,0,0,0,0,0,0,0,0,137,254,254,254,37,0,160,254,254,88,0,0,0,0,0,0,0,0,0,0,48,254,254,254,37,0,150,254,254,164,0,0,0,0,0,0,0,0,0,0,48,254,254,254,37,0,67,254,254,206,7,0,0,0,0,0,0,0,0,0,118,254,254,254,37,0,25,213,254,254,137,0,0,0,0,0,0,0,0,0,166,254,255,254,37,0,0,64,225,254,248,177,38,2,0,0,0,0,0,68,252,254,254,203,4,0,0,0,122,254,254,254,254,200,118,104,105,104,108,214,254,254,254,241,29,0,0,0,4,147,192,254,254,254,254,254,254,254,254,254,254,254,254,254,37,0,0,0,0,0,4,103,206,241,247,254,254,218,252,224,198,236,254,254,37,0,0,0,0,0,0,0,0,35,40,47,47,12,45,18,44,250,254,254,44,0,0,0,0,0,0,0,0,0,0,0,0,0,0,0,0,176,254,254,162,0,0,0,0,0,0,0,0,0,0,0,0,0,0,0,0,114,254,254,232,15,9
0,0,0,0,0,0,0,0,0,0,0,0,0,0,0,0,0,0,0,0,0,0,0,0,0,0,0,0,0,0,0,28,127,171,254,194,156,156,104,14,0,0,0,0,0,0,0,0,0,16,178,232,253,253,253,254,253,253,253,96,0,0,0,0,0,0,0,0,43,213,254,222,253,210,100,78,78,131,253,155,0,0,0,0,0,0,4,70,237,222,140,213,146,16,0,0,0,94,253,185,0,0,0,0,0,0,95,253,110,14,209,46,0,0,0,0,8,205,222,14,0,0,0,0,0,37,239,235,15,158,76,0,0,0,0,0,80,254,154,0,0,0,0,0,0,32,235,211,9,105,0,0,0,0,0,28,180,216,63,0,0,0,0,0,0,23,229,222,57,53,0,0,0,0,61,194,239,54,0,0,0,0,0,0,0,55,250,253,243,166,137,144,234,234,248,254,68,0,0,0,0,0,0,0,0,14,148,253,253,253,254,253,253,253,253,254,173,0,0,0,0,0,0,0,0,14,224,254,254,254,218,98,30,0,38,194,246,71,0,0,0,0,0,4,20,224,253,239,218,99,30,0,0,0,0,163,253,129,0,0,0,0,0,100,253,254,216,54,0,0,0,0,0,0,0,216,247,92,0,0,0,0,80,244,253,222,25,0,0,0,0,0,0,0,0,201,244,42,0,0,0,16,213,253,215,45,0,0,0,0,0,0,0,0,0,231,200,18,0,0,0,178,254,229,60,0,0,0,0,0,0,0,0,0,83,255,114,0,0,0,96,247,209,40,0,0,0,0,0,0,0,0,7,162,236,76,6,0,0,0,224,253,78,0,0,0,0,0,0,0,0,74,199,195,48,0,0,0,0,0,216,253,172,84,9,0,4,40,40,77,197,232,116,9,0,0,0,0,0,0,8
0,0,0,0,0,0,0,0,0,0,0,0,0,0,0,0,0,0,0,0,88,29,0,0,0,0,0,0,0,0,0,0,0,0,0,0,0,0,0,0,253,250,209,209,201,134,43,0,0,0,0,0,0,0,0,0,0,0,0,0,253,253,253,253,254,253,248,226,142,38,3,0,0,0,0,0,0,0,0,0,229,235,151,133,187,245,253,253,253,254,187,56,0,0,0,0,0,0,0,0,14,18,0,0,0,25,83,191,253,254,253,238,79,0,0,0,0,0,0,0,0,0,0,0,0,0,0,0,23,158,249,254,254,69,0,0,0,0,0,0,0,0,0,0,0,0,0,0,0,0,108,253,253,178,0,0,0,0,0,0,0,0,0,0,0,0,0,0,0,2,137,253,253,174,0,0,0,0,0,0,0,0,0,0,6,85,120,120,141,201,253,253,245,42,0,0,0,0,0,0,0,0,0,0,97,253,253,253,253,254,253,253,177,9,0,0,0,0,0,0,0,0,0,0,106,254,254,254,254,255,254,254,254,232,71,0,0,0,0,0,0,0,0,0,58,193,250,225,106,76,158,232,253,253,249,169,26,0,0,0,0,0,0,0,0,0,58,8,0,0,0,10,85,234,254,253,217,65,0,0,0,0,0,0,0,0,0,0,0,0,0,0,0,18,192,253,253,225,36,0,0,0,0,0,0,0,0,0,0,0,0,49,97,9,4,148,253,253,127,0,0,0,0,0,0,0,0,0,0,0,8,241,254,143,31,48,245,254,188,0,0,0,0,0,0,0,0,0,0,0,46,250,253,253,254,253,253,253,196,0,0,0,0,0,0,0,0,0,0,0,0,212,253,253,254,253,248,203,46,0,0,0,0,0,0,0,0,0,0,0,0,43,191,221,156,117,39,0,0,0,3
0,0,0,0,0,0,0,0,0,0,0,0,0,0,0,12,192,254,37,0,0,0,0,0,0,0,0,148,216,34,0,0,0,0,0,33,254,245,32,0,0,0,0,0,0,0,0,245,254,66,0,0,0,0,0,151,254,197,0,0,0,0,0,0,0,0,26,248,254,66,0,0,0,0,32,238,254,169,0,0,0,0,0,0,0,0,103,254,254,66,0,0,0,0,152,254,254,51,0,0,0,0,0,0,0,16,240,254,251,61,0,0,0,34,244,254,216,5,0,0,0,0,0,0,0,51,254,254,194,0,0,0,0,108,254,247,78,0,0,0,0,0,0,0,11,179,254,254,76,0,0,0,3,188,254,235,0,0,0,0,0,0,0,0,93,254,254,195,6,0,0,0,91,254,254,189,0,0,0,0,0,0,0,29,218,254,254,33,0,0,0,0,174,254,236,54,0,0,0,0,0,0,28,157,254,254,176,4,0,0,0,98,254,254,219,109,94,3,0,0,0,20,217,254,254,247,140,77,6,0,10,185,254,254,254,254,254,9,0,0,0,38,254,254,254,254,254,254,206,198,213,254,254,254,254,254,215,6,0,0,0,38,254,254,183,184,254,254,254,254,254,254,254,254,240,171,25,0,0,0,0,17,113,85,2,2,50,113,193,241,254,254,234,143,57,0,0,0,0,0,0,0,0,0,0,0,0,0,3,193,254,254,109,0,0,0,0,0,0,0,0,0,0,0,0,0,0,0,127,254,255,195,17,0,0,0,0,0,0,0,0,0,0,0,0,0,0,13,225,254,254,101,0,0,0,0,0,0,0,0,0,0,0,0,0,0,0,57,254,254,212,15,0,0,0,0,0,0,0,0,0,0,0,0,0,0,0,36,240,254,60,0,0,0,0,0,0,0,0,0,4
0,0,0,0,0,0,0,0,13,191,255,206,88,0,0,0,0,0,0,0,0,0,0,0,0,0,0,19,181,252,253,252,246,130,38,0,0,0,0,0,0,0,0,0,0,0,19,178,252,252,253,252,252,252,221,135,6,0,0,0,0,0,0,0,0,13,181,252,252,252,253,252,252,252,252,253,122,0,0,0,0,0,0,0,0,113,252,252,252,252,253,252,252,252,252,253,214,31,0,0,0,0,0,0,63,255,253,253,253,253,255,253,253,253,253,255,253,56,0,0,0,0,0,0,140,253,252,252,252,252,215,243,252,252,252,253,252,55,0,0,0,0,0,7,165,253,252,252,252,141,31,146,252,252,252,253,252,55,0,0,0,0,0,10,177,253,252,252,236,143,169,243,252,252,252,253,195,19,0,0,0,0,0,0,140,253,252,252,252,252,253,252,252,252,252,253,167,0,0,0,0,0,0,0,141,255,253,253,253,253,255,253,253,253,253,255,168,0,0,0,0,0,0,0,140,253,252,252,252,252,253,252,252,252,252,253,42,0,0,0,0,0,0,54,227,253,252,252,252,252,253,252,252,252,252,253,27,0,0,0,0,0,32,215,252,253,252,252,252,252,253,252,252,252,252,240,24,0,0,0,0,0,0,169,252,253,252,252,252,252,253,252,252,252,252,63,0,0,0,0,0,0,26,207,253,255,253,253,253,253,255,253,253,240,63,0,0,0,0,0,0,0,57,252,252,253,252,252,252,252,253,252,252,99,0,0,0,0,0,0,0,0,57,252,252,253,252,252,252,220,222,252,252,193,0,0,0,0,0,0,0,0,57,252,252,253,252,252,252,128,207,252,252,227,13,0,0,0,0,0,0,0,25,205,252,253,252,252,252,252,253,252,252,252,112,0,0,0,0,0,8
0,0,0,0,0,0,0,0,0,0,0,0,0,0,0,0,0,0,0,0,0,0,0,0,0,0,0,0,0,0,0,0,0,0,0,0,0,0,0,0,0,0,0,17,56,56,56,35,0,0,0,0,0,0,0,0,0,0,0,0,94,175,210,223,254,254,254,238,191,69,4,0,0,0,0,0,0,0,0,0,226,189,142,90,90,123,189,214,254,254,159,0,0,0,0,0,0,0,0,0,37,0,0,0,0,0,0,13,172,254,186,0,0,0,0,0,0,0,0,0,0,0,0,0,0,0,0,96,253,221,30,0,0,0,0,0,0,0,0,0,0,0,0,0,0,0,139,249,217,34,0,0,0,0,0,0,0,0,0,0,0,0,0,0,0,96,251,254,71,0,0,0,0,0,0,0,0,0,0,0,0,0,0,0,29,251,254,110,1,0,0,0,0,0,0,0,0,0,0,0,0,0,0,0,108,254,254,171,96,96,58,15,0,0,0,0,0,0,0,0,0,0,0,0,111,254,227,224,234,254,253,251,223,140,51,24,0,0,0,0,0,0,0,0,6,50,23,20,30,91,149,155,249,254,254,228,130,49,2,0,0,0,0,0,0,0,0,0,0,0,0,0,0,84,165,226,254,255,141,0,0,0,0,0,0,0,0,0,0,0,0,0,0,0,0,21,75,199,254,0,0,0,0,0,0,0,0,0,0,0,0,0,0,0,0,0,0,73,254,0,0,0,0,0,0,0,0,0,0,0,0,0,0,0,0,0,55,238,195,0,0,0,0,0,0,0,0,0,0,0,0,0,0,8,81,173,236,222,16,0,0,0,0,0,0,0,0,0,0,0,0,0,52,226,254,250,184,59,0,0,0,0,0,0,0,0,0,0,54,131,190,149,143,200,164,63,0,0,0,0,3
0,0,0,0,0,0,21,181,252,253,242,114,73,0,0,0,0,0,0,0,0,0,0,0,0,16,181,252,252,253,252,252,252,105,0,0,0,0,0,0,0,0,0,1,1,191,252,252,252,191,108,211,252,207,20,0,0,0,0,0,0,0,0,99,252,252,220,143,62,0,0,181,252,253,179,0,0,0,0,0,0,0,0,181,252,179,128,0,0,0,0,57,252,253,179,0,0,0,0,0,0,0,0,155,215,0,0,0,0,0,0,37,252,253,190,11,0,0,0,0,0,0,0,0,0,0,0,0,0,0,0,37,252,253,252,71,0,0,0,0,0,0,0,0,0,0,0,0,0,0,0,37,253,255,253,72,0,0,0,0,0,0,0,0,0,0,0,0,0,0,0,37,252,253,252,71,0,0,0,0,0,0,0,0,0,0,0,0,0,0,0,37,252,253,241,61,0,0,0,0,0,0,0,0,0,0,0,21,62,0,0,37,252,253,179,0,0,0,0,0,0,0,0,0,1,109,150,253,253,192,109,212,253,255,119,0,0,0,0,0,0,0,0,0,125,252,252,252,252,253,252,252,252,253,180,21,0,0,0,0,0,0,11,140,221,252,252,252,252,253,252,252,252,253,252,201,181,37,110,0,0,0,73,252,252,108,108,108,108,253,252,252,252,253,252,252,252,253,179,0,0,0,42,222,253,109,15,16,191,255,253,253,253,192,253,253,253,208,104,0,0,0,0,181,252,252,222,222,252,253,252,220,35,15,35,35,35,20,0,0,0,0,0,72,236,252,252,252,252,253,220,102,0,0,0,0,0,0,0,0,0,0,0,0,62,252,252,252,252,191,15,0,0,0,0,0,0,0,0,0,0,0,0,0,0,0,0,0,0,0,0,0,0,0,0,0,0,0,0,0,2
0,0,0,0,0,0,0,0,0,0,0,0,198,237,50,0,0,0,0,0,0,0,0,0,0,0,0,0,0,0,0,76,246,252,237,0,0,0,0,0,0,0,0,0,0,0,0,0,0,0,0,85,252,252,252,0,0,0,0,0,0,0,0,0,0,0,0,0,0,0,0,178,252,252,252,0,0,0,0,0,0,0,0,0,0,0,0,0,0,0,0,225,252,252,252,0,0,0,0,0,0,0,0,0,0,0,0,0,0,0,176,253,253,240,63,0,0,0,0,0,0,0,0,0,0,0,0,0,0,0,253,252,252,176,0,0,0,0,0,0,0,0,0,0,0,0,0,0,0,111,253,252,252,84,0,0,0,0,0,0,0,0,0,0,0,0,0,0,35,215,253,252,214,28,0,0,0,0,0,0,0,0,0,0,0,0,0,0,169,252,253,252,118,0,0,0,0,0,0,0,0,0,0,0,0,0,0,57,253,253,255,215,31,0,0,0,0,0,0,0,0,0,0,0,0,0,29,200,252,252,253,167,0,0,0,0,0,0,0,0,0,0,0,0,0,0,85,252,252,252,228,52,0,0,0,0,0,0,0,0,0,0,0,0,0,0,178,252,252,252,47,0,0,0,0,0,0,0,0,0,0,0,0,0,0,63,240,252,252,252,0,0,0,0,0,0,0,0,0,0,0,0,0,0,0,255,253,253,253,112,0,0,0,0,0,0,0,0,0,0,0,0,0,0,0,253,252,252,179,12,0,0,0,0,0,0,0,0,0,0,0,0,0,0,0,253,252,252,84,0,0,0,0,0,0,0,0,0,0,0,0,0,0,0,0,253,252,198,28,0,0,0,0,0,0,0,0,0,0,0,0,0,0,0,0,253,252,55,0,0,0,0,0,0,0,0,0,0,0,0,1
0,0,0,0,0,0,0,0,0,0,0,0,0,0,0,0,0,0,0,0,0,0,0,0,9,13,13,13,13,71,134,122,13,13,10,0,0,0,0,0,0,3,42,145,223,253,253,253,253,253,254,253,253,253,227,46,0,0,0,0,25,167,253,253,253,253,224,217,165,212,218,217,217,241,253,191,7,0,0,0,214,253,253,221,119,84,16,0,0,0,0,0,0,89,253,253,48,0,0,0,223,193,118,24,0,0,0,0,0,0,0,0,38,155,253,172,14,0,0,0,29,0,0,0,0,0,0,0,0,0,4,142,231,253,207,14,0,0,0,0,0,0,0,0,0,0,0,0,37,85,209,253,253,237,71,0,0,0,0,0,0,0,0,0,0,28,98,201,233,253,255,253,253,223,74,0,0,0,0,0,0,0,0,0,108,237,253,253,253,253,255,253,253,253,248,137,21,0,0,0,0,0,0,0,125,253,253,253,201,132,132,132,132,213,253,253,244,196,12,0,0,0,0,0,30,122,81,0,0,0,0,0,0,0,30,214,252,254,202,6,0,0,0,0,0,0,0,0,0,0,0,0,0,0,0,0,136,253,253,23,0,0,0,0,0,0,0,0,0,0,0,0,0,0,0,0,45,236,253,149,0,0,0,0,0,0,0,0,0,0,0,0,0,0,0,0,109,253,253,149,0,0,0,0,0,0,0,0,0,0,0,0,0,0,0,18,217,253,253,11,0,0,11,154,194,194,37,0,0,0,0,0,0,14,102,211,253,253,135,3,0,0,95,253,253,253,215,206,97,86,92,206,206,215,253,253,225,123,5,0,0,0,23,221,253,253,253,253,253,253,254,253,253,235,156,122,24,0,0,0,0,0,0,16,111,144,233,253,253,149,145,132,24,19,0,0,0,0,0,0,3
0,0,0,0,0,0,0,15,99,160,179,197,25,0,0,0,0,0,0,0,0,0,0,0,0,0,106,232,254,246,201,196,30,0,0,0,0,0,0,0,0,0,0,0,0,0,106,242,129,19,0,0,0,0,0,0,0,0,0,0,0,0,0,0,0,0,0,213,167,0,0,0,0,0,0,0,0,0,0,0,0,0,0,0,0,0,0,150,169,115,133,80,0,0,0,0,0,0,0,0,0,0,0,0,0,0,0,162,249,254,250,253,130,2,0,0,0,0,0,0,0,0,0,0,0,0,0,213,254,137,28,193,254,131,1,0,0,0,0,0,0,0,0,0,0,0,0,213,227,11,0,8,185,254,113,0,0,0,0,0,0,0,0,0,0,0,0,118,87,0,0,0,15,229,215,20,0,0,0,0,0,0,0,0,0,0,0,0,0,0,0,0,0,111,254,68,0,0,0,0,0,0,0,0,0,0,0,0,0,0,0,0,0,52,253,132,0,0,0,0,0,0,0,0,0,0,0,0,0,0,0,0,0,0,248,178,0,0,0,0,0,0,0,0,0,0,0,0,0,0,0,0,0,0,248,132,0,0,0,0,0,0,0,0,0,0,0,0,0,0,0,0,0,0,248,132,0,0,0,0,0,0,0,0,0,0,0,0,0,0,0,0,0,47,252,132,0,0,0,0,0,0,0,0,59,111,0,0,0,0,0,0,0,69,254,132,0,0,0,0,0,0,0,0,178,217,20,0,0,0,0,0,0,157,254,66,0,0,0,0,0,0,0,0,77,246,209,23,0,0,0,20,147,254,176,1,0,0,0,0,0,0,0,0,0,61,226,226,130,126,191,237,246,141,18,0,0,0,0,0,0,0,0,0,0,0,55,219,254,254,235,174,63,0,0,0,0,0,0,0,5
0,0,0,0,0,0,0,0,0,0,0,0,19,144,254,227,28,0,164,0,0,0,0,0,0,0,0,0,0,0,0,45,213,254,175,6,0,0,32,0,0,0,0,0,0,0,0,0,0,0,18,206,247,164,6,0,0,0,0,0,0,0,0,0,0,0,0,0,0,62,200,254,167,0,0,0,0,0,0,0,0,0,0,0,0,0,0,0,72,243,254,176,9,0,0,0,0,0,0,0,0,0,0,0,0,0,0,41,209,254,176,4,0,0,0,0,0,0,0,0,0,0,0,0,0,0,10,215,254,173,10,0,0,0,0,0,0,0,0,0,0,0,0,0,0,0,125,254,176,10,0,0,0,0,0,0,0,0,0,0,0,0,0,0,0,79,237,232,42,0,0,0,0,0,0,0,0,54,125,0,0,0,0,0,0,236,254,85,0,0,0,0,0,0,0,0,0,73,168,0,0,0,0,0,31,243,235,17,0,0,0,35,153,198,198,198,40,0,0,0,0,0,0,0,104,254,113,0,17,76,145,255,242,178,178,248,168,26,128,0,0,0,0,0,170,254,85,145,240,254,236,147,26,0,0,148,252,154,197,0,0,0,0,0,162,254,254,254,186,96,30,0,0,8,47,226,238,121,78,0,0,0,0,4,170,254,254,254,153,86,54,86,100,209,254,254,75,0,0,0,0,0,0,66,254,243,243,254,254,254,250,254,254,230,134,16,2,0,0,0,0,0,5,190,245,79,31,104,131,131,97,37,37,22,0,0,0,0,0,0,0,0,38,254,143,0,0,0,0,0,0,0,0,0,0,0,0,0,0,0,0,0,0,0,0,0,0,0,0,0,0,0,0,0,0,0,0,0,0,0,0,0,0,0,0,0,0,0,0,0,0,0,0,0,0,0,0,0,0,0,6
0,0,0,0,0,0,0,0,0,0,0,0,0,0,0,0,0,0,0,0,0,0,0,0,0,0,0,0,0,0,0,0,0,0,0,0,0,0,0,0,0,0,0,0,0,0,0,0,0,0,0,0,0,0,0,0,0,35,120,145,0,0,0,0,0,0,0,0,0,0,0,0,0,0,0,3,54,228,247,233,0,0,0,0,0,0,0,0,0,0,0,0,0,0,0,124,255,254,184,14,0,0,0,0,0,0,0,0,0,0,0,0,0,2,91,241,254,105,12,0,0,0,0,0,0,0,0,0,0,0,0,0,0,58,254,254,184,13,0,0,0,0,31,214,107,0,0,0,0,0,0,0,75,235,254,192,14,0,0,0,0,0,80,254,207,0,0,0,0,0,0,9,123,254,238,61,0,0,0,0,0,37,206,254,84,0,0,0,0,0,0,25,229,254,135,0,0,0,0,0,0,154,254,220,12,0,0,0,0,0,41,206,254,177,31,0,0,0,0,0,115,241,254,254,198,193,144,89,88,0,112,253,254,83,0,0,0,0,0,0,132,235,254,254,254,254,254,254,254,240,252,254,218,22,0,0,0,0,0,0,0,27,73,73,73,73,164,176,242,254,254,254,254,216,182,83,0,0,0,0,0,0,0,0,0,0,0,6,131,254,254,174,129,185,234,232,111,0,0,0,0,0,0,0,0,0,0,89,187,187,104,2,0,0,0,0,0,0,0,0,0,0,0,0,0,0,0,0,0,0,0,0,0,0,0,0,0,0,0,0,0,0,0,0,0,0,0,0,0,0,0,0,0,0,0,0,0,0,0,0,0,0,0,0,0,0,0,0,0,0,0,0,0,0,0,0,0,0,0,0,0,0,0,0,0,0,0,0,0,0,0,0,0,0,0,0,0,0,0,0,4
0,0,0,0,0,0,0,0,0,0,0,0,4,114,236,107,0,0,0,0,0,0,0,0,0,0,0,0,0,0,0,0,22,252,252,106,0,0,0,0,0,0,0,0,0,0,0,0,0,0,0,0,84,252,252,106,0,0,0,0,0,0,0,0,0,0,0,0,0,0,0,22,237,252,252,80,0,0,0,0,0,0,0,0,0,0,0,0,0,0,0,85,252,252,252,0,0,0,0,0,0,0,0,0,0,0,0,0,0,0,0,103,253,253,191,0,0,0,0,0,0,0,0,0,0,0,0,0,0,0,0,190,252,252,68,0,0,0,0,0,0,0,0,0,0,0,0,0,0,0,93,247,252,221,21,0,0,0,0,0,0,0,0,0,0,0,0,0,0,0,174,252,252,119,0,0,0,0,0,0,0,0,0,0,0,0,0,0,0,45,253,252,235,14,0,0,0,0,0,0,0,0,0,0,0,0,0,0,0,212,255,253,170,0,0,0,0,0,0,0,0,0,0,0,0,0,0,0,84,242,253,224,40,0,0,0,0,0,0,0,0,0,0,0,0,0,0,29,246,252,253,116,0,0,0,0,0,0,0,0,0,0,0,0,0,0,0,153,252,252,199,21,0,0,0,0,0,0,0,0,0,0,0,0,0,0,71,249,252,252,62,0,0,0,0,0,0,0,0,0,0,0,0,0,0,25,183,253,253,174,0,0,0,0,0,0,0,0,0,0,0,0,0,0,0,123,252,252,231,28,0,0,0,0,0,0,0,0,0,0,0,0,0,0,9,201,252,252,136,0,0,0,0,0,0,0,0,0,0,0,0,0,0,0,176,253,252,238,28,0,0,0,0,0,0,0,0,0,0,0,0,0,0,0,211,253,252,143,0,0,0,0,0,0,0,0,0,0,0,0,1
0,0,0,0,0,0,0,0,0,0,0,0,0,0,0,0,0,0,0,0,0,0,0,0,0,0,0,0,0,0,0,0,0,0,0,0,0,0,0,0,0,0,0,0,0,0,0,0,0,0,0,0,0,0,0,0,0,0,0,0,0,0,47,156,255,254,186,194,156,46,0,0,0,0,0,0,0,0,0,0,0,37,228,253,249,250,253,253,253,245,207,88,9,0,0,0,0,0,0,0,0,146,240,100,60,66,78,93,174,223,253,253,196,48,0,0,0,0,0,0,8,190,198,0,0,0,0,0,0,12,64,184,250,245,175,36,0,0,0,0,0,48,34,0,0,0,0,0,0,0,0,0,107,230,254,218,30,0,0,0,0,0,0,0,0,0,0,0,0,0,0,0,0,76,194,254,137,0,0,0,0,0,0,0,0,0,0,0,0,0,0,0,0,0,89,238,211,9,0,0,0,0,0,0,0,0,0,0,0,0,0,0,0,0,59,253,253,19,0,0,0,0,0,0,0,0,0,0,0,0,0,0,0,0,112,253,165,2,0,0,0,0,0,0,0,0,0,0,0,0,0,0,0,38,231,245,48,0,0,0,0,0,0,0,0,0,0,0,0,0,0,0,10,171,255,211,0,0,0,0,0,0,0,0,0,0,0,0,0,0,0,0,123,253,249,88,0,0,0,0,0,0,0,0,0,0,0,0,0,0,0,25,210,253,98,0,0,0,0,0,0,0,0,0,0,0,0,0,0,0,4,180,247,101,0,0,0,0,0,0,0,0,0,0,0,0,0,0,0,0,170,253,138,0,0,0,0,0,0,0,0,0,0,0,0,0,0,0,0,141,254,235,15,0,0,0,0,0,0,0,0,0,0,0,0,0,0,0,8,254,251,86,0,0,0,0,0,0,0,0,7
0,0,0,0,0,0,0,0,0,0,0,0,0,0,0,0,0,0,0,0,0,0,0,0,0,0,0,0,0,0,0,0,0,0,0,0,0,0,0,0,0,0,0,0,0,0,23,29,54,45,0,0,0,0,0,0,0,0,0,0,0,39,72,97,190,190,217,224,254,244,190,99,12,0,0,0,0,0,0,0,0,234,254,254,254,254,254,254,254,254,254,254,83,0,0,0,0,0,0,0,0,38,212,232,147,147,147,34,40,215,254,254,244,126,0,0,0,0,0,0,0,0,7,9,0,0,0,0,0,47,254,254,254,141,0,0,0,0,0,0,0,0,0,0,0,0,0,0,0,42,254,254,254,141,0,0,0,0,0,0,0,0,0,0,0,0,0,0,0,42,254,254,254,160,1,0,0,0,0,0,0,0,0,0,0,0,0,0,6,147,255,254,255,93,2,0,0,0,0,0,0,0,0,0,0,0,0,2,95,254,254,254,181,6,0,0,0,0,0,0,0,0,0,0,0,0,41,100,254,254,255,254,60,0,0,0,0,0,0,0,0,0,0,0,85,210,241,254,254,254,254,254,235,232,171,114,114,32,0,0,0,0,97,250,253,254,254,254,254,254,254,254,254,254,254,254,254,220,131,18,0,0,154,254,254,254,254,254,252,150,107,107,107,158,225,242,254,254,254,163,0,0,154,254,254,254,234,204,80,0,0,0,0,0,0,52,166,241,254,254,0,0,43,151,189,189,110,0,0,0,0,0,0,0,0,0,0,51,217,254,0,0,0,0,0,0,0,0,0,0,0,0,0,0,0,0,0,0,42,53,0,0,0,0,0,0,0,0,0,0,0,0,0,0,0,0,0,0,0,0,0,0,0,0,0,0,0,0,0,0,0,0,0,0,0,0,0,0,0,0,2
0,0,0,0,0,0,0,0,0,0,0,0,0,0,0,0,0,0,0,0,0,0,0,0,0,0,0,0,0,0,0,0,53,144,250,254,254,250,77,9,0,0,0,0,0,0,0,0,0,0,59,178,230,253,189,187,187,219,253,95,0,0,0,0,0,0,0,0,0,31,234,254,253,128,2,0,0,30,253,206,0,0,0,0,0,0,0,0,53,246,253,254,253,102,0,0,0,11,245,253,0,0,0,0,0,0,0,80,219,253,253,209,117,73,0,0,0,0,155,253,0,0,0,0,0,0,31,216,253,253,128,24,0,0,0,0,0,0,155,253,0,0,0,0,0,0,141,253,251,127,3,0,0,0,0,0,0,11,245,253,0,0,0,0,4,117,232,251,125,0,0,0,0,0,0,0,0,31,253,240,0,0,0,0,57,253,253,127,0,0,0,0,0,0,0,0,28,210,253,94,0,0,0,44,234,253,128,3,0,0,0,0,0,0,0,25,209,253,166,9,0,0,0,115,254,223,24,0,0,0,0,0,0,0,28,216,254,166,0,0,0,0,18,221,248,99,0,0,0,0,0,0,0,27,213,253,191,7,0,0,0,0,158,253,231,0,0,0,0,0,0,0,99,227,253,164,29,0,0,0,0,28,217,245,67,0,0,0,0,0,0,148,250,253,117,4,0,0,0,0,0,168,253,154,0,0,0,0,0,17,152,255,239,154,4,0,0,0,0,0,0,254,253,116,0,0,0,0,16,187,253,243,74,0,0,0,0,0,0,0,0,254,224,25,0,0,4,65,193,253,244,67,0,0,0,0,0,0,0,0,0,254,253,81,55,155,189,253,246,175,13,0,0,0,0,0,0,0,0,0,0,254,253,253,253,253,253,216,98,0,0,0,0,0,0,0,0,0,0,0,0
0,0,0,0,0,0,0,0,0,0,48,86,219,252,252,158,48,0,0,0,0,0,0,0,0,0,0,0,13,73,227,253,252,252,252,252,140,0,0,0,0,0,0,0,0,0,0,0,73,252,252,253,252,252,252,236,47,0,0,0,0,0,0,0,0,0,0,126,227,252,252,253,252,252,236,50,0,0,0,0,0,0,0,0,0,0,176,253,253,253,253,255,253,196,0,0,0,0,0,0,0,0,0,0,0,126,253,252,252,252,252,253,51,21,0,0,0,0,0,0,0,0,0,13,150,227,253,252,252,252,220,56,6,0,0,0,0,0,0,0,0,0,0,73,252,252,253,252,252,249,99,0,0,7,29,29,29,3,0,0,0,0,48,227,252,252,253,252,220,99,0,0,48,165,252,252,253,152,110,0,0,0,226,253,253,253,255,215,31,13,191,255,253,253,253,253,255,253,222,38,0,0,225,252,252,252,253,71,117,228,252,253,252,252,252,252,253,252,252,209,0,89,246,252,252,252,228,136,252,252,252,253,252,252,252,252,253,252,252,246,0,113,252,252,252,236,47,225,252,252,252,253,252,252,252,252,253,252,252,252,0,113,252,252,252,112,0,225,252,252,252,253,252,252,252,252,253,252,252,236,0,114,253,253,253,174,51,238,253,253,253,255,253,253,253,253,255,253,253,162,0,12,228,252,252,252,238,252,252,252,252,253,252,252,252,252,253,252,201,9,0,0,225,252,252,252,253,252,252,252,252,253,252,252,252,220,196,148,43,0,0,0,122,246,252,252,253,252,252,252,252,253,252,230,208,37,0,0,0,0,0,0,0,88,205,252,253,252,252,252,252,190,112,25,0,0,0,0,0,0,0,0,0,0,0,0,0,0,0,0,0,0,0,0,0,0,0,0,0,0,6
216,230,206,225,242,216,205,246,217,223,207,218,218,249,242,226,201,207,225,204,242,233,254,244,251,250,239,219,242,235,211,239,246,242,201,205,251,216,237,222,234,210,203,221,242,207,200,225,251,205,232,234,212,228,227,227,216,204,244,213,250,226,251,214,201,208,210,204,246,208,208,254,241,230,207,236,201,248,238,217,246,219,227,232,252,201,235,231,247,254,249,244,249,221,252,251,211,230,215,236,222,244,239,207,225,204,253,232,239,238,212,203,203,207,253,254,254,211,243,219,236,215,216,207,244,224,250,208,201,209,239,233,204,241,230,252,232,249,248,214,214,230,235,246,238,241,222,239,220,218,209,251,212,238,240,216,246,248,233,246,226,250,214,245,251,202,246,207,232,252,231,243,219,252,251,227,209,233,202,226,243,215,211,215,249,229,201,252,245,232,222,245,243,251,247,246,252,209,243,222,245,240,252,239,246,242,251,230,201,208,230,207,201,208,217,244,239,206,216,246,214,228,245,203,248,244,240,227,204,217,244,219,251,213,223,249,214,238,217,228,249,211,225,200,217,230,224,224,252,203,234,227,223,253,220,226,208,233,248,251,224,254,201,246,227,206,210,218,232,201,242,214,228,208,225,211,219,238,237,245,214,252,200,213,241,230,209,233,238,200,217,209,242,231,221,230,252,236,227,235,223,225,238,211,205,201,217,200,242,221,232,214,249,206,214,242,224,217,246,222,240,223,203,219,219,210,238,245,239,254,221,219,208,214,205,220,222,216,235,250,210,237,203,244,246,223,238,222,203,238,217,238,223,207,243,203,226,224,243,224,243,231,236,227,236,216,228,213,207,219,237,235,217,253,219,225,250,202,204,209,225,250,248,230,208,219,211,253,214,237,234,215,253,205,209,210,222,221,227,205,8
62,142,223,243,233,252,253,212,183,20,0,0,0,0,0,0,0,0,0,0,193,253,254,253,254,253,254,253,254,253,254,91,0,0,0,0,0,0,0,0,193,252,253,252,253,252,253,252,253,252,253,252,82,0,0,0,0,0,0,0,123,243,254,233,183,102,0,0,62,102,193,253,234,92,0,0,0,0,0,0,0,40,50,30,0,0,0,0,0,0,30,131,253,232,82,0,0,0,0,0,0,0,0,0,0,0,0,0,0,0,0,0,173,253,173,10,0,0,0,0,0,0,0,0,0,0,0,0,0,0,0,0,92,252,253,91,0,0,0,0,0,0,0,0,0,0,0,0,0,0,0,0,21,183,254,192,0,0,0,0,0,0,0,0,0,0,0,0,0,0,0,0,0,162,253,192,0,0,0,0,0,0,0,0,0,0,0,0,0,0,0,0,0,142,254,213,0,0,0,0,0,0,0,0,0,0,0,0,0,0,0,0,0,142,253,212,0,0,0,0,0,0,0,0,11,51,113,152,152,152,152,112,31,213,254,192,0,0,0,0,0,0,0,0,132,252,253,252,253,252,253,252,233,252,253,192,0,0,0,0,0,0,0,41,254,253,254,253,254,253,254,253,254,253,254,253,132,10,0,0,0,0,0,41,253,252,253,252,253,252,253,252,253,252,253,252,253,212,41,0,0,0,0,0,132,253,254,253,254,253,254,253,254,253,254,253,255,253,193,71,0,0,0,0,10,212,253,252,253,252,253,252,253,171,50,91,253,252,253,91,0,0,0,0,0,0,82,203,163,223,244,203,183,61,0,0,0,123,255,172,0,0,0,0,0,0,0,0,0,20,40,0,0,0,0,0,0,0,50,50,0,0,0,0,0,0,0,0,0,0,0,0,0,0,0,0,0,0,0,0,2
0,0,0,0,0,0,0,0,0,0,0,0,0,0,0,0,0,0,0,0,0,0,0,0,0,0,0,0,40,228,255,135,7,0,0,0,0,0,0,0,0,0,0,0,0,0,0,0,151,253,253,253,27,0,0,0,0,0,0,0,0,0,0,0,0,0,0,0,151,253,253,253,27,0,0,0,0,0,0,0,0,0,0,0,0,0,0,0,151,253,253,253,27,0,0,0,0,0,0,0,0,0,0,0,0,0,0,0,151,253,253,253,27,0,0,0,0,0,0,0,0,0,0,0,0,0,0,0,151,253,253,253,27,0,0,0,0,0,0,0,0,0,0,0,0,0,0,0,151,253,253,253,27,0,0,0,0,0,0,0,0,0,0,0,0,0,0,0,61,231,253,253,139,0,0,0,0,0,0,0,0,0,0,0,0,0,0,0,0,217,253,253,215,0,0,0,0,0,0,0,0,0,0,0,0,0,0,0,0,217,253,253,215,0,0,0,0,0,0,0,0,0,0,0,0,0,0,0,0,217,253,253,215,0,0,0,0,0,0,0,0,0,0,0,0,0,0,0,0,217,253,253,215,0,0,0,0,0,0,0,0,0,0,0,0,0,0,0,0,217,253,253,215,0,0,0,0,0,0,0,0,0,0,0,0,0,0,0,0,217,253,253,215,0,0,0,0,0,0,0,0,0,0,0,0,0,0,0,0,217,253,253,215,0,0,0,0,0,0,0,0,0,0,0,0,0,0,0,0,217,253,253,130,0,0,0,0,0,0,0,0,0,0,0,0,0,0,0,0,217,253,253,27,0,0,0,0,0,0,0,0,0,0,0,0,0,0,0,0,217,253,253,27,0,0,0,0,0,0,0,0,0,0,0,0,0,0,0,0,217,253,253,27,0,0,0,0,0,0,0,1
0,0,0,0,0,0,0,0,0,0,0,0,0,0,0,0,0,0,0,0,0,0,0,0,0,0,0,0,0,0,0,0,74,160,223,254,240,67,3,0,0,0,0,0,0,0,0,0,0,5,73,227,251,225,228,237,254,222,6,0,0,0,0,0,0,0,0,0,0,67,254,252,160,36,19,32,179,254,118,0,0,0,0,0,0,0,0,0,22,199,254,91,0,0,0,18,193,254,40,0,0,0,0,0,0,0,0,0,32,237,254,112,0,0,0,97,250,206,4,0,0,0,0,0,0,0,0,0,32,237,254,43,0,0,69,191,254,127,0,0,0,0,0,0,0,0,0,0,22,230,254,60,0,39,201,254,174,22,0,0,0,0,0,0,0,0,0,0,34,239,254,54,120,249,188,51,5,0,0,0,0,0,0,0,0,0,0,0,30,236,254,227,254,154,13,0,0,0,0,0,0,0,0,0,0,0,0,0,43,244,254,254,86,15,0,0,0,0,0,0,0,0,0,0,0,0,5,129,254,254,255,71,0,0,0,0,0,0,0,0,0,0,0,0,0,8,159,254,182,248,254,50,0,0,0,0,0,0,0,0,0,0,0,0,7,195,242,84,26,232,254,56,0,0,0,0,0,0,0,0,0,0,0,3,194,211,64,0,36,240,254,36,0,0,0,0,0,0,0,0,0,0,0,98,254,95,0,0,26,233,218,36,0,0,0,0,0,0,0,0,0,0,3,150,150,4,0,0,54,247,211,0,0,0,0,0,0,0,0,0,0,0,24,233,120,0,0,0,182,254,128,0,0,0,0,0,0,0,0,0,0,0,16,199,140,0,0,51,250,243,41,0,0,0,0,0,0,0,0,0,0,0,0,149,215,123,164,229,247,134,10,0,0,0,0,0,0,0,0,0,8
0,0,0,0,0,0,0,0,0,0,0,0,0,0,0,0,0,0,0,0,0,0,0,0,0,0,0,0,0,0,0,0,0,0,0,0,0,0,0,0,0,0,0,0,0,0,0,117,168,181,255,205,18,0,0,0,0,0,0,0,0,0,0,0,0,44,201,253,254,254,254,254,174,19,0,0,0,0,0,0,0,0,0,0,64,242,254,215,108,52,20,197,254,60,0,0,0,0,0,0,0,0,0,0,199,254,169,18,0,0,0,169,162,40,0,0,0,0,0,0,0,0,0,113,252,169,18,0,0,0,0,203,248,60,0,0,0,0,0,0,0,0,0,151,254,91,0,0,0,0,0,182,254,230,58,0,0,0,0,0,0,0,0,151,254,74,0,0,0,0,0,58,254,254,150,0,0,0,0,0,0,0,0,151,254,140,6,0,0,0,0,117,254,254,150,0,0,0,0,0,0,0,0,21,174,254,206,133,82,24,60,218,254,254,134,0,0,0,0,0,0,0,0,0,10,116,200,233,247,213,210,230,254,254,64,0,0,0,0,0,0,0,0,0,0,0,0,23,43,22,0,117,254,254,64,0,0,0,0,0,0,0,0,0,0,0,0,0,0,0,0,187,254,254,64,0,0,0,0,0,0,0,0,0,0,0,0,0,0,0,0,203,254,236,13,0,0,0,0,0,0,0,0,0,0,0,0,0,0,0,0,203,254,223,0,0,0,0,0,0,0,0,0,0,0,0,0,0,0,0,0,203,254,146,0,0,0,0,0,0,0,0,0,0,0,0,0,0,0,0,15,223,254,146,0,0,0,0,0,0,0,0,0,0,0,0,0,0,0,0,39,254,254,146,0,0,0,0,0,0,0,0,0,0,0,0,0,0,0,0,60,254,254,114,0,0,0,0,0,0,9
0,0,0,0,0,0,0,12,96,234,253,255,233,48,0,0,0,0,0,0,0,0,0,0,0,20,32,158,251,251,251,253,251,220,142,0,0,0,0,0,0,0,0,0,0,158,253,251,251,251,251,253,251,251,188,0,0,0,0,0,0,0,0,0,56,240,253,251,251,235,188,189,236,251,244,221,0,0,0,0,0,0,0,0,162,251,253,251,251,89,0,0,91,251,251,251,100,0,0,0,0,0,0,0,223,253,255,253,253,31,0,0,32,253,253,253,159,0,0,0,0,0,0,0,221,251,253,227,220,27,0,0,32,251,251,251,158,0,0,0,0,0,0,64,236,251,253,62,0,0,0,0,32,251,251,251,158,0,0,0,0,0,0,127,251,251,253,110,64,64,64,64,186,251,251,251,158,0,0,0,0,0,0,127,251,251,253,251,251,251,251,253,251,251,251,251,158,0,0,0,0,0,0,0,163,253,255,253,253,253,253,255,253,253,253,253,195,24,0,0,0,0,0,16,186,251,253,251,251,251,251,253,247,236,251,251,253,82,0,0,0,0,0,127,251,251,253,251,251,251,251,253,220,63,156,251,253,220,0,0,0,0,8,158,251,251,253,204,188,188,228,253,180,0,64,251,253,248,111,0,0,0,32,251,251,251,253,62,0,0,59,95,23,0,64,251,253,251,126,0,0,0,20,206,253,253,255,133,48,0,0,0,0,0,124,253,255,253,126,0,0,0,0,127,251,251,253,251,220,190,190,191,190,190,244,251,253,247,110,0,0,0,0,127,251,251,253,251,251,251,251,253,251,251,251,251,253,140,0,0,0,0,0,16,70,228,253,251,251,251,251,253,251,251,251,211,129,8,0,0,0,0,0,0,0,59,95,114,251,251,251,253,132,94,94,35,0,0,0,0,8
0,0,0,0,0,0,14,107,226,255,254,254,149,37,0,0,0,0,0,0,0,0,0,0,23,126,224,254,254,254,254,254,254,233,10,0,0,0,0,0,0,0,0,43,219,254,254,254,189,127,162,190,254,254,156,0,0,0,0,0,0,0,56,249,254,254,254,82,2,0,0,77,254,254,181,0,0,0,0,0,0,0,92,254,254,236,117,7,0,0,0,77,254,254,181,0,0,0,0,0,0,0,26,165,158,20,0,0,0,0,0,77,254,254,181,0,0,0,0,0,0,0,0,0,0,0,0,0,0,0,0,98,254,254,181,0,0,0,0,0,0,0,0,0,0,0,0,0,0,0,2,179,254,254,102,0,0,0,0,0,0,0,0,0,0,0,0,0,0,0,46,254,254,247,26,0,0,0,0,0,0,0,0,0,0,0,0,0,0,0,111,254,254,226,0,0,0,0,0,0,0,0,0,0,0,0,0,0,0,3,191,254,251,104,0,0,0,0,0,0,0,0,0,0,0,0,0,0,0,114,254,254,210,0,0,0,0,0,0,0,0,0,0,0,0,0,0,0,0,197,254,254,157,0,0,0,0,0,0,0,0,0,0,0,0,0,0,0,106,251,254,221,31,0,0,0,0,0,0,0,0,0,0,0,0,0,0,41,228,254,254,114,0,0,0,0,0,0,0,0,0,0,0,0,0,0,58,225,254,254,254,238,230,230,167,121,24,0,0,0,0,0,0,0,12,133,252,254,254,254,254,254,254,254,254,254,229,36,0,0,0,0,0,38,206,254,254,254,254,254,224,207,203,228,254,254,254,91,0,0,0,0,0,58,254,254,254,218,125,34,16,9,7,18,28,129,145,45,0,0,0,0,0,36,239,254,177,11,0,0,0,0,0,0,0,0,0,0,0,0,2
0,0,0,0,0,0,0,0,0,0,0,0,0,0,0,0,0,0,0,0,0,0,0,0,0,0,0,0,0,0,0,0,0,0,0,0,0,0,0,0,0,0,0,0,0,0,0,0,0,0,0,0,0,0,69,41,0,0,0,0,0,0,0,0,0,0,0,0,0,0,0,0,0,160,252,160,0,0,0,0,0,0,0,0,0,0,0,0,0,0,0,0,37,242,253,110,0,0,0,0,0,51,53,71,110,68,53,53,53,53,81,110,228,253,180,20,0,0,0,0,189,252,253,253,253,253,253,253,253,253,254,225,250,253,46,0,0,0,0,0,188,218,218,200,130,130,160,197,184,130,44,17,236,253,35,0,0,0,0,0,0,0,0,0,0,0,0,0,0,0,0,56,249,253,35,0,0,0,0,0,0,0,0,0,0,0,0,0,0,0,0,107,253,231,20,0,0,0,0,0,0,0,0,0,0,0,0,0,0,0,0,160,253,104,0,0,0,0,0,0,0,0,0,0,0,43,128,109,88,88,88,248,253,105,58,15,40,88,88,118,0,0,0,0,0,124,254,254,254,254,255,254,254,254,254,254,254,254,193,27,0,0,0,0,0,16,105,183,185,253,254,253,253,238,183,183,114,60,3,0,0,0,0,0,0,0,0,0,1,17,17,245,253,37,0,0,0,0,0,0,0,0,0,0,0,0,0,0,0,0,0,245,253,26,0,0,0,0,0,0,0,0,0,0,0,0,0,0,0,0,0,245,200,4,0,0,0,0,0,0,0,0,0,0,0,0,0,0,0,0,0,245,179,0,0,0,0,0,0,0,0,0,0,0,0,0,0,0,0,0,36,248,96,0,0,0,0,0,0,0,0,0,0,0,0,0,0,0,0,0,85,248,16,0,0,0,0,0,0,0,7
0,0,0,0,0,0,0,0,0,0,0,0,0,0,0,29,227,254,153,0,0,0,0,0,0,0,0,0,0,0,0,0,0,0,0,48,254,254,153,0,0,0,0,0,0,0,0,0,0,0,0,0,0,0,0,82,254,254,65,0,0,0,0,0,0,0,0,0,0,0,0,0,0,0,11,197,254,186,7,0,0,0,0,0,0,46,105,0,0,0,0,0,0,0,30,254,254,171,0,0,0,0,0,0,0,165,254,108,0,0,0,0,0,0,143,254,254,58,0,0,0,0,0,0,51,242,251,50,0,0,0,0,0,13,158,254,248,48,0,0,0,0,0,12,172,254,99,0,0,0,0,0,0,206,254,254,189,0,0,0,0,0,0,155,254,229,9,0,0,0,0,0,0,250,255,254,106,0,0,0,0,0,78,240,254,147,0,0,0,0,0,0,0,250,254,218,17,0,0,0,0,14,203,254,221,37,0,0,0,0,0,0,0,250,254,207,0,0,0,0,0,36,254,254,113,0,0,0,0,0,0,0,0,250,254,99,0,0,0,0,0,97,254,218,23,0,0,0,0,0,0,0,0,250,254,89,0,0,0,0,11,213,254,114,0,0,0,0,0,0,0,0,0,250,251,78,0,0,0,0,18,254,254,100,26,76,166,166,166,166,166,123,156,253,244,58,0,0,0,0,14,229,254,254,222,222,254,254,254,254,254,254,254,254,254,89,0,0,0,0,0,49,171,233,254,219,171,171,171,89,53,53,53,251,254,89,0,0,0,0,0,0,0,26,35,21,0,0,0,0,0,0,0,147,254,89,0,0,0,0,0,0,0,0,0,0,0,0,0,0,0,0,0,76,171,6,0,0,0,0,0,0,0,0,0,0,0,0,0,0,0,0,0,0,0,0,0,0,0,0,4
0,0,0,0,0,0,0,0,0,0,0,0,0,0,0,0,0,0,0,0,0,0,0,0,0,0,0,0,0,0,0,0,0,0,0,0,0,0,0,0,0,0,0,0,0,0,0,53,73,73,10,0,0,0,0,0,0,0,0,0,0,0,0,0,0,16,161,232,252,253,190,181,181,182,181,160,37,21,0,0,0,0,0,1,1,191,252,252,252,253,252,252,252,253,252,252,252,207,20,1,0,0,0,37,252,252,252,252,252,253,252,252,252,253,252,252,252,253,252,133,0,0,0,78,252,252,252,252,252,180,200,252,252,253,252,252,252,253,252,247,0,0,11,191,252,252,252,205,71,0,21,71,71,133,215,241,252,253,252,252,0,0,155,252,252,252,252,71,0,0,0,0,0,0,0,98,252,253,252,252,0,47,233,253,253,253,222,41,0,0,0,0,0,0,0,37,253,255,253,253,0,109,252,252,252,252,55,0,0,0,0,0,0,0,0,37,252,253,252,252,0,212,252,252,252,174,10,0,0,0,0,0,0,0,0,37,252,253,252,252,0,253,252,252,252,143,0,0,0,0,0,0,0,0,0,120,252,253,252,252,0,192,253,253,253,144,0,0,0,0,32,109,109,110,233,253,253,255,253,237,0,109,252,252,252,237,217,134,134,218,227,252,252,253,252,252,252,253,231,71,0,31,227,252,252,252,252,252,252,253,252,252,252,253,252,252,252,154,51,0,0,0,217,252,252,252,252,252,252,253,252,252,252,253,252,231,108,0,0,0,0,0,0,120,253,253,253,253,253,255,253,253,253,208,20,0,0,0,0,0,0,0,0,5,35,98,179,179,179,180,179,158,35,20,0,0,0,0,0,0,0,0,0,0,0,0,0,0,0,0,0,0,0,0,0,0,0,0,0,0,0
0,0,0,0,0,0,0,0,0,0,46,245,253,253,243,107,0,0,0,0,0,0,0,0,0,0,0,0,0,25,215,253,213,100,0,0,0,0,0,0,0,0,0,0,0,0,0,0,0,103,253,241,13,0,0,0,0,0,0,0,0,0,0,0,0,0,0,0,12,212,253,120,0,0,0,0,0,0,0,0,0,0,0,0,0,0,0,11,183,253,208,5,0,0,0,0,0,0,0,0,0,0,0,0,0,0,0,157,253,253,98,0,0,0,0,0,0,0,0,0,0,0,0,0,0,0,84,250,253,164,1,0,0,0,0,0,0,0,0,0,0,0,0,0,0,0,167,253,253,122,0,0,0,0,0,0,0,0,0,0,0,0,0,0,0,0,229,253,214,1,50,52,149,144,17,0,0,0,0,0,0,0,0,0,0,0,229,253,151,181,253,253,253,253,221,67,0,0,0,0,0,0,0,0,0,0,229,253,253,253,253,253,239,221,253,244,71,0,0,0,0,0,0,0,0,34,240,253,251,201,120,39,30,24,215,253,173,0,0,0,0,0,0,0,14,194,253,253,147,0,0,0,0,0,142,253,227,13,0,0,0,0,0,0,70,253,253,253,163,0,0,0,0,0,120,254,246,18,0,0,0,0,0,0,120,200,96,253,242,74,0,0,0,5,196,253,173,0,0,0,0,0,0,0,121,87,66,244,253,209,30,15,59,220,253,250,72,0,0,0,0,0,0,0,31,20,0,149,253,253,241,216,253,253,253,119,0,0,0,0,0,0,0,0,0,0,0,4,120,243,253,253,253,233,115,2,0,0,0,0,0,0,0,0,0,0,0,0,0,79,153,232,153,45,0,0,0,0,0,0,0,0,0,0,0,0,0,0,0,0,0,0,0,0,0,0,0,0,0,0,6
0,0,0,0,0,0,0,0,0,0,0,0,0,0,0,0,0,0,0,0,0,0,0,0,0,0,0,0,0,0,0,0,0,0,0,0,0,0,0,0,0,0,0,0,0,0,0,0,0,0,0,0,0,0,0,0,0,0,0,0,0,0,0,0,130,253,253,168,128,253,255,253,253,253,186,0,0,0,0,0,0,0,0,0,200,252,252,252,252,252,253,252,252,252,249,63,0,0,0,0,0,0,0,0,200,252,252,252,252,252,209,198,252,252,252,66,0,0,0,0,0,0,0,0,129,252,252,187,39,39,21,17,230,252,195,11,0,0,0,0,0,0,0,0,77,235,252,93,0,0,0,0,226,252,80,0,0,0,0,0,0,0,0,0,0,186,252,93,0,0,0,80,245,252,53,0,0,0,0,0,0,0,0,0,0,165,252,93,0,0,0,198,252,209,25,0,0,0,0,0,0,0,0,0,0,48,204,34,0,0,13,241,252,243,47,0,0,0,0,0,0,0,0,0,0,0,0,0,0,0,121,252,252,172,0,0,0,0,0,0,0,0,0,0,0,0,0,0,0,0,121,252,252,172,0,0,0,0,0,0,0,0,0,0,0,0,0,0,0,0,121,253,253,173,0,0,0,0,0,0,0,0,0,0,0,0,0,0,0,0,121,252,252,172,0,0,0,0,0,0,0,0,0,0,0,0,0,0,0,0,121,252,252,172,0,0,0,0,0,0,0,0,0,0,0,0,0,0,0,0,121,252,252,172,0,0,0,0,0,0,0,0,0,0,0,0,0,0,0,0,121,252,252,172,0,0,0,0,0,0,0,0,0,0,0,0,0,0,0,0,121,252,252,172,0,0,0,0,0,0,0,0,0,0,0,0,0,0,0,0,121,252,252,172,0,0,0,0,0,0,7
0,0,0,0,0,0,0,0,0,0,0,0,0,0,0,0,0,0,0,0,0,0,0,0,0,0,0,0,0,0,0,0,0,0,0,0,0,0,0,0,0,0,0,4,29,117,241,255,253,165,191,141,141,104,29,0,0,0,0,0,0,0,0,54,252,252,252,253,252,252,252,253,252,252,252,101,0,0,0,0,0,0,89,229,252,186,118,119,93,56,56,69,168,234,252,225,0,0,0,0,0,0,163,241,65,6,0,0,0,0,0,0,101,246,252,225,0,0,0,0,0,48,229,51,0,0,0,0,0,0,63,204,253,253,241,51,0,0,0,0,0,28,47,0,0,0,0,0,38,95,206,253,252,170,47,0,0,0,0,0,0,0,0,0,0,0,38,147,234,252,252,206,93,13,0,0,0,0,0,0,0,0,0,0,0,89,225,253,252,252,102,13,0,0,0,0,0,0,0,0,0,0,0,0,57,253,253,254,253,216,141,129,29,19,0,0,0,0,0,0,0,0,0,0,44,240,252,253,252,252,252,253,252,224,119,26,0,0,0,0,0,0,0,0,0,44,106,168,168,168,168,178,252,252,252,200,0,0,0,0,0,0,0,0,0,0,0,0,0,0,0,4,28,116,240,250,75,0,0,0,0,0,0,0,0,0,0,0,0,0,0,0,7,154,253,251,75,0,0,0,0,0,0,0,0,0,0,0,0,0,0,19,187,252,252,200,0,0,0,0,0,0,0,0,0,0,0,0,0,0,38,204,252,252,214,25,0,0,0,0,0,0,0,0,0,0,0,0,0,89,225,253,252,164,28,0,0,0,0,0,0,0,0,0,0,0,13,92,216,253,253,251,125,0,0,0,0,0,0,0,0,0,0,0,13,57,194,253,252,252,202,75,0,0,0,0,0,0,0,0,3
0,0,0,0,0,0,0,0,0,0,0,0,0,0,0,0,0,0,0,0,0,0,0,0,0,0,0,0,0,0,0,0,0,0,0,0,0,0,0,0,0,0,0,0,0,0,0,0,0,0,0,0,0,0,0,0,0,0,0,0,0,0,0,16,191,253,253,72,0,0,0,0,0,110,109,212,253,63,0,0,0,0,0,37,252,252,252,227,217,218,217,217,217,253,252,252,252,238,30,0,0,0,0,32,236,252,252,252,252,253,252,252,252,253,252,252,252,253,35,0,0,0,0,0,144,252,252,252,252,253,252,252,252,253,252,252,252,253,35,0,0,0,0,0,0,0,124,159,189,144,143,123,0,62,237,252,252,83,0,0,0,0,0,0,0,0,0,5,15,0,0,0,0,73,227,252,210,0,0,0,0,0,0,0,0,0,0,0,0,0,0,6,120,253,252,246,92,0,0,0,0,0,0,0,0,0,0,0,0,0,0,120,252,253,252,132,0,0,0,0,0,0,0,0,0,0,0,0,0,0,32,212,253,255,180,0,0,0,0,0,0,0,0,0,0,0,0,0,0,94,227,252,252,253,55,0,0,0,0,0,0,0,0,0,0,0,0,0,0,212,252,252,252,154,10,0,0,0,0,0,0,0,0,0,0,0,0,21,144,253,252,252,252,0,0,0,0,0,0,0,0,0,0,0,0,0,0,99,253,255,253,237,62,0,0,0,0,0,0,0,0,0,0,0,0,0,21,201,252,253,231,71,0,0,0,0,0,0,0,0,0,0,0,0,0,0,176,252,252,237,71,0,0,0,0,0,0,0,0,0,0,0,0,0,0,0,217,252,252,144,0,0,0,0,0,0,0,0,0,0,0,0,0,0,0,110,253,253,253,192,15,0,0,0,0,0,0,0,0,0,7
0,0,0,0,0,0,0,0,0,0,0,0,0,0,0,0,0,0,0,0,0,0,0,0,0,0,0,0,0,0,0,0,0,0,0,0,0,27,159,42,0,0,0,0,0,0,0,0,0,52,55,0,0,0,0,0,0,113,254,238,0,0,0,0,0,0,0,20,100,235,217,35,0,0,0,0,64,240,254,254,0,0,0,0,0,0,20,208,254,254,254,48,0,0,0,94,253,254,254,212,0,0,0,0,0,0,97,254,254,254,222,25,0,0,18,242,254,254,254,116,0,0,0,0,0,84,234,254,254,194,73,0,0,65,213,254,254,253,106,8,0,0,0,20,206,253,254,254,196,3,0,0,103,244,254,254,246,89,0,0,0,0,3,140,254,254,254,230,24,0,0,14,210,254,254,254,165,0,0,0,0,0,128,254,254,254,227,64,0,0,16,157,254,254,254,200,16,0,0,0,0,242,253,254,254,254,217,144,109,144,238,254,254,254,254,246,226,181,70,0,0,213,254,254,254,254,254,254,254,254,254,254,254,254,254,254,254,254,242,107,0,188,254,254,254,254,254,254,254,254,254,254,254,254,254,254,254,254,234,183,0,79,151,115,115,115,115,250,254,254,254,214,50,19,19,19,19,21,48,7,0,0,0,0,0,0,4,246,254,254,253,119,0,0,0,0,0,0,0,0,0,0,0,0,0,44,198,254,254,254,151,0,0,0,0,0,0,0,0,0,0,0,0,0,24,177,254,254,254,196,7,0,0,0,0,0,0,0,0,0,0,0,0,0,80,254,254,254,247,46,0,0,0,0,0,0,0,0,0,0,0,0,0,0,21,194,254,240,101,0,0,0,0,0,0,0,0,0,0,0,0,0,0,0,22,218,243,66,0,0,0,0,0,0,0,0,0,0,0,0,4
0,0,0,0,0,0,0,0,0,0,0,0,0,0,0,0,0,0,0,0,0,0,0,0,0,0,0,0,0,0,0,0,0,0,0,0,0,0,0,0,0,0,0,0,0,0,0,0,0,0,0,12,63,63,5,0,0,0,0,0,0,0,0,0,0,0,0,10,123,126,193,228,254,254,224,218,62,25,0,0,0,0,0,0,0,0,124,211,254,254,254,254,254,254,254,254,254,244,148,0,0,0,0,0,56,213,254,254,254,254,254,109,59,34,101,177,235,254,254,112,0,0,0,0,174,254,254,246,137,98,104,2,0,0,0,0,53,189,254,245,0,0,0,0,188,254,254,135,0,0,0,0,0,0,0,0,0,72,254,254,0,0,0,0,42,252,254,215,26,0,0,0,0,0,0,0,63,205,254,254,0,0,0,0,35,245,254,254,77,0,0,0,2,86,132,212,240,254,216,114,0,0,0,0,0,124,254,254,201,0,27,83,165,254,254,254,254,211,97,0,0,0,0,0,0,47,247,254,211,100,245,254,254,254,212,111,83,7,0,0,0,0,0,0,0,0,175,254,254,254,254,254,237,115,22,0,0,0,0,0,0,0,0,0,0,0,85,254,254,254,230,159,16,0,0,0,0,0,0,0,0,0,0,0,0,0,48,254,254,254,187,6,0,0,0,0,0,0,0,0,0,0,0,2,82,128,227,254,254,166,16,0,0,0,0,0,0,0,0,0,0,0,18,166,254,254,254,254,254,235,0,0,0,0,0,0,0,0,0,0,0,0,150,254,254,254,254,254,254,184,0,0,0,0,0,0,0,0,0,0,0,0,157,254,254,254,254,254,253,100,0,0,0,0,0,0,0,0,0,0,0,0,63,254,254,254,254,254,150,0,0,0,0,0,0,0,0,0,0,0,8
0,0,0,0,0,0,0,0,0,0,0,0,0,0,0,0,0,0,0,0,0,0,0,0,0,0,0,0,0,0,0,0,0,0,0,0,0,0,0,0,0,0,0,0,0,0,0,0,0,0,65,175,235,190,86,1,0,0,0,0,0,0,0,0,0,0,0,0,31,156,250,255,240,228,254,170,10,0,0,0,0,0,0,0,0,0,0,31,191,254,239,123,27,9,92,231,187,12,0,0,0,0,0,0,0,0,4,172,254,238,56,0,0,0,0,45,211,48,0,0,0,0,0,0,0,0,116,254,239,56,0,0,0,0,0,0,5,0,0,0,0,0,0,0,0,55,230,238,55,0,0,0,0,23,145,170,5,0,0,0,0,0,0,0,8,176,238,56,0,0,0,2,67,208,254,254,30,0,0,0,0,0,0,0,64,254,144,0,0,0,30,185,254,254,254,254,15,0,0,0,0,0,0,0,64,254,100,0,32,109,237,254,206,165,246,254,0,0,0,0,0,0,0,0,24,244,219,219,246,254,229,91,4,70,252,254,0,0,0,0,0,0,0,0,0,75,245,254,242,149,5,0,17,225,254,91,0,0,0,0,0,0,0,0,0,0,24,63,12,0,0,2,179,254,216,9,0,0,0,0,0,0,0,0,0,0,0,0,0,0,0,121,254,254,46,0,0,0,0,0,0,0,0,0,0,0,0,0,0,0,90,245,254,147,4,0,0,0,0,0,0,0,0,0,0,0,0,0,0,65,218,254,184,18,0,0,0,0,0,0,0,0,0,0,0,0,0,0,23,210,254,154,0,0,0,0,0,0,0,0,0,0,0,0,0,0,0,14,143,254,169,20,0,0,0,0,0,0,0,0,0,0,0,0,0,0,18,163,254,242,92,0,0,0,0,0,0,0,0,0,9
0,0,0,0,0,0,0,0,0,0,0,0,0,0,0,0,0,0,0,0,0,0,0,0,0,0,0,7,210,66,0,0,0,0,0,0,0,0,0,0,0,0,0,0,0,0,0,89,252,95,0,0,0,0,0,0,0,0,0,0,0,0,0,0,0,0,0,213,252,175,0,0,0,0,0,0,0,0,0,0,0,0,0,0,0,0,47,242,252,70,0,0,0,0,2,18,0,0,0,0,0,0,0,0,0,0,160,252,243,51,0,0,0,0,119,233,36,0,0,0,0,0,0,0,0,20,217,252,170,0,0,0,0,79,250,233,36,0,0,0,0,0,0,0,0,56,252,252,99,0,0,0,3,154,252,197,0,0,0,0,0,0,0,0,0,56,252,250,82,0,0,0,133,252,252,197,0,0,0,0,0,0,0,0,0,56,252,241,0,0,0,93,233,252,252,116,0,0,0,0,0,0,0,0,0,56,252,246,111,111,206,253,252,252,233,12,0,0,0,0,0,0,0,0,0,49,246,253,253,253,253,255,253,253,231,0,0,0,0,0,0,0,0,0,0,0,99,247,252,252,194,77,199,252,153,0,0,0,0,0,0,0,0,0,0,0,0,40,44,44,6,28,239,252,77,0,0,0,0,0,0,0,0,0,0,0,0,0,0,0,0,91,252,200,5,0,0,0,0,0,0,0,0,0,0,0,0,0,0,0,0,215,252,153,0,0,0,0,0,0,0,0,0,0,0,0,0,0,0,0,0,253,252,115,0,0,0,0,0,0,0,0,0,0,0,0,0,0,0,0,0,253,252,44,0,0,0,0,0,0,0,0,0,0,0,0,0,0,0,0,0,253,252,80,2,0,0,0,0,0,0,0,0,0,0,0,0,0,0,0,0,138,252,252,190,113,0,0,0,0,4
0,0,0,0,0,0,0,0,0,0,0,191,255,255,191,64,0,0,0,0,0,0,0,0,0,0,0,0,0,0,191,255,255,191,255,191,0,0,0,0,0,0,0,0,0,0,0,0,0,191,255,191,0,64,255,255,0,0,0,0,0,0,0,0,0,0,0,0,191,255,191,0,0,0,128,255,0,0,0,0,0,0,0,0,0,0,0,128,255,255,0,0,0,0,128,255,0,0,0,0,0,0,0,0,0,0,64,255,255,64,0,0,0,0,128,255,0,0,0,0,0,0,0,0,0,0,191,255,128,0,0,0,0,0,128,255,128,0,0,0,0,0,0,0,0,128,255,191,0,0,0,0,0,0,0,255,128,0,0,0,0,0,0,0,0,255,255,64,0,0,0,0,0,0,0,255,128,0,0,0,0,0,0,0,128,255,191,0,0,0,0,0,0,0,0,191,255,0,0,0,0,0,0,0,255,255,0,0,0,0,0,0,0,0,0,255,255,0,0,0,0,0,0,0,255,191,0,0,0,0,0,0,0,0,0,191,191,0,0,0,0,0,0,0,255,255,0,0,0,0,0,0,0,0,0,191,191,0,0,0,0,0,0,128,255,128,0,0,0,0,0,0,0,0,0,255,128,0,0,0,0,0,0,255,255,64,0,0,0,0,0,0,0,0,0,255,128,0,0,0,0,0,0,191,255,128,0,0,0,0,0,0,0,0,191,255,64,0,0,0,0,0,0,128,255,128,0,0,0,0,0,0,0,128,255,64,0,0,0,0,0,0,0,0,255,255,64,0,0,0,0,0,191,255,128,0,0,0,0,0,0,0,0,0,128,255,255,255,191,255,255,255,255,64,0,0,0,0,0,0,0,0,0,0,0,64,255,255,255,255,255,191,64,0,0,0,0,0,0,0,0
0,0,0,0,0,0,0,0,0,0,0,194,204,8,0,0,0,0,0,0,0,0,0,0,0,0,0,0,0,0,28,244,254,48,0,0,0,0,0,0,0,0,0,0,0,0,0,0,0,0,95,254,254,48,0,0,0,0,0,0,0,0,0,0,0,0,0,0,0,0,201,254,244,40,0,0,0,0,0,0,0,0,0,0,0,0,0,0,0,0,201,254,195,0,0,0,0,0,0,0,0,0,0,0,0,0,0,0,0,0,201,254,195,0,0,0,0,0,0,0,0,0,0,0,0,0,0,0,0,34,234,254,195,0,0,0,0,0,0,0,0,0,0,0,0,0,0,0,0,55,254,254,195,0,0,0,0,0,0,0,0,0,0,0,0,0,0,0,9,199,254,254,141,0,0,0,0,0,0,0,0,0,0,0,0,0,0,0,17,254,254,254,87,0,0,0,0,0,0,0,0,0,0,0,0,0,0,0,17,254,254,237,19,0,0,0,0,0,0,0,0,0,0,0,0,0,0,0,17,254,254,177,0,0,0,0,0,0,0,0,0,0,0,0,0,0,0,0,42,254,254,125,0,0,0,0,0,0,0,0,0,0,0,0,0,0,0,0,126,254,254,125,0,0,0,0,0,0,0,0,0,0,0,0,0,0,0,0,183,254,254,113,0,0,0,0,0,0,0,0,0,0,0,0,0,0,0,60,248,255,254,16,0,0,0,0,0,0,0,0,0,0,0,0,0,0,0,88,254,254,133,3,0,0,0,0,0,0,0,0,0,0,0,0,0,0,0,102,254,254,54,0,0,0,0,0,0,0,0,0,0,0,0,0,0,0,14,212,254,239,39,0,0,0,0,0,0,0,0,0,0,0,0,0,0,0,29,229,248,115,0,0,0,0,0,0,0,0,0,0,1
0,0,0,0,0,0,0,0,0,0,122,121,170,141,121,121,38,0,0,0,0,0,0,0,0,0,0,0,63,178,254,253,253,253,253,253,245,145,0,0,0,0,0,0,0,0,0,74,242,253,254,164,159,47,156,253,253,250,145,0,0,0,0,0,0,0,35,239,253,253,40,2,0,0,11,85,253,253,251,102,0,0,0,0,0,0,76,253,253,147,0,0,0,0,0,12,190,253,253,120,0,0,0,0,0,40,191,253,215,31,0,0,0,0,0,0,146,253,253,120,0,0,0,0,11,198,253,249,90,0,0,0,0,0,0,0,41,253,253,120,0,0,0,9,157,253,249,131,0,0,0,0,0,0,0,0,126,253,253,120,0,0,0,88,253,253,213,0,0,0,0,0,0,0,0,0,174,253,252,114,0,0,50,235,253,253,142,0,0,0,0,0,0,0,0,29,216,253,240,0,0,0,229,254,254,201,0,0,0,0,0,0,0,0,0,118,255,242,57,0,0,0,228,253,253,73,0,0,0,0,0,0,0,0,64,250,253,226,0,0,0,40,237,253,228,42,0,0,0,0,0,0,0,0,117,253,253,177,0,0,0,149,253,228,57,0,0,0,0,0,0,0,30,194,245,253,176,15,0,0,32,244,253,173,0,0,0,0,0,0,0,86,220,253,253,203,59,0,0,0,121,253,253,173,0,0,0,0,0,0,54,209,253,253,175,18,0,0,0,0,121,253,253,185,30,30,41,41,119,174,255,253,217,100,17,0,0,0,0,0,109,238,253,253,229,229,253,253,253,253,228,99,10,0,0,0,0,0,0,0,0,45,231,253,253,253,244,240,240,169,0,0,0,0,0,0,0,0,0,0,0,0,45,120,154,154,38,0,0,0,0,0,0,0,0,0,0,0,0,0,0
0,0,0,0,0,0,0,0,0,0,83,254,191,12,0,0,0,0,0,0,0,0,0,0,0,0,0,0,0,19,205,217,2,0,0,0,0,0,0,0,0,0,0,0,0,0,0,0,0,128,249,94,0,0,0,0,0,0,0,0,0,0,0,0,0,0,0,0,84,232,136,0,0,0,0,0,0,0,0,0,0,0,0,0,0,0,0,0,171,236,14,0,0,0,0,0,0,0,0,0,0,0,0,0,0,0,0,88,246,128,0,0,0,0,0,0,0,0,0,0,0,0,0,0,0,0,0,216,209,23,0,0,0,0,0,0,0,0,0,0,0,0,0,0,0,0,68,250,121,0,0,0,0,0,0,32,23,0,0,0,0,0,0,0,0,11,213,225,24,0,0,0,0,30,187,238,214,31,0,0,0,0,0,0,0,54,254,76,0,0,0,5,107,248,254,254,254,152,0,0,0,0,0,0,0,173,239,8,0,0,9,164,254,213,130,110,250,152,0,0,0,0,0,0,3,217,128,0,0,4,165,253,178,11,0,0,230,117,0,0,0,0,0,0,58,254,72,0,0,110,254,148,0,0,0,21,237,126,0,0,0,0,0,0,58,254,72,0,69,247,195,5,0,0,2,172,219,27,0,0,0,0,0,0,130,254,74,0,118,190,25,1,5,95,179,223,72,0,0,0,0,0,0,0,43,244,223,163,238,224,163,168,254,254,225,63,0,0,0,0,0,0,0,0,0,187,244,254,254,254,254,239,220,79,17,0,0,0,0,0,0,0,0,0,0,0,45,119,165,254,181,35,0,0,0,0,0,0,0,0,0,0,0,0,0,0,0,0,0,0,0,0,0,0,0,0,0,0,0,0,0,0,0,0,0,0,0,0,0,0,0,0,0,0,0,0,0,0,0,0,6
0,0,0,0,0,0,0,0,0,0,0,0,0,0,0,0,0,0,0,0,0,0,0,0,0,0,0,0,0,0,0,0,0,0,0,0,0,0,0,0,0,0,0,0,0,0,255,255,191,255,255,255,64,0,0,0,0,0,0,0,0,0,0,0,64,191,255,255,255,255,255,255,255,191,128,0,0,0,0,0,0,0,0,0,255,255,255,255,255,191,255,255,255,255,255,191,0,0,0,0,0,0,0,191,255,255,255,255,64,0,64,128,255,255,255,255,128,0,0,0,0,0,0,255,255,255,255,191,0,0,0,0,0,191,255,255,255,0,0,0,0,0,0,191,255,255,255,128,0,0,0,0,0,128,255,255,128,0,0,0,0,0,0,0,191,128,128,0,0,0,0,0,0,128,255,255,128,0,0,0,0,0,0,0,0,0,0,0,0,0,0,0,0,128,255,255,128,0,0,0,0,0,0,0,0,0,0,0,0,0,0,0,0,255,255,255,128,0,0,0,0,0,0,0,0,0,0,0,0,0,0,0,128,255,255,255,128,0,0,0,0,0,0,0,0,0,0,0,0,0,0,0,255,255,255,255,0,0,0,0,0,0,0,0,0,0,0,0,0,0,0,64,255,255,255,64,0,0,0,0,0,0,0,0,0,0,0,0,0,0,64,255,255,255,255,0,0,0,0,0,0,0,0,0,0,0,0,0,0,0,191,255,255,255,64,0,0,0,0,0,0,0,0,0,0,0,0,0,0,191,255,255,255,128,0,0,0,0,0,0,0,0,0,0,0,0,0,0,0,255,255,255,255,64,0,0,0,0,0,0,0,0,0,0,0,0,0,0,191,255,255,255,128,0,0,0,0,0,0,0,0,0,0,0,0,0,0,128,255,255,255,255,0,0,0,0,0,0,0,0,7
0,0,0,0,0,0,0,0,0,0,0,0,0,0,0,0,0,0,0,0,0,0,0,0,0,0,0,16,109,171,253,253,253,110,15,0,0,0,0,0,0,0,0,0,0,0,105,222,252,253,252,252,252,253,222,114,31,0,0,0,0,0,0,0,1,99,242,252,252,237,215,132,236,253,252,252,211,0,0,0,0,0,0,1,84,252,252,252,168,62,0,1,144,253,252,252,252,84,1,0,0,0,0,99,252,252,252,153,0,0,0,37,252,253,252,252,252,253,98,0,0,0,0,181,252,252,189,10,0,0,0,37,252,253,252,128,252,253,179,0,0,0,53,232,252,236,71,0,0,0,0,58,252,253,200,52,236,253,231,52,0,0,155,252,252,143,0,0,0,0,0,181,252,253,97,0,144,253,252,154,0,47,233,253,253,0,0,0,0,0,73,253,253,208,20,0,84,255,253,217,0,109,252,252,252,0,0,0,0,0,115,252,252,144,0,0,0,253,252,215,0,109,252,252,252,0,0,0,0,0,196,252,252,144,0,0,0,253,252,215,0,109,252,252,252,0,0,0,0,0,31,108,108,62,0,0,84,253,252,215,0,110,253,253,253,0,0,0,0,0,0,0,0,0,0,0,145,255,253,72,0,78,242,252,252,0,0,0,0,0,0,0,0,0,0,11,175,253,231,51,0,0,196,252,252,0,0,0,0,0,0,0,0,0,0,140,252,253,179,0,0,0,73,252,252,83,0,0,0,0,0,0,0,0,125,221,252,253,179,0,0,0,0,182,253,253,211,31,0,0,0,0,0,47,233,253,253,84,0,0,0,0,0,46,221,252,252,227,134,73,73,94,217,233,252,252,210,0,0,0,0,0,0,0,41,215,247,252,252,253,252,252,252,253,252,205,31,0,0,0,0
0,0,0,0,0,0,0,0,57,198,255,255,255,170,0,0,0,0,0,0,0,0,0,0,0,0,114,198,255,255,255,198,198,198,0,0,0,0,0,0,0,0,0,0,0,170,255,255,226,170,29,0,170,255,29,0,0,0,0,0,0,0,0,0,0,86,198,114,29,0,0,0,170,226,0,0,0,0,0,0,0,0,0,0,0,0,0,0,0,0,0,0,226,198,0,0,0,0,0,0,0,0,0,0,0,0,0,0,0,0,0,0,255,226,0,0,0,0,0,0,0,0,0,0,0,0,0,0,0,0,0,57,255,255,0,0,0,0,0,0,0,0,0,0,0,0,0,0,0,0,0,86,255,170,0,0,0,0,0,0,0,0,0,0,0,0,0,0,0,0,0,86,255,170,0,0,0,0,0,0,0,0,0,0,0,0,0,0,0,0,0,86,255,170,0,0,0,0,0,0,0,0,0,0,0,0,0,0,0,0,0,170,255,114,0,0,0,0,0,0,0,0,0,0,0,0,0,0,0,0,0,226,255,29,0,0,0,0,0,0,0,0,0,0,0,0,0,0,0,0,0,255,255,0,0,0,0,0,0,0,0,0,0,0,0,0,0,0,0,0,57,255,198,0,0,0,0,0,0,0,0,0,0,0,0,0,0,0,0,0,86,255,170,0,0,0,0,0,0,0,0,0,0,0,0,0,0,0,0,0,170,255,141,29,86,141,0,0,0,0,0,0,0,0,0,29,86,86,170,170,255,255,255,255,255,255,57,0,0,0,0,0,0,141,255,255,255,255,255,255,255,255,255,226,170,141,0,0,0,0,0,0,0,57,226,255,170,114,86,86,86,86,0,0,0,0,0,0,0,0,0,0,0,0,0,0,0,0,0,0,0,0,0,0,0,0,0,0,0,0,1
0,0,0,0,0,0,0,0,0,0,0,0,0,0,0,0,0,0,0,0,0,0,0,0,0,0,0,15,96,218,253,193,113,39,29,7,0,0,0,0,0,0,0,0,0,0,112,211,252,252,252,253,252,247,232,200,36,0,0,0,0,0,0,0,0,54,241,247,252,252,252,253,252,252,252,252,242,118,2,0,0,0,0,0,0,176,239,232,252,252,199,190,153,180,189,189,190,215,16,0,0,0,0,0,0,211,253,252,252,155,7,0,0,0,0,0,0,18,0,0,0,0,0,0,0,212,254,253,232,0,0,0,0,0,0,0,0,0,0,0,0,0,0,0,0,211,253,252,152,0,0,0,0,0,0,0,0,0,0,0,0,0,0,0,0,149,253,252,225,7,0,0,0,0,0,0,0,0,0,0,0,0,0,0,0,0,227,252,252,196,81,27,0,0,0,0,0,0,0,0,0,0,0,0,0,0,42,226,252,252,252,167,71,0,0,0,0,0,0,0,0,0,0,0,0,0,0,36,158,239,253,255,253,191,32,0,0,0,0,0,0,0,0,0,0,0,0,0,0,42,63,204,231,252,210,14,0,0,0,0,0,0,0,0,0,0,0,0,0,0,0,9,190,252,252,42,0,0,0,0,0,0,0,0,0,0,0,0,0,0,0,55,232,252,252,42,0,0,0,0,0,0,0,0,0,89,132,0,0,0,0,192,252,252,252,42,0,0,0,0,0,0,0,4,139,253,230,27,0,29,175,255,253,253,199,18,0,0,0,0,0,0,0,15,224,252,225,85,137,232,252,253,252,252,84,0,0,0,0,0,0,0,0,0,111,249,253,252,252,252,252,253,252,224,7,0,0,0,0,0,0,0,0,0,0,158,253,252,252,252,252,253,196,42,0,0,0,0,0,0,5
0,0,0,0,0,0,0,0,2,37,130,228,255,151,22,0,0,0,0,0,0,0,0,0,0,0,0,0,63,253,253,253,253,253,165,2,0,0,0,0,0,0,0,0,0,0,0,0,180,253,253,253,253,253,253,100,0,0,0,0,0,0,0,0,0,0,0,0,102,234,234,248,253,253,253,142,0,0,0,0,0,0,0,0,0,0,0,0,0,25,48,205,253,253,242,27,0,0,0,0,0,0,0,0,0,0,0,0,9,68,231,253,253,253,142,0,0,0,0,0,0,0,0,0,0,0,0,55,186,253,253,253,253,114,13,0,0,0,0,0,0,0,0,0,0,26,174,228,253,253,253,253,253,67,0,0,0,0,0,0,0,0,0,0,0,126,253,253,253,253,253,253,253,228,134,7,0,0,0,0,0,0,0,0,0,161,253,253,253,253,253,253,253,253,253,145,6,0,0,0,0,0,0,0,0,58,185,185,185,94,61,98,207,253,253,253,58,0,0,0,0,0,0,0,0,0,0,0,0,0,0,0,18,183,253,253,179,6,0,0,0,0,0,0,0,0,0,0,0,0,0,0,0,17,224,253,253,18,0,0,0,0,0,0,0,0,0,0,0,0,0,0,0,0,217,253,253,18,0,0,0,0,0,10,37,0,0,0,0,0,0,0,0,75,248,253,163,3,0,0,0,0,17,226,235,144,34,0,0,0,0,0,32,213,253,253,39,0,0,0,0,0,19,253,253,253,238,230,169,230,135,203,237,253,253,163,3,0,0,0,0,0,2,102,253,253,253,253,253,253,253,253,253,253,212,26,0,0,0,0,0,0,0,2,88,210,253,253,253,253,253,253,253,155,25,0,0,0,0,0,0,0,0,0,0,22,129,129,156,253,159,129,90,1,0,0,0,0,0,0,3
0,0,0,0,0,0,0,0,0,0,0,0,0,0,0,0,0,0,0,0,0,0,0,0,0,0,0,0,0,0,0,0,0,0,0,0,0,0,0,0,0,0,0,0,0,0,0,0,0,0,0,0,0,0,0,0,0,0,0,0,0,0,0,0,0,0,13,45,170,253,253,255,201,253,253,253,255,92,0,0,0,0,0,0,0,0,159,252,252,252,252,253,252,252,252,252,249,75,0,0,0,0,0,0,0,0,222,252,252,132,69,131,183,234,252,252,94,0,0,0,0,0,0,0,0,95,233,252,227,50,0,0,0,184,252,252,74,0,0,0,0,0,0,0,43,230,253,252,79,0,0,0,95,246,252,147,0,0,0,0,0,0,0,0,208,253,242,95,0,0,0,3,170,253,253,23,0,0,0,0,0,0,0,0,118,206,135,0,0,0,0,66,252,252,172,8,0,0,0,0,0,0,0,0,0,0,0,0,0,0,85,253,252,233,33,0,0,0,0,0,0,0,0,0,0,0,0,0,0,0,157,253,252,89,0,0,0,0,0,0,0,0,0,0,0,0,0,0,0,95,240,253,231,37,0,0,0,0,0,0,0,0,0,0,0,0,0,0,0,155,253,255,144,0,0,0,0,0,0,0,0,0,0,0,0,0,0,0,66,236,252,218,33,0,0,0,0,0,0,0,0,0,0,0,0,0,0,13,203,252,252,32,0,0,0,0,0,0,0,0,0,0,0,0,0,0,0,89,252,252,157,0,0,0,0,0,0,0,0,0,0,0,0,0,0,0,127,244,252,116,12,0,0,0,0,0,0,0,0,0,0,0,0,0,0,74,255,253,205,21,0,0,0,0,0,0,0,0,0,0,0,0,0,0,17,234,253,223,25,0,0,0,0,0,0,0,0,0,0,0,7
0,0,0,0,0,0,0,0,0,0,0,0,0,0,0,0,0,0,0,0,0,0,0,0,0,0,0,0,0,0,0,0,0,0,0,0,0,0,0,0,0,0,0,0,0,0,39,114,192,254,253,245,111,0,0,0,0,0,0,0,0,0,0,0,103,146,247,196,168,168,168,168,126,36,0,0,0,0,0,0,0,0,112,232,253,201,73,7,0,0,0,0,0,203,216,32,0,0,0,0,0,0,169,252,128,21,0,0,0,0,0,0,0,185,253,189,14,0,0,0,0,9,204,208,0,0,0,0,0,0,0,0,0,18,253,252,21,0,0,0,0,128,243,79,0,0,0,0,0,0,0,0,11,175,255,204,9,0,0,0,0,127,189,0,0,0,0,0,0,0,0,0,99,252,253,89,0,0,0,0,0,127,221,21,0,0,0,0,0,0,0,73,211,252,250,58,0,0,0,0,0,57,252,42,0,0,0,0,0,11,64,232,162,225,211,0,0,0,0,0,0,4,138,218,0,0,0,0,0,175,252,99,54,246,167,0,0,0,0,0,0,0,27,212,193,148,148,137,150,107,27,0,64,253,107,0,0,0,0,0,0,0,0,27,168,168,159,47,0,0,0,0,64,252,106,0,0,0,0,0,0,0,0,0,0,0,0,0,0,0,0,0,64,252,106,0,0,0,0,0,0,0,0,0,0,0,0,0,0,0,0,0,64,252,106,0,0,0,0,0,0,0,0,0,0,0,0,0,0,0,0,0,64,252,106,0,0,0,0,0,0,0,0,0,0,0,0,0,0,0,0,0,64,253,124,0,0,0,0,0,0,0,0,0,0,0,0,0,0,0,0,0,64,252,131,0,0,0,0,0,0,0,0,0,0,0,0,0,0,0,0,0,64,252,158,0,0,0,0,0,9
0,0,0,0,0,0,0,0,0,0,0,0,0,0,0,0,0,0,0,0,0,0,0,0,0,0,0,0,0,0,0,0,0,0,0,0,0,0,0,0,0,0,0,0,0,0,0,0,0,0,0,0,11,103,158,173,255,203,31,0,0,0,0,0,0,0,0,0,0,6,71,190,226,254,245,229,254,254,114,0,0,0,0,0,0,0,0,0,0,153,254,226,162,158,48,24,232,254,28,0,0,0,0,0,0,0,0,70,221,253,128,34,0,0,0,191,254,129,1,0,0,0,0,0,0,0,44,215,229,85,7,0,0,11,88,241,244,82,0,0,0,0,0,0,0,0,245,209,29,0,0,0,15,156,254,254,222,0,0,0,0,0,0,0,51,181,222,21,0,0,0,0,156,254,254,254,251,35,0,0,0,0,0,5,115,247,77,0,0,0,9,115,250,254,254,243,121,0,0,0,0,0,0,36,239,167,0,0,0,0,111,254,254,254,230,81,0,0,0,0,0,0,0,95,244,50,0,0,0,101,228,254,245,126,10,0,0,0,0,0,0,0,0,64,254,187,111,118,206,251,254,244,90,0,0,0,0,0,0,0,0,0,0,71,213,254,254,254,254,254,215,26,0,0,0,0,0,0,0,0,0,0,0,0,9,88,196,254,254,158,29,0,0,0,0,0,0,0,0,0,0,0,0,0,0,7,189,253,213,8,0,0,0,0,0,0,0,0,0,0,0,0,0,0,44,230,254,143,0,0,0,0,0,0,0,0,0,0,0,0,0,0,0,82,191,240,159,20,0,0,0,0,0,0,0,0,0,0,0,0,0,0,4,228,253,164,0,0,0,0,0,0,0,0,0,0,0,0,0,0,0,8,205,254,168,0,0,0,0,0,0,0,0,0,0,0,0,0,0,0,9
0,0,0,0,0,0,0,0,77,254,254,152,36,0,0,0,0,0,0,0,0,0,0,0,0,0,0,0,88,249,253,254,240,85,1,0,0,0,0,0,0,0,0,0,0,0,0,118,241,253,222,254,253,253,49,0,0,0,0,0,0,0,0,0,0,0,88,252,253,144,6,45,207,253,221,5,0,0,0,0,0,0,0,0,0,0,191,253,143,6,0,0,97,253,253,101,0,0,0,0,0,0,0,0,0,0,255,251,47,0,0,0,78,254,249,75,0,0,0,0,0,0,0,0,0,20,250,248,39,0,0,15,207,253,182,0,0,0,0,0,0,0,0,0,0,0,113,253,161,0,0,132,253,253,100,0,0,0,0,0,0,0,0,0,0,0,38,250,250,96,28,250,253,180,9,0,0,0,0,0,0,0,0,0,0,0,0,147,253,248,223,254,226,25,0,0,0,0,0,0,0,0,0,0,0,0,0,24,122,252,254,236,55,0,0,0,0,0,0,0,0,0,0,0,0,0,0,0,16,243,253,249,92,0,0,0,0,0,0,0,0,0,0,0,0,0,0,0,80,250,253,254,234,95,0,0,0,0,0,0,0,0,0,0,0,0,0,0,154,253,131,191,253,250,137,5,0,0,0,0,0,0,0,0,0,0,0,52,244,253,42,7,128,238,253,179,0,0,0,0,0,0,0,0,0,0,0,136,254,241,24,0,0,128,254,254,0,0,0,0,0,0,0,0,0,0,0,155,253,124,0,0,17,208,253,143,0,0,0,0,0,0,0,0,0,0,0,155,253,204,108,158,247,253,253,42,0,0,0,0,0,0,0,0,0,0,0,128,253,253,253,254,253,239,142,3,0,0,0,0,0,0,0,0,0,0,0,18,147,249,233,151,89,21,0,0,0,0,0,0,8
0,0,0,0,0,0,0,0,0,0,0,0,0,0,0,0,0,0,0,0,0,0,0,0,0,0,191,255,255,255,128,191,255,255,255,255,255,255,255,255,0,0,0,0,0,64,255,255,255,255,255,255,255,255,255,255,255,255,255,128,0,0,0,0,0,128,255,255,255,255,128,128,128,128,128,128,0,0,0,0,0,0,0,0,0,0,255,255,0,0,0,0,0,0,0,0,0,0,0,0,0,0,0,0,0,128,255,128,0,0,0,0,0,0,0,0,0,0,0,0,0,0,0,0,0,255,255,64,0,0,0,0,0,0,0,0,0,0,0,0,0,0,0,0,128,255,255,0,0,0,0,0,0,0,0,0,0,0,0,0,0,0,0,0,255,255,255,255,255,255,255,255,255,128,0,0,0,0,0,0,0,0,0,0,255,255,255,255,255,255,255,255,255,255,255,64,0,0,0,0,0,0,0,0,255,255,191,64,0,0,128,128,191,255,255,255,0,0,0,0,0,0,0,0,0,0,0,0,0,0,0,0,0,191,255,255,128,0,0,0,0,0,0,0,0,0,0,0,0,0,0,0,0,0,255,255,191,0,0,0,0,0,0,0,0,0,0,0,0,0,0,0,0,0,128,255,255,0,0,0,0,0,0,0,0,0,0,0,0,0,0,0,0,0,255,255,191,0,0,0,0,0,0,0,0,0,0,0,0,0,0,0,0,128,255,255,64,0,0,0,0,0,0,0,0,0,0,0,0,0,0,0,0,255,255,255,0,0,0,0,0,0,64,0,0,0,0,0,0,0,0,64,191,255,255,191,0,0,0,0,0,0,255,255,128,64,0,0,0,64,128,255,255,255,191,0,0,0,0,0,0,0,128,255,255,255,255,255,255,255,255,255,255,255,64,0,0,0,0,0,5
0,0,0,0,0,19,149,231,254,254,231,145,0,0,0,0,0,0,0,0,0,0,0,0,0,49,238,243,243,243,246,251,182,13,0,0,0,0,0,0,0,0,0,0,0,0,0,0,0,0,45,244,253,120,0,0,0,0,0,0,0,0,0,0,0,0,0,0,0,0,0,128,253,230,6,0,0,0,0,0,0,0,0,0,0,0,0,0,0,0,0,115,253,246,53,0,0,0,0,0,0,0,0,0,0,0,0,0,0,0,0,127,253,228,0,0,0,0,0,0,0,0,0,0,0,0,0,0,0,0,21,228,253,228,0,0,0,0,0,0,0,0,0,0,0,0,0,0,24,40,91,253,253,158,0,0,0,0,0,0,0,0,0,0,0,0,0,149,229,253,254,253,253,30,0,0,0,0,0,0,0,0,0,0,0,0,0,194,253,253,253,253,226,18,0,0,0,0,0,0,0,0,0,0,0,0,0,38,49,49,73,196,253,151,2,0,0,0,0,0,0,0,0,0,0,0,0,0,0,0,0,53,253,254,74,0,0,0,0,0,0,0,0,0,0,0,0,0,0,0,0,15,253,253,158,0,0,0,0,0,0,0,0,0,0,0,0,0,0,0,0,15,253,253,173,0,0,0,0,0,0,0,0,0,0,0,0,0,0,0,0,16,253,254,173,0,0,0,0,0,0,0,0,0,124,153,6,0,0,0,0,15,253,253,104,0,0,0,0,0,0,0,0,70,252,168,0,0,0,0,0,122,253,250,64,0,0,0,0,0,0,0,0,149,253,232,82,0,0,0,81,244,253,193,0,0,0,0,0,0,0,0,0,66,232,254,252,245,245,245,250,251,181,16,0,0,0,0,0,0,0,0,0,0,28,54,164,253,253,253,230,144,0,0,0,0,0,0,0,0,3
0,0,0,0,0,0,0,0,0,0,0,0,0,0,0,9,24,150,155,0,0,0,0,0,0,0,0,0,0,0,0,0,5,47,131,195,253,254,237,44,0,0,0,0,0,0,0,0,0,0,0,32,192,253,253,253,253,132,111,19,0,0,0,0,0,0,0,0,0,0,119,229,254,253,253,135,46,0,0,0,0,0,0,0,0,0,0,0,43,231,249,200,138,137,54,4,0,0,0,0,0,0,0,0,0,0,0,3,66,254,46,0,0,0,0,0,0,0,0,0,0,0,0,0,0,0,0,19,237,253,46,0,0,0,0,0,0,0,0,0,0,0,0,0,0,0,0,0,162,253,129,0,0,0,0,0,0,0,0,0,0,0,0,0,0,0,0,0,162,253,194,9,0,0,0,0,0,0,0,0,0,0,0,0,0,0,0,0,57,253,253,75,0,0,0,0,0,0,0,0,0,0,0,0,0,0,0,0,47,254,254,138,0,0,0,0,0,0,0,0,0,0,0,0,0,0,0,0,17,210,253,137,0,0,0,0,0,0,0,0,0,0,0,0,0,0,0,0,0,82,241,222,32,0,0,0,0,0,0,0,0,0,0,0,26,17,0,0,0,0,208,253,116,0,0,0,0,0,0,0,0,0,0,0,70,99,0,0,0,0,208,253,116,0,0,0,0,0,0,0,0,0,0,0,70,212,23,11,15,55,234,254,117,0,0,0,0,0,0,0,0,0,0,0,70,253,212,194,178,253,253,253,95,0,0,0,0,0,0,0,0,0,0,0,51,241,253,255,253,253,253,222,0,0,0,0,0,0,0,0,0,0,0,0,0,80,245,254,253,253,219,88,0,0,0,0,0,0,0,0,0,0,0,0,0,0,74,191,137,137,35,0,0,0,0,0,0,0,0,0,5
0,0,0,0,0,0,0,0,0,0,0,0,0,0,0,0,0,0,0,0,0,0,0,0,0,0,0,0,0,10,147,147,193,50,0,0,0,0,0,0,0,0,0,0,0,0,0,0,0,96,254,254,254,87,0,0,0,0,0,0,0,0,0,0,0,0,0,0,0,126,254,254,254,132,0,0,0,0,0,0,0,0,0,0,0,0,0,0,0,190,254,254,251,72,0,0,0,0,0,0,0,0,0,0,0,0,0,0,0,234,254,254,233,0,0,0,0,0,0,0,0,0,0,0,0,0,0,0,0,229,254,254,233,0,0,0,0,0,0,0,0,0,0,0,0,0,0,0,0,126,254,254,233,0,0,0,0,0,0,0,0,0,0,0,0,0,0,0,0,126,254,254,233,0,0,0,0,0,0,0,0,0,0,0,0,0,0,0,0,178,254,254,233,0,0,0,0,0,0,0,0,0,0,0,0,0,0,0,0,234,254,254,209,0,0,0,0,0,0,0,0,0,0,0,0,0,0,0,0,234,254,254,125,0,0,0,0,0,0,0,0,0,0,0,0,0,0,0,0,234,254,254,69,0,0,0,0,0,0,0,0,0,0,0,0,0,0,0,21,239,254,254,16,0,0,0,0,0,0,0,0,0,0,0,0,0,0,0,129,254,254,219,10,0,0,0,0,0,0,0,0,0,0,0,0,0,0,27,227,254,254,162,0,0,0,0,0,0,0,0,0,0,0,0,0,0,0,50,254,254,255,162,0,0,0,0,0,0,0,0,0,0,0,0,0,0,0,50,254,254,254,162,0,0,0,0,0,0,0,0,0,0,0,0,0,0,0,50,254,254,248,49,0,0,0,0,0,0,0,0,0,0,0,0,0,0,0,50,254,254,200,0,0,0,0,0,0,0,0,0,1
0,0,0,0,0,0,0,0,0,0,1,146,254,254,254,254,254,254,98,3,0,0,0,0,0,0,0,0,0,0,6,254,254,254,254,254,254,254,254,120,0,0,0,0,0,0,0,0,0,0,5,239,254,249,234,234,237,254,254,162,0,0,0,0,0,0,0,0,0,0,0,19,80,58,0,0,11,210,254,254,0,0,0,0,0,0,0,0,0,0,0,0,0,0,0,0,0,139,254,254,0,0,0,0,0,0,0,0,0,0,0,0,0,0,0,0,0,91,254,181,0,0,0,0,0,0,0,0,0,0,0,0,0,0,0,0,0,185,254,154,0,0,0,0,0,0,0,0,0,0,0,0,0,0,0,0,0,190,254,154,0,0,0,0,0,0,0,28,88,150,150,88,28,0,0,0,41,228,254,96,0,0,0,0,34,106,178,232,254,254,254,254,232,111,1,2,216,254,177,11,0,0,0,100,225,254,254,254,254,254,254,254,254,254,161,161,254,254,110,0,0,1,81,236,254,235,179,124,40,40,121,202,252,254,254,254,254,254,25,0,0,66,254,254,254,97,0,0,0,0,0,17,226,254,254,254,245,149,3,0,49,249,254,253,92,3,0,0,0,25,107,195,254,254,254,254,219,0,0,0,127,254,254,234,0,42,81,97,180,253,254,254,254,254,254,254,188,0,0,0,208,254,254,253,235,245,254,254,254,254,254,254,239,190,254,254,198,0,0,0,216,254,254,254,254,254,254,254,254,254,254,174,36,18,153,164,38,0,0,0,238,254,254,254,254,254,254,254,238,209,88,4,0,0,0,0,0,0,0,0,73,137,154,154,154,104,88,60,34,0,0,0,0,0,0,0,0,0,0,0,0,0,0,0,0,0,0,0,0,0,0,0,0,0,0,0,0,0,0,0,2
0,0,0,0,0,0,0,0,0,0,0,0,0,0,0,0,0,0,0,0,0,0,0,0,0,0,0,0,0,0,0,0,0,0,0,0,0,0,0,0,0,0,0,0,0,0,0,75,254,187,5,0,0,0,0,0,0,0,0,0,0,0,0,0,0,0,0,122,253,253,33,0,0,0,0,0,0,0,0,0,0,0,0,0,0,0,0,165,253,189,6,0,0,83,210,117,0,0,0,0,0,0,0,0,0,0,0,232,253,176,0,0,0,100,253,251,53,0,0,0,0,0,0,0,0,0,59,246,253,176,0,0,0,100,253,253,55,0,0,0,0,0,0,0,0,0,175,253,238,115,0,0,0,138,253,171,12,0,0,0,0,0,0,0,0,51,249,253,156,0,0,0,3,212,253,184,0,0,0,0,0,0,0,0,0,104,253,253,174,12,0,0,86,253,250,73,0,0,0,0,0,0,0,0,0,15,179,253,253,205,140,68,177,253,231,0,0,0,0,0,0,0,0,0,0,0,12,187,253,253,253,250,244,253,231,0,0,0,0,0,0,0,0,0,0,0,0,0,0,83,63,144,254,254,155,0,0,0,0,0,0,0,0,0,0,0,0,0,0,0,0,173,253,184,4,0,0,0,0,0,0,0,0,0,0,0,0,0,0,0,0,254,253,111,0,0,0,0,0,0,0,0,0,0,0,0,0,0,0,0,107,255,219,21,0,0,0,0,0,0,0,0,0,0,0,0,0,0,0,0,183,254,163,0,0,0,0,0,0,0,0,0,0,0,0,0,0,0,0,62,247,254,77,0,0,0,0,0,0,0,0,0,0,0,0,0,0,0,0,83,253,219,7,0,0,0,0,0,0,0,0,0,0,0,0,0,0,0,0,188,253,111,0,0,0,0,0,0,0,0,4
0,0,0,0,0,0,0,0,0,0,0,0,0,0,0,0,0,0,0,0,0,0,0,0,0,0,0,0,0,0,0,0,161,47,0,0,0,0,0,0,0,0,0,0,0,0,0,0,0,0,0,0,181,109,0,0,0,0,0,0,0,0,0,0,130,119,0,0,0,0,0,0,182,129,0,0,0,0,0,0,0,0,0,0,47,201,0,0,0,0,0,0,181,149,0,0,0,0,0,0,0,0,0,0,37,253,0,0,0,0,0,0,109,160,0,0,0,0,0,0,0,0,0,0,37,253,63,0,0,0,0,0,109,180,0,0,0,0,0,0,0,0,0,0,37,254,84,0,0,0,0,0,110,171,0,0,0,0,0,0,0,0,0,0,37,253,145,0,0,0,0,0,171,109,84,0,0,0,0,0,0,0,0,0,0,218,105,0,0,0,0,11,213,254,176,0,0,0,0,0,0,0,0,0,0,176,166,0,53,115,176,228,254,170,11,0,0,0,0,0,0,0,0,0,0,84,255,254,255,223,145,83,254,109,0,0,0,0,0,0,0,0,0,0,0,0,67,109,78,5,0,0,254,109,0,0,0,0,0,0,0,0,0,0,0,0,0,0,0,0,0,0,244,109,0,0,0,0,0,0,0,0,0,0,0,0,0,0,0,0,0,0,181,129,0,0,0,0,0,0,0,0,0,0,0,0,0,0,0,0,0,0,150,181,0,0,0,0,0,0,0,0,0,0,0,0,0,0,0,0,0,0,109,201,0,0,0,0,0,0,0,0,0,0,0,0,0,0,0,0,0,0,99,254,11,0,0,0,0,0,0,0,0,0,0,0,0,0,0,0,0,0,37,253,73,0,0,0,0,0,0,0,0,0,0,0,0,0,0,0,0,0,0,208,244,26,0,0,0,0,4
0,0,0,0,0,0,0,0,0,0,0,0,0,0,17,205,254,254,251,125,0,0,0,0,0,0,0,0,0,0,0,0,0,100,249,253,253,253,253,193,0,0,0,0,0,0,0,0,0,0,0,23,202,249,253,253,253,253,253,123,0,0,0,0,0,0,0,0,0,0,79,202,253,253,253,188,211,253,253,176,0,0,0,0,0,0,0,0,0,110,247,253,253,238,138,10,150,253,253,253,0,0,0,0,0,0,0,29,128,246,253,253,253,167,0,0,150,253,253,253,0,0,0,0,0,0,0,189,253,253,253,236,78,13,0,0,150,253,253,142,0,0,0,0,0,0,177,245,253,253,235,72,0,0,0,22,235,253,251,85,0,0,0,0,28,186,246,253,253,198,73,0,0,0,0,130,253,253,210,0,0,0,0,27,205,253,253,253,235,43,0,0,0,0,9,181,253,253,117,0,0,0,0,202,253,253,253,235,73,0,0,0,0,10,151,253,253,243,30,0,0,0,108,248,253,253,236,72,0,0,0,0,0,40,253,253,249,124,0,0,0,82,250,253,253,237,71,0,0,0,0,0,56,188,253,253,210,0,0,0,20,206,253,253,238,70,0,0,0,0,0,56,228,253,253,215,35,0,0,0,208,253,253,253,138,0,0,0,0,26,64,228,253,253,249,85,0,0,0,0,254,253,253,175,10,0,0,0,58,231,253,253,253,215,85,0,0,0,0,0,254,253,253,104,20,20,64,150,232,253,253,253,216,35,0,0,0,0,0,0,254,253,253,253,253,253,253,253,253,253,220,110,34,0,0,0,0,0,0,0,248,253,253,253,253,253,253,253,251,146,90,0,0,0,0,0,0,0,0,0,0,181,253,253,253,253,253,145,89,0,0,0,0,0,0,0,0,0,0,0,0
0,0,0,0,0,0,0,0,0,0,0,0,0,0,0,0,0,0,0,0,0,0,0,0,0,0,0,0,0,0,0,0,0,169,253,63,0,0,0,0,0,0,0,0,0,0,0,0,0,0,0,0,98,243,252,178,9,0,0,0,0,0,0,0,0,0,0,0,0,0,0,19,209,252,252,228,21,0,0,0,0,0,0,0,0,0,0,0,0,0,0,101,252,252,252,47,0,0,0,0,0,0,0,0,0,0,0,0,0,0,0,225,252,252,252,0,0,0,0,0,0,0,0,0,0,0,0,0,0,0,176,253,253,253,112,0,0,0,0,0,0,0,0,0,0,0,0,0,0,0,253,252,252,179,12,0,0,0,0,0,0,0,0,0,0,0,0,0,0,111,253,252,252,84,0,0,0,0,0,0,0,0,0,0,0,0,0,0,4,153,253,252,198,28,0,0,0,0,0,0,0,0,0,0,0,0,0,0,107,252,253,252,55,0,0,0,0,0,0,0,0,0,0,0,0,0,0,0,169,253,255,168,0,0,0,0,0,0,0,0,0,0,0,0,0,0,0,19,196,252,253,167,0,0,0,0,0,0,0,0,0,0,0,0,0,0,0,57,252,252,228,52,0,0,0,0,0,0,0,0,0,0,0,4,13,0,10,156,252,252,47,0,0,0,0,0,0,0,0,0,0,0,0,29,112,79,163,252,252,252,0,0,0,0,0,0,0,0,0,0,0,0,0,0,0,0,226,253,253,190,0,0,0,0,0,0,0,0,0,0,0,0,0,0,0,0,100,252,252,112,0,0,0,0,0,0,0,0,0,0,0,0,0,0,0,0,85,252,252,142,57,38,0,0,0,0,0,0,0,0,0,0,0,0,0,0,28,199,252,252,240,71,0,0,0,0,0,0,0,0,1
0,0,0,0,0,0,0,0,0,89,96,254,255,180,91,91,12,0,0,0,0,0,0,0,0,0,0,15,118,251,253,253,253,253,253,253,148,0,0,0,0,0,0,0,0,0,60,240,253,253,253,253,253,253,253,253,195,0,0,0,0,0,0,0,0,60,228,253,253,253,253,240,117,253,253,253,240,102,2,0,0,0,0,0,0,213,253,253,253,253,249,80,13,129,230,253,253,253,15,0,0,0,0,7,129,247,253,240,204,44,39,0,0,0,67,253,253,253,153,0,0,0,0,124,253,253,253,97,0,0,0,0,0,0,42,253,253,253,179,0,0,0,28,211,253,253,217,18,0,0,0,0,0,0,42,253,253,253,198,24,0,11,197,253,253,222,44,0,0,0,0,0,0,0,16,178,253,253,253,89,0,176,253,253,253,150,0,0,0,0,0,0,0,0,0,89,243,253,253,89,0,180,253,253,253,40,0,0,0,0,0,0,0,0,0,0,222,253,253,89,36,209,253,253,205,25,0,0,0,0,0,0,0,0,0,0,222,253,253,89,91,253,253,253,129,0,0,0,0,0,0,0,0,0,5,111,245,253,198,23,91,253,253,253,129,0,0,0,0,0,0,0,0,0,42,253,253,253,179,0,91,253,253,253,129,0,0,0,0,0,0,0,5,42,182,253,253,253,152,0,91,253,253,253,194,21,0,0,0,0,5,131,143,253,253,253,223,122,8,0,70,236,253,253,253,194,58,58,58,217,223,253,253,253,253,253,158,0,0,0,0,180,253,253,253,253,253,253,253,253,253,253,253,253,229,106,13,0,0,0,0,22,210,253,253,253,253,253,253,253,253,224,179,105,13,0,0,0,0,0,0,0,38,217,253,253,253,253,253,199,89,55,0,0,0,0,0,0,0,0,0
0,0,0,0,0,0,0,0,0,0,0,0,0,0,0,0,0,0,0,0,0,0,0,0,0,0,0,0,0,0,0,0,0,0,0,0,0,0,0,0,0,0,0,0,0,0,0,0,6,138,223,255,254,113,0,0,0,0,0,0,0,0,0,0,0,0,0,61,218,254,174,109,181,240,61,0,0,0,0,0,0,0,0,0,0,0,106,249,231,62,0,0,31,227,163,0,0,0,0,0,0,0,0,0,0,32,244,225,50,0,0,0,0,135,163,0,0,0,0,0,0,0,0,0,0,106,254,101,0,0,0,0,0,167,228,0,0,0,0,0,0,0,0,0,0,164,239,26,0,0,0,0,24,235,255,0,0,0,0,0,0,0,0,0,0,216,147,0,0,0,0,0,140,254,254,0,0,0,0,0,0,0,0,0,0,254,161,6,0,0,37,109,249,254,175,0,0,0,0,0,0,0,0,0,0,176,254,162,181,200,254,250,245,252,87,0,0,0,0,0,0,0,0,0,0,21,125,241,254,221,163,63,160,235,0,0,0,0,0,0,0,0,0,0,0,0,0,0,0,0,0,36,242,236,0,0,0,0,0,0,0,0,0,0,0,0,0,0,0,0,0,55,254,183,0,0,0,0,0,0,0,0,0,0,0,0,0,0,0,0,0,55,254,144,0,0,0,0,0,0,0,0,0,0,0,0,0,0,0,0,0,127,254,106,0,0,0,0,0,0,0,0,0,0,0,0,0,0,0,0,0,145,254,54,0,0,0,0,0,0,0,0,0,0,0,0,0,0,0,0,0,146,254,54,0,0,0,0,0,0,0,0,0,0,0,0,0,0,0,0,0,165,254,54,0,0,0,0,0,0,0,0,0,0,0,0,0,0,0,0,0,236,254,54,0,0,0,0,0,0,9
0,0,0,0,0,0,0,0,8,118,200,241,253,253,254,253,128,2,0,0,0,0,0,0,0,0,0,88,205,254,253,253,165,78,223,253,253,19,0,0,0,0,0,0,0,0,61,248,253,229,130,49,2,0,66,253,253,19,0,0,0,0,0,0,0,0,0,107,155,23,0,0,0,0,59,253,253,19,0,0,0,0,0,0,0,0,0,0,0,0,0,0,0,0,59,254,235,15,0,0,0,0,0,0,0,0,0,0,0,0,0,0,0,0,59,253,241,16,0,0,0,0,0,0,0,0,0,0,0,0,0,0,0,0,59,253,198,6,0,0,0,0,0,0,0,0,0,0,0,0,0,0,0,0,112,253,174,0,0,0,0,0,0,0,0,0,0,0,0,0,0,0,0,0,194,245,70,0,0,0,0,0,0,0,0,0,0,0,0,0,0,0,0,99,255,211,0,0,0,0,0,0,0,0,0,0,0,0,0,0,0,0,11,147,226,73,0,0,0,0,0,0,0,0,0,0,0,43,79,102,93,79,172,253,60,0,0,0,0,0,0,0,0,31,100,144,234,244,253,254,253,253,253,253,212,129,28,0,0,0,0,0,106,239,254,253,253,253,253,254,253,253,253,253,254,253,205,8,0,0,13,186,254,254,241,150,68,0,0,255,254,145,98,98,135,230,254,102,0,0,111,253,250,158,30,0,0,26,154,249,142,12,0,0,0,125,253,232,27,0,226,253,116,0,0,37,109,190,115,60,0,0,0,0,0,20,253,253,58,0,232,253,235,234,235,240,116,16,0,0,0,0,0,0,0,17,241,231,49,0,27,155,200,230,133,54,0,0,0,0,0,0,0,0,0,16,205,34,0,0,0,0,0,0,0,0,0,0,0,0,0,0,0,0,0,0,0,0,0,0,2
0,0,0,0,0,0,0,0,36,253,253,48,0,0,0,0,0,0,0,0,0,0,0,0,0,0,0,14,212,253,177,0,0,0,0,0,0,0,0,0,0,0,0,0,0,0,0,69,253,248,56,0,0,0,0,0,0,0,0,0,0,0,0,0,0,0,16,206,253,205,0,0,0,0,0,0,0,0,0,0,0,0,0,0,0,0,78,253,245,62,0,0,0,0,0,0,0,0,0,0,0,0,0,0,0,32,241,253,199,0,0,0,0,0,0,0,0,0,0,0,0,0,0,0,0,134,253,244,40,0,0,0,0,0,0,0,0,0,0,0,0,0,0,0,81,254,254,142,0,0,0,0,0,0,17,79,79,79,19,0,0,0,0,39,240,253,195,2,0,0,0,47,179,193,238,253,253,253,241,68,0,0,0,164,253,212,9,0,0,3,122,248,253,217,191,191,191,191,238,243,0,0,82,251,242,75,0,0,10,174,253,254,178,17,0,0,0,0,192,253,0,41,237,253,155,0,0,5,119,253,253,140,2,0,0,0,0,29,224,230,0,79,253,223,28,0,5,119,253,252,157,15,0,0,0,0,72,211,250,75,0,79,253,240,100,5,89,253,251,188,0,0,0,0,24,118,244,253,156,0,0,19,204,253,240,203,253,253,236,18,18,45,106,187,247,253,226,79,15,0,0,0,44,210,253,253,253,253,253,253,253,254,253,253,245,153,12,0,0,0,0,0,0,19,97,241,253,253,253,253,222,166,141,78,8,0,0,0,0,0,0,0,0,0,0,0,0,0,0,0,0,0,0,0,0,0,0,0,0,0,0,0,0,0,0,0,0,0,0,0,0,0,0,0,0,0,0,0,0,0,0,0,0,0,0,0,0,0,0,0,0,0,0,0,0,0,0,0,0,0,6
0,0,0,0,0,0,0,0,0,0,0,0,0,0,0,0,0,0,0,0,0,0,0,0,0,0,0,0,0,0,0,0,0,0,0,0,0,0,0,0,0,0,0,0,0,0,0,0,0,0,0,0,0,72,149,197,197,197,193,35,0,0,0,0,0,0,0,0,0,0,8,118,244,251,253,253,253,253,253,224,0,0,0,0,0,0,0,0,0,38,200,253,253,253,243,128,211,226,83,170,0,0,0,0,0,0,0,0,86,226,253,253,168,45,18,0,210,198,7,0,0,0,0,0,0,0,21,122,227,253,145,78,2,0,0,0,167,206,11,0,0,0,0,0,0,13,200,253,253,151,12,0,0,0,0,0,210,190,3,0,0,0,0,0,0,120,253,250,124,14,0,0,0,0,0,20,199,209,13,0,0,0,0,3,117,250,252,148,0,0,0,0,0,0,0,91,243,214,15,0,0,0,0,161,253,253,118,0,0,0,0,0,0,0,41,226,253,123,0,0,0,0,0,201,253,233,16,0,0,0,0,0,0,0,135,253,245,51,0,0,0,8,161,253,240,63,0,0,0,0,0,0,7,121,246,241,152,0,0,0,0,84,253,253,134,0,0,0,0,0,0,0,156,253,253,139,0,0,0,0,0,206,253,164,4,0,0,0,0,14,53,218,253,243,154,5,0,0,0,0,0,254,253,114,0,0,0,0,52,196,253,253,209,72,0,0,0,0,0,0,0,255,253,225,91,75,125,173,245,253,241,149,13,0,0,0,0,0,0,0,0,115,253,253,253,253,253,253,237,141,32,0,0,0,0,0,0,0,0,0,0,7,154,245,250,247,243,151,63,0,0,0,0,0,0,0,0,0,0,0,0,0,0,14,63,38,0,0,0,0,0,0,0,0,0,0,0,0,0,0,0
0,0,0,0,0,0,0,0,0,0,4,157,239,57,0,0,0,0,0,0,0,0,0,0,0,0,0,0,0,0,15,254,254,196,0,0,0,0,0,0,0,0,0,0,0,0,0,0,0,0,86,254,254,252,64,0,0,0,0,0,0,0,0,0,0,0,0,0,0,0,112,254,254,252,67,0,0,0,0,0,0,0,0,0,0,0,0,0,0,0,156,254,254,245,0,0,0,0,0,0,0,0,0,0,0,0,0,0,0,17,223,254,254,245,0,0,0,0,0,0,0,0,0,0,0,0,0,0,0,106,254,254,254,225,0,0,0,0,0,0,0,0,0,0,0,0,0,0,0,188,254,254,251,65,0,0,0,0,0,0,0,0,0,0,0,0,0,0,27,245,254,254,211,0,0,0,0,0,0,0,0,0,0,0,0,0,0,0,136,254,254,254,193,0,0,0,0,0,0,0,0,0,0,0,0,0,0,9,211,254,254,254,110,0,0,0,0,0,0,0,0,0,0,0,0,0,0,115,254,254,254,202,6,0,0,0,0,0,0,0,0,0,0,0,0,0,0,212,254,254,254,89,0,0,0,0,0,0,0,0,0,0,0,0,0,0,43,246,254,254,239,17,0,0,0,0,0,0,0,0,0,0,0,0,0,0,144,254,254,254,143,0,0,0,0,0,0,0,0,0,0,0,0,0,0,0,246,255,255,247,49,0,0,0,0,0,0,0,0,0,0,0,0,0,0,35,249,254,254,168,0,0,0,0,0,0,0,0,0,0,0,0,0,0,0,87,254,254,254,111,0,0,0,0,0,0,0,0,0,0,0,0,0,0,0,76,253,255,255,61,0,0,0,0,0,0,0,0,0,0,0,0,0,0,0,0,246,254,254,14,0,0,0,0,0,0,0,0,0,0,1
0,0,0,0,0,0,0,0,0,0,0,0,0,0,0,0,0,0,0,0,0,28,67,241,177,94,27,0,0,0,0,0,0,0,0,0,0,0,0,0,69,217,254,254,254,254,237,145,63,29,20,23,0,0,0,0,0,0,0,0,128,254,254,254,254,254,254,254,254,240,227,224,73,52,2,0,0,0,0,0,13,85,85,171,178,178,206,178,178,226,254,254,254,254,109,23,0,0,0,0,0,0,0,0,0,48,47,0,0,12,103,205,254,254,243,34,0,0,0,0,0,0,0,0,15,107,2,0,0,5,69,205,254,254,236,6,0,0,0,0,0,0,0,0,32,0,0,0,0,132,254,254,254,254,254,75,0,0,0,0,0,0,0,0,4,0,0,0,43,216,254,254,254,254,247,47,0,0,0,0,0,0,0,0,0,0,0,0,188,254,254,253,244,254,230,188,5,0,0,0,0,0,0,0,0,0,0,0,153,254,155,63,72,247,193,207,9,0,0,0,0,0,20,5,0,0,0,0,0,0,0,0,0,152,254,255,128,0,0,0,0,4,68,44,0,0,0,0,0,0,0,0,0,41,219,254,247,47,0,0,0,4,35,0,0,0,0,0,0,0,0,0,0,0,5,195,254,131,0,0,0,4,28,0,0,0,0,0,57,146,9,0,0,0,13,229,254,69,0,0,0,0,0,0,0,0,0,27,249,218,13,0,0,0,16,240,232,24,0,0,0,0,0,0,0,0,0,29,254,188,0,0,0,0,65,240,249,35,0,0,0,0,0,0,0,0,0,96,254,235,165,86,86,137,240,254,100,0,0,0,0,0,0,0,0,0,0,96,239,254,254,254,254,254,254,222,6,0,0,0,0,0,0,0,0,0,0,0,98,233,254,254,254,254,251,159,5,0,0,0,3
0,0,0,0,0,0,0,0,0,0,0,0,0,0,0,0,0,0,0,0,0,0,0,0,8,121,245,254,172,144,34,11,0,0,0,0,0,0,0,0,0,0,0,0,56,253,253,253,253,253,254,200,108,0,0,0,0,0,0,0,0,0,0,0,10,130,154,154,184,253,254,253,236,143,0,0,0,0,0,0,0,0,0,0,0,0,0,0,4,10,135,237,253,253,142,0,0,0,0,0,0,0,0,0,0,0,0,0,0,0,0,23,225,253,198,0,0,0,0,0,0,0,0,0,0,0,0,0,0,0,0,62,225,253,198,0,0,0,0,0,0,0,0,0,0,0,0,0,0,5,137,247,253,252,141,0,0,0,0,0,0,0,0,0,0,0,0,0,0,111,254,253,253,192,0,0,0,0,0,0,0,0,0,0,0,0,0,0,0,77,255,253,179,3,0,0,0,0,0,0,0,0,0,0,0,0,0,0,0,0,254,253,241,58,0,0,0,0,0,0,0,0,0,0,0,0,0,0,0,0,78,244,254,184,0,0,0,0,0,0,0,0,0,0,0,0,0,0,0,0,0,148,253,231,0,0,0,0,0,0,0,0,0,0,0,0,0,0,0,0,0,111,253,231,0,0,0,0,0,0,0,0,0,0,0,0,0,0,0,0,37,217,253,222,0,0,0,0,0,0,0,0,0,0,0,0,32,65,0,49,255,253,232,95,0,0,0,0,0,0,0,0,0,0,0,0,122,201,123,247,254,253,116,0,0,0,0,0,0,0,0,0,0,0,0,0,223,253,253,253,253,88,4,0,0,0,0,0,0,0,0,0,0,0,0,0,232,253,253,253,134,0,0,0,0,0,0,0,0,0,0,0,0,0,0,0,232,253,253,220,0,0,0,0,0,0,0,0,0,0,3
0,0,0,0,0,0,0,0,0,0,0,0,4,128,216,28,0,0,0,0,0,0,0,0,0,0,0,0,0,0,0,0,29,252,252,139,0,0,0,0,0,0,0,0,0,0,0,0,0,0,0,0,66,252,252,103,0,0,0,0,0,0,0,0,0,0,0,0,0,0,0,0,191,252,214,15,0,0,0,0,0,0,0,0,0,0,0,0,0,0,0,114,255,253,156,0,0,0,0,0,0,0,0,0,0,0,0,0,0,0,19,194,253,240,43,0,0,0,0,0,0,0,0,0,0,0,0,0,0,0,172,252,253,158,0,0,0,0,0,0,0,0,0,0,0,0,0,0,0,0,197,252,228,9,0,0,0,0,0,0,0,0,0,0,0,0,0,0,0,108,253,253,226,0,0,0,0,0,0,0,0,0,0,0,0,0,0,0,0,131,252,252,200,0,0,0,0,0,0,0,0,0,0,0,0,0,0,0,10,197,252,252,25,0,0,0,0,0,0,0,0,0,0,0,0,0,0,0,128,252,252,102,0,0,0,0,0,0,0,0,0,0,0,0,0,0,0,0,254,253,206,13,0,0,0,0,0,0,0,0,0,0,0,0,0,0,0,26,253,240,81,0,0,0,0,0,0,0,0,0,0,0,0,0,0,0,67,222,253,158,0,0,0,0,0,0,0,0,0,0,0,0,0,0,0,26,210,252,241,47,0,0,0,0,0,0,0,0,0,0,0,0,0,0,0,120,253,253,151,0,0,0,0,0,0,0,0,0,0,0,0,0,0,0,7,187,252,227,0,0,0,0,0,0,0,0,0,0,0,0,0,0,0,0,66,252,252,103,0,0,0,0,0,0,0,0,0,0,0,0,0,0,0,0,91,252,127,3,0,0,0,0,0,0,0,0,0,0,0,0,1
0,0,0,0,0,0,0,0,0,0,0,0,0,0,0,0,0,0,0,0,0,0,0,0,0,0,0,0,0,0,0,26,239,146,18,0,0,0,0,0,0,0,0,0,0,0,0,0,0,0,0,1,208,254,141,0,0,0,0,0,0,0,0,0,0,0,0,0,0,0,0,63,253,221,72,0,0,0,0,0,0,0,0,0,0,0,0,0,0,0,0,126,254,137,0,0,0,0,0,0,0,0,0,0,0,0,0,0,0,0,0,206,254,87,0,0,0,0,0,0,0,0,0,0,0,0,0,0,0,0,26,237,202,5,0,0,0,0,0,0,0,0,0,0,0,0,0,0,0,0,140,254,133,0,0,0,0,0,0,0,0,0,0,0,0,0,0,0,0,10,224,247,77,0,0,0,0,0,0,0,0,0,0,0,0,0,0,0,0,94,254,140,0,0,0,0,0,0,0,0,0,0,0,0,0,0,0,0,0,178,254,85,0,0,0,0,0,0,0,0,0,0,0,0,0,0,0,0,57,249,220,22,0,0,0,0,0,0,0,0,0,0,0,0,0,0,0,0,138,254,125,0,0,0,0,0,0,0,0,0,0,0,0,0,0,0,0,0,138,254,56,0,0,0,0,0,0,0,0,0,0,0,0,0,0,0,0,0,206,233,22,0,0,0,0,0,0,0,0,0,0,0,0,0,0,0,0,44,248,140,0,0,0,0,0,0,0,0,0,0,0,0,0,0,0,0,0,122,254,121,0,0,0,0,0,0,0,0,0,0,0,0,0,0,0,0,0,143,254,121,0,0,0,0,0,0,0,0,0,0,0,0,0,0,0,0,0,143,255,121,0,0,0,0,0,0,0,0,0,0,0,0,0,0,0,0,0,143,255,121,0,0,0,0,0,0,0,0,0,0,1
0,0,0,0,0,0,0,0,0,0,0,0,0,0,0,0,0,0,0,0,0,0,0,0,0,0,0,0,0,0,0,0,0,0,0,0,0,0,0,0,0,0,0,0,0,0,0,0,0,70,76,49,0,0,0,0,0,0,0,0,0,0,0,0,0,0,3,73,197,251,253,242,112,31,114,126,222,178,101,4,0,0,0,0,0,33,188,253,253,253,253,253,253,253,253,253,253,253,253,225,0,0,0,0,68,237,253,253,253,253,253,253,253,253,253,253,253,253,253,253,0,0,0,107,243,253,253,253,253,253,253,253,253,253,253,253,249,253,253,253,0,0,68,241,253,253,253,253,253,253,253,253,253,242,163,97,56,160,253,253,0,30,237,253,253,253,253,253,253,253,253,253,117,45,0,0,0,104,253,253,0,144,253,253,253,253,137,109,250,245,129,44,2,0,0,0,39,223,253,253,0,254,253,253,253,178,10,0,71,86,0,0,0,0,0,41,225,253,253,253,0,254,253,253,219,14,0,0,0,0,0,0,0,0,75,224,253,253,253,253,0,254,253,253,109,0,0,0,0,0,0,18,78,155,251,253,253,253,251,171,0,254,253,253,184,41,0,0,21,60,83,235,253,253,253,253,253,253,195,0,0,254,253,253,253,238,206,206,222,253,253,253,253,253,253,253,253,214,24,0,0,243,253,253,253,253,253,253,253,253,253,253,253,253,253,253,133,6,0,0,0,63,236,253,253,253,253,253,253,253,253,253,253,253,228,85,26,0,0,0,0,0,140,253,253,253,253,253,253,253,253,253,201,79,27,0,0,0,0,0,0,0,2,54,131,221,221,221,221,122,113,28,3,0,0,0,0,0,0,0,0,0,0,0,0,0,0,0,0,0,0,0,0,0,0,0,0,0,0,0,0
0,0,20,112,107,81,186,254,254,254,255,254,155,136,11,0,0,0,0,0,0,0,36,253,253,253,253,253,253,253,253,253,253,253,139,0,0,0,0,0,0,0,36,253,253,193,82,82,82,82,82,82,82,82,79,0,0,0,0,0,0,0,36,253,253,164,0,0,0,0,0,0,0,0,0,0,0,0,0,0,0,0,36,253,253,164,0,0,0,0,0,0,0,0,0,0,0,0,0,0,0,0,36,253,253,115,0,0,0,0,0,0,0,0,0,0,0,0,0,0,0,0,94,253,253,47,0,0,0,0,0,0,0,0,0,0,0,0,0,0,0,10,210,253,202,21,22,24,91,142,142,142,142,142,142,128,24,7,0,0,0,38,253,253,183,160,243,253,253,253,253,253,253,253,253,253,253,185,33,0,0,136,253,253,253,253,253,253,220,194,194,194,95,128,194,229,253,253,193,52,0,101,253,253,253,226,127,59,26,0,0,0,0,0,0,34,150,253,253,152,0,3,113,158,126,27,0,0,0,0,0,0,0,0,0,0,8,150,253,237,0,0,0,0,0,0,0,0,0,0,0,0,0,0,0,0,0,66,253,253,0,0,0,0,0,0,0,0,0,0,0,0,0,0,0,0,25,217,253,249,0,0,0,0,0,11,80,7,0,0,0,0,0,0,0,18,127,253,253,139,0,0,0,0,14,175,253,11,0,0,0,0,0,0,30,217,253,253,238,28,0,0,0,0,102,253,253,11,0,0,0,0,0,60,217,253,253,237,72,0,0,0,0,0,189,253,253,203,201,201,201,201,201,249,253,253,177,39,0,0,0,0,0,0,59,235,253,253,253,253,253,253,253,253,249,84,12,0,0,0,0,0,0,0,0,56,135,193,253,234,135,135,91,17,16,0,0,0,0,0,5
0,0,0,0,0,0,0,0,0,0,0,9,197,252,252,116,0,0,0,0,0,0,0,0,0,0,0,0,0,0,38,155,252,252,221,32,0,0,0,0,0,0,0,0,0,0,0,0,0,85,233,252,252,176,35,0,0,0,0,0,0,0,0,0,0,0,0,0,0,230,253,252,136,4,0,0,0,0,0,0,0,0,0,0,0,0,0,7,160,253,242,135,0,0,0,0,0,0,0,0,0,0,0,0,0,0,9,103,252,252,140,47,47,47,5,0,0,0,0,0,0,0,0,0,0,0,130,252,252,252,253,252,252,252,190,64,0,0,0,0,0,0,0,0,0,62,236,252,252,252,161,160,160,236,252,239,34,0,0,0,0,0,0,0,0,243,252,252,210,32,0,0,0,19,179,253,196,0,0,0,0,0,0,0,0,244,239,115,0,0,0,0,0,0,106,255,232,38,0,0,0,0,0,0,0,50,33,0,0,0,0,0,0,0,0,253,252,69,0,0,0,0,0,0,0,0,0,0,0,0,0,0,0,0,85,253,240,50,0,0,0,0,0,0,0,0,0,0,0,0,0,0,0,0,116,253,206,0,0,0,0,0,0,0,106,53,0,0,0,0,0,0,0,43,230,253,153,0,0,0,0,0,49,233,253,53,0,0,0,0,0,5,55,233,253,221,0,0,0,0,0,0,184,252,157,0,0,0,0,0,26,136,252,252,231,42,0,0,0,0,0,0,184,252,54,0,0,0,26,122,222,252,233,89,37,0,0,0,0,0,0,0,184,252,232,208,207,207,224,252,253,172,33,0,0,0,0,0,0,0,0,0,48,179,252,253,252,252,210,137,75,8,0,0,0,0,0,0,0,0,0,0,0,0,0,0,0,0,0,0,0,0,0,0,0,0,0,0,0,0,5
0,0,0,0,0,0,0,0,0,0,0,0,128,255,255,128,0,0,0,0,0,0,0,0,0,0,0,0,0,64,191,255,255,255,255,255,255,191,0,0,0,0,0,0,0,0,0,64,191,255,255,255,255,255,255,255,255,255,128,0,0,0,0,0,0,0,0,64,255,255,255,128,128,0,0,191,255,255,64,0,0,0,0,0,0,0,0,64,128,64,0,0,0,0,64,255,255,255,0,0,0,0,0,0,0,0,0,0,0,0,0,0,64,191,255,255,255,64,0,0,0,0,0,0,0,0,0,0,0,0,0,128,191,255,255,128,128,0,0,0,0,0,0,0,0,0,0,0,0,128,255,255,255,191,128,0,0,0,0,0,0,0,0,0,0,0,191,255,255,255,255,255,191,64,0,0,0,0,0,0,0,0,0,0,0,0,255,255,255,255,255,255,255,64,0,0,0,0,0,0,0,0,0,0,0,0,0,128,128,0,128,255,255,255,64,0,0,0,0,0,0,0,0,0,0,0,0,0,0,0,0,0,191,255,255,64,0,0,0,0,0,0,0,0,0,0,0,0,0,0,0,0,64,191,255,64,0,0,0,0,0,0,0,0,0,0,0,0,0,0,0,0,0,255,255,0,0,0,0,0,0,0,0,0,0,0,0,0,0,0,0,0,64,255,255,64,0,0,0,0,255,191,0,0,0,0,0,0,0,0,0,0,255,255,191,0,0,0,0,0,255,255,255,0,0,0,0,0,0,64,191,255,255,255,64,0,0,0,0,0,255,255,255,255,191,128,128,255,255,255,255,255,255,64,0,0,0,0,0,0,0,191,255,255,255,255,255,255,255,255,255,128,0,0,0,0,0,0,0,0,0,0,0,64,191,255,128,128,128,128,64,0,0,0,0,0,0,0,0,0,3
0,0,0,0,0,0,0,0,0,0,0,0,0,0,0,0,0,0,0,0,0,0,0,0,0,0,0,0,0,0,0,0,0,0,0,0,0,0,0,0,0,0,0,0,0,0,0,0,37,21,0,0,0,0,0,0,190,254,53,0,0,0,0,0,0,0,0,0,3,0,0,0,0,0,0,100,253,220,38,0,0,0,0,0,0,0,0,0,0,90,198,0,0,0,0,228,254,80,0,0,0,0,0,0,0,0,0,0,55,248,214,0,0,0,152,251,181,20,0,0,0,0,0,0,0,0,0,19,175,254,169,0,0,67,246,235,35,0,0,0,0,0,0,0,0,0,0,138,254,209,27,0,28,219,254,149,6,0,0,0,0,0,0,0,0,0,96,227,254,97,0,0,132,252,254,206,4,0,0,0,0,0,0,0,0,0,147,254,205,19,0,43,234,254,249,109,9,0,0,0,0,0,0,0,0,0,151,249,254,201,184,232,254,251,95,0,0,0,0,0,0,0,0,0,0,0,0,81,175,254,254,254,227,60,0,0,0,0,0,0,0,0,0,0,0,0,0,0,0,49,255,254,61,0,0,0,0,0,0,0,0,0,0,0,0,0,0,0,8,143,254,175,31,0,0,0,0,0,0,0,0,0,0,0,0,0,0,0,48,254,224,6,0,0,0,0,0,0,0,0,0,0,0,0,0,0,0,13,211,254,109,0,0,0,0,0,0,0,0,0,0,0,0,0,0,0,0,152,247,208,10,0,0,0,0,0,0,0,0,0,0,0,0,0,0,0,31,240,244,70,0,0,0,0,0,0,0,0,0,0,0,0,0,0,0,0,115,245,184,13,0,0,0,0,0,0,0,0,0,0,0,0,0,0,0,22,234,227,13,0,0,0,0,0,0,0,0,0,0,0,4
0,0,0,0,0,0,0,0,0,0,0,0,0,0,0,0,0,0,0,0,0,0,0,0,0,0,0,0,0,0,3,62,232,254,255,166,146,73,7,0,0,0,0,0,0,0,0,0,0,59,180,253,253,253,253,253,253,253,151,2,0,0,0,0,0,0,0,3,139,246,253,253,253,253,253,253,253,253,253,54,0,0,0,0,0,0,14,188,253,253,253,253,253,253,253,253,253,253,253,95,0,0,0,0,0,14,183,253,253,253,253,253,253,253,253,253,253,253,142,2,0,0,0,0,3,188,253,253,253,216,36,50,228,253,253,253,253,144,5,0,0,0,0,0,3,190,253,253,253,253,158,119,233,253,253,253,148,31,0,0,0,0,0,0,0,115,253,253,253,253,253,253,253,253,233,126,3,0,0,0,0,0,0,0,0,23,163,245,253,253,253,253,253,189,53,0,0,0,0,0,0,0,0,0,0,0,0,142,253,253,253,253,253,124,0,0,0,0,0,0,0,0,0,0,0,0,69,237,253,253,253,253,253,124,0,0,0,0,0,0,0,0,0,0,0,51,250,253,253,209,187,253,253,124,0,0,0,0,0,0,0,0,0,0,2,175,253,253,253,96,150,253,253,124,0,0,0,0,0,0,0,0,0,0,6,253,253,253,127,12,233,253,253,124,0,0,0,0,0,0,0,0,0,0,110,253,253,185,4,47,244,253,253,113,0,0,0,0,0,0,0,0,0,0,114,253,253,134,41,176,253,253,253,16,0,0,0,0,0,0,0,0,0,0,114,253,253,229,196,253,253,253,216,10,0,0,0,0,0,0,0,0,0,0,114,253,253,253,253,253,253,246,49,0,0,0,0,0,0,0,0,0,0,0,36,225,253,253,253,253,249,98,0,0,0,0,0,0,0,0,8
238,253,246,244,254,228,238,235,254,225,239,204,231,224,203,226,203,217,240,230,222,252,202,246,248,200,203,227,220,232,227,205,202,249,210,218,213,217,212,231,205,235,250,203,245,203,239,252,241,252,206,216,227,205,215,247,201,206,201,233,254,239,231,223,210,243,213,244,239,213,211,217,248,203,237,203,202,214,205,251,248,249,200,250,238,210,229,230,206,248,242,204,209,217,244,215,221,254,203,216,231,203,205,249,254,238,231,254,245,203,211,232,207,241,251,212,233,250,219,250,213,241,228,229,221,206,208,220,242,243,225,211,223,209,202,252,235,238,203,222,241,221,225,213,218,235,200,241,248,206,203,215,232,248,251,212,221,240,217,200,212,249,253,238,209,233,222,206,239,250,251,210,220,226,218,236,203,230,219,220,235,223,253,236,238,235,206,201,251,241,218,206,228,245,233,227,202,253,240,242,216,222,214,218,221,213,252,209,202,248,241,206,201,219,204,254,241,253,207,208,237,220,230,206,233,213,239,247,250,214,232,220,205,239,246,214,248,205,222,227,236,234,245,211,224,228,241,223,254,221,226,222,208,223,226,211,207,235,230,241,204,202,239,253,226,237,204,252,206,218,242,233,254,241,238,220,209,228,245,241,212,245,253,245,226,250,230,209,216,237,245,248,227,212,244,208,236,240,229,202,201,222,231,246,212,231,221,215,226,234,236,237,254,208,200,248,229,238,221,225,240,239,219,250,245,246,243,246,203,253,212,233,201,211,219,200,201,231,203,249,236,205,243,217,213,226,245,226,207,219,234,222,212,224,236,225,200,241,225,219,201,228,239,216,205,244,240,221,237,247,222,232,210,249,223,247,203,237,222,213,226,201,248,203,245,223,242,228,234,235,200,239,213,243,215,214,240,211,200,247,1
0,0,0,0,0,0,0,0,0,0,253,252,253,252,253,252,183,20,0,0,0,0,0,0,0,0,0,0,0,0,123,203,142,102,132,253,255,172,0,0,0,0,0,0,0,0,0,0,0,0,0,0,0,0,10,131,253,252,82,0,0,0,0,0,0,0,0,0,0,0,0,0,0,0,0,0,255,253,142,0,0,0,0,0,0,0,0,0,0,0,0,0,0,0,0,0,253,252,102,0,0,0,0,0,0,0,0,0,0,0,0,0,0,0,0,0,193,253,163,0,0,0,0,0,0,0,0,0,0,0,0,0,0,0,0,41,233,252,81,0,0,0,0,0,0,0,0,0,0,0,0,0,0,0,11,213,254,172,0,0,0,0,0,0,0,0,0,0,0,0,0,0,0,0,132,252,233,30,0,0,0,0,0,0,0,0,31,92,152,71,21,0,0,41,254,253,203,0,0,0,0,0,0,0,0,163,233,252,253,252,203,61,21,183,253,252,81,0,0,0,0,0,0,41,254,253,244,203,203,243,254,213,214,253,244,122,0,0,0,0,0,0,21,223,253,171,81,0,0,40,253,252,253,212,122,0,0,0,0,0,0,21,214,253,123,0,0,0,11,92,254,253,254,151,0,0,0,0,0,0,0,61,233,111,0,0,0,0,132,252,253,252,253,192,0,0,0,0,0,0,0,163,234,30,0,21,113,193,254,253,102,203,254,213,0,0,0,0,0,0,0,203,253,212,203,223,253,252,233,70,0,142,253,171,0,0,0,0,0,0,0,82,234,253,255,253,244,162,41,0,0,82,254,172,0,0,0,0,0,0,0,0,30,50,50,50,40,0,0,0,0,41,213,212,0,0,0,0,0,0,0,0,0,0,0,0,0,0,0,0,0,0,0,0,0,0,0,0,0,0,2
0,0,0,0,0,0,0,0,0,0,0,0,0,0,0,0,0,0,0,0,0,53,177,133,67,67,67,67,67,67,67,59,0,0,0,0,0,0,0,0,0,236,253,253,253,253,253,253,253,253,253,249,210,167,4,0,0,0,0,0,0,254,253,253,253,253,253,253,253,253,253,254,253,253,10,0,0,0,0,0,0,254,253,253,253,253,253,253,253,253,253,254,253,253,10,0,0,0,0,0,0,70,227,253,253,253,253,253,253,253,253,254,253,253,98,0,0,0,0,0,0,0,15,65,131,131,94,123,84,54,225,254,253,253,20,0,0,0,0,0,0,0,0,0,0,0,0,0,8,109,253,254,253,173,4,0,0,0,0,0,0,0,0,0,0,0,0,0,79,253,253,254,204,12,0,0,0,0,0,0,0,0,0,0,0,0,0,5,198,253,253,240,106,0,0,0,0,0,0,0,0,0,0,0,0,0,12,188,254,254,254,159,0,0,0,0,0,0,0,0,0,0,0,0,0,15,180,253,253,253,224,82,0,0,0,0,0,0,0,0,0,0,0,0,0,100,253,253,253,253,52,0,0,0,0,0,0,0,0,0,0,0,0,0,22,250,253,253,253,253,148,71,23,4,0,0,0,0,0,0,0,0,0,0,8,196,253,253,253,253,253,254,253,181,166,94,56,54,34,56,0,0,0,0,0,60,234,253,253,253,253,254,253,253,253,253,253,251,232,253,0,0,0,0,0,0,104,190,253,253,253,254,253,253,253,253,253,253,253,253,0,0,0,0,0,0,0,48,166,223,253,255,253,253,253,253,253,253,253,240,0,0,0,0,0,0,0,0,0,20,66,66,95,176,176,176,137,71,156,46,0,0,0,0,0,0,0,0,0,0,0,0,0,0,0,0,0,0,0,0,2
0,0,0,0,0,0,0,0,0,0,0,52,241,212,89,0,0,0,0,0,0,0,0,0,0,0,0,0,6,108,171,246,253,253,250,63,0,0,0,0,0,0,0,0,0,0,0,10,173,253,254,253,253,253,253,66,0,0,0,0,0,0,0,0,0,0,0,140,253,253,254,253,253,253,253,66,0,0,0,0,0,0,0,0,0,0,68,234,253,253,254,253,253,253,253,214,99,0,0,0,0,0,0,0,0,69,233,253,253,253,201,222,253,253,253,253,221,20,0,0,0,0,0,0,138,233,253,253,253,161,0,34,80,192,245,253,253,184,0,0,0,0,0,52,234,253,253,239,253,120,0,0,0,0,74,211,253,243,68,0,0,0,0,158,253,253,223,66,253,197,0,0,0,0,0,107,249,253,107,0,0,0,50,235,253,225,38,13,197,253,0,0,0,0,0,0,104,253,107,0,0,0,95,254,254,137,0,0,85,254,0,0,0,0,0,0,175,255,107,0,0,0,221,253,132,4,0,0,8,76,0,0,0,0,0,0,174,253,107,0,0,97,251,253,53,0,0,0,0,0,0,0,0,0,0,98,245,243,67,0,0,108,253,253,53,0,0,0,0,0,0,0,0,0,22,208,253,184,0,0,0,108,253,253,88,0,0,0,0,0,0,0,0,22,117,253,243,69,0,0,0,108,253,253,236,78,0,0,0,0,0,0,49,188,253,253,184,0,0,0,0,34,214,253,253,236,153,41,39,22,41,168,245,253,253,195,25,0,0,0,0,0,94,253,253,253,253,253,248,210,255,253,253,245,226,59,0,0,0,0,0,0,40,148,243,253,253,253,253,253,255,253,248,163,0,0,0,0,0,0,0,0,0,0,32,147,253,253,253,253,191,120,76,0,0,0,0,0,0,0,0
0,0,0,0,0,0,0,0,0,0,18,209,253,253,129,0,0,0,0,0,0,0,0,0,0,0,0,0,0,21,146,254,253,206,28,0,0,0,0,0,0,0,0,0,0,0,0,0,24,201,253,254,218,73,0,0,0,0,0,0,0,0,0,0,0,0,0,66,217,253,253,245,26,0,0,0,0,0,0,0,0,0,0,0,0,0,66,199,253,253,213,104,0,0,0,0,0,0,0,0,0,0,0,0,0,24,217,253,253,211,82,0,0,0,0,0,0,0,0,0,0,0,0,0,21,201,253,253,253,35,0,0,0,0,0,0,0,0,0,0,0,0,0,18,204,253,253,213,28,1,0,0,0,0,0,0,0,0,0,0,0,0,2,163,254,254,245,104,0,0,0,1,82,209,255,254,220,93,2,0,0,0,25,253,253,253,60,0,0,0,12,151,253,253,253,253,253,253,115,3,0,0,100,253,253,216,23,0,0,16,198,254,253,231,217,217,245,253,253,24,0,0,145,253,253,193,0,0,0,190,253,252,193,32,0,0,100,244,253,105,0,0,117,253,253,193,0,0,99,247,253,213,0,0,0,0,18,217,253,144,0,0,18,226,253,239,194,136,245,253,218,29,0,0,0,0,108,253,253,110,0,0,0,118,253,253,253,253,253,253,173,86,86,86,86,86,214,253,253,24,0,0,0,6,135,253,253,253,253,253,253,254,253,253,253,253,253,253,216,15,0,0,0,0,5,53,144,181,253,253,253,254,253,253,253,253,253,217,32,0,0,0,0,0,0,0,0,45,178,253,195,138,253,253,172,132,40,8,0,0,0,0,0,0,0,0,0,0,0,0,0,0,0,0,0,0,0,0,0,0,0,0,0,0,0,0,0,0,0,0,0,0,0,0,0,0,0,0,0,0,6
0,0,0,0,0,0,0,0,200,221,53,0,0,0,0,0,0,0,0,0,0,0,0,0,0,0,0,0,92,237,249,151,68,32,0,0,0,0,0,0,0,0,0,0,0,0,0,0,0,58,185,250,253,237,152,0,0,0,0,0,0,0,0,0,0,0,0,0,0,0,0,50,147,253,253,72,0,0,0,0,0,0,0,0,0,0,0,0,0,0,0,20,179,253,253,59,0,0,0,0,0,0,0,0,0,0,0,0,0,27,99,215,254,190,26,0,0,0,0,0,0,0,0,0,0,0,0,47,132,242,254,182,63,4,0,0,0,0,0,0,0,0,0,0,0,0,28,235,237,151,36,3,0,0,0,0,0,0,0,0,0,0,0,0,0,0,84,250,191,38,0,0,0,0,0,0,0,0,0,0,0,0,0,0,0,0,0,152,253,227,66,0,0,0,0,0,0,0,0,0,0,0,0,0,0,0,0,0,111,207,255,182,37,0,0,0,0,0,0,0,0,0,0,0,0,0,0,0,0,7,102,229,244,122,0,0,0,0,0,0,0,0,0,0,0,0,0,0,0,0,0,40,176,250,121,0,0,0,0,0,0,0,0,0,0,0,0,0,0,0,0,0,8,171,253,0,0,0,0,0,0,0,0,0,0,0,0,0,0,0,0,0,0,109,253,0,0,0,0,0,0,0,0,0,0,0,0,0,0,0,0,0,50,234,169,0,0,0,0,0,0,0,0,0,0,0,0,0,0,0,36,158,244,164,5,0,0,0,0,0,0,0,0,0,0,0,0,0,68,159,241,253,163,8,0,0,0,0,0,0,0,0,0,0,0,135,199,199,241,253,209,125,8,0,0,0,0,0,0,0,0,0,0,0,33,254,253,240,155,72,0,0,0,0,0,0,0,0,0,0,3
0,0,0,0,0,0,0,0,0,0,0,0,0,0,0,0,0,0,0,0,0,0,0,0,0,38,133,232,196,254,254,134,64,13,5,0,0,0,0,0,0,0,0,4,25,188,253,253,253,253,253,254,253,253,181,59,6,0,0,0,0,0,0,54,253,253,253,253,239,234,217,254,253,253,253,253,145,7,0,0,0,0,0,157,253,218,170,84,52,41,0,85,84,84,108,205,205,39,0,0,0,0,18,226,242,55,0,0,0,0,0,0,0,0,0,0,0,0,0,0,0,0,25,253,205,0,0,0,0,0,0,0,0,0,0,0,0,0,0,0,0,0,65,253,244,120,61,0,0,0,0,0,0,0,0,0,0,0,0,0,0,0,42,253,253,253,243,218,218,166,98,98,42,0,0,0,0,0,0,0,0,0,3,115,253,253,253,253,253,253,253,254,240,213,89,0,0,0,0,0,0,0,0,2,35,132,167,253,253,253,253,254,253,253,251,213,87,0,0,0,0,0,0,0,0,0,0,0,0,0,59,128,242,244,255,254,254,156,19,0,0,0,0,0,0,0,0,0,0,0,0,0,0,16,189,246,253,253,47,0,0,0,0,0,0,0,0,0,0,0,0,0,0,0,0,69,199,253,217,15,0,0,0,0,0,0,24,0,0,0,0,0,0,0,0,0,73,253,253,24,0,0,0,0,0,0,144,141,9,0,0,0,0,0,0,0,102,253,184,7,0,0,0,0,0,0,73,253,98,42,0,0,0,0,14,160,239,253,64,0,0,0,0,0,0,0,49,237,253,233,148,86,97,206,215,253,253,225,24,0,0,0,0,0,0,0,0,70,240,253,253,254,253,253,253,253,225,47,0,0,0,0,0,0,0,0,0,0,125,243,253,254,253,253,253,146,17,0,0,0,5
0,0,0,0,0,0,0,0,0,0,0,0,0,0,0,0,0,0,0,0,0,0,0,0,0,0,0,0,41,248,194,29,0,0,0,0,0,0,0,0,0,0,0,0,0,0,0,0,120,253,254,214,30,0,0,0,0,0,0,0,0,0,0,0,0,0,0,0,136,253,147,240,196,5,0,0,0,0,0,0,0,0,0,0,0,0,0,0,136,253,0,171,253,19,0,0,0,0,0,0,0,0,0,0,0,0,0,0,191,254,79,94,254,254,176,175,175,139,0,0,0,0,0,0,0,0,0,0,154,253,91,82,241,253,251,214,172,28,0,0,0,0,0,0,0,0,0,0,136,253,209,214,253,235,234,0,0,0,0,0,0,0,0,0,0,0,0,0,136,253,254,241,91,86,234,0,0,0,0,0,0,0,0,0,0,0,0,0,47,248,247,60,0,0,0,0,0,0,0,0,0,0,0,0,0,0,0,7,179,253,234,0,0,0,0,0,0,0,0,0,0,0,0,0,0,0,0,106,253,253,234,0,0,0,0,0,0,0,0,0,0,0,0,0,0,0,13,225,211,223,234,0,0,0,0,0,0,0,0,0,0,0,0,0,0,0,99,254,111,211,205,0,0,0,0,0,0,0,0,0,0,0,0,0,0,0,170,235,21,234,180,0,0,0,0,0,0,0,0,0,0,0,0,0,0,67,254,147,0,234,138,0,0,0,0,0,0,0,0,0,0,0,0,0,0,79,254,88,55,252,79,0,0,0,0,0,0,0,0,0,0,0,0,0,0,79,255,59,137,254,79,0,0,0,0,0,0,0,0,0,0,0,0,0,0,79,254,95,148,253,18,0,0,0,0,0,0,0,0,0,0,0,0,0,0,61,254,175,235,168,0,0,0,0,0,0,0,0,0,0,8
0,0,0,0,0,0,0,0,0,0,0,124,253,253,253,103,0,0,0,0,0,0,0,0,0,0,0,0,0,0,66,171,253,247,160,24,0,0,0,0,0,0,0,0,0,0,0,0,0,59,235,253,219,108,0,0,0,0,0,0,0,0,0,0,0,0,0,0,0,78,253,185,14,0,0,0,0,0,0,0,0,0,0,0,0,0,0,11,165,243,193,87,0,0,0,0,0,0,0,0,0,0,0,0,0,0,0,143,253,196,21,0,0,0,0,0,0,0,0,0,0,0,0,0,0,0,81,106,185,85,0,0,0,0,0,0,0,0,0,0,0,0,0,0,0,0,180,24,11,0,0,0,0,0,0,0,0,0,0,0,0,0,0,0,135,81,165,21,0,0,0,0,0,0,0,0,0,0,0,0,0,0,0,46,222,115,0,0,0,0,0,0,0,0,0,0,0,0,0,0,0,0,0,93,242,83,0,0,0,22,70,70,112,121,70,11,0,0,0,0,0,0,0,103,112,0,0,2,96,195,253,253,253,253,253,47,0,0,0,0,0,0,0,247,61,0,0,102,253,253,253,253,253,253,253,219,42,0,0,0,0,0,0,190,24,0,204,243,253,253,253,253,253,253,253,238,69,0,0,0,0,0,0,148,183,162,248,253,253,253,253,253,253,253,253,186,0,0,0,0,0,0,0,54,161,253,253,253,253,253,253,253,253,253,203,22,0,0,0,0,0,0,0,0,7,159,253,253,253,253,253,253,205,96,25,0,0,0,0,0,0,0,0,0,0,55,150,253,253,253,253,178,12,0,0,0,0,0,0,0,0,0,0,0,0,0,0,0,0,0,0,0,0,0,0,0,0,0,0,0,0,0,0,0,0,0,0,0,0,0,0,0,0,0,0,0,0,0,0,0,6
0,0,0,0,0,0,0,0,0,0,0,0,0,0,0,0,0,0,0,0,0,0,0,0,0,0,0,0,0,0,0,0,0,0,0,0,0,0,0,0,0,0,0,0,0,0,0,0,0,0,0,0,0,0,0,0,0,0,0,0,0,0,0,0,0,2,92,158,254,65,2,7,2,0,0,0,0,0,0,0,0,0,0,0,0,111,253,253,244,116,81,253,156,20,0,0,0,0,0,0,0,0,0,0,22,216,253,222,30,6,203,253,204,16,0,0,0,0,0,0,0,0,0,0,38,253,253,125,0,141,253,253,166,0,0,0,0,0,0,0,0,0,0,0,53,253,229,45,62,230,253,253,209,18,0,0,0,0,0,0,0,0,0,0,143,253,253,208,253,253,253,253,166,0,0,0,0,0,0,0,0,0,0,0,31,239,253,253,221,116,217,253,166,0,0,0,0,0,0,0,0,0,0,0,0,53,80,80,22,0,199,253,166,0,0,0,0,0,0,0,0,0,0,0,0,0,0,0,0,0,199,253,166,0,0,0,0,0,0,0,0,0,0,0,0,0,0,0,0,0,199,253,166,0,0,0,0,0,0,0,0,0,0,0,0,0,0,0,0,0,199,253,166,0,0,0,0,0,0,0,0,0,0,0,0,0,0,0,0,0,102,253,234,29,0,0,0,0,0,0,0,0,0,0,0,0,0,0,0,0,51,238,253,37,0,0,0,0,0,0,0,0,0,0,0,0,0,0,0,0,0,205,253,37,0,0,0,0,0,0,0,0,0,0,0,0,0,0,0,0,0,205,253,37,0,0,0,0,0,0,0,0,0,0,0,0,0,0,0,0,0,205,253,85,0,0,0,0,0,0,0,0,0,0,0,0,0,0,0,0,0,205,253,160,0,0,0,0,0,0,9
0,0,0,0,21,221,254,181,0,0,0,0,0,0,0,0,0,0,0,0,0,0,0,0,22,227,254,211,13,0,0,0,0,0,0,0,0,0,0,0,0,0,0,0,123,254,254,189,4,0,0,0,0,0,0,0,0,0,0,0,0,0,0,0,110,254,254,204,10,0,0,0,0,0,0,0,0,0,0,0,0,0,0,0,99,254,254,205,13,0,0,0,0,0,0,0,0,0,0,0,0,0,0,0,141,254,254,78,0,0,0,0,0,0,0,0,0,0,0,0,0,0,0,0,99,254,254,121,0,0,0,0,0,0,0,0,0,0,0,0,0,0,0,0,120,254,254,99,0,0,0,0,0,0,0,0,0,0,0,0,0,0,0,0,121,254,254,99,0,0,0,0,0,17,135,203,128,51,0,0,0,0,0,0,67,227,254,167,13,0,0,0,0,59,254,254,254,244,108,0,0,0,0,0,37,254,254,181,0,0,0,0,35,227,254,254,254,254,187,0,0,0,0,0,3,149,254,211,13,0,0,0,59,253,254,254,254,254,251,132,0,0,0,0,0,155,254,204,10,0,0,0,142,254,254,254,254,254,254,140,0,0,0,0,0,169,254,255,92,21,21,43,218,254,254,254,254,253,242,43,0,0,0,0,0,28,170,254,254,254,254,254,254,254,254,254,254,214,68,0,0,0,0,0,0,0,126,247,254,254,254,254,254,254,254,254,254,126,0,0,0,0,0,0,0,0,0,116,254,254,254,254,254,254,254,247,123,10,0,0,0,0,0,0,0,0,0,14,96,150,238,254,254,254,175,47,0,0,0,0,0,0,0,0,0,0,0,0,0,0,0,0,0,0,0,0,0,0,0,0,0,0,0,0,0,0,0,0,0,0,0,0,0,0,0,0,0,0,0,0,6
0,0,0,0,0,0,0,0,0,0,0,0,0,0,0,0,0,0,0,0,0,0,0,0,4,104,229,203,79,10,0,0,0,0,0,0,0,0,0,0,0,0,0,0,29,252,252,252,253,196,82,32,0,0,0,0,0,0,0,0,0,0,0,0,117,196,80,56,119,224,252,228,126,0,0,0,0,0,0,0,0,0,0,0,91,84,0,0,0,19,203,252,225,0,0,0,0,0,0,0,0,0,0,0,0,0,0,0,0,0,38,226,255,146,0,0,0,0,0,0,0,0,0,0,0,0,0,0,0,0,0,113,253,196,0,0,0,0,0,0,0,0,0,0,0,0,0,0,0,0,0,113,253,196,0,0,0,0,0,0,0,0,0,0,0,0,0,0,0,0,0,113,253,196,0,0,0,0,0,0,0,0,0,0,0,0,0,0,0,0,0,176,254,197,0,0,0,0,0,0,0,0,0,0,0,0,0,0,0,0,0,225,253,208,57,32,0,0,0,0,0,0,0,0,10,110,197,197,185,160,197,246,253,252,252,228,176,0,0,0,0,0,0,51,29,252,252,252,253,252,252,252,253,227,139,90,25,0,0,0,0,0,0,214,226,225,225,175,101,76,113,238,239,38,0,0,0,0,0,0,0,0,0,113,0,0,0,0,0,0,19,231,225,0,0,0,0,0,0,0,0,0,0,76,101,0,0,0,0,0,85,252,225,0,0,0,0,0,0,0,0,0,0,0,0,0,0,0,0,0,185,252,225,0,0,0,0,0,0,0,0,0,0,0,0,0,0,0,0,32,229,253,101,0,0,0,0,0,0,0,0,0,0,0,0,0,0,0,0,57,252,227,0,0,0,0,0,0,0,0,0,0,0,0,0,0,0,0,0,144,252,139,0,0,0,0,0,0,0,0,7
0,0,0,0,0,0,0,0,0,0,0,0,0,0,0,0,0,0,0,0,0,0,0,0,0,0,0,0,0,0,0,0,0,0,0,0,0,0,0,0,0,0,0,0,0,0,0,0,0,0,0,0,0,0,0,0,0,0,0,0,0,0,0,0,0,0,0,0,0,0,0,0,0,0,0,0,0,0,0,0,0,0,0,0,0,0,0,0,0,0,0,0,0,0,0,0,0,0,0,0,0,0,0,0,0,0,0,0,0,0,0,0,0,0,0,0,10,85,172,147,126,200,113,63,0,0,0,0,0,0,0,0,0,76,113,163,229,252,252,252,242,253,253,253,255,253,253,253,242,141,229,253,254,253,253,253,254,253,244,75,60,171,171,196,253,252,252,252,253,252,252,252,253,252,252,252,253,240,81,0,0,0,0,0,56,56,56,56,56,56,56,56,56,56,209,252,244,81,0,0,0,0,0,0,0,0,0,0,0,0,0,0,13,138,246,252,75,0,0,0,0,0,0,0,0,0,0,0,0,0,0,13,104,253,253,128,0,0,0,0,0,0,0,0,0,0,0,0,0,0,0,113,253,252,170,9,0,0,0,0,0,0,0,0,0,0,0,0,0,0,67,210,253,196,37,0,0,0,0,0,0,0,0,0,0,0,0,0,0,26,222,252,241,47,0,0,0,0,0,0,0,0,0,0,0,0,0,0,41,253,253,241,151,0,0,0,0,0,0,0,0,0,0,0,0,0,0,26,216,252,252,115,0,0,0,0,0,0,0,0,0,0,0,0,0,0,0,150,253,252,148,6,0,0,0,0,0,0,0,0,0,0,0,0,0,0,126,249,253,227,31,0,0,0,0,0,0,0,0,0,0,0,0,0,0,57,253,253,239,38,0,0,0,0,0,0,0,0,0,0,7
234,204,216,217,208,216,236,225,235,248,209,246,251,211,252,229,236,251,233,222,250,226,227,227,230,222,220,201,200,227,228,213,232,234,252,216,216,204,237,234,231,237,228,239,203,253,247,233,227,249,222,212,246,239,200,239,205,210,216,229,253,250,222,229,226,207,242,215,215,238,244,234,238,203,224,228,231,236,209,204,254,248,249,213,249,249,226,215,202,238,225,201,229,254,228,247,242,202,231,217,210,208,208,225,225,250,246,210,247,252,225,208,218,217,229,211,253,253,202,249,241,200,205,225,249,204,237,220,234,233,208,215,239,216,224,243,254,239,249,208,251,211,204,236,246,222,215,236,215,244,250,218,208,242,204,212,215,238,233,229,239,227,203,246,234,221,253,232,202,245,221,254,225,226,248,230,220,250,250,209,204,224,225,236,210,215,225,230,230,240,231,210,219,240,232,227,212,228,210,223,209,225,221,243,217,232,213,200,215,249,214,202,201,216,207,244,215,209,222,214,201,251,205,218,245,206,242,241,254,212,240,221,225,249,236,216,205,250,244,226,247,224,209,209,246,221,247,232,224,240,214,253,226,220,211,223,214,212,217,230,220,227,239,235,250,241,210,222,215,201,231,236,243,220,201,218,220,206,249,206,252,210,207,211,240,252,252,228,227,225,236,238,254,220,206,207,210,220,210,207,246,220,240,243,203,201,250,210,233,229,232,223,245,214,209,235,243,233,251,220,231,226,244,207,243,228,223,247,212,229,227,247,226,253,227,214,244,224,219,205,205,210,237,254,212,250,238,227,208,232,250,224,226,254,212,231,241,211,223,225,221,223,217,215,230,214,252,235,221,203,234,229,214,235,249,244,221,206,230,206,250,225,211,201,207,208,249,225,226,244,238,237,254,201,236,207,231,226,225,250,6
250,238,231,226,234,249,252,252,217,227,243,203,232,234,232,205,241,247,220,219,205,254,202,209,224,232,204,241,216,228,215,206,232,246,213,247,203,231,201,242,253,252,204,222,220,220,241,237,229,230,224,213,201,235,253,227,204,247,212,249,245,227,228,225,230,234,205,201,223,206,228,220,254,222,204,250,252,249,204,252,242,213,237,228,208,225,203,252,211,248,221,244,216,234,226,232,210,202,204,239,251,242,240,228,208,220,202,246,230,248,227,202,231,236,201,242,207,247,219,234,212,223,210,202,220,221,201,201,223,239,203,207,206,219,253,249,234,214,237,221,253,205,246,204,201,229,209,204,200,234,227,209,250,206,227,239,242,229,214,210,204,229,214,250,246,200,236,219,207,228,252,222,215,221,225,206,230,226,215,224,213,238,224,228,229,233,211,211,218,229,224,210,246,219,239,231,242,239,203,207,244,217,222,201,230,204,233,247,238,210,254,221,254,209,220,244,236,219,223,205,205,254,254,230,238,208,206,244,251,235,228,206,244,203,254,217,212,240,215,203,246,227,232,242,209,246,239,248,245,252,226,224,222,230,245,239,213,206,234,251,234,217,245,233,203,228,208,241,224,238,225,228,254,233,216,208,206,224,242,200,241,219,230,250,243,213,205,222,208,200,205,210,227,217,210,253,241,214,209,235,230,228,230,242,240,220,230,218,203,241,214,222,239,249,248,232,207,214,251,246,201,217,235,210,243,207,249,254,249,245,250,226,230,204,241,227,205,238,230,206,237,248,253,200,219,245,201,236,203,213,223,203,230,250,200,213,228,239,237,217,224,246,252,253,205,223,246,205,247,254,243,246,228,229,216,224,235,231,217,231,231,230,226,242,242,246,253,224,238,231,206,231,210,249,236,251,217,209,243,230,7
0,0,0,0,0,0,0,0,0,0,0,0,0,0,0,0,0,0,0,0,0,0,0,0,0,0,0,0,0,0,0,78,207,254,211,6,0,0,0,0,0,0,0,0,0,0,0,0,0,12,101,244,254,253,253,123,91,87,0,0,0,0,0,0,0,0,0,0,5,175,253,253,254,253,253,253,253,55,0,0,0,0,0,0,0,0,0,0,128,253,253,253,252,247,253,253,253,160,0,0,0,0,0,0,0,0,0,44,237,253,253,157,195,227,253,253,144,57,0,0,0,0,0,0,0,0,0,199,253,253,154,132,254,253,253,111,19,0,0,0,0,0,0,0,0,0,27,225,253,253,238,251,254,217,89,1,0,0,0,0,0,0,0,0,0,0,124,253,253,253,253,253,147,30,0,0,0,0,0,0,0,0,0,0,0,7,193,253,253,253,253,137,0,0,0,0,0,0,0,0,0,0,0,0,0,13,215,253,253,234,61,5,0,0,0,0,0,0,0,0,0,0,0,0,0,0,167,254,254,147,0,0,0,0,0,0,0,0,0,0,0,0,0,0,0,0,166,253,253,176,0,0,0,0,0,0,0,0,0,0,0,0,0,0,0,0,166,253,253,246,128,13,0,0,0,0,0,0,0,0,0,0,0,0,0,12,212,246,184,253,253,196,59,0,0,0,0,0,0,0,0,0,0,0,0,23,253,165,4,155,215,253,135,0,0,0,0,0,0,0,0,0,0,0,0,23,253,165,0,0,17,228,247,147,0,0,0,0,0,0,0,0,0,0,0,23,253,246,25,0,0,19,254,187,0,0,0,0,0,0,0,0,0,0,0,19,238,253,153,45,79,155,255,187,0,0,0,0,0,0,0,0,0,0,0,0,132,253,253,253,253,253,254,153,0,0,0,0,0,0,8
0,0,0,0,0,0,0,0,51,253,203,0,0,0,0,0,0,0,0,0,0,0,0,0,0,0,0,0,132,252,203,0,0,0,0,0,0,0,0,0,0,0,0,0,0,0,0,62,254,253,203,0,0,0,0,0,0,0,0,0,0,0,0,0,0,0,0,102,253,252,162,0,0,0,0,0,0,0,0,0,0,0,0,0,0,0,0,102,254,253,41,0,0,0,0,0,0,0,0,0,0,0,0,0,0,0,0,183,253,252,0,0,0,0,0,0,0,0,0,0,0,0,0,0,0,0,31,233,254,233,0,0,0,0,0,0,0,0,0,0,0,0,0,0,0,0,132,252,253,151,0,0,0,0,0,0,0,0,0,0,0,0,0,0,0,0,152,253,254,91,0,0,0,0,0,0,0,0,0,0,0,0,0,0,0,0,193,252,213,10,0,0,0,0,0,0,0,0,0,0,0,0,0,0,0,0,254,253,203,0,0,0,0,0,0,0,0,0,0,0,0,0,0,0,0,82,253,252,162,0,0,0,0,41,102,102,0,0,0,0,0,0,0,0,0,102,254,253,102,0,51,132,214,253,254,253,234,51,0,0,0,0,0,0,0,102,253,252,102,41,253,252,253,212,151,151,253,192,0,0,0,0,0,0,0,0,255,253,214,173,254,253,123,0,0,0,214,253,102,0,0,0,0,0,0,0,172,252,253,252,253,252,142,102,102,142,253,252,61,0,0,0,0,0,0,0,21,142,254,253,254,253,254,253,254,253,254,91,0,0,0,0,0,0,0,0,0,0,50,50,151,192,233,192,151,151,91,10,0,0,0,0,0,0,0,0,0,0,0,0,0,0,0,0,0,0,0,0,0,0,0,0,0,0,0,0,0,0,0,0,0,0,0,0,0,0,0,0,0,0,6
249,210,243,212,253,237,252,218,226,244,245,206,212,233,204,249,223,229,218,242,221,250,223,215,236,204,250,236,201,240,218,200,247,236,202,211,219,250,240,202,237,249,208,238,238,239,206,246,212,232,201,220,252,254,249,200,213,252,246,209,250,216,244,211,225,234,208,253,231,233,217,224,241,232,245,217,239,201,200,251,227,228,233,211,229,216,235,247,236,238,206,204,223,244,239,247,232,248,245,241,216,204,244,205,222,224,214,221,224,220,201,218,212,248,206,250,227,239,209,241,221,226,204,247,250,245,249,227,237,238,249,218,238,236,221,226,235,222,205,213,251,230,238,236,220,202,212,205,251,203,223,228,200,237,243,251,253,214,209,202,216,248,211,239,242,239,248,233,206,223,226,227,245,241,242,224,230,213,235,201,249,240,202,207,234,247,214,253,209,228,236,215,209,236,204,236,225,253,212,214,219,254,214,229,251,242,239,216,213,246,250,200,224,202,232,234,243,213,248,229,233,247,227,239,209,203,241,248,220,244,254,203,248,227,224,233,246,218,206,200,205,223,207,231,222,235,248,208,206,223,225,213,220,236,242,243,212,247,253,249,241,230,234,205,243,214,202,249,222,251,236,202,235,214,200,216,200,200,230,224,246,241,235,205,209,216,210,213,249,231,235,242,219,239,205,230,217,212,206,217,228,250,252,244,210,229,244,208,213,210,212,247,241,251,201,241,236,216,217,202,213,224,209,228,222,226,232,214,226,221,238,226,229,248,244,219,222,213,214,246,225,226,239,236,252,211,228,234,254,252,216,245,240,247,231,200,215,201,241,247,252,225,208,249,202,241,205,205,252,215,248,248,212,240,230,203,246,229,209,248,237,208,246,230,205,244,207,227,215,205,211,200,219,228,244,244,204,201,210,207,4
0,0,0,0,0,0,0,0,0,0,0,0,0,0,0,0,0,0,0,0,0,0,0,0,0,0,0,0,0,0,0,0,0,0,0,0,0,0,0,0,0,0,0,0,0,0,0,0,0,0,0,0,0,0,0,70,70,70,170,229,0,0,0,0,0,81,172,231,230,230,230,231,230,230,230,254,253,253,253,254,0,0,0,0,30,228,253,247,230,230,230,230,230,230,162,245,253,253,202,46,0,0,0,0,138,253,185,50,0,0,0,0,0,0,0,195,253,202,19,0,0,0,0,0,139,254,161,0,0,0,0,0,0,7,170,254,165,17,0,0,0,0,0,0,138,253,160,0,0,0,0,0,9,199,253,165,19,0,0,0,0,0,0,0,130,253,236,51,0,0,0,7,199,253,168,17,0,0,0,0,0,0,0,0,13,186,253,210,9,0,0,204,253,168,19,0,0,0,0,0,0,0,0,0,0,51,235,254,186,19,170,254,199,17,0,0,0,0,0,0,0,0,0,0,0,0,50,237,253,236,253,241,27,0,0,0,0,0,0,0,0,0,0,0,0,0,0,86,253,253,253,42,0,0,0,0,0,0,0,0,0,0,0,0,0,0,0,70,253,253,253,159,0,0,0,0,0,0,0,0,0,0,0,0,0,0,26,221,254,203,254,254,48,0,0,0,0,0,0,0,0,0,0,0,0,5,155,254,194,6,140,254,165,0,0,0,0,0,0,0,0,0,0,0,0,141,253,222,29,0,17,254,206,0,0,0,0,0,0,0,0,0,0,0,17,224,253,184,0,0,34,254,173,0,0,0,0,0,0,0,0,0,0,0,139,254,228,34,0,15,229,255,56,0,0,0,0,0,0,0,0,0,0,0,138,253,160,0,43,182,253,124,2,0,0,0,0,0,0,0,8
0,0,0,0,0,0,0,0,0,0,0,0,0,0,0,0,0,0,0,0,0,0,0,0,0,0,0,0,0,0,0,0,0,0,0,0,0,0,0,0,0,0,0,0,0,0,0,0,0,0,0,0,0,0,0,0,0,0,0,0,0,0,0,0,0,0,0,0,0,0,0,64,128,191,255,128,0,0,0,0,0,128,191,128,128,128,64,128,128,191,255,255,255,255,255,128,0,0,0,0,0,128,255,255,255,255,255,255,255,255,191,128,255,255,255,0,0,0,0,0,0,0,0,128,128,64,0,0,0,0,0,0,255,255,255,0,0,0,0,0,0,0,0,0,0,0,0,0,0,0,0,64,255,255,128,0,0,0,0,0,0,0,0,0,0,0,0,0,0,0,0,128,255,255,64,0,0,0,0,0,0,0,0,0,0,0,0,0,0,0,0,191,255,128,0,0,0,0,0,0,0,0,0,0,0,0,0,0,0,0,64,255,255,128,0,0,0,0,0,0,0,0,0,0,0,0,0,0,0,0,128,255,255,128,0,0,0,0,0,0,0,0,0,0,0,0,0,0,0,0,128,255,255,0,0,0,0,0,0,0,0,0,0,0,0,0,0,0,0,0,128,255,255,0,0,0,0,0,0,0,0,0,0,0,0,0,0,0,0,0,128,255,255,0,0,0,0,0,0,0,0,0,0,0,0,0,0,0,0,0,255,255,128,0,0,0,0,0,0,0,0,0,0,0,0,0,0,0,0,0,255,255,64,0,0,0,0,0,0,0,0,0,0,0,0,0,0,0,0,64,255,255,0,0,0,0,0,0,0,0,0,0,0,0,0,0,0,0,0,128,255,255,0,0,0,0,0,0,0,0,0,0,0,0,0,0,0,0,0,128,255,255,0,0,0,0,0,0,0,0,7
0,0,0,0,0,0,0,0,0,0,0,0,0,0,0,0,0,0,0,0,0,0,0,0,0,0,0,0,0,0,0,0,0,0,0,0,0,0,0,0,0,0,0,0,0,0,0,0,0,0,0,0,0,0,0,0,0,0,0,0,0,0,0,0,0,0,0,0,0,0,0,91,208,254,254,254,254,222,104,10,0,0,0,0,0,0,0,0,0,78,201,254,253,253,253,253,253,253,253,37,0,0,0,0,0,0,0,7,156,245,253,254,195,146,56,56,113,253,249,37,0,0,0,0,0,0,41,228,253,253,225,120,10,0,0,60,237,253,87,13,0,0,0,0,0,44,243,253,242,116,12,0,0,0,60,238,253,253,51,0,0,0,0,0,6,167,253,246,78,0,0,0,3,61,237,253,251,136,2,0,0,0,0,0,76,253,253,102,0,0,0,54,179,253,253,237,86,0,0,0,0,0,0,0,76,253,253,180,150,150,220,250,253,253,236,91,0,0,0,0,0,0,0,0,67,251,253,253,253,253,253,254,253,252,124,0,0,0,0,0,0,0,0,0,0,78,159,159,104,155,253,254,253,138,0,0,0,0,0,0,0,0,0,0,0,0,0,0,0,147,254,255,132,0,0,0,0,0,0,0,0,0,0,0,0,0,0,0,79,249,253,205,14,0,0,0,0,0,0,0,0,0,0,0,0,0,0,39,248,253,211,56,0,0,0,0,0,0,0,0,0,0,0,0,0,0,41,228,253,244,46,0,0,0,0,0,0,0,0,0,0,0,0,0,0,44,226,253,242,44,0,0,0,0,0,0,0,0,0,0,0,0,0,0,34,226,253,253,78,0,0,0,0,0,0,0,0,0,0,0,0,0,0,0,107,253,253,161,3,0,0,0,0,0,0,0,0,0,0,0,9
0,0,0,0,0,0,0,0,0,0,0,0,0,0,0,0,0,0,0,0,0,0,0,0,0,0,0,0,0,0,4,20,92,99,194,254,98,0,0,0,0,0,0,0,0,0,0,0,13,94,186,253,253,254,253,253,61,0,0,0,0,0,0,0,0,0,0,68,196,254,208,128,93,187,253,203,9,0,0,0,0,0,0,0,0,0,61,250,229,92,5,0,49,224,205,21,0,0,0,0,0,0,0,0,0,0,190,254,19,0,0,23,218,241,85,0,0,0,0,0,0,0,0,0,0,0,82,253,68,0,7,161,253,144,0,0,0,0,0,0,0,0,0,0,0,0,6,202,241,103,147,253,211,12,0,0,0,0,0,0,0,0,0,0,0,0,0,29,217,252,249,235,25,0,0,0,0,0,0,0,0,0,0,0,0,0,0,0,79,255,254,236,74,0,0,0,0,0,0,0,0,0,0,0,0,0,0,0,174,251,166,235,235,109,0,0,0,0,0,0,0,0,0,0,0,0,0,111,250,174,0,39,182,251,133,0,0,0,0,0,0,0,0,0,0,0,25,238,229,6,0,0,6,133,250,84,0,0,0,0,0,0,0,0,0,0,172,254,92,0,0,0,0,7,214,123,0,0,0,0,0,0,0,0,0,16,240,226,11,0,0,0,0,0,195,134,0,0,0,0,0,0,0,0,0,86,253,176,0,0,0,0,0,29,226,117,0,0,0,0,0,0,0,0,0,74,253,140,0,0,0,0,0,98,253,93,0,0,0,0,0,0,0,0,0,44,254,123,0,0,0,0,115,255,178,0,0,0,0,0,0,0,0,0,0,11,226,240,27,16,52,183,249,154,14,0,0,0,0,0,0,0,0,0,0,0,102,244,229,230,253,221,75,0,0,0,0,0,0,0,8
0,0,0,0,0,0,0,0,0,0,10,216,255,78,0,0,0,0,0,0,0,0,0,0,0,0,0,0,0,26,133,253,253,124,0,0,0,0,0,0,0,0,0,0,0,0,0,0,71,161,253,253,251,75,2,48,56,2,0,0,0,0,0,0,0,0,0,136,215,253,253,156,65,4,93,253,253,145,0,0,0,0,0,0,0,0,96,247,253,253,248,109,0,103,253,253,253,209,14,0,0,0,0,0,0,2,192,253,253,171,25,0,9,181,253,253,231,208,87,0,0,0,0,0,0,44,253,253,253,80,0,32,210,253,253,235,8,0,0,0,0,0,0,0,0,11,167,253,253,233,195,232,253,253,208,37,0,0,0,0,0,0,0,0,0,0,42,227,253,253,253,253,253,236,53,0,0,0,0,0,0,0,0,0,0,0,0,4,192,253,253,253,253,124,0,0,0,0,0,0,0,0,0,0,0,0,0,9,233,253,253,253,253,124,0,0,0,0,0,0,0,0,0,0,0,0,7,170,253,253,236,197,253,190,100,0,0,0,0,0,0,0,0,0,0,0,107,253,253,196,44,42,241,253,194,0,0,0,0,0,0,0,0,0,0,36,241,253,235,57,0,0,200,253,194,0,0,0,0,0,0,0,0,0,0,102,253,252,91,0,0,0,200,253,194,0,0,0,0,0,0,0,0,0,0,151,253,215,0,0,0,65,237,253,194,0,0,0,0,0,0,0,0,0,0,151,253,134,0,0,14,238,253,253,104,0,0,0,0,0,0,0,0,0,3,195,253,89,0,12,94,253,253,172,2,0,0,0,0,0,0,0,0,0,0,151,253,218,179,204,253,253,253,94,0,0,0,0,0,0,0,0,0,0,0,106,253,253,253,253,253,253,128,3,0,0,0,0,0,0,8
0,0,0,0,0,0,0,0,0,0,0,0,0,26,70,57,0,0,0,0,0,0,0,0,0,0,0,0,5,114,139,222,230,239,254,249,222,55,0,0,0,0,0,0,0,0,0,0,91,253,254,253,253,253,245,253,253,236,0,0,0,0,0,0,0,0,0,0,7,169,254,202,152,69,44,236,253,219,0,0,0,0,0,0,0,0,0,0,0,0,34,0,0,0,70,254,254,136,0,0,0,0,0,0,0,0,0,0,0,0,0,0,0,68,204,253,232,6,0,0,0,0,0,0,0,0,0,0,0,0,41,116,157,240,254,215,58,0,0,0,0,0,0,0,0,0,0,0,0,0,161,253,253,253,169,6,0,0,0,0,0,0,0,0,0,0,0,0,0,0,0,134,241,254,229,15,0,0,0,0,0,0,0,0,0,0,0,0,0,0,0,0,69,240,254,124,0,0,0,0,0,0,0,0,0,0,0,0,0,0,0,0,0,184,254,206,0,0,0,0,0,0,0,0,0,0,0,0,0,0,0,0,17,234,254,139,0,0,0,0,0,0,0,0,0,0,0,0,0,0,0,0,116,254,236,50,0,0,0,0,0,0,0,0,0,0,0,0,0,0,0,43,224,253,167,0,0,0,0,0,21,0,0,0,0,0,0,0,0,0,41,224,253,210,17,0,0,0,0,0,246,118,0,0,0,0,0,0,0,102,229,253,202,44,0,0,0,0,0,0,254,186,26,0,0,0,0,81,203,254,255,173,17,0,0,0,0,0,0,0,228,253,214,138,138,138,231,251,253,185,56,2,0,0,0,0,0,0,0,0,46,171,237,253,253,253,239,179,62,13,0,0,0,0,0,0,0,0,0,0,0,0,19,69,69,69,25,0,0,0,0,0,0,0,0,0,0,0,0,0,3
0,0,0,0,0,0,0,0,0,0,0,0,0,0,0,0,0,0,0,0,0,0,0,0,0,0,0,0,63,150,253,255,253,98,73,21,0,0,0,0,0,0,0,0,0,0,0,84,236,251,251,253,251,251,251,174,105,0,0,0,0,0,0,0,0,0,0,144,251,251,251,253,251,251,251,251,243,93,0,0,0,0,0,0,0,0,0,83,236,251,251,253,188,158,251,251,253,169,15,0,0,0,0,0,0,0,0,0,217,251,251,253,107,11,148,251,253,251,35,0,0,0,0,0,0,0,21,176,253,253,201,0,0,0,0,0,255,253,35,0,0,0,0,0,0,0,73,251,251,251,71,0,0,0,0,0,253,251,35,0,0,0,0,0,0,0,228,251,246,137,10,0,0,0,0,0,253,251,35,0,0,0,0,0,0,79,253,251,215,0,0,0,0,0,0,0,253,251,35,0,0,0,0,0,0,180,253,251,86,0,0,0,0,0,0,0,253,251,35,0,0,0,0,0,32,202,255,253,35,0,0,0,0,0,32,202,255,108,0,0,0,0,0,0,109,251,253,251,35,0,0,0,0,0,109,251,211,46,0,0,0,0,0,0,109,251,253,230,30,0,0,0,0,58,231,251,180,0,0,0,0,0,0,16,170,251,253,107,0,0,0,0,63,231,251,251,103,0,0,0,0,0,0,37,251,251,253,107,0,0,0,0,144,251,251,251,0,0,0,0,0,0,0,37,253,253,255,108,0,0,53,125,253,253,221,51,0,0,0,0,0,0,0,37,251,251,253,189,41,144,221,253,251,230,61,0,0,0,0,0,0,0,0,5,128,251,253,251,226,251,251,253,230,55,0,0,0,0,0,0,0,0,0,0,62,220,253,251,251,251,251,221,61,0,0,0,0,0,0,0,0
0,0,0,0,0,0,0,0,0,0,0,0,0,0,0,0,0,0,0,0,0,0,0,0,0,0,0,0,0,0,0,23,29,42,141,141,141,192,141,141,0,0,0,0,0,0,0,0,0,0,38,235,253,254,253,253,253,254,253,253,0,0,0,0,0,0,0,0,0,0,145,253,253,254,253,253,253,254,253,253,0,0,0,0,0,0,0,0,0,64,207,253,253,141,116,28,128,78,28,28,0,0,0,0,0,0,0,0,0,205,248,188,13,0,0,0,0,0,0,0,0,0,0,0,0,0,0,0,26,254,197,0,0,0,0,0,0,0,0,0,0,0,0,0,0,0,0,0,25,254,197,0,0,0,0,0,0,0,0,0,0,0,0,0,0,0,0,0,0,254,222,25,0,0,0,0,0,0,0,0,0,0,0,0,0,0,0,0,0,129,254,254,53,0,0,0,0,0,0,0,0,0,0,0,0,0,0,0,0,10,159,241,253,51,0,0,0,0,0,0,0,0,0,0,0,0,0,0,0,0,0,160,253,226,0,0,0,0,0,0,0,0,0,0,0,0,0,0,0,0,0,85,253,226,0,0,0,0,0,0,0,0,7,29,4,0,0,0,0,0,0,199,254,215,0,0,0,0,0,0,0,7,151,253,104,0,0,0,0,0,38,210,253,89,0,0,0,0,0,0,0,29,253,253,140,0,0,0,0,148,235,253,165,0,0,0,0,0,0,0,0,129,253,253,140,0,0,0,102,254,253,215,78,0,0,0,0,0,0,0,0,29,254,254,141,0,19,154,254,252,150,25,0,0,0,0,0,0,0,0,0,10,197,253,216,170,226,253,253,126,0,0,0,0,0,0,0,0,0,0,0,0,82,253,253,255,253,187,119,0,0,0,0,0,0,0,0,0,0,0,5
0,0,0,0,0,0,0,0,33,34,54,175,246,186,0,0,0,0,0,0,0,0,0,0,0,0,0,0,0,0,0,0,159,249,58,0,0,0,0,0,0,0,0,0,0,0,0,0,0,0,0,0,159,253,84,0,0,0,0,0,0,0,0,0,0,0,0,0,0,0,0,0,159,253,84,0,0,0,0,0,0,0,0,0,0,0,0,0,0,0,0,19,211,239,5,0,0,0,0,0,0,0,0,0,0,0,0,0,0,0,0,105,253,238,0,0,0,0,0,0,0,0,0,0,0,0,0,0,0,0,30,213,253,179,0,0,0,0,0,0,0,0,0,0,0,0,0,0,0,0,151,253,252,58,0,0,0,0,0,0,0,0,0,0,0,0,0,0,0,123,252,253,193,0,0,0,0,0,0,0,0,0,0,0,0,0,0,0,40,244,253,251,67,0,0,0,0,0,0,0,0,0,0,0,0,0,0,0,206,253,253,154,0,0,0,0,0,0,0,0,0,16,108,125,125,125,125,158,252,253,253,70,26,26,26,114,55,22,0,0,0,225,253,253,253,253,253,253,253,253,253,253,253,253,253,253,253,243,179,148,0,254,253,253,253,253,253,253,253,253,253,253,253,253,253,254,253,254,253,250,0,254,253,253,253,253,253,253,183,220,163,236,253,253,193,163,163,211,253,253,0,237,253,253,253,253,201,37,2,6,0,8,9,9,3,0,0,5,9,67,0,33,58,128,62,125,6,0,0,0,0,0,0,0,0,0,0,0,0,0,0,0,0,0,0,0,0,0,0,0,0,0,0,0,0,0,0,0,0,0,0,0,0,0,0,0,0,0,0,0,0,0,0,0,0,0,0,0,0,0,0,0,0,0,0,0,0,0,0,0,0,0,0,0,0,0,0,0,0,0,2
0,0,0,0,0,0,0,0,0,0,0,0,0,0,0,0,0,0,0,0,0,0,0,0,0,0,0,0,120,253,112,0,0,0,0,0,0,0,0,0,0,0,0,0,0,0,0,0,197,236,97,0,0,0,0,0,0,0,0,0,0,0,0,0,0,0,0,0,197,252,252,0,0,0,0,0,0,0,0,0,0,0,0,0,0,0,0,0,197,252,252,95,0,0,0,0,0,0,0,0,0,0,0,0,0,0,0,0,197,252,252,140,0,0,0,0,0,0,0,0,0,0,0,0,0,0,0,0,135,253,253,63,0,0,0,0,0,0,0,0,0,0,0,0,0,0,0,0,57,252,252,15,0,0,0,0,0,0,0,0,0,0,0,0,0,0,0,0,57,252,252,0,0,0,0,0,0,0,0,0,0,0,0,0,0,0,0,0,57,252,252,16,0,0,0,0,0,0,0,0,0,0,0,0,0,0,0,0,57,252,252,140,0,0,0,0,0,0,0,0,0,0,0,0,0,0,0,0,57,253,253,141,0,0,0,0,0,0,0,0,0,0,0,0,0,0,0,0,38,224,252,241,24,0,0,0,0,0,0,0,0,0,0,0,0,0,0,0,0,169,252,253,27,0,0,0,0,0,0,0,0,0,0,0,0,0,0,0,0,169,252,178,9,0,0,0,0,0,0,0,0,0,0,0,0,0,0,0,0,169,252,203,15,0,0,0,0,0,0,0,0,0,0,0,0,0,0,0,0,169,253,255,27,0,0,0,0,0,0,0,0,0,0,0,0,0,0,0,0,122,252,253,27,0,0,0,0,0,0,0,0,0,0,0,0,0,0,0,0,7,165,253,136,0,0,0,0,0,0,0,0,0,0,0,0,0,0,0,0,0,47,253,177,7,0,0,0,0,0,0,1
0,0,0,0,0,0,0,0,0,0,0,0,0,0,0,0,0,0,0,0,0,0,0,0,0,0,0,0,85,118,173,178,185,27,9,9,4,0,0,0,0,0,0,0,0,0,23,146,244,237,155,155,228,252,251,254,172,0,0,0,0,0,0,0,0,106,203,183,52,0,0,7,214,120,66,237,196,0,0,0,0,0,0,0,107,238,130,6,0,0,0,25,146,0,32,245,196,0,0,0,0,0,0,133,244,99,0,0,0,0,0,16,0,6,155,254,156,0,0,0,0,0,0,197,161,7,0,0,0,0,0,0,0,76,254,196,19,0,0,0,0,0,6,210,49,0,0,0,0,0,0,0,78,218,231,29,0,0,0,0,0,0,19,239,128,11,0,0,0,0,0,85,248,224,105,0,0,0,0,0,0,0,0,123,254,171,156,82,75,128,77,225,239,27,0,0,0,0,0,0,0,0,0,12,156,241,254,254,254,254,254,254,176,0,0,0,0,0,0,0,0,0,0,0,0,16,83,35,239,255,252,252,239,23,0,0,0,0,0,0,0,0,0,0,0,0,0,79,249,243,75,85,228,210,25,0,0,0,0,0,0,0,0,0,0,0,59,219,223,26,0,0,120,254,165,0,0,0,0,0,0,0,0,0,0,60,218,254,106,0,0,0,6,210,218,6,0,0,0,0,0,0,0,0,0,171,254,161,3,0,0,0,0,130,254,41,0,0,0,0,0,0,0,0,104,247,181,25,0,0,0,0,0,184,254,41,0,0,0,0,0,0,0,0,124,254,43,0,0,0,0,0,6,210,244,32,0,0,0,0,0,0,0,0,124,254,188,74,5,0,0,5,163,254,118,0,0,0,0,0,0,0,0,0,48,181,254,254,239,185,186,239,254,148,3,0,0,0,0,0,8
0,0,0,0,0,26,236,253,240,81,0,0,0,0,0,0,0,0,0,0,0,0,0,0,26,203,252,253,206,0,0,0,0,0,0,0,0,0,0,0,0,0,0,0,70,252,252,243,60,0,0,0,0,0,0,0,0,0,0,0,0,0,0,15,191,253,253,116,0,0,0,0,0,0,0,0,0,0,0,0,0,0,0,161,252,252,252,42,0,0,0,0,0,0,0,0,0,0,0,0,0,0,0,161,252,252,136,0,0,0,0,0,0,0,0,0,0,0,0,0,0,0,19,236,252,252,22,0,0,0,0,0,0,0,0,0,0,0,0,0,0,0,76,252,252,252,22,0,0,0,0,0,0,0,0,0,0,0,0,0,0,0,202,253,253,161,0,0,0,0,0,0,3,45,222,253,253,244,212,253,0,0,253,252,252,87,0,0,0,0,0,0,66,252,252,252,252,253,252,252,0,0,253,252,233,33,0,0,0,0,0,116,253,252,252,252,252,253,252,252,0,0,253,252,240,80,0,0,0,0,119,248,253,252,252,252,252,253,252,252,0,0,148,252,252,202,11,0,0,32,228,252,253,252,200,210,189,253,252,252,0,0,76,253,253,253,148,76,45,222,253,253,255,253,253,253,253,255,253,236,0,0,9,194,252,252,252,253,252,252,252,252,253,252,252,214,153,92,92,25,0,0,0,44,171,252,252,253,252,252,252,252,253,218,69,13,0,0,0,0,0,0,0,0,13,45,150,161,160,185,252,252,253,244,56,0,0,0,0,0,0,0,0,0,0,0,0,0,0,7,117,189,243,117,6,0,0,0,0,0,0,0,0,0,0,0,0,0,0,0,0,0,0,0,0,0,0,0,0,0,0,0,0,0,0,0,0,0,0,0,0,0,0,0,0,0,0,0,0,0,6
0,0,0,0,0,0,0,0,0,0,86,217,255,227,145,56,5,0,0,0,0,0,0,0,0,0,0,0,8,167,245,254,253,253,254,253,146,7,0,0,0,0,0,0,0,0,0,11,210,253,253,213,183,117,195,253,254,187,28,0,0,0,0,0,0,0,49,180,254,253,155,13,0,0,4,182,254,254,156,0,0,0,0,0,0,21,232,253,254,190,16,0,0,0,0,25,240,254,208,0,0,0,0,0,0,82,253,253,242,53,0,0,0,0,0,0,223,253,208,0,0,0,0,0,0,163,253,253,87,0,0,0,0,0,0,0,134,254,208,0,0,0,0,4,138,252,253,216,27,0,0,0,0,0,0,0,229,253,208,0,0,0,0,58,254,253,254,38,0,0,0,0,0,0,0,0,235,254,208,0,0,0,0,179,253,248,98,1,0,0,0,0,0,0,0,137,253,253,111,0,0,0,94,247,253,180,0,0,0,0,0,0,0,0,13,210,254,252,68,0,0,3,186,254,236,19,0,0,0,0,0,0,0,0,148,253,254,164,0,0,0,56,253,253,178,0,0,0,0,0,0,0,1,43,238,253,251,76,0,0,0,137,253,246,81,0,0,0,0,0,0,0,43,253,253,253,152,0,0,0,0,210,254,196,10,0,0,0,0,0,0,40,222,253,254,246,68,0,0,0,0,209,253,233,0,0,0,0,0,48,122,226,253,253,246,80,0,0,0,0,0,210,254,241,32,0,26,51,134,244,254,254,251,219,80,0,0,0,0,0,0,210,253,248,190,189,236,253,254,253,253,232,115,0,0,0,0,0,0,0,32,199,254,254,254,254,254,254,219,207,108,7,0,0,0,0,0,0,0,0,12,133,193,161,224,142,127,99,13,22,0,0,0,0,0,0,0,0,0,0,0
0,0,0,0,0,0,0,0,0,42,96,209,255,225,181,21,0,0,0,0,0,0,0,0,0,0,0,0,114,239,254,254,254,254,254,175,0,0,0,0,0,0,0,0,0,0,0,33,241,254,175,24,8,55,236,236,0,0,0,0,0,0,0,0,0,0,0,38,232,97,7,0,0,40,231,242,24,0,0,0,0,0,0,0,0,0,0,0,41,0,0,0,8,177,254,185,0,0,0,0,0,0,0,0,0,0,0,0,0,0,0,29,171,254,221,35,0,0,0,0,0,0,0,0,0,0,0,0,0,29,113,241,254,229,85,0,0,0,0,0,0,0,0,0,0,0,0,76,213,239,254,254,254,113,0,0,0,0,0,0,0,0,0,0,0,0,0,183,254,254,246,245,254,192,12,0,0,0,0,0,0,0,0,0,0,0,0,81,125,51,33,73,213,254,133,0,0,0,0,0,0,0,0,0,0,0,0,0,0,0,0,0,104,254,221,10,0,0,0,0,0,0,0,0,0,0,0,0,0,0,0,0,6,208,254,106,0,0,0,0,0,0,0,0,80,67,24,0,0,0,0,0,0,129,254,150,0,0,0,0,0,0,0,122,250,254,241,181,54,0,0,0,0,113,254,150,0,0,0,0,0,0,0,155,254,191,146,193,110,0,0,0,0,120,254,150,0,0,0,0,0,0,0,149,254,146,2,0,0,0,0,0,13,221,254,144,0,0,0,0,0,0,0,43,247,254,96,2,0,0,0,0,94,254,253,61,0,0,0,0,0,0,0,0,170,253,254,142,79,9,9,91,214,253,165,0,0,0,0,0,0,0,0,0,0,141,252,254,254,254,254,254,254,166,0,0,0,0,0,0,0,0,0,0,0,0,65,167,242,254,254,212,128,18,0,0,0,0,0,0,3
0,0,0,0,0,0,0,11,155,233,252,215,0,0,0,0,0,0,0,0,0,0,0,0,0,0,11,150,252,253,252,112,0,0,0,0,0,0,0,0,0,0,0,0,0,0,73,252,252,253,128,31,0,0,0,0,0,0,0,0,0,0,0,0,0,47,232,252,189,0,0,0,0,0,0,0,0,0,0,0,0,0,0,0,1,232,252,179,15,0,0,0,0,0,0,0,0,0,0,0,0,0,0,0,105,252,241,61,0,0,0,0,0,37,26,0,0,0,0,0,0,0,0,21,206,252,179,0,0,0,0,21,144,253,221,41,0,0,0,0,0,0,0,37,253,253,35,0,0,0,94,212,253,255,253,253,108,0,0,0,0,0,0,161,252,220,25,0,0,94,247,252,210,180,200,252,232,0,0,0,0,0,0,181,252,143,0,0,21,212,252,205,31,0,21,201,252,21,0,0,0,0,0,98,252,143,0,0,144,253,210,31,0,0,0,98,252,144,0,0,0,0,0,37,253,253,35,99,253,255,35,0,0,0,0,37,253,255,35,0,0,0,0,5,159,252,138,242,252,159,5,0,0,0,0,37,252,253,35,0,0,0,0,0,41,252,252,252,231,41,0,0,0,0,0,140,252,175,10,0,0,0,0,0,1,252,252,252,108,0,0,0,0,0,0,181,252,144,0,0,0,0,0,0,0,63,238,253,253,192,109,47,109,171,253,253,253,0,0,0,0,0,0,0,0,0,93,252,252,253,252,232,252,253,252,200,97,0,0,0,0,0,0,0,0,0,63,241,252,253,252,252,252,217,174,20,0,0,0,0,0,0,0,0,0,0,0,98,252,253,210,108,108,0,0,0,0,0,0,0,0,0,0,0,0,0,0,0,0,0,0,0,0,0,0,0,0,0,0,0,6
0,0,0,0,0,0,0,0,0,0,0,0,0,0,0,0,0,0,0,0,0,0,0,0,0,0,0,0,2,18,46,227,255,254,254,241,158,199,254,152,0,0,0,0,0,0,0,1,112,253,253,253,253,253,253,253,253,253,253,253,0,0,0,0,0,0,0,112,253,253,253,253,253,253,253,253,253,253,236,98,0,0,0,0,0,0,0,243,253,253,237,146,65,65,65,65,141,200,232,142,0,0,0,0,0,0,88,251,253,219,36,0,0,0,0,14,176,219,253,206,0,0,0,0,0,0,156,253,243,68,0,0,0,0,55,121,243,253,253,161,0,0,0,0,0,0,169,253,171,0,0,0,0,53,129,204,252,247,115,2,0,0,0,0,0,0,204,241,180,9,0,0,12,129,251,253,139,0,0,0,0,0,0,0,0,0,0,199,253,120,42,78,203,245,251,143,33,0,0,0,0,0,0,0,0,0,0,105,253,253,253,253,253,227,185,0,0,0,0,0,0,0,0,0,0,0,0,89,253,253,253,253,253,106,0,0,0,0,0,0,0,0,0,0,0,0,0,150,253,253,253,253,174,15,0,0,0,0,0,0,0,0,0,0,0,0,48,247,253,253,253,253,148,0,0,0,0,0,0,0,0,0,0,0,34,225,251,253,253,253,253,253,108,2,0,0,0,0,0,0,0,0,0,0,42,234,253,253,253,253,253,253,198,10,0,0,0,0,0,0,0,4,120,111,135,253,253,253,253,198,253,253,203,11,0,0,0,0,0,0,0,14,228,253,253,253,253,253,253,253,253,253,158,0,0,0,0,0,0,0,0,70,233,253,253,253,253,253,253,253,234,134,33,0,0,0,0,0,0,0,0,3,167,253,253,253,253,251,152,152,62,0,0,0,0,0,0,0,0,0,8
0,0,0,0,0,6,150,171,171,210,188,117,4,0,0,0,0,0,0,0,0,0,0,0,8,130,254,240,162,151,158,250,225,17,0,0,0,0,0,0,0,0,0,4,184,248,151,19,0,0,0,51,235,182,2,0,0,0,0,0,0,0,0,6,220,232,0,0,0,0,0,0,97,254,127,0,0,0,0,0,0,0,0,0,26,41,0,0,0,0,0,0,28,232,222,19,0,0,0,0,0,0,0,0,0,0,0,0,0,0,0,0,0,99,254,113,0,0,0,0,0,0,0,0,0,0,0,0,0,0,0,0,0,51,254,113,0,0,0,0,0,0,0,0,0,0,0,0,0,0,0,0,0,51,254,113,0,0,0,0,0,0,0,0,0,0,0,0,0,0,0,0,0,63,254,100,0,0,0,0,0,0,0,0,0,0,0,0,0,0,0,0,0,175,228,15,0,0,0,0,0,0,0,0,0,0,0,0,0,0,0,0,39,249,200,0,0,0,0,0,0,0,0,0,0,0,0,0,0,0,0,0,63,254,113,0,0,0,0,0,0,0,0,0,0,0,48,138,138,138,126,55,184,211,5,0,0,0,0,0,0,0,0,0,3,152,247,249,196,204,254,254,254,232,98,46,0,0,0,0,0,0,0,0,34,254,167,22,0,4,59,254,254,254,254,249,230,230,230,187,0,0,0,0,146,243,45,0,0,9,177,254,140,21,39,150,187,165,105,46,0,0,0,0,180,239,10,0,0,109,254,164,3,0,0,0,0,0,0,0,0,0,0,0,155,238,0,8,177,252,194,6,0,0,0,0,0,0,0,0,0,0,0,0,43,248,163,200,254,181,21,0,0,0,0,0,0,0,0,0,0,0,0,0,1,103,254,210,78,1,0,0,0,0,0,0,0,0,0,0,2
0,0,0,0,0,0,0,0,0,0,0,0,0,0,0,0,0,0,0,0,0,0,0,0,0,0,0,0,0,0,0,0,0,255,255,191,0,0,0,0,0,0,0,0,0,0,0,0,0,0,0,0,0,255,255,255,0,0,0,0,0,0,0,0,0,0,0,0,0,0,0,128,255,255,255,191,0,0,0,0,0,0,0,0,0,0,0,0,0,0,255,255,255,255,191,0,0,0,0,0,0,0,0,0,0,0,0,0,0,255,191,191,255,255,128,0,0,0,0,0,0,0,0,0,0,0,0,0,64,64,0,191,255,255,64,0,0,0,0,0,0,0,0,0,0,0,0,0,0,0,128,255,255,191,0,0,0,0,0,0,0,0,0,0,0,0,0,0,0,0,255,255,255,0,0,0,0,0,0,0,0,0,0,0,0,0,0,0,0,0,255,255,255,0,0,0,0,0,0,0,0,0,0,0,0,0,0,0,0,191,255,255,128,0,0,0,0,0,0,0,0,0,0,0,0,0,0,0,64,255,255,255,64,0,0,0,0,0,0,0,0,0,0,0,0,0,0,0,191,255,255,128,0,0,0,0,0,0,0,0,0,0,0,0,0,0,0,0,255,255,255,128,0,0,0,0,0,0,0,0,0,0,0,0,0,0,0,191,255,255,255,128,0,0,0,0,0,0,0,0,0,0,0,0,0,0,0,255,255,255,128,0,0,0,0,0,0,0,0,0,0,0,0,0,0,0,128,255,255,255,0,0,0,0,0,0,0,0,0,0,0,0,0,0,0,64,255,255,255,128,0,0,0,0,0,0,0,0,0,0,0,0,0,0,0,128,255,255,191,0,0,0,0,0,0,0,0,0,0,0,0,0,0,0,0,128,255,255,128,0,0,0,0,0,0,0,0,0,0,0,1
0,0,0,0,0,0,0,0,0,0,0,0,0,0,0,0,0,0,0,0,0,0,0,0,0,0,0,0,0,0,0,0,0,0,0,0,0,0,0,0,0,0,0,0,0,0,0,0,17,118,243,255,253,253,109,0,0,0,0,0,0,0,0,0,0,22,57,161,228,252,252,249,236,252,219,15,0,0,0,0,0,0,0,19,112,215,253,252,252,195,130,63,44,202,252,54,70,70,19,0,0,0,38,220,252,252,253,214,45,9,0,0,0,142,252,232,253,252,111,0,0,0,47,252,252,200,128,18,0,0,0,0,0,70,252,252,253,231,48,0,0,0,47,253,253,137,0,0,0,0,0,0,0,132,253,253,179,42,0,0,0,0,38,240,252,158,22,0,0,0,0,0,104,228,252,231,42,0,0,0,0,0,0,153,252,252,199,0,0,0,0,81,228,252,227,48,0,0,0,0,0,0,0,13,139,244,230,43,0,0,43,253,252,153,29,0,0,0,0,0,0,0,0,0,0,73,199,240,146,210,240,253,157,6,0,0,0,0,0,0,0,0,0,0,0,0,0,95,247,253,253,158,0,0,0,0,0,0,0,0,0,0,0,0,0,0,0,9,197,252,252,22,0,0,0,0,0,0,0,0,0,0,0,0,0,0,0,130,252,252,252,206,25,0,0,0,0,0,0,0,0,0,0,0,0,0,19,236,252,134,98,253,202,68,0,0,0,0,0,0,0,0,0,0,0,0,24,252,252,45,0,33,211,215,21,0,0,0,0,0,0,0,0,0,0,0,22,245,253,109,0,0,162,253,109,0,0,0,0,0,0,0,0,0,0,0,0,161,252,219,36,36,219,252,87,0,0,0,0,0,0,0,0,0,0,0,0,78,252,252,221,222,252,252,45,0,0,0,0,0,8
0,0,0,0,0,0,0,0,0,0,0,0,0,0,25,158,255,117,0,0,0,0,0,0,0,0,0,0,0,0,0,0,0,2,163,253,253,170,0,0,0,0,0,0,0,0,0,0,0,0,0,0,0,93,253,253,253,91,0,0,0,0,0,0,0,0,0,0,0,0,0,0,0,219,253,253,253,53,0,0,0,0,0,0,0,0,0,0,0,0,0,0,133,252,253,253,200,10,0,0,0,0,0,0,0,0,0,0,0,0,0,40,240,253,253,253,84,0,0,0,0,0,0,0,0,0,0,0,0,0,38,228,253,253,253,227,36,0,0,0,0,0,0,0,0,0,0,0,0,0,89,253,253,253,237,39,0,0,0,0,0,0,0,0,0,0,0,0,0,57,232,253,253,251,132,0,0,0,0,0,0,0,0,0,0,0,0,0,30,231,253,253,253,76,0,0,0,0,0,0,0,0,0,0,0,0,0,8,161,253,253,253,130,2,0,0,0,0,0,0,0,0,0,0,0,0,0,24,253,253,253,253,67,0,0,0,0,0,0,0,0,0,0,0,0,0,114,233,253,253,253,115,13,0,0,0,0,0,0,0,0,0,0,0,0,11,241,253,253,253,208,20,0,0,0,0,0,0,0,0,0,0,0,0,0,225,253,253,253,219,25,0,0,0,0,0,0,0,0,0,0,0,0,14,144,243,253,253,246,158,0,0,0,0,0,0,0,0,0,0,0,0,0,157,253,253,253,242,83,0,0,0,0,0,0,0,0,0,0,0,0,0,82,240,253,253,251,105,20,0,0,0,0,0,0,0,0,0,0,0,0,0,70,253,253,253,247,0,0,0,0,0,0,0,0,0,0,0,0,0,0,0,29,168,253,253,27,0,0,0,0,0,0,0,0,0,0,0,0,0,1
0,0,0,0,0,0,0,0,0,0,0,0,41,102,102,0,0,0,0,0,0,0,0,0,0,0,0,0,0,0,41,254,253,254,213,132,10,0,0,0,0,0,0,0,0,0,0,0,0,41,243,253,212,192,192,253,131,0,0,0,0,0,0,0,0,0,0,0,21,214,253,183,20,0,21,254,253,82,0,0,0,0,0,0,0,0,0,0,20,213,252,82,0,0,20,172,252,82,0,0,0,0,0,0,0,0,0,0,0,21,102,0,0,0,0,113,253,62,0,0,0,0,0,0,0,0,0,0,0,0,0,0,0,0,41,233,252,20,0,0,0,0,0,0,0,0,0,0,0,0,0,0,0,0,123,254,151,0,0,0,0,0,0,0,0,21,102,102,61,0,0,0,0,62,223,233,50,0,0,0,0,0,0,31,132,254,253,254,253,254,253,193,152,254,253,203,20,0,0,0,0,0,82,233,252,233,151,151,151,151,232,253,252,253,252,162,61,0,0,0,0,31,233,254,192,41,0,0,0,0,0,214,253,254,253,254,253,193,71,0,0,92,252,233,50,0,0,0,0,21,183,253,212,91,50,151,232,253,252,82,0,173,253,183,0,0,0,0,21,132,253,244,122,0,0,0,0,173,253,254,0,91,252,223,40,0,0,82,223,253,252,122,0,0,0,0,0,50,172,233,0,82,243,255,253,255,253,254,253,244,81,0,0,0,0,0,0,0,0,0,0,0,81,253,252,253,252,233,151,40,0,0,0,0,0,0,0,0,0,0,0,0,0,21,102,102,102,41,0,0,0,0,0,0,0,0,0,0,0,0,0,0,0,0,0,0,0,0,0,0,0,0,0,0,0,0,0,0,0,0,0,0,0,0,0,0,0,0,0,0,0,0,0,0,0,0,0,0,0,0,2
0,0,0,0,0,0,0,0,0,0,0,0,0,0,0,0,0,0,0,0,0,0,0,0,0,0,0,0,0,0,0,0,0,0,0,0,5,24,80,80,0,0,0,0,0,0,0,0,0,0,0,47,47,80,119,153,231,254,254,254,0,0,0,0,0,0,0,0,8,104,34,252,254,254,254,254,254,243,165,97,0,0,0,0,0,0,0,36,199,254,43,97,179,161,231,166,63,12,0,0,0,0,0,0,0,2,93,223,254,254,124,0,0,0,10,0,0,0,0,0,0,0,0,0,29,153,254,254,205,136,9,0,0,0,0,0,0,0,0,0,0,0,0,0,167,254,254,175,8,0,0,0,0,0,0,0,0,0,0,0,0,0,0,3,208,254,254,254,220,163,63,0,0,0,0,0,0,0,0,0,0,0,0,0,3,48,96,168,218,253,254,231,77,0,0,0,0,0,0,0,0,0,0,0,0,0,0,0,0,34,115,231,244,154,9,0,0,0,0,0,0,0,0,0,0,0,0,0,0,0,0,29,163,254,126,0,0,0,0,0,0,0,0,10,45,79,67,83,66,60,83,22,73,254,247,20,0,0,0,0,0,0,80,247,254,254,254,254,254,254,254,254,254,254,252,49,0,0,0,0,0,0,183,244,236,236,236,196,219,144,144,115,100,235,247,18,0,0,0,0,0,0,183,221,49,0,0,0,0,0,32,89,207,254,134,0,0,0,0,0,0,0,22,150,242,196,154,164,169,197,248,255,247,144,10,0,0,0,0,0,0,0,0,0,48,183,190,232,202,190,190,109,33,0,0,0,0,0,0,0,0,0,0,0,0,0,0,5,2,0,0,0,0,0,0,0,0,0,0,0,0,0,0,0,0,0,0,0,0,0,0,0,0,0,0,0,0,0,0,0,5
0,0,0,0,0,0,0,0,7,160,96,11,0,0,0,0,0,0,0,0,0,0,0,0,0,0,5,47,155,252,252,203,161,78,9,43,43,22,22,0,0,0,0,0,0,0,138,252,252,252,252,253,252,252,196,246,247,203,63,0,0,0,0,0,0,0,253,252,252,252,252,253,252,252,176,160,46,37,0,0,0,0,0,0,0,0,253,252,168,96,22,75,22,22,4,0,0,0,0,0,0,0,0,0,0,116,255,144,0,0,0,0,0,0,0,0,0,0,0,0,0,0,0,0,17,193,218,33,0,0,0,0,0,0,0,0,0,0,0,0,0,0,0,19,188,252,84,0,0,0,0,0,0,0,0,0,0,0,0,0,0,0,0,70,252,252,208,207,176,59,0,0,0,0,0,0,0,0,0,0,0,0,0,7,211,252,253,252,252,244,178,116,42,0,0,0,0,0,0,0,0,0,0,0,43,116,116,189,230,230,251,255,232,55,5,0,0,0,0,0,0,0,0,0,0,0,0,0,0,0,84,159,252,252,119,0,0,0,0,0,0,0,0,0,0,0,0,0,0,0,0,7,102,252,185,7,0,0,0,0,0,0,0,0,0,0,0,0,0,0,0,0,89,252,252,117,0,0,0,0,0,0,0,0,0,0,0,0,0,0,0,22,244,252,252,32,0,0,0,0,0,0,0,0,0,0,0,0,0,0,64,255,253,253,203,11,0,0,0,0,0,0,0,0,0,0,0,0,0,38,193,253,252,252,139,0,0,0,0,0,0,0,0,104,44,64,70,122,153,240,252,253,252,170,13,0,0,0,0,0,0,0,0,90,236,248,253,252,252,252,252,245,139,13,0,0,0,0,0,0,0,0,0,7,107,252,253,252,252,210,85,21,0,0,0,0,0,0,0,0,5
0,0,0,0,0,0,0,0,0,0,0,0,0,0,0,0,0,0,0,0,0,0,0,0,0,0,0,0,0,0,0,0,0,0,0,0,0,0,0,0,0,0,0,0,0,0,0,0,0,0,0,0,0,0,0,0,0,0,0,0,0,0,0,0,0,32,104,162,65,32,70,70,120,170,254,229,15,0,0,0,0,0,0,13,181,241,253,254,249,241,253,254,253,253,253,190,2,0,0,0,0,0,43,221,253,253,253,254,232,154,137,138,158,253,253,184,0,0,0,0,0,51,209,254,253,244,94,69,6,0,0,0,80,253,253,184,0,0,0,0,0,116,254,255,199,17,0,0,0,0,0,0,72,254,254,160,0,0,0,0,0,61,206,124,11,0,0,0,0,0,0,0,138,253,253,93,0,0,0,0,0,0,0,0,0,0,0,0,0,0,0,0,180,253,253,51,0,0,0,0,0,0,0,0,0,0,0,0,0,0,0,0,230,253,219,0,0,0,0,0,0,0,0,0,0,0,0,0,0,0,0,70,254,254,161,0,0,0,0,0,0,0,0,0,0,0,0,0,0,0,0,153,253,253,111,0,0,0,0,0,0,0,0,0,0,0,0,0,0,0,0,161,253,253,69,0,0,0,0,0,0,0,0,0,0,0,0,0,0,0,0,195,253,244,44,0,0,0,0,0,0,0,0,0,0,0,0,0,0,0,60,254,254,138,0,0,0,0,0,0,0,0,0,0,0,0,0,0,0,0,110,254,253,121,0,0,0,0,0,0,0,0,0,0,0,0,0,0,0,0,184,254,253,46,0,0,0,0,0,0,0,0,0,0,0,0,0,0,0,0,184,254,253,46,0,0,0,0,0,0,0,0,0,0,0,0,0,0,0,24,254,254,241,34,0,0,0,0,0,0,7
0,0,0,0,0,0,0,0,0,170,255,253,0,0,0,0,0,0,0,0,0,0,0,0,0,0,0,0,0,168,253,251,0,0,0,0,0,0,0,0,0,0,0,0,0,0,0,0,85,253,254,253,169,0,0,0,0,0,0,0,0,0,0,0,0,0,0,0,85,251,253,251,168,0,0,0,0,0,0,0,0,0,0,0,0,0,0,0,85,253,254,253,169,0,0,0,0,0,0,0,0,0,0,0,0,0,0,0,85,251,253,251,168,0,0,0,0,0,0,0,0,0,0,0,0,0,0,0,85,253,254,253,114,0,0,0,0,0,0,0,0,0,0,0,0,0,0,0,85,251,253,251,0,0,0,0,0,0,0,0,0,0,0,0,0,0,0,0,85,253,254,253,0,0,0,0,0,0,0,0,0,0,0,0,0,0,0,0,197,251,253,251,0,0,0,0,0,0,0,0,0,0,0,0,0,0,0,0,254,253,254,253,0,0,0,0,0,0,0,0,0,0,0,0,0,0,0,0,253,251,253,138,0,0,0,0,0,0,0,0,0,0,0,0,0,0,0,57,254,253,254,84,0,0,0,0,0,0,0,0,0,0,0,0,0,0,0,168,253,251,253,83,0,0,0,0,0,0,0,0,0,0,0,0,0,0,0,169,254,253,254,84,0,0,0,0,0,0,0,0,0,0,0,0,0,0,0,168,253,251,253,83,0,0,0,0,0,0,0,0,0,0,0,0,0,0,0,114,254,253,254,84,0,0,0,0,0,0,0,0,0,0,0,0,0,0,0,0,253,251,253,83,0,0,0,0,0,0,0,0,0,0,0,0,0,0,0,0,254,253,254,84,0,0,0,0,0,0,0,0,0,0,0,0,0,0,0,0,139,251,253,83,0,0,0,0,0,0,0,0,1
0,0,0,0,0,0,0,0,0,0,0,0,0,0,0,0,0,0,0,0,0,0,0,0,0,0,0,0,0,0,0,0,0,0,0,0,0,0,0,0,0,0,0,0,0,0,0,0,0,0,0,0,0,0,0,0,0,0,0,0,0,0,0,0,0,3,77,189,223,255,254,254,221,165,79,7,0,0,0,0,0,0,0,0,67,218,254,254,254,254,254,254,254,254,254,223,65,0,0,0,0,0,0,37,220,254,220,117,95,42,42,26,28,116,139,249,249,61,0,0,0,0,0,169,250,118,13,0,0,0,0,0,0,0,0,169,254,137,0,0,0,0,5,218,160,0,0,0,0,0,0,0,0,0,131,249,254,129,0,0,0,0,116,254,80,0,0,0,0,0,0,1,44,187,252,254,249,47,0,0,0,0,138,254,219,109,57,0,50,85,85,128,254,254,254,254,63,0,0,0,0,0,114,254,254,254,252,250,252,254,254,249,149,116,251,238,26,0,0,0,0,0,4,136,221,254,254,254,254,228,44,68,3,212,254,179,0,0,0,0,0,0,0,0,14,34,120,120,57,99,0,4,142,254,226,29,0,0,0,0,0,0,0,0,0,0,0,0,0,0,0,72,254,254,24,0,0,0,0,0,0,0,0,0,0,0,0,0,0,0,25,241,254,185,2,0,0,0,0,0,0,0,0,0,0,0,0,0,0,0,66,254,250,24,0,0,0,0,0,0,0,0,0,0,0,0,0,0,0,30,239,254,161,0,0,0,0,0,0,0,0,0,0,0,0,0,0,0,0,124,254,236,3,0,0,0,0,0,0,0,0,0,0,0,0,0,0,0,33,240,254,166,0,0,0,0,0,0,0,0,0,0,0,0,0,0,0,0,119,254,249,49,0,0,0,0,0,0,0,0,9
0,0,0,0,0,0,0,0,0,0,19,66,241,126,0,0,0,0,0,0,0,0,0,0,0,0,0,0,0,45,225,252,252,244,56,0,0,0,0,0,0,0,0,0,0,0,0,0,0,178,252,252,252,244,56,0,0,0,0,0,0,0,0,0,0,0,0,0,101,253,252,252,252,75,0,0,0,0,0,0,0,0,0,0,0,0,0,10,179,255,253,143,63,0,0,0,0,0,0,0,0,0,0,0,0,0,0,110,252,253,240,43,0,0,0,0,0,0,0,0,0,0,0,0,0,0,0,197,252,244,81,0,0,0,0,0,0,0,0,0,0,0,0,0,0,0,51,246,252,225,0,0,0,0,0,0,0,0,0,0,0,0,0,0,0,4,179,253,253,242,116,7,13,0,0,0,0,0,0,0,0,0,0,0,0,29,252,252,252,253,252,187,206,101,0,0,0,0,0,0,0,0,0,0,0,16,215,252,252,244,224,252,252,235,28,0,0,0,0,0,0,0,0,0,0,79,252,252,252,187,130,177,252,253,209,25,0,0,0,0,0,0,0,0,0,79,253,253,140,0,0,0,151,242,253,119,0,0,0,0,0,0,0,0,0,29,252,252,115,0,0,0,0,66,252,93,0,0,0,0,0,0,0,0,0,29,252,224,19,0,0,0,0,29,252,159,22,0,0,0,0,0,0,0,0,29,252,168,0,0,0,0,0,29,252,252,128,0,0,0,0,0,0,0,0,0,157,216,28,4,29,29,79,141,253,194,13,0,0,0,0,0,0,0,0,0,44,240,215,179,252,252,252,141,252,56,0,0,0,0,0,0,0,0,0,0,0,131,243,253,252,252,252,229,208,13,0,0,0,0,0,0,0,0,0,0,0,0,75,103,177,139,190,128,22,0,0,0,0,0,6
0,0,0,0,0,0,0,0,0,0,0,0,0,0,0,0,0,0,0,0,0,0,0,0,0,0,0,0,0,0,0,0,0,0,0,18,255,103,0,0,0,0,0,0,0,0,0,0,0,0,0,0,0,0,0,129,250,51,0,0,0,0,0,0,0,0,0,0,0,0,0,0,0,0,21,252,241,0,0,0,0,0,0,0,0,0,0,0,0,0,0,0,0,0,46,254,158,0,0,0,0,0,0,0,0,59,132,8,0,0,0,0,0,7,204,254,104,0,0,0,0,0,0,0,0,146,254,80,0,0,0,0,0,26,254,238,6,0,0,0,0,0,0,0,56,236,222,22,0,0,0,0,0,94,254,139,0,0,0,0,0,0,0,38,207,254,228,185,133,26,0,8,131,247,235,8,0,0,0,0,0,0,39,225,254,242,187,121,204,222,133,209,254,254,186,0,0,0,0,0,0,0,132,242,109,29,0,0,24,168,210,157,79,254,102,0,0,0,0,0,0,0,13,31,0,0,0,0,0,0,0,0,129,241,31,0,0,0,0,0,0,0,0,0,0,0,0,0,0,0,0,29,244,187,0,0,0,0,0,0,0,0,0,0,0,0,0,0,0,0,0,85,240,48,0,0,0,0,0,0,0,0,0,0,0,0,0,0,0,0,31,243,185,0,0,0,0,0,0,0,0,0,0,0,0,0,0,0,0,0,113,239,50,0,0,0,0,0,0,0,0,0,0,0,0,0,0,0,0,33,243,178,0,0,0,0,0,0,0,0,0,0,0,0,0,0,0,0,0,111,238,29,0,0,0,0,0,0,0,0,0,0,0,0,0,0,0,0,67,243,150,0,0,0,0,0,0,0,0,0,0,0,0,0,0,0,0,37,217,222,13,0,0,0,0,0,0,0,0,0,4
0,0,0,0,0,0,0,0,0,0,0,0,0,0,0,0,0,0,0,0,0,0,0,0,0,0,0,12,93,151,235,238,116,3,0,0,0,0,0,0,0,0,0,0,0,0,6,176,254,254,254,239,232,146,27,0,0,0,0,0,0,0,0,0,0,41,190,254,224,154,31,8,93,254,172,0,0,0,0,0,0,0,0,0,0,150,254,234,28,0,0,14,186,254,100,0,0,0,0,0,0,0,0,0,25,248,254,96,0,0,0,107,254,204,6,0,0,0,0,0,0,0,0,0,19,232,255,178,12,0,70,253,254,15,0,0,0,0,0,0,0,0,0,0,0,124,253,254,184,56,151,252,124,2,0,0,0,0,0,0,0,0,0,0,0,0,84,207,254,254,254,187,0,0,0,0,0,0,0,0,0,0,0,0,0,0,0,11,175,254,254,111,0,0,0,0,0,0,0,0,0,0,0,0,0,0,0,0,110,254,254,221,13,0,0,0,0,0,0,0,0,0,0,0,0,0,0,0,193,254,214,254,179,6,0,0,0,0,0,0,0,0,0,0,0,0,0,0,214,254,53,190,254,92,0,0,0,0,0,0,0,0,0,0,0,0,0,0,214,236,34,68,254,247,55,0,0,0,0,0,0,0,0,0,0,0,0,0,214,202,0,3,141,254,73,0,0,0,0,0,0,0,0,0,0,0,0,0,214,202,0,0,89,254,73,0,0,0,0,0,0,0,0,0,0,0,0,0,214,207,5,0,89,254,166,0,0,0,0,0,0,0,0,0,0,0,0,0,143,254,148,2,29,245,208,11,0,0,0,0,0,0,0,0,0,0,0,0,20,250,254,58,127,252,176,0,0,0,0,0,0,0,0,0,0,0,0,0,0,133,254,254,254,224,94,0,0,0,0,0,8
0,0,0,0,0,0,0,0,0,0,0,0,0,0,0,0,0,0,0,0,0,0,0,0,0,0,0,0,0,0,25,42,57,28,67,30,0,0,0,0,0,0,0,0,0,0,38,66,10,129,236,244,249,237,254,238,184,132,19,0,0,0,0,0,0,37,243,254,212,254,254,254,254,254,254,254,254,254,143,2,0,0,0,0,51,143,254,254,254,207,85,85,85,85,113,220,254,254,254,101,0,0,0,6,216,254,208,113,92,10,0,0,0,0,0,11,71,254,254,219,0,0,3,132,254,190,26,0,0,0,0,0,0,0,0,0,4,186,254,238,0,0,38,254,254,46,0,0,0,0,0,0,0,0,0,0,0,25,248,254,0,0,59,254,209,8,0,0,0,0,0,0,0,0,0,0,0,0,154,254,0,0,142,254,132,0,0,0,0,0,0,0,0,0,0,0,0,0,151,254,0,50,247,247,22,0,0,0,0,0,0,0,0,0,0,0,0,0,151,254,0,67,254,161,0,0,0,0,0,0,0,0,0,0,0,0,0,0,176,254,0,81,248,83,0,0,0,0,0,0,0,0,0,0,0,0,0,59,249,249,0,160,245,83,0,0,0,0,0,0,0,0,0,0,0,0,1,182,254,187,0,188,254,150,0,0,0,0,0,0,0,0,0,0,0,15,159,254,237,58,0,254,254,202,0,0,0,0,0,0,0,0,0,2,111,232,254,238,56,0,0,212,254,252,144,26,4,0,0,10,19,44,128,209,254,254,231,59,0,0,0,94,254,254,254,254,193,179,179,215,254,255,254,254,254,157,14,0,0,0,0,3,37,220,254,254,254,254,254,254,254,254,245,86,9,1,0,0,0,0,0,0,0,23,197,224,254,244,134,131,166,108,32,0,0,0,0,0,0,0,0
0,0,0,0,0,0,0,0,0,0,0,0,0,0,0,0,0,0,0,0,0,0,0,0,0,0,0,29,253,119,0,0,0,0,0,0,0,0,0,0,0,0,0,0,0,0,0,54,252,93,0,0,0,0,0,0,0,0,0,0,0,0,0,0,0,0,0,229,233,37,0,0,0,0,0,0,0,0,0,0,0,0,0,0,0,0,101,253,145,0,0,0,0,0,0,0,0,0,51,0,0,0,0,0,0,0,226,226,0,0,0,0,0,0,0,41,141,141,178,201,0,0,0,0,0,57,243,200,0,0,0,0,0,0,101,253,240,109,47,0,0,0,0,0,0,172,252,113,0,0,0,0,0,154,246,194,43,0,0,0,0,0,0,0,26,222,252,13,0,0,0,13,188,246,151,13,0,0,0,0,0,0,0,0,70,253,140,0,0,0,13,204,253,106,0,0,0,0,0,0,0,0,0,19,225,252,139,0,0,0,188,253,189,19,0,0,0,0,0,0,0,0,0,29,252,252,139,0,0,104,246,194,19,0,0,0,0,0,0,0,0,0,0,16,215,252,240,226,225,246,252,226,113,76,0,0,0,0,0,0,0,0,0,0,51,247,241,242,253,253,253,255,253,253,253,255,253,253,253,154,0,0,0,0,0,66,47,66,252,233,96,84,84,84,84,84,109,196,196,134,0,0,0,0,0,0,0,29,252,168,0,0,0,0,0,0,0,0,0,0,0,0,0,0,0,0,0,29,252,68,0,0,0,0,0,0,0,0,0,0,0,0,0,0,0,0,0,92,222,25,0,0,0,0,0,0,0,0,0,0,0,0,0,0,0,0,0,141,121,0,0,0,0,0,0,0,0,0,0,0,0,0,0,0,0,0,38,219,56,0,0,0,0,0,0,0,0,0,0,0,4
0,0,0,0,0,0,0,0,0,0,0,0,0,0,0,0,0,0,0,0,0,0,13,247,58,0,0,0,0,0,0,0,0,0,0,0,0,0,0,0,0,0,13,254,231,5,0,0,0,0,0,4,111,94,0,0,0,0,0,0,0,0,13,254,254,99,0,0,0,0,0,69,254,173,0,0,0,0,0,0,0,0,13,254,254,99,0,0,0,0,0,69,254,173,0,0,0,0,0,0,0,0,13,254,254,175,0,0,0,0,0,69,254,223,42,0,0,0,0,0,0,0,13,254,254,223,0,0,0,0,0,69,254,254,167,0,0,0,0,0,0,0,13,254,254,223,0,0,0,0,0,24,218,254,167,0,0,0,0,0,0,0,13,254,254,223,0,0,0,0,0,0,199,254,167,0,0,0,0,0,0,0,13,254,254,223,0,0,12,44,0,0,112,254,229,26,0,0,0,0,0,0,13,254,254,246,187,187,200,240,187,153,180,254,254,37,0,0,0,0,0,0,13,254,254,254,254,254,254,254,254,254,254,254,254,131,0,0,0,0,0,0,9,222,254,254,243,179,155,83,179,179,179,240,254,161,0,0,0,0,0,0,0,28,49,49,42,0,0,0,0,0,0,206,254,237,25,0,0,0,0,0,0,0,0,0,0,0,0,0,0,0,0,103,254,254,73,0,0,0,0,0,0,0,0,0,0,0,0,0,0,0,0,12,218,254,154,0,0,0,0,0,0,0,0,0,0,0,0,0,0,0,0,0,163,254,243,21,0,0,0,0,0,0,0,0,0,0,0,0,0,0,0,0,88,255,255,137,0,0,0,0,0,0,0,0,0,0,0,0,0,0,0,0,49,239,254,247,72,0,0,0,0,0,0,0,0,0,0,0,0,0,0,0,0,160,254,255,142,0,4
0,0,0,0,0,0,0,0,0,125,253,54,0,0,0,0,0,0,0,0,0,0,0,0,0,0,0,0,0,125,213,14,0,0,0,0,0,0,0,0,0,0,0,0,0,0,0,0,0,222,199,0,0,0,0,0,0,0,0,0,0,0,0,0,0,0,0,0,122,246,132,0,0,0,0,0,0,0,0,0,0,0,0,0,0,0,0,0,148,204,22,0,0,0,0,0,0,0,0,0,0,0,0,0,0,0,0,24,224,129,0,0,0,0,0,0,0,0,0,0,0,0,0,0,0,0,3,139,235,56,0,0,0,0,0,0,0,0,0,0,0,0,0,0,0,0,11,253,128,0,0,0,0,0,0,0,0,0,0,0,0,0,0,0,0,0,113,240,54,0,0,0,0,0,0,0,0,0,0,0,0,0,0,0,0,54,208,97,0,0,0,0,0,0,0,0,0,0,0,0,0,0,0,0,0,82,253,97,0,0,0,0,0,0,0,0,0,0,0,0,0,0,0,0,0,82,248,45,0,0,0,0,0,0,0,0,0,0,0,0,0,0,0,0,0,82,245,25,0,0,14,66,167,173,131,31,0,0,0,0,0,0,0,0,0,82,253,206,104,156,220,253,253,253,253,208,0,0,0,0,0,0,0,0,0,2,122,253,253,253,253,253,253,253,253,249,69,0,0,0,0,0,0,0,0,0,43,253,253,253,253,253,247,183,183,72,0,0,0,0,0,0,0,0,0,0,7,145,228,200,123,37,34,0,0,0,0,0,0,0,0,0,0,0,0,0,0,0,0,0,0,0,0,0,0,0,0,0,0,0,0,0,0,0,0,0,0,0,0,0,0,0,0,0,0,0,0,0,0,0,0,0,0,0,0,0,0,0,0,0,0,0,0,0,0,0,0,0,0,0,6
0,0,0,0,0,0,0,0,0,0,105,176,251,251,251,251,0,0,0,0,0,0,0,0,0,0,0,0,0,16,190,253,251,251,251,251,0,0,0,0,0,0,0,0,0,0,0,0,94,170,251,253,251,157,189,251,0,0,0,0,0,0,0,0,0,0,0,0,217,251,251,253,147,10,109,251,0,0,0,0,0,0,0,0,0,0,0,42,228,253,253,130,0,0,110,253,53,0,0,0,0,0,0,0,0,0,42,206,251,251,147,0,0,0,47,107,77,0,0,0,0,0,0,0,0,27,228,251,251,235,61,0,0,0,0,0,0,0,0,0,0,0,0,0,0,180,253,251,235,82,0,0,0,0,0,0,0,0,0,0,0,0,0,0,79,231,253,251,241,103,0,0,0,0,0,0,0,0,0,0,0,0,0,11,150,253,255,253,201,175,73,73,176,253,253,124,53,0,0,0,0,0,0,37,251,251,253,251,71,251,251,253,251,251,251,251,222,62,0,0,0,0,0,37,251,251,253,127,41,251,251,253,251,251,251,251,253,107,0,0,0,0,0,37,251,251,253,107,21,189,251,253,188,142,189,251,253,107,0,0,0,0,0,37,251,251,253,107,0,31,71,72,30,0,109,251,253,107,0,0,0,0,0,37,253,253,255,253,98,73,73,53,42,99,253,253,182,0,0,0,0,0,0,16,169,251,253,251,251,251,251,222,206,251,251,251,180,0,0,0,0,0,0,0,15,164,253,251,251,251,251,253,251,251,251,225,25,0,0,0,0,0,0,0,0,0,175,251,251,251,251,253,251,251,204,41,0,0,0,0,0,0,0,0,0,0,21,71,226,251,251,253,147,71,41,0,0,0,0,0,0,0,0,0,0,0,0,0,0,0,0,0,0,0,0,0,0,0,0,0,6
0,0,0,0,0,0,0,0,0,0,0,13,255,153,7,0,0,0,0,0,0,0,0,0,0,0,0,0,0,0,57,206,253,252,56,0,0,0,0,0,0,0,0,0,0,0,0,0,0,19,140,252,253,208,13,0,0,0,0,0,0,0,0,0,0,0,0,0,0,107,252,252,253,96,0,0,0,0,0,0,0,0,0,0,0,0,0,0,154,253,253,253,254,253,119,0,0,0,0,0,0,0,0,0,0,0,0,151,253,252,252,227,253,252,93,0,0,0,0,0,0,0,0,0,0,0,104,246,253,233,130,156,253,252,56,0,0,0,0,0,0,0,0,0,13,188,246,252,241,59,76,249,253,151,6,0,0,0,0,0,0,0,0,13,254,253,253,241,51,0,85,253,254,84,0,0,0,0,0,0,0,0,19,194,253,252,252,115,0,0,28,234,253,171,57,57,57,44,0,0,0,19,191,252,253,252,252,153,198,197,197,246,253,252,252,252,253,240,197,197,63,194,252,252,253,252,252,252,253,252,252,252,253,252,252,252,253,252,252,202,141,253,253,253,254,247,225,125,114,113,113,238,254,197,0,0,0,0,0,0,141,252,252,151,84,65,0,0,0,0,0,225,253,196,0,0,0,0,0,0,144,93,56,6,0,0,0,0,0,0,67,246,253,109,0,0,0,0,0,0,0,0,0,0,0,0,0,0,0,0,85,252,253,184,0,0,0,0,0,0,0,0,0,0,0,0,0,0,0,0,38,163,254,253,128,4,0,0,0,0,0,0,0,0,0,0,0,0,0,0,0,0,178,252,252,53,0,0,0,0,0,0,0,0,0,0,0,0,0,0,0,0,44,224,252,228,38,0,0,0,0,0,0,0,0,0,0,0,0,0,0,0,0,44,228,252,113,0,0,0,4
0,0,0,0,0,0,0,0,0,0,0,0,0,0,0,0,0,0,0,0,0,0,0,0,0,0,95,120,255,254,254,254,254,151,101,15,0,0,0,0,0,0,0,0,0,111,250,253,253,253,253,253,253,253,253,38,0,0,0,0,0,0,0,0,0,59,245,253,253,253,253,253,253,253,253,38,0,0,0,0,0,0,0,0,0,0,6,26,81,7,7,127,253,253,253,38,0,0,0,0,0,0,0,0,0,0,0,0,0,0,4,143,253,253,235,32,0,0,0,0,0,0,0,0,0,0,0,0,0,43,149,253,253,253,137,0,0,0,0,0,0,0,0,0,0,0,0,11,165,243,253,253,253,93,8,0,0,0,0,0,0,0,0,0,0,0,175,193,253,253,253,238,180,23,0,0,0,0,0,0,0,0,0,0,0,0,239,253,253,253,253,193,16,0,0,0,0,0,0,0,0,0,0,0,0,0,192,253,253,253,253,253,234,124,0,0,0,0,0,0,0,0,0,0,0,0,26,95,150,217,232,253,253,248,177,27,0,0,0,0,0,0,0,0,0,0,0,0,0,0,12,190,253,253,253,113,0,0,0,0,0,0,0,0,0,0,0,0,0,0,0,15,166,230,253,246,81,0,0,0,0,0,0,0,0,0,0,0,0,0,0,0,5,175,253,253,92,0,0,0,0,0,0,0,0,0,0,0,0,0,0,0,140,253,253,253,92,0,0,0,0,0,0,0,0,0,0,0,0,0,44,137,249,253,253,162,14,0,0,0,0,0,0,3,126,162,17,8,88,162,226,253,253,253,249,36,0,0,0,0,0,0,0,93,253,253,253,253,253,253,253,253,253,180,79,0,0,0,0,0,0,0,0,17,203,253,253,253,253,253,253,227,156,15,0,0,0,0,0,0,3
0,0,0,0,0,0,0,0,0,0,0,0,0,0,0,0,0,0,0,0,0,0,0,0,0,0,0,0,0,0,0,0,0,0,0,0,0,0,0,0,0,0,0,0,0,0,0,0,0,0,0,0,0,0,0,27,36,78,78,78,0,0,0,0,0,0,0,0,0,0,0,0,80,233,246,249,249,254,204,249,0,0,0,0,0,0,0,0,0,61,184,232,252,195,171,99,99,61,4,12,0,0,0,0,0,0,0,0,0,198,254,254,107,3,0,0,0,0,0,0,0,0,0,0,0,0,0,0,81,252,254,224,15,0,0,0,0,0,0,0,0,0,0,0,0,0,0,58,238,254,126,30,0,0,0,0,0,0,0,0,0,0,0,0,0,0,15,234,240,44,3,0,0,0,0,0,0,0,0,0,0,0,0,0,0,0,148,254,69,0,0,0,0,0,0,0,0,0,0,0,0,0,0,0,0,40,237,218,9,0,0,0,0,0,0,0,0,0,0,0,0,0,0,0,0,149,254,71,0,0,0,0,0,0,0,0,0,0,0,0,0,0,0,0,0,223,254,133,3,0,0,0,0,0,0,0,0,0,0,0,0,0,0,0,0,116,253,254,184,117,39,4,0,0,0,0,0,0,0,0,0,0,0,0,0,0,137,194,234,254,254,158,33,0,0,0,0,0,0,0,0,0,0,0,35,2,0,0,16,60,234,254,206,0,0,0,0,0,0,0,0,0,0,0,152,75,0,0,11,118,247,254,107,0,0,0,0,0,0,0,0,0,0,0,255,233,103,123,226,254,246,147,10,0,0,0,0,0,0,0,0,0,0,0,216,254,254,254,246,166,41,0,0,0,0,0,0,0,0,0,0,0,0,0,0,76,77,77,5,0,0,0,0,0,0,0,0,0,0,0,5
245,205,248,254,221,239,247,202,202,215,239,217,205,247,216,220,254,224,248,217,247,234,235,244,242,239,211,238,247,253,207,250,224,205,208,236,214,229,220,216,249,206,221,240,204,250,233,201,226,225,220,238,244,213,208,201,224,211,248,254,222,248,253,229,243,225,211,210,247,217,222,217,240,219,219,231,215,254,247,240,240,253,205,222,200,239,231,201,222,242,214,219,215,233,201,216,235,201,251,212,225,215,205,254,253,212,237,249,238,207,225,228,216,200,211,213,227,215,240,204,214,243,234,230,211,226,209,247,207,233,210,246,229,216,254,213,239,210,238,228,246,229,238,252,251,214,213,220,232,240,230,215,250,218,249,220,226,210,200,247,238,203,214,206,239,228,203,214,214,229,224,237,244,233,224,217,242,250,204,200,222,226,204,239,224,229,239,217,225,235,216,208,244,221,238,221,242,237,223,238,202,216,219,206,239,216,241,232,232,215,213,207,211,216,228,248,215,249,254,239,222,225,238,212,205,201,226,250,211,203,200,204,240,252,219,254,205,233,241,218,218,210,201,232,202,253,237,201,240,213,206,210,238,236,204,205,207,222,246,238,213,237,203,209,228,217,242,214,216,231,231,231,209,200,210,244,210,202,237,232,252,216,203,241,206,219,242,214,224,246,219,224,219,245,231,245,248,226,205,216,254,223,204,247,202,236,202,225,211,210,215,247,226,222,213,242,222,221,243,217,238,221,213,226,235,219,217,201,248,248,204,248,237,223,201,209,248,211,240,246,204,238,229,216,206,249,251,214,221,210,245,222,248,206,206,237,218,234,228,233,246,247,231,238,205,210,209,251,232,243,249,231,243,203,250,237,232,246,222,235,208,201,254,223,254,221,231,213,200,235,248,214,254,215,234,223,224,230,247,224,8
0,0,0,0,0,0,0,0,0,0,0,0,0,0,0,0,0,0,0,0,0,0,0,0,0,0,0,0,0,0,0,0,0,3,185,219,132,19,0,0,0,0,0,0,47,145,145,21,0,0,0,0,4,126,252,252,252,159,83,0,0,0,0,0,181,252,252,170,32,0,0,0,54,252,252,252,252,252,143,0,0,0,0,33,229,252,252,252,143,0,0,5,175,252,252,252,252,252,121,0,0,0,0,135,252,252,252,252,115,0,0,111,252,252,252,252,252,97,7,0,0,0,28,233,252,252,252,252,23,0,0,145,252,252,252,252,187,9,0,0,0,0,134,252,252,252,252,252,23,0,51,232,252,252,252,252,128,0,0,0,0,68,239,252,252,252,252,252,111,97,179,252,252,252,252,252,126,60,0,0,0,145,252,252,252,252,252,252,252,252,253,252,252,252,252,252,252,197,10,0,0,145,252,252,252,252,252,252,252,252,253,252,252,252,252,252,252,252,23,0,0,139,253,253,253,253,253,253,253,253,255,253,253,253,245,241,201,75,0,0,0,11,186,252,252,241,204,108,108,188,253,252,252,252,175,35,0,0,0,0,0,0,14,96,182,113,143,47,136,248,253,252,252,252,252,77,0,0,0,0,0,0,0,0,0,0,0,0,109,252,253,252,252,252,252,228,113,0,0,0,0,0,0,0,0,0,0,0,31,186,253,252,252,252,180,72,48,0,0,0,0,0,0,0,0,0,0,0,84,250,253,252,252,252,163,0,0,0,0,0,0,0,0,0,0,0,0,0,109,252,253,252,252,252,192,0,0,0,0,0,0,0,0,0,0,0,0,0,212,252,253,252,252,252,89,0,0,0,0,0,0,0,0,0,0,0,0,0,177,252,253,252,252,208,7,0,0,0,0,0,4
0,0,0,0,0,0,0,0,0,0,99,253,192,78,0,0,0,0,0,0,0,0,0,0,0,0,0,0,0,0,181,252,253,179,0,0,0,0,0,0,0,0,0,0,0,0,0,0,0,0,181,252,253,179,0,0,0,0,0,0,0,0,0,0,0,0,0,0,0,42,221,252,253,179,0,0,0,0,0,0,0,0,0,0,0,0,0,0,0,217,252,252,253,179,0,0,0,0,0,0,0,0,0,0,0,0,0,0,94,247,252,252,253,55,0,0,0,0,0,0,0,0,0,0,0,0,0,0,109,252,252,252,253,35,0,0,0,0,0,0,0,0,0,0,0,0,0,0,109,252,252,252,191,15,0,0,0,0,0,0,0,0,0,0,0,0,0,0,255,253,253,253,145,0,0,0,0,0,0,0,0,0,0,0,0,0,0,125,253,252,252,168,20,0,0,0,0,0,0,0,0,0,0,0,0,0,0,144,253,252,252,252,0,0,0,0,0,0,0,0,0,0,0,0,0,0,0,144,253,252,252,252,0,0,0,0,0,0,0,0,0,0,0,0,0,0,16,191,255,253,253,253,0,0,0,0,0,0,0,0,0,0,0,0,0,0,37,252,253,252,252,252,0,0,0,0,0,0,0,0,0,0,0,0,0,0,37,252,253,252,252,148,0,0,0,0,0,0,0,0,0,0,0,0,0,0,37,252,253,252,252,108,0,0,0,0,0,0,0,0,0,0,0,0,0,0,37,253,255,253,253,108,0,0,0,0,0,0,0,0,0,0,0,0,0,0,161,252,253,252,252,108,0,0,0,0,0,0,0,0,0,0,0,0,0,0,160,252,253,252,122,31,0,0,0,0,0,0,0,0,0,0,0,0,0,0,37,252,253,210,31,0,0,0,0,0,0,0,0,0,1
0,0,0,0,0,0,0,0,0,0,0,0,0,0,0,0,0,0,0,0,0,0,0,0,0,0,0,0,0,0,0,0,0,0,0,0,0,0,0,0,0,0,0,0,0,0,0,0,0,0,67,160,164,226,36,0,0,0,0,0,0,0,0,0,0,0,0,0,33,108,220,202,122,161,196,0,0,0,0,0,0,0,0,0,0,0,0,122,245,247,56,0,0,17,46,0,0,0,0,0,0,0,0,0,0,0,85,251,217,46,0,0,0,0,123,60,0,0,0,0,0,0,0,0,9,131,248,187,23,0,0,0,58,204,252,140,0,0,0,0,0,0,0,0,55,254,209,5,0,0,0,67,205,218,247,140,0,0,0,0,0,0,0,0,141,240,22,0,0,32,145,246,184,101,254,110,0,0,0,0,0,0,0,0,121,246,85,57,183,248,194,54,4,150,208,2,0,0,0,0,0,0,0,0,42,238,254,254,219,97,14,0,91,254,196,0,0,0,0,0,0,0,0,0,0,30,97,69,10,0,0,0,104,254,113,0,0,0,0,0,0,0,0,0,0,0,0,0,0,0,0,10,178,235,14,0,0,0,0,0,0,0,0,0,0,0,0,0,0,0,0,87,254,178,0,0,0,0,0,0,0,0,0,0,0,0,0,0,0,0,0,132,250,74,0,0,0,0,0,0,0,0,0,0,0,0,0,0,0,0,0,195,247,28,0,0,0,0,0,0,0,0,0,0,0,0,0,0,0,0,62,252,174,0,0,0,0,0,0,0,0,0,0,0,0,0,0,0,0,0,143,223,11,0,0,0,0,0,0,0,0,0,0,0,0,0,0,0,0,0,227,216,0,0,0,0,0,0,0,0,0,0,0,0,0,0,0,0,0,92,255,216,0,0,0,0,0,0,0,0,9
0,0,0,0,0,0,0,0,0,0,0,0,0,0,0,0,0,0,0,0,0,0,0,37,218,255,203,27,0,0,0,0,0,0,0,0,0,0,0,0,0,0,0,76,242,253,253,196,23,0,0,0,0,0,0,0,0,0,0,0,0,0,0,0,193,253,253,253,123,0,0,0,0,0,0,0,0,0,0,0,0,0,0,0,43,253,253,253,250,22,0,0,0,0,114,116,34,0,0,0,0,0,0,0,39,253,253,253,253,22,0,0,0,129,220,253,208,0,0,0,0,0,0,0,39,253,253,253,253,22,0,0,0,169,253,253,249,80,0,0,0,0,0,0,91,253,253,253,253,100,86,86,86,197,253,253,253,247,43,0,0,0,0,31,200,253,253,253,253,253,253,253,253,253,253,253,253,253,45,0,0,0,77,250,253,253,253,253,253,253,253,253,253,253,253,253,253,253,45,0,0,90,244,253,253,253,253,253,253,253,253,253,253,253,253,253,253,253,45,0,71,237,253,253,253,253,253,217,76,76,76,151,230,230,240,253,253,253,153,0,101,253,253,253,253,253,136,35,0,0,0,0,0,0,116,253,253,253,199,0,101,253,253,253,176,30,2,0,0,0,0,0,0,0,14,220,253,253,199,0,95,237,238,181,20,0,0,0,0,0,0,0,0,0,0,216,253,253,199,0,0,0,0,0,0,0,0,0,0,0,0,0,0,0,0,216,253,253,199,0,0,0,0,0,0,0,0,0,0,0,0,0,0,0,0,216,253,253,199,0,0,0,0,0,0,0,0,0,0,0,0,0,0,0,0,216,253,253,199,0,0,0,0,0,0,0,0,0,0,0,0,0,0,0,0,150,253,253,199,0,0,0,0,0,0,0,0,0,0,0,0,0,0,0,0,11,178,253,199,0,4
0,0,0,0,0,0,0,0,0,0,0,0,0,0,0,0,0,0,0,0,0,0,0,0,0,0,0,0,0,0,0,0,0,0,0,0,0,0,0,0,0,0,0,0,0,0,0,13,153,220,255,254,197,0,0,0,0,0,0,0,0,0,0,0,0,0,55,193,253,253,254,253,213,0,0,0,0,0,0,0,0,0,0,0,0,0,203,253,234,196,138,200,213,0,0,0,0,9,9,0,0,0,0,0,0,102,254,151,13,0,0,38,96,0,0,17,134,209,185,9,0,0,0,0,7,204,160,0,0,0,0,0,0,0,70,212,254,254,185,9,0,0,0,0,24,253,176,0,0,0,0,0,38,147,245,253,248,139,9,0,0,0,0,0,5,188,241,19,0,0,0,155,245,253,254,164,42,0,0,0,0,0,0,0,0,25,254,90,0,0,151,247,210,160,69,6,0,0,0,0,0,0,0,0,0,0,104,254,136,170,254,241,101,0,0,0,0,0,0,0,0,0,0,0,0,0,7,216,253,253,165,60,0,0,0,0,0,0,0,0,0,0,0,0,0,0,0,63,253,253,93,0,0,0,0,0,0,0,0,0,0,0,0,0,0,0,0,114,253,253,127,0,0,0,0,0,0,0,0,0,0,0,0,0,0,0,0,231,113,68,254,115,0,0,0,0,0,0,0,0,0,0,0,0,0,0,0,222,38,0,120,139,26,0,0,0,0,0,0,0,0,0,0,0,0,0,0,184,0,0,13,188,133,0,0,0,0,0,0,0,0,0,0,0,0,0,0,218,34,0,0,110,42,0,0,0,0,0,0,0,0,0,0,0,0,0,0,231,46,0,0,139,138,0,0,0,0,0,0,0,0,0,0,0,0,0,0,163,159,138,139,235,137,0,0,0,0,0,0,0,8
0,0,0,0,0,0,0,0,0,0,255,253,86,28,0,0,0,0,0,0,0,0,0,0,0,0,0,0,0,0,253,251,253,83,0,0,0,0,0,0,0,0,0,0,0,0,0,0,0,169,254,253,254,253,0,0,0,0,0,0,0,0,0,0,0,0,0,0,0,56,253,251,253,251,0,0,0,0,0,0,0,0,0,0,0,0,0,0,29,197,254,253,254,253,0,0,0,0,0,0,0,0,0,0,0,0,0,0,197,251,253,251,253,251,0,0,0,0,0,0,0,0,0,0,0,0,0,0,254,253,254,253,254,253,0,0,0,0,0,0,0,0,0,0,0,0,0,0,253,251,253,251,253,251,0,0,0,0,0,0,0,0,0,0,0,0,0,0,254,253,254,253,254,253,0,0,0,0,0,0,0,0,0,0,0,0,0,114,253,251,253,251,253,251,0,0,0,0,0,0,0,0,0,0,0,0,85,253,254,253,254,253,254,84,0,0,0,0,0,0,0,0,0,0,0,0,197,251,253,251,253,251,253,83,0,0,0,0,0,0,0,0,0,0,0,0,169,169,254,253,254,253,169,0,0,0,0,0,0,0,0,0,0,0,0,0,225,224,253,251,253,251,168,0,0,0,0,0,0,0,0,0,0,0,0,0,85,253,254,253,254,253,169,0,0,0,0,0,0,0,0,0,0,0,0,0,197,251,253,251,253,251,168,0,0,0,0,0,0,0,0,0,0,0,0,0,198,253,254,253,254,253,0,0,0,0,0,0,0,0,0,0,0,0,0,0,85,251,253,251,253,251,0,0,0,0,0,0,0,0,0,0,0,0,0,0,0,114,254,253,254,196,0,0,0,0,0,0,0,0,0,0,0,0,0,0,0,0,253,251,84,28,0,0,0,0,0,0,0,0,1
0,0,0,0,0,0,0,0,0,0,0,0,0,0,0,0,0,0,0,0,0,0,0,0,0,0,0,0,0,0,0,132,157,231,255,209,21,7,4,0,0,0,0,0,0,0,0,0,0,98,76,225,253,253,247,247,253,253,141,0,0,0,0,0,0,0,0,4,15,180,253,253,253,253,81,179,253,253,150,1,0,0,0,0,0,0,0,117,233,223,253,247,248,253,166,238,253,253,187,5,0,0,0,0,0,0,23,220,253,253,230,102,138,253,253,253,253,225,64,0,0,0,0,0,0,0,38,253,253,218,25,0,199,253,253,253,239,21,0,0,0,0,0,0,0,0,59,253,253,197,0,46,235,253,238,164,53,0,0,0,0,0,0,0,0,0,161,253,253,236,114,134,253,253,166,0,0,0,0,0,0,0,0,0,0,0,161,253,253,253,253,253,253,253,139,0,0,0,0,0,0,0,0,0,0,0,161,253,253,253,253,253,253,203,32,0,0,0,0,0,0,0,0,0,0,0,128,253,253,253,253,192,103,12,0,0,0,0,0,0,0,0,0,0,0,0,74,253,253,253,253,200,12,0,0,0,0,0,0,0,0,0,0,0,21,205,236,253,253,253,253,85,0,0,0,0,0,0,0,0,0,0,0,7,164,253,253,253,253,253,253,61,0,0,0,0,0,0,0,0,0,0,0,126,253,253,253,253,253,253,253,61,0,0,0,0,0,0,0,0,0,0,60,240,253,253,253,253,253,253,253,61,0,0,0,0,0,0,0,0,0,0,136,253,253,253,253,253,253,253,197,6,0,0,0,0,0,0,0,0,0,0,136,253,253,253,253,253,253,253,191,0,0,0,0,0,0,0,0,0,0,0,79,253,253,253,253,253,253,227,42,0,0,0,0,0,0,0,0,0,8
0,0,0,0,0,0,0,0,0,0,0,0,56,170,254,254,182,59,9,0,0,0,0,0,0,0,0,0,0,0,20,94,238,254,219,61,3,0,0,0,0,0,0,0,0,0,0,0,0,16,187,254,248,205,36,0,0,0,0,0,0,0,0,0,0,0,0,0,8,194,254,254,124,0,0,0,0,0,0,0,0,0,0,0,0,0,0,8,195,254,254,219,33,0,0,0,0,0,0,0,0,0,0,0,0,0,16,194,254,254,107,5,0,0,0,0,0,0,0,0,0,0,0,0,0,20,187,254,254,215,18,0,0,0,0,0,0,0,0,0,0,0,0,0,0,56,254,254,254,32,0,0,0,0,0,0,0,0,0,0,0,0,0,0,0,56,254,254,254,6,18,49,49,17,0,0,0,0,0,0,0,0,0,0,0,71,254,254,169,14,183,255,254,179,0,0,0,0,0,0,0,0,0,0,0,194,254,254,198,193,254,254,254,243,67,0,0,0,0,0,0,0,0,0,0,194,254,254,254,254,254,254,254,254,248,0,0,0,0,0,0,0,0,0,0,194,254,254,254,254,254,254,254,254,248,0,0,0,0,0,0,0,0,0,0,194,254,254,254,254,254,254,254,255,248,0,0,0,0,0,0,0,0,0,0,85,254,254,254,254,254,254,254,254,214,0,0,0,0,0,0,0,0,0,0,56,254,254,254,254,254,254,254,235,33,0,0,0,0,0,0,0,0,0,0,21,192,254,254,254,254,254,251,208,0,0,0,0,0,0,0,0,0,0,0,0,16,199,254,254,254,254,131,0,0,0,0,0,0,0,0,0,0,0,0,0,0,0,0,0,0,0,0,0,0,0,0,0,0,0,0,0,0,0,0,0,0,0,0,0,0,0,0,0,0,0,0,0,0,0,6
0,0,0,0,0,0,0,0,0,0,0,3,91,213,254,255,254,32,0,0,0,0,0,0,0,0,0,0,0,0,6,130,253,253,253,253,253,42,0,0,0,0,0,0,0,0,0,0,0,0,83,253,253,253,253,253,253,220,45,0,0,0,0,0,0,0,0,0,0,21,211,253,253,253,253,253,253,253,106,0,0,0,0,0,0,0,0,0,33,203,253,253,253,253,253,253,253,253,106,0,0,0,0,0,0,0,0,119,224,253,253,219,139,199,253,253,253,66,17,0,0,0,0,0,0,0,28,202,253,253,253,81,0,99,253,253,253,32,0,0,0,0,0,0,0,33,209,253,253,253,178,8,0,25,253,253,253,32,0,0,0,0,0,0,0,124,253,253,253,253,70,0,0,25,253,253,253,32,0,0,0,0,0,0,11,165,253,253,253,102,1,0,0,25,253,253,253,32,0,0,0,0,0,4,146,253,253,253,208,31,0,0,0,25,253,253,253,32,0,0,0,0,0,107,253,253,253,198,115,0,0,0,0,25,253,253,253,32,0,0,0,0,2,122,253,253,253,114,0,0,0,0,0,147,253,253,253,32,0,0,0,0,17,253,253,253,230,62,0,0,0,0,0,189,253,253,193,18,0,0,0,0,17,253,253,253,204,0,0,26,42,47,205,241,253,246,102,0,0,0,0,0,17,253,253,253,203,0,35,206,253,253,253,253,253,127,0,0,0,0,0,0,17,253,253,253,247,222,230,253,253,253,253,253,227,37,0,0,0,0,0,0,7,167,253,253,253,253,253,253,253,253,253,238,58,0,0,0,0,0,0,0,0,76,237,253,253,253,253,253,253,202,116,14,0,0,0,0,0,0,0,0,0,0,70,89,227,162,195,89,89,29,0,0,0,0,0,0,0,0,0
0,0,0,0,0,0,0,0,0,0,0,0,0,0,0,0,0,0,0,0,0,0,0,0,0,0,0,0,0,0,0,0,0,0,0,0,0,0,0,0,0,0,0,0,0,0,0,0,0,0,0,0,0,0,0,0,0,0,0,0,0,0,0,0,0,64,243,255,217,45,0,0,0,0,73,146,119,7,0,0,0,0,0,0,0,189,253,253,253,249,161,76,76,147,240,253,253,122,0,0,0,0,0,0,20,218,253,253,253,253,253,253,253,253,253,253,253,103,0,0,0,0,0,0,62,253,253,253,220,231,253,253,253,253,253,253,196,17,0,0,0,0,0,5,228,253,253,217,15,32,65,179,253,253,253,152,21,0,0,0,0,0,0,6,253,253,253,154,0,0,0,143,253,253,249,21,0,0,0,0,0,0,0,6,253,253,226,37,0,0,34,233,253,253,90,0,0,0,0,0,0,0,0,2,59,59,32,0,0,0,137,253,253,233,32,0,0,0,0,0,0,0,0,0,0,0,0,0,0,22,246,253,243,53,0,0,0,0,0,0,0,0,0,0,0,0,0,0,0,194,253,253,232,0,0,0,0,0,0,0,0,0,0,0,0,0,0,0,0,233,253,253,146,0,0,0,0,0,0,0,0,0,0,0,0,0,0,0,91,252,253,206,14,0,0,0,0,0,0,0,0,0,0,0,0,0,0,12,209,253,253,136,0,0,0,0,0,0,0,0,0,0,0,0,0,0,0,49,253,253,253,54,0,0,0,0,0,0,0,0,0,0,0,0,0,0,0,107,253,253,201,3,0,0,0,0,0,0,0,0,0,0,0,0,0,0,8,223,253,253,126,0,0,0,0,0,0,0,0,0,0,0,0,0,0,0,102,253,253,240,16,0,0,0,0,0,0,0,0,0,7
0,0,0,0,0,74,254,166,129,236,249,254,77,0,0,0,0,0,0,0,0,0,0,0,0,19,240,41,0,0,102,254,198,7,0,0,0,0,0,0,0,0,0,0,0,8,90,0,0,0,44,245,254,62,0,0,0,0,0,0,0,0,0,0,0,0,0,0,0,0,0,162,254,140,0,0,0,0,0,0,0,0,0,0,0,0,0,0,0,0,0,57,254,186,0,0,0,0,0,0,0,0,0,0,0,0,0,0,0,0,0,57,254,186,0,0,0,0,0,0,0,0,0,0,0,0,0,0,0,0,12,101,254,186,0,0,0,0,0,0,0,0,0,0,0,0,0,0,0,0,50,254,254,155,0,0,0,0,0,0,0,0,0,0,0,0,0,0,0,0,84,254,254,62,0,0,0,0,0,0,0,0,0,0,0,0,0,0,0,72,237,254,108,14,0,0,0,0,0,0,0,0,0,0,0,0,0,0,31,238,254,254,68,0,0,0,0,0,0,0,0,0,0,0,0,0,0,27,218,254,237,139,12,0,0,0,0,0,0,0,0,0,0,0,0,0,0,78,254,254,159,0,0,0,0,0,0,81,94,145,0,0,0,0,0,8,100,194,254,188,49,0,0,0,0,81,142,250,254,161,0,0,0,0,6,178,254,254,239,51,0,24,107,107,204,250,254,215,39,14,0,0,0,0,13,254,254,254,252,237,237,241,254,254,254,219,100,12,0,0,0,0,0,0,13,254,254,254,254,254,254,254,254,222,136,32,0,0,0,0,0,0,0,0,13,255,255,255,255,255,169,130,39,4,0,0,0,0,0,0,0,0,0,0,0,0,0,0,0,0,0,0,0,0,0,0,0,0,0,0,0,0,0,0,0,0,0,0,0,0,0,0,0,0,0,0,0,0,0,0,2
0,0,0,0,0,0,0,0,0,0,33,219,153,0,0,0,0,0,0,0,0,0,0,0,0,0,0,0,0,0,43,229,227,0,0,0,0,0,0,0,0,0,0,0,0,0,0,0,0,0,0,187,227,0,0,0,0,0,0,0,0,0,0,0,0,0,0,0,0,0,0,187,227,0,0,0,0,0,0,0,0,0,0,0,0,0,0,0,0,0,66,200,73,0,0,0,0,0,0,0,0,0,0,0,0,0,0,0,0,5,210,235,54,0,0,0,0,0,0,0,0,0,0,0,0,0,0,0,0,91,254,254,89,0,0,0,0,0,0,0,0,0,0,0,0,0,0,0,0,91,254,254,89,0,0,0,0,0,0,0,0,0,0,0,0,0,0,0,0,91,254,254,89,0,0,0,0,0,0,0,0,0,0,0,0,0,0,0,0,128,254,215,17,0,0,0,0,0,0,0,0,0,0,0,0,0,0,0,0,228,254,206,0,0,0,0,0,0,0,0,0,0,0,0,0,0,0,0,0,228,255,117,0,0,0,0,0,0,0,0,0,0,0,0,0,0,0,0,0,228,254,68,0,0,0,0,0,0,0,0,0,0,0,0,0,0,0,0,0,228,254,68,0,0,0,0,0,0,0,0,0,0,0,0,0,0,0,0,46,239,254,68,0,0,0,0,0,0,0,0,0,0,0,0,0,0,0,0,15,232,254,68,0,0,0,0,0,0,0,0,0,0,0,0,0,0,0,0,0,228,254,68,0,0,0,0,0,0,0,0,0,0,0,0,0,0,0,0,0,206,254,68,0,0,0,0,0,0,0,0,0,0,0,0,0,0,0,0,0,91,254,80,0,0,0,0,0,0,0,0,0,0,0,0,0,0,0,0,0,42,229,131,0,0,0,0,0,0,0,0,1
0,0,0,0,0,0,102,254,145,2,0,0,0,0,0,0,0,0,0,0,0,0,0,0,0,0,155,253,253,74,0,0,0,0,0,0,0,0,0,0,0,0,0,0,0,0,17,205,253,134,0,0,0,0,0,0,0,0,0,0,0,0,0,0,0,0,0,155,253,86,0,0,0,0,0,0,0,0,0,0,0,0,0,0,0,0,0,44,253,204,9,0,0,0,0,0,0,0,0,0,0,0,0,0,0,0,0,44,253,253,68,0,0,0,0,0,0,0,0,0,0,0,0,0,0,0,0,37,240,253,149,0,0,0,0,0,0,0,0,0,0,0,0,0,0,0,0,0,174,253,191,0,0,0,0,0,0,0,0,0,0,0,0,0,0,0,0,0,86,253,205,14,0,0,0,0,0,0,0,0,0,0,0,0,0,0,0,0,38,235,253,152,0,0,0,0,0,0,0,0,0,0,0,0,0,0,0,0,0,180,253,237,42,0,0,0,0,0,0,0,0,0,0,0,0,0,0,0,0,143,253,253,92,0,0,0,0,0,0,0,0,0,0,0,0,0,0,0,0,11,199,253,202,16,0,0,0,0,0,0,0,0,0,0,0,0,0,0,0,0,143,253,253,92,0,0,0,0,0,0,0,0,0,0,0,0,0,0,0,0,63,253,253,172,0,0,0,0,0,0,0,0,0,0,0,0,0,0,0,0,38,229,253,172,0,0,0,0,0,0,0,0,0,0,0,0,0,0,0,0,0,192,253,246,91,0,0,0,0,0,0,0,0,0,0,0,0,0,0,0,0,77,253,253,166,0,0,0,0,0,0,0,0,0,0,0,0,0,0,0,0,4,201,253,249,35,0,0,0,0,0,0,0,0,0,0,0,0,0,0,0,0,102,229,108,1,0,0,0,0,1
0,0,0,0,0,0,0,96,195,49,0,0,0,0,0,0,0,0,0,0,0,0,0,0,18,47,131,252,254,227,154,43,0,0,0,0,0,0,0,0,0,0,0,0,183,254,254,254,254,254,254,245,147,18,91,0,0,0,0,0,0,0,18,183,254,254,254,254,254,254,254,254,254,249,252,135,0,0,0,0,0,0,40,216,216,245,254,254,113,61,61,169,235,254,254,227,53,0,0,0,0,0,0,0,0,194,254,208,31,0,0,0,57,153,254,254,192,0,0,0,0,0,0,0,89,251,254,118,0,0,0,0,0,47,226,254,251,87,0,0,0,0,0,0,94,254,254,14,0,0,0,0,0,9,162,254,254,111,0,0,0,0,0,0,94,254,254,14,0,0,0,0,0,34,48,183,254,251,76,0,0,0,0,0,94,254,128,2,0,0,0,0,0,0,0,117,254,254,179,14,0,0,0,0,202,254,116,0,0,0,0,0,0,0,0,106,251,254,245,41,0,0,0,0,248,254,116,0,0,0,0,0,0,0,0,0,141,254,199,22,0,0,0,0,248,254,116,0,0,0,0,0,0,0,0,0,105,254,254,46,0,0,0,100,252,254,116,0,0,0,0,0,0,0,0,0,217,254,248,43,0,0,0,81,252,254,116,0,0,0,0,0,0,0,0,54,234,255,146,0,0,0,0,0,248,254,149,4,0,0,0,0,0,0,42,150,254,210,22,0,0,0,0,0,149,254,254,117,3,0,0,0,0,50,224,254,253,89,0,0,0,0,0,0,94,254,254,254,148,109,76,77,109,238,254,205,111,0,0,0,0,0,0,0,17,69,230,254,254,254,241,241,254,254,209,25,0,0,0,0,0,0,0,0,0,0,55,151,254,255,254,254,254,118,33,0,0,0,0,0,0
0,0,0,0,0,0,0,0,0,0,0,0,0,0,0,0,0,0,0,0,0,0,0,0,0,64,255,128,0,0,0,0,0,0,0,0,191,128,0,0,0,0,0,0,64,255,255,128,0,0,0,0,0,0,0,64,255,128,0,0,0,0,0,0,255,255,255,0,0,0,0,0,0,0,64,255,255,64,0,0,0,0,0,64,255,255,191,0,0,0,0,0,0,0,128,255,255,0,0,0,0,0,0,128,255,255,128,0,0,0,0,0,0,0,255,255,128,0,0,0,0,0,0,255,255,255,64,0,0,0,0,0,0,128,255,255,0,0,0,0,0,0,64,255,255,191,0,0,0,0,0,0,0,191,255,255,0,0,0,0,0,0,128,255,255,128,0,0,0,0,0,0,0,255,255,255,0,0,0,0,0,0,128,255,255,128,0,0,0,0,0,0,64,255,255,255,128,128,191,255,0,0,128,255,255,191,128,128,128,128,128,191,255,255,255,255,255,255,255,255,0,0,128,255,255,255,255,255,255,255,255,255,255,255,255,255,128,64,0,0,0,0,0,191,255,255,255,255,255,255,255,255,255,255,255,0,0,0,0,0,0,0,0,0,0,128,128,128,64,0,0,128,255,255,128,0,0,0,0,0,0,0,0,0,0,0,0,0,0,0,0,128,255,255,128,0,0,0,0,0,0,0,0,0,0,0,0,0,0,0,0,255,255,255,0,0,0,0,0,0,0,0,0,0,0,0,0,0,0,0,128,255,255,128,0,0,0,0,0,0,0,0,0,0,0,0,0,0,0,0,191,255,255,64,0,0,0,0,0,0,0,0,0,0,0,0,0,0,0,0,255,255,255,0,0,0,0,0,0,0,0,0,0,0,0,0,0,0,0,0,255,255,255,128,0,0,0,0,0,0,4
0,0,0,0,0,0,0,0,0,0,0,0,0,0,0,0,0,0,0,0,0,0,0,0,0,0,0,0,0,0,0,0,0,0,0,0,0,0,0,0,0,0,0,0,0,0,0,0,0,0,0,0,0,0,0,0,0,0,0,0,0,0,0,0,0,0,0,5,7,7,98,130,130,130,234,255,255,203,13,0,0,0,0,0,8,89,136,214,253,253,253,253,253,253,253,253,253,253,75,0,0,0,1,28,208,253,253,253,253,253,240,235,198,111,159,253,253,245,17,0,0,0,13,253,253,253,250,207,105,105,28,0,0,21,164,253,253,148,0,0,0,0,5,99,171,146,84,0,0,0,0,0,0,205,253,253,241,69,0,0,0,0,0,0,0,0,0,0,0,0,0,0,66,236,253,253,75,0,0,0,0,0,0,0,0,0,0,0,0,0,0,46,235,253,253,170,11,0,0,0,0,0,0,0,0,0,0,0,0,0,68,195,253,253,194,12,0,0,0,0,0,0,0,0,0,0,0,0,0,13,201,253,253,235,69,0,0,0,0,0,0,0,0,0,0,0,0,0,13,165,253,253,253,82,0,0,0,0,0,0,0,0,0,0,0,0,0,0,50,253,253,253,233,36,0,0,0,0,0,0,0,0,0,0,0,0,0,0,147,253,253,253,142,0,0,0,0,0,0,0,0,0,0,0,0,0,0,75,238,253,253,198,11,0,0,0,0,0,0,0,0,0,0,0,0,0,0,167,253,253,253,142,0,0,0,0,0,0,0,0,0,0,0,0,0,0,14,199,229,217,230,39,0,0,0,0,0,0,0,0,0,0,0,0,0,0,38,253,253,253,142,0,0,0,0,0,0,0,0,0,0,0,0,0,0,0,150,253,253,253,68,0,0,0,0,0,0,0,0,0,7
0,0,0,0,0,0,0,0,0,0,0,0,0,0,0,0,0,0,0,0,0,0,0,0,0,0,0,0,0,0,0,0,0,0,0,0,0,0,0,0,0,0,0,0,0,0,0,0,0,0,0,0,0,0,0,0,0,0,0,0,0,0,0,0,0,0,0,0,0,0,0,0,0,0,0,0,0,0,0,0,0,0,0,0,0,0,0,0,0,0,0,0,0,0,0,0,0,18,91,134,0,0,0,0,0,0,5,157,223,116,209,153,104,111,153,186,240,244,253,238,0,0,0,0,0,0,98,253,214,133,232,251,254,253,253,250,174,167,103,21,0,0,0,0,0,29,213,253,121,0,0,45,68,105,139,43,0,0,0,0,0,0,0,0,3,178,253,210,2,0,0,0,0,0,0,0,0,0,0,0,0,0,0,0,93,253,244,58,0,0,0,0,0,0,0,0,0,0,0,0,0,0,0,15,222,253,253,212,170,148,206,187,107,25,0,0,0,0,0,0,0,0,0,8,224,254,254,254,254,246,206,245,255,170,0,0,0,0,0,0,0,0,0,0,19,89,61,20,20,17,0,17,254,244,27,0,0,0,0,0,0,0,0,1,9,58,0,0,0,0,0,4,254,252,59,0,0,0,0,0,0,0,41,151,253,167,0,0,0,0,5,199,254,173,0,0,0,0,0,0,0,0,222,253,249,41,0,0,0,25,163,253,247,81,0,0,0,0,0,0,0,0,88,239,253,237,173,151,186,243,253,223,65,0,0,0,0,0,0,0,0,0,0,29,143,221,253,253,253,226,148,24,0,0,0,0,0,0,0,0,0,0,0,0,0,4,7,7,7,4,0,0,0,0,0,0,0,0,0,0,0,0,0,0,0,0,0,0,0,0,0,0,0,0,0,0,0,0,0,0,5
0,0,0,0,0,0,0,0,0,0,0,85,230,44,0,0,0,0,0,0,0,0,0,0,0,0,0,0,0,0,0,209,237,64,0,0,0,0,0,0,0,0,0,0,0,0,0,0,0,0,0,239,195,0,0,0,0,0,0,0,0,0,0,0,0,0,0,0,0,0,0,239,195,0,0,0,0,0,0,0,0,0,0,0,0,0,0,0,0,0,70,251,195,0,0,0,0,0,0,0,0,0,0,0,0,0,0,0,0,0,190,254,195,0,0,0,0,0,0,0,0,0,0,0,0,0,0,0,0,0,201,254,195,0,0,0,0,0,0,0,0,0,0,0,0,0,0,0,0,0,201,254,112,0,0,0,0,0,0,0,0,0,0,0,0,0,0,0,0,27,227,254,87,0,0,0,0,0,0,0,0,0,0,0,0,0,0,0,0,55,254,241,31,0,0,0,0,0,0,0,0,0,0,0,0,0,0,0,0,140,254,147,0,0,0,0,0,0,0,0,0,0,0,0,0,0,0,0,16,249,254,125,0,0,0,0,0,0,0,0,0,0,0,0,0,0,0,0,17,254,254,125,0,0,0,0,0,0,0,0,0,0,0,0,0,0,0,0,105,254,254,36,0,0,0,0,0,0,0,0,0,0,0,0,0,0,0,10,185,254,108,1,0,0,0,0,0,0,0,0,0,0,0,0,0,0,0,88,254,255,54,0,0,0,0,0,0,0,0,0,0,0,0,0,0,0,0,131,254,232,32,0,0,0,0,0,0,0,0,0,0,0,0,0,0,0,42,228,254,139,0,0,0,0,0,0,0,0,0,0,0,0,0,0,0,0,158,254,243,27,0,0,0,0,0,0,0,0,0,0,0,0,0,0,0,0,44,229,238,0,0,0,0,0,0,0,0,0,0,0,1
0,0,0,0,0,0,0,0,0,0,0,0,0,0,0,0,0,0,0,0,0,0,0,0,0,0,0,31,92,150,150,253,255,254,223,96,0,0,0,0,0,0,0,0,10,94,185,234,253,253,253,253,253,253,253,249,65,0,0,0,0,0,0,81,245,253,253,253,253,231,177,114,114,173,253,253,182,0,0,0,0,0,0,84,253,230,122,67,67,26,0,0,0,32,253,253,186,0,0,0,0,0,0,84,240,46,0,0,0,0,0,0,0,128,253,253,186,0,0,0,0,0,0,84,227,0,0,0,0,0,0,0,0,165,253,253,186,0,0,0,0,0,0,10,113,0,0,0,0,0,0,0,128,252,253,244,56,0,0,0,0,0,0,0,0,0,0,0,0,0,0,53,232,253,253,207,0,0,0,0,0,0,0,0,0,0,0,0,0,2,89,234,253,253,186,21,0,0,0,0,0,0,0,0,0,0,0,0,46,176,253,253,253,253,94,0,0,0,0,0,0,0,0,0,0,0,7,167,245,253,253,253,253,253,238,102,0,0,0,0,0,0,0,0,0,0,76,253,253,253,253,253,253,253,253,253,140,0,0,0,0,0,0,0,0,0,36,223,253,235,125,62,62,86,253,253,209,13,0,0,0,0,0,0,0,0,0,10,15,12,0,0,11,102,253,253,217,17,0,0,0,0,0,0,0,0,0,0,0,0,0,45,181,253,253,247,87,0,0,0,0,0,0,0,0,0,0,0,18,85,165,243,253,253,253,173,0,0,0,0,0,0,0,0,0,20,68,135,240,253,253,253,253,217,112,9,0,0,0,0,0,0,21,115,210,228,253,253,253,253,253,226,104,17,0,0,0,0,0,0,0,0,140,253,253,253,253,253,229,175,93,2,0,0,0,0,0,0,0,0,3
0,0,0,0,0,0,0,0,17,212,252,24,23,23,15,0,0,0,0,0,0,0,0,0,0,0,26,46,195,250,250,252,250,250,175,25,0,0,0,0,0,0,0,0,0,32,168,250,250,250,250,252,250,250,250,167,31,0,0,0,0,0,0,0,34,164,250,250,250,250,250,252,250,250,250,250,113,0,0,0,0,0,22,115,164,250,250,250,250,250,250,252,250,250,250,250,175,115,31,0,0,13,158,250,250,250,250,250,250,250,250,252,250,250,250,250,250,250,167,25,0,23,250,250,250,250,250,250,132,90,90,91,120,250,250,250,250,250,250,176,0,23,250,250,250,250,250,132,18,0,0,0,13,67,67,150,250,250,250,250,0,212,250,250,250,155,44,16,0,0,0,0,0,0,0,21,157,250,250,250,0,252,250,250,250,135,0,0,0,0,0,0,0,0,0,0,137,250,250,250,0,255,252,252,252,136,0,0,0,0,0,0,0,0,0,0,139,252,252,252,0,252,250,250,250,135,0,0,0,0,0,0,0,0,0,0,137,250,250,250,0,252,250,250,250,135,0,0,0,0,0,0,0,0,0,0,137,250,250,250,0,168,250,250,250,177,92,33,0,0,0,0,0,0,0,0,137,250,250,250,0,23,250,250,250,250,250,163,31,0,0,0,0,0,0,0,137,250,250,250,0,11,137,250,250,250,250,250,167,25,0,0,0,0,0,64,199,250,250,250,0,0,46,250,250,250,250,250,250,176,160,0,0,45,160,201,250,250,250,118,0,0,13,67,134,250,250,250,250,250,250,185,183,202,250,250,250,250,116,12,0,0,0,0,17,138,250,250,250,250,250,252,250,250,250,250,136,44,12,0,0,0,0,0,0,10,21,168,250,250,250,252,250,250,250,145,10,0,0,0,0
0,0,0,0,0,0,0,0,4,114,192,255,218,96,14,0,0,0,0,0,0,0,0,0,0,0,0,64,187,252,252,253,252,252,211,67,0,0,0,0,0,0,0,0,0,9,101,247,252,252,103,109,100,179,245,244,150,0,0,0,0,0,0,0,0,106,253,252,252,183,14,0,0,0,142,252,239,69,0,0,0,0,0,0,0,194,253,252,252,84,0,0,0,0,11,174,253,203,9,0,0,0,0,0,126,253,254,236,253,84,0,0,0,0,0,45,237,253,188,0,0,0,0,8,197,252,222,37,230,56,0,0,0,0,0,0,69,252,247,63,0,0,0,75,252,252,106,0,17,0,0,0,0,0,0,0,22,212,252,180,0,0,0,197,252,182,0,0,0,0,0,0,0,0,0,0,0,85,252,189,0,0,0,232,252,147,0,0,0,0,0,0,0,0,0,0,0,85,252,189,0,0,103,253,253,86,0,0,0,0,0,0,0,0,0,0,0,103,253,190,0,0,190,252,252,42,0,0,0,0,0,0,0,0,0,0,15,211,252,110,0,0,190,252,194,4,0,0,0,0,0,0,0,0,0,0,52,252,242,42,0,0,190,252,119,0,0,0,0,0,0,0,0,0,0,71,218,252,134,0,0,0,190,252,84,0,0,0,0,0,0,0,0,0,71,211,253,217,12,0,0,0,191,253,190,0,0,0,0,0,0,0,0,145,253,253,194,0,0,0,0,0,190,252,237,32,0,0,0,0,0,68,190,247,252,137,27,0,0,0,0,0,86,251,252,191,110,22,31,127,171,245,252,233,134,4,0,0,0,0,0,0,0,179,252,252,253,252,252,252,252,243,153,7,0,0,0,0,0,0,0,0,0,4,113,235,253,252,252,252,164,35,0,0,0,0,0,0,0,0,0
0,0,0,0,0,0,0,0,0,0,0,0,0,0,0,0,0,0,0,0,0,0,0,0,0,0,0,0,0,0,0,0,0,0,0,0,0,0,0,0,0,0,0,0,0,0,0,0,0,0,0,0,0,0,0,0,0,0,0,0,0,0,0,0,0,0,0,0,0,0,0,0,0,0,0,0,0,0,0,0,0,38,222,253,253,255,253,253,253,253,255,253,253,253,253,255,253,222,38,0,0,85,252,252,252,253,252,252,252,252,253,252,252,252,252,253,252,252,84,0,0,85,252,252,252,253,252,252,252,252,253,252,252,252,252,253,252,252,84,0,0,28,193,227,252,253,226,223,223,223,225,223,223,227,252,253,252,252,84,0,0,0,0,13,189,190,12,0,0,0,0,0,0,107,252,253,252,220,37,0,0,0,0,0,0,0,0,0,0,0,0,0,26,207,253,255,215,31,0,0,0,0,0,0,0,0,0,0,0,0,0,29,200,252,252,253,167,0,0,0,0,0,0,0,0,0,0,0,0,0,0,117,252,252,252,228,52,0,0,0,0,0,0,0,0,0,0,0,0,0,92,243,252,252,252,47,0,0,0,0,0,0,0,0,0,0,0,0,0,0,253,252,252,252,173,0,0,0,0,0,0,0,0,0,0,0,0,0,13,191,255,253,253,162,0,0,0,0,0,0,0,0,0,0,0,0,0,0,154,252,253,252,154,9,0,0,0,0,0,0,0,0,0,0,0,0,0,76,234,252,253,186,12,0,0,0,0,0,0,0,0,0,0,0,0,0,73,234,252,252,240,71,0,0,0,0,0,0,0,0,0,0,0,0,0,63,240,252,252,252,63,0,0,0,0,0,0,0,0,0,0,0,0,0,0,255,253,253,253,190,0,0,0,0,0,0,0,0,0,0,7
0,0,0,0,0,0,0,0,0,0,0,0,0,0,0,0,0,0,0,0,0,0,0,0,0,0,0,0,0,0,0,0,0,0,0,0,0,0,0,0,0,0,0,0,0,0,0,0,0,0,0,0,0,0,0,0,0,0,0,0,0,132,253,137,0,0,0,0,0,0,0,7,160,201,74,0,0,0,0,0,0,99,244,211,95,0,0,0,0,0,0,142,252,210,188,0,0,0,0,0,0,0,150,246,247,111,19,0,0,0,0,184,252,22,0,0,0,0,0,0,0,0,0,94,253,252,135,17,0,0,0,90,252,65,0,0,0,0,0,0,0,0,0,0,96,252,252,192,11,0,0,70,252,137,0,0,0,0,0,0,0,0,0,0,0,22,216,253,201,22,0,70,253,148,0,0,0,0,0,0,0,0,0,0,0,0,67,202,252,245,88,103,252,252,22,0,0,0,0,0,0,0,0,0,0,0,0,25,121,253,252,252,252,252,116,0,0,0,0,0,0,0,0,0,0,0,0,0,0,56,160,185,252,252,116,0,0,0,0,0,0,0,0,0,0,0,0,0,0,0,0,7,107,252,116,0,0,0,0,0,0,0,0,0,0,0,0,0,0,0,0,0,43,241,127,0,0,0,0,0,0,0,0,0,0,0,0,0,0,0,0,0,0,230,230,0,0,0,0,0,0,0,0,0,0,0,0,0,0,0,0,0,0,230,237,25,0,0,0,0,0,0,0,0,0,0,0,0,0,0,0,0,0,230,253,92,0,0,0,0,0,0,0,0,0,0,0,0,0,0,0,0,0,230,253,92,0,0,0,0,0,0,0,0,0,0,0,0,0,0,0,0,0,168,255,154,0,0,0,0,0,0,0,0,0,0,0,0,0,0,0,0,0,116,253,206,0,0,0,0,4
0,0,0,0,0,0,0,0,0,0,0,0,0,0,0,0,0,0,0,0,0,0,0,0,0,163,254,176,130,130,73,5,0,0,0,0,0,0,0,0,0,0,0,0,0,163,221,198,222,253,254,237,190,51,0,0,0,0,0,0,0,0,0,0,0,163,108,0,16,36,62,145,248,222,0,0,0,0,0,0,0,0,0,0,0,35,23,0,0,0,0,0,146,249,57,0,0,0,0,0,0,0,0,0,0,0,0,0,0,0,0,0,95,253,72,0,0,0,0,0,0,0,0,0,0,0,0,0,0,0,0,0,186,242,26,0,0,0,0,0,0,0,0,0,0,0,0,0,0,0,16,94,250,163,0,0,0,0,0,0,0,0,0,0,0,0,0,0,0,59,196,245,158,8,0,0,0,0,0,0,0,0,0,0,0,0,0,0,0,174,202,44,0,0,0,0,0,0,0,0,0,0,0,0,0,0,0,0,0,91,254,83,0,0,0,0,0,0,0,0,0,0,0,0,0,0,0,0,0,33,255,199,0,0,0,0,0,0,0,0,0,0,0,0,0,0,0,0,0,0,134,226,60,0,0,0,0,0,0,0,0,0,0,0,0,0,0,0,0,0,0,235,222,8,0,0,0,0,0,0,0,0,0,0,0,0,0,0,0,0,0,126,253,61,0,0,0,0,0,0,0,0,0,0,0,0,0,0,0,0,0,55,253,144,0,0,0,0,0,0,0,0,0,0,0,0,0,0,32,73,0,88,241,119,0,0,0,0,0,0,0,0,0,0,0,0,12,178,243,253,236,252,206,43,0,0,0,0,0,0,0,0,0,0,0,0,55,253,179,101,127,107,5,0,0,0,0,0,0,0,0,0,0,0,0,0,55,253,101,6,0,0,0,0,0,0,0,0,0,0,3
0,0,0,0,0,0,0,0,0,0,0,0,0,0,0,0,0,0,0,0,0,0,0,0,0,0,0,0,0,0,0,0,0,0,0,0,0,0,0,0,0,0,0,0,0,0,0,0,0,0,0,0,0,0,0,0,0,0,0,0,0,0,0,0,0,67,191,211,255,254,155,136,21,8,0,0,0,0,0,0,0,0,0,0,82,203,253,253,253,253,253,253,253,195,54,0,0,0,0,0,0,0,0,86,244,253,248,200,118,118,200,249,253,253,88,0,0,0,0,0,0,0,54,242,253,252,111,0,0,0,0,112,252,253,176,0,0,0,0,0,0,0,72,253,253,110,0,0,0,0,0,93,252,253,245,58,0,0,0,0,0,0,72,253,159,2,0,0,0,0,0,113,253,253,253,70,0,0,0,0,0,0,182,253,199,122,6,6,6,6,6,171,253,253,253,70,0,0,0,0,0,0,72,253,253,253,253,253,253,253,253,253,253,253,249,64,0,0,0,0,0,0,27,190,249,253,253,253,253,253,253,253,253,253,206,0,0,0,0,0,0,0,0,0,68,131,142,194,194,194,150,154,253,253,206,0,0,0,0,0,0,0,0,0,0,0,0,0,0,0,0,79,252,253,206,0,0,0,0,0,0,0,0,0,0,0,0,0,0,0,0,0,249,253,206,0,0,0,0,0,0,0,0,0,0,0,0,0,0,0,0,0,249,253,99,0,0,0,0,0,0,0,0,0,0,0,0,0,0,0,0,111,253,253,88,0,0,0,0,0,0,0,0,0,0,0,0,0,0,0,0,113,253,253,88,0,0,0,0,0,0,0,0,0,0,0,0,0,0,0,0,113,253,253,88,0,0,0,0,0,0,0,0,0,0,0,0,0,0,0,0,113,253,253,88,0,0,0,0,0,9
0,0,0,0,0,0,0,0,0,0,0,0,0,0,0,0,0,0,0,0,0,0,0,0,0,0,0,0,171,253,232,47,0,0,0,0,0,0,0,0,0,0,0,0,0,0,0,125,253,252,252,232,0,0,0,0,0,0,0,0,0,0,0,0,0,0,0,144,253,252,252,252,0,0,0,0,0,0,0,0,0,0,0,0,0,0,0,144,253,252,252,252,0,0,0,0,0,0,0,0,0,0,0,0,0,0,0,144,253,252,252,252,0,0,0,0,0,0,0,0,0,0,0,0,0,0,0,144,253,252,252,252,0,0,0,0,0,0,0,0,0,0,0,0,0,0,0,144,253,252,252,252,0,0,0,0,0,0,0,0,0,0,0,0,0,0,0,144,253,252,252,252,0,0,0,0,0,0,0,0,0,0,0,0,0,0,0,0,255,253,253,253,0,0,0,0,0,0,0,0,0,0,0,0,0,0,0,0,253,252,252,252,125,0,0,0,0,0,0,0,0,0,0,0,0,0,0,0,253,252,252,252,125,0,0,0,0,0,0,0,0,0,0,0,0,0,0,0,253,252,252,252,0,0,0,0,0,0,0,0,0,0,0,0,0,0,0,0,255,253,253,253,0,0,0,0,0,0,0,0,0,0,0,0,0,0,0,0,128,252,252,252,125,0,0,0,0,0,0,0,0,0,0,0,0,0,0,0,129,252,252,252,144,0,0,0,0,0,0,0,0,0,0,0,0,0,0,0,253,252,252,252,144,0,0,0,0,0,0,0,0,0,0,0,0,0,0,0,255,253,253,253,145,0,0,0,0,0,0,0,0,0,0,0,0,0,0,0,253,252,252,252,104,0,0,0,0,0,0,0,0,0,0,0,0,0,0,0,149,252,252,252,0,0,0,0,0,0,0,0,1
0,0,0,0,0,0,0,0,0,0,0,0,0,0,0,0,0,0,0,0,0,0,0,0,0,0,0,0,0,0,0,0,0,0,0,0,0,0,0,0,0,0,0,0,0,0,0,0,0,0,0,0,0,0,0,0,0,0,0,0,0,0,0,0,14,63,63,63,63,128,175,215,131,6,0,0,0,0,0,0,0,0,12,195,229,254,254,254,254,254,228,249,254,24,0,0,0,0,0,0,0,0,16,163,163,163,163,127,157,67,5,202,254,24,0,0,0,0,0,0,0,0,0,0,0,0,0,0,0,0,27,234,254,24,0,0,0,0,0,0,0,0,0,0,0,0,0,0,0,0,44,254,254,24,0,0,0,0,0,0,0,0,0,0,0,0,0,0,0,0,44,254,230,16,0,0,0,0,0,0,0,0,0,0,0,0,0,0,0,0,64,254,182,0,0,0,0,0,0,0,0,0,0,0,0,0,0,0,0,0,140,254,138,0,0,0,0,0,0,0,0,0,0,0,0,0,0,0,0,0,171,251,59,0,0,0,0,0,0,0,0,0,0,0,0,0,0,0,0,15,240,245,0,0,0,0,0,0,0,0,0,0,0,0,0,0,0,0,0,78,254,239,0,0,0,0,0,0,0,0,0,0,0,0,0,0,0,0,0,78,254,148,0,0,0,0,0,0,0,0,0,0,0,0,0,0,0,0,0,130,254,96,0,0,0,0,0,0,0,0,0,0,0,0,0,0,0,0,0,173,236,31,0,0,0,0,0,0,0,0,0,0,0,0,0,0,0,0,5,196,223,15,0,0,0,0,0,0,0,0,0,0,0,0,0,0,0,0,15,254,254,53,0,0,0,0,0,0,0,0,0,0,0,0,0,0,0,0,4,191,254,52,0,0,0,0,0,0,0,0,7
0,0,0,0,0,0,0,0,0,0,0,0,0,0,0,0,0,0,0,0,0,0,0,0,0,0,0,0,0,0,0,0,0,0,0,0,0,0,0,0,0,0,0,0,0,17,118,254,254,254,254,254,254,203,122,62,0,0,0,0,0,0,0,0,104,222,253,253,252,247,250,253,246,253,253,249,108,1,0,0,0,0,0,43,242,253,195,155,75,34,54,88,22,89,89,144,253,20,0,0,0,0,0,143,253,103,4,0,0,0,0,0,0,0,0,26,253,222,56,0,0,0,0,65,253,109,0,0,0,0,0,0,0,0,21,131,253,253,64,0,0,0,0,32,236,217,25,0,0,0,0,0,0,71,203,253,244,131,32,0,0,0,0,0,186,253,206,24,0,0,0,0,78,243,253,245,77,0,0,0,0,0,0,0,15,210,253,243,129,10,0,76,248,253,215,25,0,0,0,0,0,0,0,0,0,41,160,253,253,208,117,242,253,210,76,0,0,0,0,0,0,0,0,0,0,0,1,111,251,253,253,253,198,57,0,0,0,0,0,0,0,0,0,0,0,0,0,0,161,253,253,253,136,1,0,0,0,0,0,0,0,0,0,0,0,0,0,54,248,253,253,253,253,126,0,0,0,0,0,0,0,0,0,0,0,0,20,200,253,248,82,122,248,251,117,0,0,0,0,0,0,0,0,0,0,0,129,253,227,53,0,0,77,243,203,8,0,0,0,0,0,0,0,0,0,0,129,253,77,0,0,0,0,165,253,79,0,0,0,0,0,0,0,0,0,0,129,253,14,0,0,0,0,45,253,199,0,0,0,0,0,0,0,0,0,0,113,244,81,0,0,0,0,69,253,228,0,0,0,0,0,0,0,0,0,0,0,149,243,189,92,90,152,218,253,154,0,0,0,0,8
0,0,26,207,253,255,253,253,253,253,255,253,143,113,113,0,0,0,0,0,0,0,38,224,252,253,252,252,252,252,253,252,252,252,252,226,178,19,0,0,0,0,0,53,195,196,195,195,195,195,253,252,252,252,252,253,252,177,19,0,0,0,0,0,0,0,0,0,0,0,84,130,223,242,252,253,252,252,84,0,0,0,0,0,0,0,0,0,0,0,0,0,32,215,252,253,252,252,84,0,0,0,0,0,0,0,0,0,0,0,51,159,253,253,253,255,253,133,0,0,0,0,0,0,0,0,0,0,0,48,238,252,252,252,252,253,129,6,0,0,0,0,0,0,0,57,57,88,197,227,253,252,252,252,220,56,6,0,0,0,0,57,169,169,169,253,252,252,252,252,253,252,252,138,37,0,0,0,0,0,0,85,252,252,252,253,252,252,252,252,253,252,252,177,63,0,0,0,0,0,0,86,253,253,253,255,253,253,253,253,255,253,253,253,253,63,0,0,0,0,0,57,167,167,167,27,27,27,27,27,168,195,252,252,252,241,72,0,0,0,0,0,0,0,0,0,0,0,0,0,0,19,165,233,252,253,186,13,0,0,0,0,0,0,0,0,0,0,0,0,0,0,0,169,252,253,252,149,0,0,0,0,0,0,0,0,0,0,0,0,0,0,0,91,252,253,252,227,47,0,0,0,0,0,0,0,0,0,0,0,0,0,0,13,191,255,253,253,84,0,0,0,98,225,225,85,85,85,38,85,85,85,85,181,252,253,252,233,56,0,0,0,197,252,252,253,252,252,221,252,253,252,252,252,252,253,252,164,0,0,0,0,97,242,252,253,252,252,252,252,253,252,252,252,252,240,176,19,0,0,0,0,0,75,112,253,252,252,252,252,253,252,252,236,112,63,0,0,0,0,3
0,0,0,0,0,0,0,0,0,0,0,0,0,0,0,0,0,0,0,0,0,0,0,0,0,0,0,0,0,0,0,0,0,0,0,0,0,0,0,0,0,0,0,0,0,0,0,0,0,0,6,13,85,167,255,254,218,33,0,0,0,0,0,0,0,0,0,0,15,115,218,254,254,254,230,254,254,108,0,0,0,0,0,0,0,0,46,144,219,254,254,218,117,56,121,254,227,76,48,4,0,0,0,0,25,94,230,254,235,196,86,31,70,154,205,170,120,232,254,76,0,0,0,32,238,254,254,116,20,0,0,118,172,89,3,128,254,254,221,18,0,0,7,176,254,213,32,1,0,0,0,0,65,147,235,254,254,180,47,0,0,0,9,189,254,205,117,85,85,95,230,246,253,254,254,254,204,17,0,0,0,0,0,35,237,252,254,254,254,252,243,241,254,254,254,127,18,0,0,0,0,0,0,0,0,57,90,141,64,57,34,101,254,254,206,42,0,0,0,0,0,0,0,0,0,0,0,0,0,0,134,254,254,192,18,0,0,0,0,0,0,0,0,0,0,0,0,0,0,58,246,254,224,64,0,0,0,0,0,0,0,0,0,0,0,0,0,0,61,247,254,254,63,0,0,0,0,0,0,0,0,0,0,0,0,0,0,78,220,254,241,93,2,0,0,0,0,0,0,0,0,0,0,0,0,0,29,248,254,250,129,0,0,0,0,0,0,0,0,0,0,0,0,0,0,50,225,254,254,126,0,0,0,0,0,0,0,0,0,0,0,0,0,0,7,156,254,254,254,179,0,0,0,0,0,0,0,0,0,0,0,0,0,0,103,254,254,253,173,13,0,0,0,0,0,0,0,0,0,0,0,0,0,50,248,254,254,162,0,0,0,0,0,0,0,0,0,0,0,0,9
0,0,0,0,0,0,0,0,0,0,0,0,0,0,0,0,0,0,0,0,0,0,0,0,0,0,0,0,0,0,0,0,0,0,0,0,0,0,0,0,0,0,0,0,0,0,0,0,1,34,118,254,215,49,0,0,0,0,0,0,0,0,0,0,0,0,0,0,105,254,196,115,211,221,0,0,0,0,0,0,0,0,0,0,0,0,0,89,245,142,14,0,137,232,0,0,0,0,0,0,0,0,0,0,0,0,48,243,195,0,0,0,137,232,0,0,0,0,0,0,0,0,0,0,0,0,182,251,31,0,0,0,142,232,0,0,0,0,0,0,0,0,0,0,0,56,250,116,0,0,0,30,232,250,41,0,0,0,0,0,0,0,0,0,0,127,254,63,0,2,53,219,254,234,5,0,0,0,0,0,0,0,0,0,0,83,251,151,119,181,254,229,254,198,0,0,0,0,0,0,0,0,0,0,0,0,143,251,251,218,156,105,254,115,0,0,0,0,0,0,0,0,0,0,0,0,0,0,0,0,0,104,254,53,0,0,0,0,0,0,0,0,0,0,0,0,0,0,0,0,0,167,200,2,0,0,0,0,0,0,0,0,0,0,0,0,0,0,0,0,50,253,119,0,0,0,0,0,0,0,0,0,0,0,0,0,0,0,0,0,71,254,118,0,0,0,0,0,0,0,0,0,0,0,0,0,0,0,0,0,99,252,43,0,0,0,0,0,0,0,0,0,0,0,0,0,0,0,0,0,160,209,0,0,0,0,0,0,0,0,0,0,0,0,0,0,0,0,0,35,252,146,0,0,0,0,0,0,0,0,0,0,0,0,0,0,0,0,0,52,254,78,0,0,0,0,0,0,0,0,0,0,0,0,0,0,0,0,1,158,252,11,0,0,0,0,0,0,0,0,9
0,0,0,0,0,0,0,0,0,0,0,0,0,0,0,0,0,0,0,0,0,0,0,0,0,0,95,178,190,16,104,178,253,255,178,104,4,0,0,0,0,0,0,0,0,7,187,252,215,216,252,252,252,253,252,252,178,26,0,0,0,0,0,0,0,29,252,252,252,253,252,224,168,168,224,252,252,113,0,0,0,0,0,0,0,16,215,252,252,190,65,19,0,13,206,252,252,113,0,0,0,0,0,0,0,0,170,253,203,0,0,60,191,254,253,253,241,51,0,0,0,0,0,0,0,0,169,252,252,7,131,234,252,253,252,170,47,0,0,0,0,0,0,0,0,0,169,252,252,204,252,252,252,168,93,13,0,0,0,0,0,0,0,0,0,0,69,252,252,253,252,214,90,0,0,0,0,0,0,0,0,0,0,0,0,0,120,253,253,254,197,0,0,0,0,0,0,0,0,0,0,0,0,0,0,70,225,252,227,253,234,63,0,0,0,0,0,0,0,0,0,0,0,0,0,253,252,186,31,253,252,196,10,0,0,0,0,0,0,0,0,0,0,0,51,253,252,68,0,53,252,252,178,0,0,0,0,0,0,0,0,0,0,0,114,254,197,0,0,0,157,253,253,242,47,0,0,0,0,0,0,0,0,0,38,253,196,0,0,0,19,140,252,253,171,13,0,0,0,0,0,0,0,0,0,253,240,81,0,0,0,19,156,253,252,143,0,0,0,0,0,0,0,0,0,203,252,205,13,0,0,0,0,203,252,243,75,0,0,0,0,0,0,0,0,13,207,253,203,29,29,29,4,29,253,253,140,0,0,0,0,0,0,0,0,0,82,215,252,253,252,252,178,179,252,252,139,0,0,0,0,0,0,0,0,0,0,19,106,253,252,252,252,253,252,224,43,0,0,0,8
0,0,0,0,0,0,0,0,0,0,0,0,0,0,0,0,0,0,0,0,0,0,0,0,0,0,39,113,194,231,178,80,3,0,0,0,0,0,0,0,0,0,0,0,0,0,223,254,254,254,254,254,207,72,0,0,0,0,0,0,0,0,0,0,0,143,252,215,68,54,138,218,254,252,75,0,0,0,0,0,0,0,0,0,26,241,249,25,0,0,0,41,205,254,189,0,0,0,0,0,0,0,0,0,22,236,246,0,0,0,0,0,89,254,227,12,0,0,0,0,0,0,0,0,22,237,248,17,0,0,0,0,112,254,149,0,0,0,0,0,0,0,0,0,3,169,254,74,0,0,3,128,215,254,164,0,0,0,0,0,0,0,0,0,0,123,252,245,185,138,206,239,254,254,215,0,0,0,0,0,0,0,0,0,0,0,141,223,221,254,200,125,103,254,215,0,0,0,0,0,0,0,0,0,0,0,0,10,9,23,0,0,49,252,215,0,0,0,0,0,0,0,0,0,0,0,0,0,0,0,0,0,70,254,209,0,0,0,0,0,0,0,0,0,0,0,0,0,0,0,0,0,70,254,138,0,0,0,0,0,0,0,0,0,0,0,0,0,0,0,0,0,70,254,138,0,0,0,0,0,0,0,0,0,0,0,0,0,0,0,0,0,94,254,138,0,0,0,0,0,0,0,0,0,0,0,0,0,0,0,0,0,105,254,138,0,0,0,0,0,0,0,0,0,0,0,40,17,0,0,0,0,189,254,120,0,0,0,0,0,0,0,0,0,0,0,211,243,72,0,0,47,252,253,60,0,0,0,0,0,0,0,0,0,0,0,183,254,239,92,116,218,254,205,0,0,0,0,0,0,0,0,0,0,0,0,58,239,254,254,254,254,239,104,0,0,0,0,0,0,3
0,0,0,0,0,0,0,0,0,0,0,0,0,0,0,0,0,0,0,0,0,0,0,0,0,0,26,121,204,175,121,121,121,121,19,0,0,0,0,0,0,0,0,0,34,142,242,252,252,252,252,253,252,252,242,240,141,34,0,0,0,0,0,133,235,252,252,237,158,163,252,159,247,252,252,252,252,234,202,0,0,39,136,248,252,252,192,75,0,3,39,0,37,39,151,235,252,252,248,90,0,121,252,252,252,199,49,0,0,0,0,0,0,0,0,77,235,252,252,211,0,148,252,252,192,14,0,0,0,0,0,0,0,0,0,0,89,252,252,248,0,253,252,252,81,0,0,0,0,0,0,0,0,0,0,0,54,252,252,252,0,253,252,252,39,0,0,0,0,0,0,0,0,0,0,0,54,252,252,252,0,246,252,252,121,14,4,10,14,14,7,14,14,133,146,109,54,252,252,252,0,121,252,252,252,252,164,215,252,252,189,253,252,252,252,185,54,252,252,252,0,0,128,241,253,253,253,253,253,253,253,255,253,209,63,28,54,253,253,240,0,0,0,11,55,173,173,202,145,145,145,146,19,8,0,29,208,252,252,238,0,0,0,0,0,7,7,14,0,0,0,0,0,0,0,117,252,252,228,25,0,0,0,0,0,57,213,179,0,0,0,0,0,30,193,244,252,239,153,0,0,0,0,0,64,214,252,212,0,0,0,0,64,135,252,252,252,107,0,0,0,0,0,0,178,252,252,220,54,54,125,187,249,252,252,238,101,21,0,0,0,0,0,65,240,252,252,252,252,252,252,253,252,252,252,164,0,0,0,0,0,0,0,94,252,252,252,252,252,252,252,253,252,242,183,20,0,0,0,0,0,0,0,89,238,249,252,245,252,252,252,176,106,67,0,0,0,0,0,0,9
0,0,0,0,0,0,0,36,85,39,140,147,235,197,73,7,0,0,0,0,0,0,0,0,0,0,64,249,254,254,254,254,254,254,254,107,2,0,0,0,0,0,0,0,0,0,49,245,254,254,254,251,249,249,253,254,100,0,0,0,0,0,0,0,0,0,0,215,245,211,109,35,0,0,71,229,198,64,0,0,0,0,0,0,0,0,0,32,51,0,0,0,0,0,0,212,254,184,0,0,0,0,0,0,0,0,0,0,0,0,0,0,0,0,0,212,254,184,0,0,0,0,0,0,0,0,0,0,0,0,0,0,0,0,0,212,254,228,23,0,0,0,0,0,0,0,0,0,0,0,0,0,0,10,161,245,254,200,9,0,0,0,0,0,0,0,0,0,0,0,0,0,7,134,254,254,252,126,0,0,0,0,0,0,0,0,0,0,0,0,0,0,122,254,254,254,199,0,0,0,0,0,0,0,0,0,0,0,0,0,8,164,244,254,254,217,26,0,0,0,0,0,0,0,0,0,0,11,13,62,234,254,254,254,212,28,0,0,0,0,0,0,0,20,60,60,143,211,218,254,254,254,254,211,28,0,0,0,0,0,0,45,117,222,254,254,254,254,254,254,254,254,254,31,0,0,0,0,0,0,168,249,254,254,254,254,254,254,254,254,254,254,254,80,0,0,0,0,0,0,254,254,254,254,254,254,254,250,189,189,97,232,254,246,84,0,0,0,0,0,254,254,254,254,254,235,151,49,0,0,0,29,170,254,244,36,0,0,0,0,145,222,157,114,63,4,0,0,0,0,0,0,44,235,254,207,17,0,0,0,0,0,0,0,0,0,0,0,0,0,0,0,0,60,254,254,114,0,0,0,0,0,0,0,0,0,0,0,0,0,0,0,0,28,254,164,19,0,0,0,2
0,0,0,0,6,96,159,166,219,182,36,0,0,0,0,0,0,0,0,0,0,0,0,40,210,254,254,230,235,254,198,51,0,0,0,0,0,0,0,0,0,0,34,227,211,94,67,12,22,173,254,234,49,0,0,0,0,0,0,0,0,0,37,217,17,0,0,0,0,3,89,236,236,54,0,0,0,0,0,0,0,0,0,102,0,0,0,0,0,0,0,55,237,239,74,0,0,0,0,0,0,0,0,0,0,0,0,0,0,0,0,0,56,237,180,8,0,0,0,0,0,0,0,0,0,0,0,0,0,0,0,0,0,182,254,80,0,0,0,0,0,0,0,0,0,0,0,0,0,0,0,0,0,63,254,120,0,0,0,0,0,0,0,0,0,0,0,0,0,0,0,0,0,10,254,120,0,0,0,0,0,0,0,0,0,0,0,0,0,0,0,0,0,10,254,120,0,0,0,0,0,0,0,0,0,0,0,7,46,112,70,15,2,16,254,120,0,0,0,0,0,0,0,0,0,0,46,194,254,254,254,254,127,151,254,120,0,0,0,0,0,0,0,0,0,170,247,235,143,79,121,224,254,254,242,27,0,0,0,0,0,0,0,0,60,240,229,45,0,0,0,16,240,254,240,59,0,0,0,0,0,0,0,0,184,254,42,0,0,0,0,52,248,227,254,194,17,0,0,0,0,0,0,0,217,254,9,0,0,0,28,238,248,54,115,251,159,0,0,0,0,0,0,22,231,187,2,0,0,42,222,253,98,0,0,156,253,71,0,0,0,0,0,0,217,191,3,57,99,250,251,95,0,0,0,74,253,67,0,0,0,0,0,0,204,254,227,250,255,217,81,0,0,0,0,19,86,0,0,0,0,0,0,0,30,131,231,158,91,27,0,0,0,0,0,0,0,0,0,0,2
0,0,0,0,0,0,0,0,0,0,0,0,0,0,0,0,0,0,0,0,0,0,0,0,0,0,0,0,0,0,0,0,0,0,0,0,0,0,0,0,0,0,0,0,0,0,0,0,5,7,101,130,170,254,148,130,18,1,0,0,0,0,0,81,122,5,3,37,219,253,253,253,253,253,253,253,253,90,7,0,0,0,20,208,253,183,162,253,253,253,253,253,253,253,253,253,253,253,202,73,0,8,208,253,253,253,253,253,248,198,105,105,105,105,105,105,217,228,228,117,1,103,253,253,253,253,253,223,77,0,0,0,0,0,0,0,0,0,0,0,104,253,253,253,253,253,253,235,161,71,28,0,0,0,0,0,0,0,0,0,254,253,253,253,253,253,253,253,253,253,230,167,54,0,0,0,0,0,0,0,255,253,253,253,253,253,229,253,253,253,253,253,228,131,50,6,0,0,0,0,137,197,188,74,74,74,38,74,74,164,240,253,253,253,253,188,128,4,0,0,0,0,0,0,0,0,0,0,0,0,52,104,241,253,253,253,253,191,9,0,0,0,0,0,0,0,0,0,0,0,0,0,50,188,253,253,253,253,106,0,0,0,0,0,0,0,0,0,0,0,0,0,0,19,55,193,253,253,228,41,0,0,0,0,0,0,0,0,0,0,0,0,0,0,0,20,234,253,253,129,0,0,0,0,43,0,0,0,0,0,0,0,0,0,0,0,187,253,253,129,0,0,0,0,151,125,0,0,0,0,0,0,0,0,0,0,151,253,253,84,0,0,0,0,155,249,141,32,0,0,0,0,0,0,0,136,250,253,253,5,0,0,0,0,30,215,253,213,106,28,0,0,0,0,91,236,253,253,95,1,0,0,0,0,0,30,215,253,253,240,141,112,112,154,251,253,253,253,12,0,5
0,0,0,0,0,0,0,0,0,0,14,174,0,0,0,0,0,0,0,0,0,0,0,0,0,0,0,0,0,0,93,233,0,0,0,0,0,0,0,0,0,0,0,0,0,0,0,0,0,0,95,233,0,0,0,0,0,0,0,0,0,0,0,0,0,0,0,0,0,0,201,233,0,0,0,0,0,0,0,0,0,0,0,0,0,0,0,0,0,0,201,233,0,0,0,0,0,0,0,0,0,0,0,0,0,0,0,0,0,0,201,233,0,0,0,0,0,0,0,0,0,0,0,0,0,0,0,0,0,0,201,233,0,0,0,0,0,0,0,0,0,0,0,0,0,0,0,0,0,19,219,233,0,0,0,0,0,0,0,0,0,0,0,0,0,0,0,0,0,55,254,233,0,0,0,0,0,0,0,0,0,0,0,0,0,0,0,0,0,55,254,233,0,0,0,0,0,0,0,0,0,0,0,0,0,0,0,0,0,140,254,147,0,0,0,0,0,0,0,0,0,0,0,0,0,0,0,0,0,163,254,115,0,0,0,0,0,0,0,0,0,0,0,0,0,0,0,0,11,224,193,6,0,0,0,0,0,0,0,0,0,0,0,0,0,0,0,0,105,254,162,0,0,0,0,0,0,0,0,0,0,0,0,0,0,0,0,0,126,254,162,0,0,0,0,0,0,0,0,0,0,0,0,0,0,0,0,0,126,255,162,0,0,0,0,0,0,0,0,0,0,0,0,0,0,0,0,0,216,254,72,0,0,0,0,0,0,0,0,0,0,0,0,0,0,0,0,0,234,210,24,0,0,0,0,0,0,0,0,0,0,0,0,0,0,0,0,62,248,92,0,0,0,0,0,0,0,0,0,0,0,0,0,0,0,0,0,88,254,92,0,0,0,0,0,0,0,0,0,0,1
0,0,0,0,0,0,0,0,0,0,0,0,0,0,0,0,0,0,0,0,0,0,0,0,0,0,0,0,0,0,0,2,46,130,237,255,203,73,0,0,0,0,0,0,0,0,0,0,0,0,37,171,253,253,253,253,253,202,13,0,0,0,0,0,0,0,0,0,0,45,172,253,253,253,253,246,252,253,135,0,0,0,0,0,0,0,0,0,46,226,241,253,253,253,186,64,217,253,135,0,0,0,0,0,0,0,0,7,122,222,137,253,243,179,14,0,54,245,193,3,0,0,0,0,0,0,0,69,197,58,231,206,63,0,0,0,125,253,135,0,0,0,0,0,0,0,0,174,234,231,220,88,0,0,0,0,230,253,135,0,0,0,0,0,0,0,0,174,253,241,49,0,0,0,0,0,230,253,51,0,0,0,0,0,0,0,38,191,241,89,0,0,0,0,0,22,174,229,9,0,0,0,0,0,8,81,220,191,89,0,0,0,0,0,0,129,253,112,0,0,0,0,0,0,65,253,231,40,0,0,0,0,0,0,26,231,253,18,0,0,0,0,0,8,124,242,148,0,0,0,0,0,0,0,48,239,186,13,0,0,0,0,16,210,243,147,0,0,0,0,0,0,0,0,193,253,24,0,0,0,0,0,62,253,120,0,0,0,0,0,0,0,0,176,247,128,4,0,0,0,0,11,238,244,63,0,0,0,0,0,0,28,132,247,173,5,0,0,0,0,0,62,253,180,0,0,0,0,0,0,0,87,229,219,98,0,0,0,0,0,3,185,236,10,0,0,0,0,0,26,200,248,220,37,0,0,0,0,0,0,4,202,252,163,99,0,0,22,139,240,253,253,58,0,0,0,0,0,0,0,6,248,253,253,252,242,242,244,253,253,163,39,3,0,0,0,0,0,0,0,0
0,0,0,0,0,0,0,0,0,0,0,0,0,0,0,0,0,0,0,0,0,0,0,0,0,0,0,0,0,0,0,0,0,0,0,0,0,0,0,0,0,0,0,0,0,0,0,0,41,41,41,152,233,193,233,254,253,234,152,92,0,0,0,0,0,0,41,163,243,243,243,253,252,253,252,253,252,253,252,253,0,0,0,0,0,11,213,254,253,244,203,203,203,102,102,102,102,0,0,62,0,0,0,0,0,51,252,253,171,40,0,0,0,0,0,0,0,0,0,0,0,0,0,0,0,113,253,244,40,0,0,0,0,0,0,0,0,0,0,0,0,0,0,0,0,233,252,162,0,0,0,0,0,0,0,0,0,0,0,0,0,0,0,0,62,254,253,82,0,31,51,152,71,51,51,0,0,0,0,0,0,0,0,21,203,253,252,102,183,233,252,253,252,253,252,163,0,0,0,0,0,0,0,51,253,254,253,254,253,254,253,224,203,234,253,254,112,0,0,0,0,0,0,31,232,253,252,253,171,151,70,20,0,112,252,253,70,0,0,0,0,0,0,0,41,102,102,0,0,0,0,0,0,173,253,244,40,0,0,0,0,0,0,0,0,0,0,0,0,0,0,0,41,253,252,203,0,0,0,0,0,0,0,0,0,0,0,0,0,0,0,11,213,254,253,183,0,0,0,0,0,0,0,0,0,0,0,0,0,0,0,92,252,253,212,20,0,0,0,0,0,0,0,0,0,0,0,0,0,11,92,254,253,244,81,0,0,0,0,0,0,0,0,0,0,0,0,0,0,173,252,253,252,122,0,0,0,0,0,0,0,0,0,0,0,0,0,31,173,254,253,244,122,0,0,0,0,0,0,0,0,0,0,0,123,142,102,233,252,253,252,40,0,0,0,0,0,0,0,0,5
0,0,0,0,0,94,109,109,192,109,109,47,0,0,0,0,0,0,0,0,0,0,11,73,217,247,252,252,253,252,252,232,156,10,0,0,0,0,0,0,0,73,191,252,252,252,226,215,217,226,252,252,253,35,0,0,0,0,0,0,63,237,252,252,189,108,31,0,0,31,211,252,253,35,0,0,0,0,0,0,62,237,252,108,0,0,0,0,0,0,181,252,253,35,0,0,0,0,0,0,0,30,35,15,0,0,0,0,0,105,242,252,253,35,0,0,0,0,0,0,0,0,0,0,16,37,37,37,182,242,252,252,237,30,0,0,0,0,0,0,0,0,0,84,191,252,252,252,253,252,252,252,62,0,0,0,0,0,0,0,0,0,37,253,253,253,253,253,255,253,253,253,192,15,0,0,0,0,0,0,0,0,5,119,252,252,200,221,253,252,252,252,253,222,196,73,0,0,0,0,0,0,0,1,71,71,20,41,72,71,175,215,232,252,252,252,120,26,0,0,0,0,0,0,0,0,0,0,0,0,0,0,47,232,252,252,253,221,41,0,0,0,0,0,0,0,0,0,0,0,0,0,0,0,120,253,255,253,133,0,0,0,0,0,0,0,0,0,0,0,0,0,0,0,5,35,211,252,215,0,79,181,160,37,0,0,0,0,0,0,0,0,0,0,0,0,109,252,241,78,109,252,252,252,83,0,0,0,0,0,0,0,0,0,0,0,191,252,252,108,63,238,253,253,253,128,109,47,0,0,0,0,47,109,109,191,255,253,237,62,0,30,56,221,252,252,252,232,218,217,217,217,233,252,252,252,253,252,91,0,0,0,0,41,133,215,241,252,253,252,252,252,253,252,252,252,237,174,20,0,0,0,0,0,0,0,78,108,253,252,252,252,253,252,252,252,62,0,0,0,3
0,0,0,0,0,0,0,0,0,0,0,0,0,0,0,0,0,0,0,0,0,0,0,0,0,0,0,0,0,0,0,0,0,0,0,0,0,0,0,0,0,0,0,0,0,0,0,0,0,0,0,0,0,0,0,0,0,0,0,0,0,0,0,0,0,0,0,74,195,104,32,0,0,0,0,0,0,0,0,0,0,0,0,0,0,0,43,174,253,254,224,42,0,0,0,0,0,0,0,0,0,0,0,0,0,141,249,253,253,254,253,215,7,0,0,0,0,0,0,0,0,0,0,0,102,254,253,253,253,254,253,253,169,0,0,0,0,0,0,0,0,0,0,0,185,255,254,247,151,136,254,254,254,0,0,0,0,0,0,0,0,0,0,0,167,254,253,128,0,104,253,253,253,147,5,0,0,0,0,0,0,0,0,0,93,254,253,46,119,254,253,253,244,254,65,0,0,0,0,0,0,0,0,0,25,254,253,129,234,254,253,236,78,254,182,0,0,0,0,0,0,0,0,0,0,162,254,254,254,254,241,67,0,195,254,46,0,0,0,0,0,0,0,0,0,40,241,253,253,241,135,0,0,40,241,184,13,0,0,0,0,0,0,0,0,0,176,249,244,67,0,0,0,0,222,253,69,0,0,0,0,0,0,0,0,0,0,57,44,0,0,0,0,0,138,253,135,0,0,0,0,0,0,0,0,0,0,0,0,0,0,0,0,0,81,254,161,0,0,0,0,0,0,0,0,0,0,0,0,0,0,0,0,0,47,253,245,0,0,0,0,0,0,0,0,0,0,0,0,0,0,0,0,0,42,249,253,0,0,0,0,0,0,0,0,0,0,0,0,0,0,0,0,0,0,207,253,68,0,0,0,0,0,0,0,0,0,0,0,0,0,0,0,0,0,208,254,68,0,0,9
0,0,0,0,0,0,0,0,0,0,120,253,251,235,27,0,0,0,0,0,0,0,0,0,0,0,0,0,0,32,205,253,235,63,0,0,0,0,0,0,0,0,0,0,0,0,0,0,0,202,251,253,180,0,0,0,0,0,0,0,0,0,0,0,0,0,0,0,80,240,251,253,62,0,0,0,0,0,0,0,0,0,0,0,0,0,0,191,253,253,253,100,0,0,0,0,0,0,0,0,0,0,0,0,0,0,12,197,251,251,231,0,0,0,0,0,0,0,0,0,0,0,0,0,0,0,174,251,251,219,47,0,0,0,0,0,0,0,0,0,0,0,0,0,0,139,253,251,251,50,0,0,48,64,64,64,64,16,0,0,0,0,0,0,0,158,253,251,172,12,0,0,190,251,251,251,253,181,79,0,0,0,0,0,64,253,255,241,79,24,194,255,253,253,229,158,255,253,126,0,0,0,0,0,182,251,253,101,0,182,251,253,247,220,66,0,133,251,126,0,0,0,0,64,236,251,253,62,0,221,251,253,140,0,0,0,96,251,126,0,0,0,0,127,251,251,253,70,143,248,251,229,47,0,0,40,234,251,126,0,0,0,0,127,251,251,253,94,251,251,251,59,0,0,139,217,253,231,47,0,0,0,0,80,242,253,255,253,253,253,253,0,92,253,253,253,159,0,0,0,0,0,0,0,103,251,253,251,251,251,251,32,197,251,243,121,39,0,0,0,0,0,0,0,32,204,253,251,251,251,251,253,251,251,188,0,0,0,0,0,0,0,0,0,0,19,213,251,251,251,251,253,204,109,23,0,0,0,0,0,0,0,0,0,0,0,36,114,251,251,251,253,62,0,0,0,0,0,0,0,0,0,0,0,0,0,0,0,0,0,0,0,0,0,0,0,0,0,0,0,6
0,0,0,0,0,0,0,0,0,0,0,0,0,0,0,0,0,0,0,0,0,0,0,0,0,0,3,77,132,217,255,254,254,255,226,165,146,65,0,0,0,0,0,106,164,241,242,254,254,254,254,254,254,254,254,254,254,252,184,0,0,0,57,251,254,254,252,204,179,116,69,26,26,26,26,26,45,235,227,0,0,0,10,127,240,250,85,0,0,0,0,0,0,0,0,0,58,248,227,0,0,0,0,50,254,233,6,0,0,0,0,0,0,0,0,101,231,250,175,0,0,0,0,31,238,254,205,97,7,0,0,0,0,9,127,252,252,143,0,0,0,0,0,0,80,176,254,254,231,123,41,0,73,231,254,231,102,0,0,0,0,0,0,0,0,1,70,154,227,254,252,219,253,254,206,40,0,0,0,0,0,0,0,0,0,0,0,0,11,143,254,254,254,166,6,0,0,0,0,0,0,0,0,0,0,0,0,15,158,252,254,217,244,242,135,2,0,0,0,0,0,0,0,0,0,0,16,196,254,235,97,8,72,209,254,125,0,0,0,0,0,0,0,0,0,16,195,254,217,30,0,0,0,22,182,238,61,0,0,0,0,0,0,0,17,195,254,221,28,0,0,0,0,0,51,251,220,15,0,0,0,0,0,0,214,254,222,55,0,0,0,0,0,0,0,157,254,152,0,0,0,0,0,103,252,248,52,0,0,0,0,0,0,0,0,50,248,213,0,0,0,0,0,138,254,149,0,0,0,0,0,0,0,0,0,0,232,213,0,0,0,0,0,62,254,191,11,0,0,0,0,0,0,0,0,118,251,199,0,0,0,0,0,10,222,254,180,27,27,18,4,4,27,60,144,252,220,36,0,0,0,0,0,0,109,251,254,254,254,232,199,199,254,254,254,217,35,0,0,0,8
0,0,0,0,0,0,0,0,0,0,0,0,0,0,0,0,0,0,0,0,0,0,0,0,1,109,191,31,0,0,0,0,0,0,0,0,0,0,0,0,0,0,0,11,155,252,252,195,0,0,0,0,0,0,0,0,0,0,0,0,0,0,11,150,252,252,252,215,0,0,0,0,0,0,0,6,37,0,0,0,0,0,73,252,252,252,168,215,0,0,0,0,0,0,42,160,252,84,1,0,0,0,217,252,252,143,0,0,0,0,0,0,0,0,134,252,252,253,35,0,0,94,247,252,210,20,0,0,0,0,0,0,0,0,217,252,252,159,5,0,0,94,247,252,128,0,0,0,0,0,0,0,0,79,242,252,252,41,0,0,0,0,217,252,252,83,0,0,0,0,0,0,0,191,252,252,168,0,0,0,0,0,156,253,253,253,35,0,0,0,0,0,0,255,253,253,108,0,0,0,0,0,73,252,252,252,180,63,0,0,0,0,42,253,252,252,108,0,0,0,0,0,21,180,252,252,252,241,181,182,181,181,221,253,252,226,31,0,0,0,0,0,0,16,190,252,252,252,252,253,252,252,252,253,252,132,0,0,0,0,0,0,0,0,0,63,238,253,253,255,253,253,253,255,253,133,0,0,0,0,0,0,0,0,0,0,30,35,35,35,35,35,159,253,252,215,0,0,0,0,0,0,0,0,0,0,0,0,0,0,0,0,144,253,252,215,0,0,0,0,0,0,0,0,0,0,0,0,0,0,0,0,62,253,252,215,0,0,0,0,0,0,0,0,0,0,0,0,0,0,0,0,0,255,253,253,108,0,0,0,0,0,0,0,0,0,0,0,0,0,0,0,0,211,252,252,232,73,73,21,0,0,0,0,0,0,0,0,0,0,0,0,0,31,206,252,252,253,252,154,4
0,0,0,230,232,127,63,35,0,0,0,0,0,0,0,0,0,0,0,0,0,0,0,186,239,254,254,240,154,108,28,0,0,0,0,0,0,0,0,0,0,0,0,0,32,104,213,254,254,254,251,188,188,77,92,92,56,0,0,0,0,0,0,0,0,0,3,48,101,101,110,254,254,253,254,255,253,90,0,0,0,0,0,0,0,0,0,0,0,0,4,121,254,254,254,254,254,83,0,0,0,0,0,0,0,0,0,0,0,17,169,254,254,254,230,117,107,0,0,0,0,0,0,0,0,0,0,25,121,242,254,254,254,247,25,0,0,0,0,0,0,0,0,0,0,0,25,215,254,254,254,254,254,254,226,146,12,0,0,0,0,0,0,0,0,0,54,254,254,254,223,254,223,254,254,254,153,0,0,0,0,0,0,0,0,0,44,228,239,116,27,14,9,14,78,186,249,140,0,0,0,0,0,0,0,0,0,22,33,0,0,0,0,0,0,40,224,242,23,0,0,0,0,0,0,0,0,0,0,0,0,0,0,0,0,0,102,254,58,0,0,0,0,0,0,0,0,0,0,0,0,0,0,0,0,0,102,254,109,0,0,2,45,42,0,0,0,0,0,0,0,0,0,0,0,2,108,226,17,0,0,57,254,74,0,0,0,0,0,0,0,0,0,0,0,103,254,187,0,0,0,176,220,3,0,0,0,0,0,0,0,0,0,17,103,235,237,52,0,0,0,222,254,104,20,5,1,0,0,0,1,5,95,201,254,237,56,0,0,0,0,196,254,254,254,254,167,164,164,164,169,254,254,254,235,89,0,0,0,0,0,25,159,254,254,254,254,254,254,254,254,254,242,187,53,0,0,0,0,0,0,0,0,61,144,158,251,254,187,158,152,62,39,13,0,0,0,0,0,0,3
0,0,0,0,0,0,0,0,0,0,0,0,72,174,253,153,60,0,0,0,0,0,0,0,0,0,0,4,112,142,0,92,236,251,251,251,230,67,0,0,0,0,0,0,0,0,0,112,251,220,127,253,251,251,251,251,253,236,63,0,0,0,0,0,0,0,223,244,251,251,251,253,251,219,188,188,213,251,236,27,0,0,0,0,0,100,253,251,251,251,251,253,231,47,0,0,36,212,251,31,0,0,0,0,124,253,255,253,253,169,158,100,0,0,0,0,0,191,253,91,0,0,0,16,225,251,253,247,140,8,0,0,0,0,0,0,12,197,251,188,0,0,16,189,251,251,253,220,0,0,0,0,0,0,0,0,96,251,251,109,0,0,171,251,251,251,229,66,0,0,0,0,0,0,0,40,234,251,251,31,0,0,190,251,251,251,59,0,0,0,0,0,0,0,0,158,253,251,251,31,0,0,191,253,253,193,0,0,0,0,0,0,0,0,24,194,255,253,205,19,0,72,236,251,204,23,0,0,0,0,0,0,0,16,186,251,253,247,110,0,0,96,251,251,109,0,0,0,0,0,0,0,0,127,251,251,253,140,0,0,0,96,251,251,31,0,0,0,0,0,0,0,68,236,251,251,253,62,0,0,0,36,212,251,31,0,0,0,0,0,0,60,228,251,251,251,193,23,0,0,0,0,191,253,31,0,0,0,0,124,253,255,253,253,253,193,0,0,0,0,0,0,170,251,197,190,191,190,190,244,251,253,251,251,223,82,0,0,0,0,0,0,16,188,251,251,253,251,251,251,251,253,251,188,15,0,0,0,0,0,0,0,0,16,225,251,253,251,251,251,251,189,168,15,0,0,0,0,0,0,0,0,0,0,83,193,193,94,94,94,94,0,0,0,0,0,0,0,0,0,0
0,0,0,0,0,0,0,0,0,0,198,103,0,0,0,0,0,0,0,0,0,0,0,0,0,0,0,0,0,0,172,252,0,0,0,0,0,0,0,0,0,0,0,0,0,0,0,0,0,0,85,252,0,0,0,0,0,0,0,0,0,0,0,0,0,0,0,0,0,0,185,252,0,0,0,0,0,0,0,0,0,0,0,0,0,0,0,0,0,0,198,253,0,0,0,0,0,0,0,0,0,0,0,0,0,0,0,0,0,38,234,252,0,0,0,0,0,0,0,0,0,0,0,0,0,0,0,0,0,32,228,252,0,0,0,0,0,0,0,0,0,0,0,0,0,0,0,0,0,57,252,252,0,0,0,0,0,0,0,0,0,0,0,0,0,0,0,0,0,57,253,140,0,0,0,0,0,0,0,0,0,0,0,0,0,0,0,0,0,131,252,65,0,0,0,0,0,0,0,0,0,0,0,0,0,0,0,0,0,169,252,28,0,0,0,0,0,0,0,0,0,0,0,0,0,0,0,0,13,206,252,28,0,0,0,0,0,0,0,0,0,0,0,0,0,0,0,0,141,253,244,25,0,0,0,0,0,0,0,0,0,0,0,0,0,0,0,0,141,252,168,0,0,0,0,0,0,0,0,0,0,0,0,0,0,0,0,0,141,252,130,0,0,0,0,0,0,0,0,0,0,0,0,0,0,0,0,0,141,252,56,0,0,0,0,0,0,0,0,0,0,0,0,0,0,0,0,0,255,253,56,0,0,0,0,0,0,0,0,0,0,0,0,0,0,0,0,0,253,252,56,0,0,0,0,0,0,0,0,0,0,0,0,0,0,0,0,0,165,252,56,0,0,0,0,0,0,0,0,0,0,0,0,0,0,0,0,0,91,252,56,0,0,0,0,0,0,0,0,0,1
0,0,0,0,0,0,0,0,0,0,0,0,0,0,0,0,0,0,0,0,0,0,0,0,0,191,128,0,0,0,0,0,0,0,0,0,0,0,0,0,0,0,0,0,0,255,255,0,0,0,0,0,0,0,0,0,0,0,0,0,0,0,0,0,128,255,255,0,0,0,0,0,0,64,128,0,0,0,0,0,0,0,0,0,128,255,255,0,0,0,0,0,0,255,255,0,0,0,0,0,0,0,0,0,128,255,255,0,0,0,0,0,191,255,128,0,0,0,0,0,0,0,0,0,128,255,255,0,0,0,0,0,255,255,128,0,0,0,0,0,0,0,0,0,0,255,255,64,0,0,0,128,255,255,128,0,0,0,0,0,0,0,0,0,0,255,255,191,0,0,0,128,255,255,128,0,0,0,0,0,0,0,0,0,0,128,255,255,0,0,0,191,255,255,255,0,0,0,0,0,0,0,0,0,0,128,255,255,191,0,0,128,255,255,128,0,0,0,0,0,0,0,0,0,0,0,191,255,255,255,128,191,255,255,128,0,0,0,0,0,0,0,0,0,0,0,64,255,255,255,255,255,255,255,128,0,0,0,0,0,0,0,0,0,0,0,0,0,128,191,255,255,255,255,0,0,0,0,0,0,0,0,0,0,0,0,0,0,0,0,64,128,255,255,128,0,0,0,0,0,0,0,0,0,0,0,0,0,0,0,0,0,64,255,255,0,0,0,0,0,0,0,0,0,0,0,0,0,0,0,0,0,0,255,255,128,0,0,0,0,0,0,0,0,0,0,0,0,0,0,0,0,0,128,255,255,64,0,0,0,0,0,0,0,0,0,0,0,0,0,0,0,0,64,255,255,128,0,0,0,0,0,0,0,0,0,0,0,0,0,0,0,0,0,64,255,255,128,0,0,4
0,0,0,0,0,0,0,0,0,0,0,0,0,0,0,0,0,0,0,0,0,0,0,0,0,0,0,0,0,0,0,0,0,0,0,0,0,0,0,0,0,0,0,0,211,140,0,0,0,0,0,0,0,14,69,0,0,0,0,0,0,0,0,0,156,225,0,0,0,0,0,0,0,183,253,51,0,0,0,0,0,0,0,0,205,227,0,0,0,0,0,0,0,219,245,40,0,0,0,0,0,0,0,40,249,227,0,0,0,0,0,0,0,219,231,18,0,0,0,0,0,0,0,90,254,182,0,0,0,0,0,0,10,225,231,18,0,0,0,0,0,0,0,144,254,139,0,0,0,0,0,0,108,254,218,0,0,0,0,0,0,0,0,219,254,151,27,27,27,19,0,7,231,254,218,0,0,0,0,0,0,0,37,243,254,254,254,254,254,236,193,208,254,254,218,0,0,0,0,0,0,0,0,181,249,254,253,251,254,255,254,254,254,254,218,0,0,0,0,0,0,0,0,0,38,79,73,57,79,79,103,166,124,254,218,0,0,0,0,0,0,0,0,0,0,0,0,0,0,0,0,0,81,254,219,0,0,0,0,0,0,0,0,0,0,0,0,0,0,0,0,0,56,254,218,0,0,0,0,0,0,0,0,0,0,0,0,0,0,0,0,0,53,254,218,0,0,0,0,0,0,0,0,0,0,0,0,0,0,0,0,0,53,254,218,0,0,0,0,0,0,0,0,0,0,0,0,0,0,0,0,0,53,254,249,45,0,0,0,0,0,0,0,0,0,0,0,0,0,0,0,0,53,254,241,34,0,0,0,0,0,0,0,0,0,0,0,0,0,0,0,0,53,254,254,52,0,0,0,0,0,0,0,0,0,0,0,0,0,0,0,0,59,254,254,52,0,0,0,0,4
0,0,0,0,0,5,66,135,146,194,255,254,215,222,201,84,20,0,0,0,0,0,0,0,160,227,253,253,253,253,254,253,253,253,253,253,233,57,0,0,0,0,0,0,141,253,253,253,253,253,254,253,253,246,252,253,253,103,0,0,0,0,0,0,141,253,227,156,84,84,85,84,84,28,137,253,253,130,0,0,0,0,0,0,10,53,12,0,0,0,0,0,0,0,158,253,253,57,0,0,0,0,0,0,0,0,0,0,0,0,0,31,151,207,249,253,176,2,0,0,0,0,0,0,0,0,0,0,0,32,110,245,253,253,253,246,50,0,0,0,0,77,0,0,0,0,0,131,244,247,254,253,253,253,253,252,128,0,0,0,57,211,0,0,0,0,32,247,253,253,254,253,253,253,253,253,240,139,5,0,66,229,21,0,0,0,0,244,253,253,194,111,65,65,134,253,253,253,107,0,67,254,56,0,0,0,0,112,142,60,0,0,0,0,0,49,234,254,225,0,66,253,70,0,0,0,0,0,0,0,0,0,0,0,0,0,95,253,235,25,64,252,223,0,0,0,0,0,0,0,0,0,0,0,0,0,124,253,224,0,0,225,250,57,0,0,0,0,0,0,0,0,0,0,0,41,228,253,224,0,0,173,253,213,28,0,0,0,0,0,0,0,0,0,44,191,253,253,120,0,0,52,248,253,174,35,0,0,0,0,0,0,19,113,226,253,253,199,7,0,0,0,197,253,253,247,178,88,85,85,110,178,236,253,253,253,224,34,0,0,0,0,49,234,253,253,253,253,253,253,254,253,253,253,253,253,113,0,0,0,0,0,0,25,181,253,253,253,253,253,254,253,253,253,174,54,11,0,0,0,0,0,0,0,13,65,97,214,253,253,254,253,179,97,5,0,0,0,0,0,3
0,0,0,0,0,0,0,0,0,0,95,252,177,25,0,0,0,0,0,0,0,0,0,0,0,0,0,0,0,13,206,214,15,0,0,0,0,0,0,0,0,0,0,0,0,0,0,0,0,141,247,50,0,0,0,0,0,0,0,0,0,0,0,0,0,0,0,0,0,216,196,0,0,0,0,0,0,0,0,0,0,0,0,0,0,0,0,0,89,253,158,0,0,0,0,0,0,0,0,0,0,0,0,0,0,0,0,0,163,241,47,0,0,0,0,0,0,0,0,0,0,0,0,0,0,0,0,0,226,214,0,0,0,13,0,0,0,0,0,0,0,0,0,0,0,0,0,19,231,113,13,95,169,207,82,0,0,0,0,0,0,0,0,0,0,0,0,85,252,123,172,252,252,253,196,0,0,0,0,0,0,0,0,0,0,0,0,185,252,241,252,214,139,203,246,50,0,0,0,0,0,0,0,0,0,0,57,253,253,251,125,0,0,29,253,168,0,0,0,0,0,0,0,0,0,0,57,252,252,125,0,0,0,104,252,168,0,0,0,0,0,0,0,0,0,0,57,252,127,0,0,0,0,141,252,80,0,0,0,0,0,0,0,0,0,0,157,252,28,0,0,0,51,241,227,31,0,0,0,0,0,0,0,0,0,0,57,253,40,0,0,10,229,255,184,0,0,0,0,0,0,0,0,0,0,0,57,252,215,169,169,197,252,222,65,0,0,0,0,0,0,0,0,0,0,0,38,234,252,253,252,252,252,76,0,0,0,0,0,0,0,0,0,0,0,0,0,59,240,253,227,139,40,0,0,0,0,0,0,0,0,0,0,0,0,0,0,0,0,0,0,0,0,0,0,0,0,0,0,0,0,0,0,0,0,0,0,0,0,0,0,0,0,0,0,0,0,0,0,0,6
0,0,0,0,0,0,0,0,0,0,0,0,0,0,0,0,0,0,0,0,0,0,0,0,0,0,0,0,0,0,0,0,0,0,0,0,0,0,0,0,0,0,0,0,0,0,71,118,118,118,192,118,118,51,0,0,0,0,0,0,0,0,0,29,127,234,245,253,253,253,253,253,253,242,166,5,0,0,0,0,0,0,29,128,253,253,253,253,253,253,253,253,253,253,253,54,0,0,0,0,0,0,171,253,253,253,253,225,138,61,61,87,198,229,253,228,148,12,0,0,0,35,192,253,253,248,136,40,0,0,0,0,0,51,236,253,253,73,0,0,0,254,253,253,250,132,0,0,0,0,0,0,0,0,50,238,253,191,0,0,0,254,253,253,128,0,0,0,0,0,0,0,0,0,0,51,123,93,0,0,0,254,253,253,61,0,0,0,0,0,0,0,0,0,0,0,0,0,0,0,0,254,253,253,61,0,0,0,0,0,0,0,0,0,0,0,0,0,0,0,0,217,253,253,217,114,66,0,0,0,0,51,69,69,69,200,87,15,0,0,0,32,213,253,253,253,249,186,186,186,186,235,253,253,253,253,253,154,0,0,0,0,34,129,247,253,253,253,253,253,253,253,253,253,253,253,253,191,0,0,0,0,0,0,83,128,246,250,253,251,246,246,156,109,109,246,253,193,3,0,0,0,0,0,0,0,0,67,129,84,0,0,0,0,0,241,253,253,75,0,0,0,0,0,0,0,0,0,0,0,0,0,0,0,0,185,253,253,130,0,0,0,0,0,0,0,0,0,0,0,0,0,0,0,0,104,253,253,212,0,0,0,0,0,0,0,0,0,0,0,0,0,0,0,0,22,193,253,244,188,0,0,0,0,0,0,0,0,0,0,0,0,0,0,0,0,25,193,253,253,9
223,221,206,232,242,200,229,211,221,246,245,253,203,231,208,250,222,206,242,249,248,239,227,246,237,250,207,208,244,202,214,214,211,203,219,228,234,250,219,207,212,242,247,231,215,226,213,243,205,222,221,207,204,212,243,203,248,201,232,232,219,221,223,237,225,245,222,220,224,238,241,217,211,247,210,240,207,211,249,223,228,221,225,218,223,232,241,243,230,231,204,216,200,254,248,212,231,208,208,250,225,237,218,250,225,222,254,246,218,244,209,229,221,226,236,249,253,220,224,235,252,251,241,241,222,244,246,219,234,204,244,219,231,212,233,204,244,200,244,222,221,206,253,245,215,243,250,238,230,210,207,214,217,243,214,244,230,214,245,218,204,205,220,237,233,204,236,211,234,210,238,254,213,202,207,212,240,214,214,201,212,250,245,224,226,215,229,231,234,231,226,233,249,238,227,238,212,208,212,220,200,229,249,245,228,231,219,227,251,206,225,220,232,204,211,238,212,251,226,221,235,201,212,238,226,246,217,248,213,239,224,221,220,240,253,253,233,240,247,247,232,219,240,228,228,233,205,239,200,244,209,247,208,205,221,244,245,205,250,201,236,220,223,202,216,203,206,226,236,250,254,210,242,236,249,203,223,234,229,238,210,247,205,214,229,214,225,220,240,251,235,221,228,251,227,213,240,238,224,248,225,203,231,219,246,228,246,236,239,225,221,206,215,204,205,202,200,242,232,246,241,223,212,223,244,225,240,206,207,227,200,245,241,249,208,237,233,228,226,216,241,228,212,214,225,252,248,212,216,240,230,237,222,235,218,226,247,237,241,219,235,214,208,229,234,225,206,206,222,238,242,217,241,250,209,206,206,228,246,222,225,240,244,248,207,238,247,236,240,246,208,211,237,236,218,253,248,216,201,215,6
0,0,0,0,0,0,0,0,0,0,0,0,122,238,0,0,0,0,0,0,0,0,0,0,0,0,0,0,0,0,0,122,244,237,0,0,0,0,0,0,0,0,0,0,0,0,0,0,0,0,98,253,252,237,0,0,0,0,0,0,0,0,0,0,0,0,0,0,0,0,149,253,252,166,0,0,0,0,0,0,0,0,0,0,0,0,0,0,0,14,179,253,252,88,0,0,0,0,0,0,0,0,0,0,0,0,0,0,0,45,252,253,209,26,0,0,0,0,0,0,0,0,0,0,0,0,0,0,0,45,252,253,192,0,0,0,0,0,0,0,0,0,0,0,0,0,0,0,0,98,252,253,192,0,0,0,0,0,0,0,0,0,0,0,0,0,0,0,0,193,252,253,78,0,0,0,0,0,0,0,0,0,0,0,0,0,0,0,0,193,252,253,44,0,0,0,0,0,0,0,0,0,0,0,0,0,0,0,38,219,253,255,44,0,0,0,0,0,0,0,0,0,0,0,0,0,0,0,90,252,252,253,44,0,0,0,0,0,0,0,0,0,0,0,0,0,0,0,90,252,252,253,44,0,0,0,0,0,0,0,0,0,0,0,0,0,0,0,160,252,252,204,23,0,0,0,0,0,0,0,0,0,0,0,0,0,0,0,238,252,252,149,0,0,0,0,0,0,0,0,0,0,0,0,0,0,0,0,238,252,252,44,0,0,0,0,0,0,0,0,0,0,0,0,0,0,0,0,159,252,252,80,0,0,0,0,0,0,0,0,0,0,0,0,0,0,0,0,230,252,252,8,0,0,0,0,0,0,0,0,0,0,0,0,0,0,0,0,238,252,225,0,0,0,0,0,0,0,0,0,0,0,0,0,0,0,0,0,150,225,43,0,0,0,0,0,0,0,0,0,1
0,0,0,0,0,0,0,0,0,0,0,0,0,0,0,0,0,0,0,0,0,0,0,0,0,0,0,0,0,0,0,0,0,0,0,0,0,0,0,0,0,0,0,0,0,0,0,0,0,0,0,0,0,0,0,0,0,0,0,0,0,0,0,0,0,0,0,0,0,0,0,0,0,0,0,0,0,0,0,0,0,0,0,0,0,0,1,7,2,2,37,130,167,255,255,255,255,142,13,0,0,0,13,136,136,136,154,253,113,162,253,253,253,253,253,253,253,253,147,1,0,0,136,253,253,253,253,253,253,253,253,253,253,253,253,253,253,253,253,12,0,0,63,242,253,253,253,253,253,248,234,234,228,236,253,253,253,253,253,12,0,0,0,65,222,207,99,99,99,77,25,24,10,103,253,253,253,253,185,5,0,0,0,0,0,0,0,0,0,0,0,11,101,253,253,253,253,238,60,0,0,0,0,0,0,0,0,0,0,0,0,150,253,253,253,253,253,66,0,0,0,0,0,0,0,0,0,0,0,0,68,234,253,253,253,235,155,8,0,0,0,0,0,0,0,0,0,0,0,68,234,253,253,253,234,65,0,0,0,0,0,0,0,0,0,0,0,0,37,234,253,253,253,233,65,0,0,0,0,0,0,0,0,0,0,0,0,0,144,253,253,253,233,66,0,0,0,0,0,0,0,0,0,0,0,0,11,96,236,253,253,163,39,0,0,0,0,0,0,0,0,0,0,0,0,0,38,253,253,253,194,42,0,0,0,0,0,0,0,0,0,0,0,0,0,11,112,253,253,207,12,0,0,0,0,0,0,0,0,0,0,0,0,0,0,77,253,253,235,65,0,0,0,0,0,0,0,0,0,0,0,0,0,0,10,194,253,236,64,0,0,0,0,0,0,0,0,0,0,0,7
0,0,0,0,0,0,0,0,0,0,9,82,235,253,152,40,0,0,0,0,0,0,0,0,0,0,0,0,0,0,130,253,253,95,6,0,0,0,0,0,0,0,0,0,0,0,0,0,0,61,236,253,226,27,0,0,0,0,0,0,0,0,0,0,0,0,0,0,160,241,253,151,20,0,0,0,0,0,0,0,0,0,0,0,0,0,0,160,253,253,173,39,0,0,0,0,0,0,0,0,0,0,0,0,0,7,121,241,253,153,0,0,0,0,0,0,0,0,0,0,0,0,0,0,0,91,253,253,153,0,0,0,0,0,0,0,0,0,0,0,0,0,0,0,66,234,253,151,4,0,0,0,0,0,0,0,0,0,0,0,0,0,0,0,171,253,226,20,0,0,0,0,0,0,0,0,0,0,0,0,0,0,0,75,240,253,66,0,0,0,0,0,0,45,0,5,95,95,71,0,0,0,8,198,253,188,5,0,0,0,0,0,87,222,124,174,253,253,248,155,0,0,18,253,253,182,0,0,9,141,249,249,252,243,26,5,75,200,186,249,0,0,16,242,253,182,0,77,200,253,248,224,132,17,0,0,0,0,8,207,0,0,0,154,253,195,90,243,252,195,74,0,0,0,0,0,28,48,155,199,0,0,0,124,253,253,253,253,161,0,0,0,0,0,60,127,224,253,237,127,0,0,0,8,188,253,253,253,129,0,0,59,84,182,249,253,205,148,39,0,0,0,0,0,49,181,253,253,236,219,219,243,253,253,161,93,15,0,0,0,0,0,0,0,0,5,114,240,253,253,253,226,135,36,2,0,0,0,0,0,0,0,0,0,0,0,0,0,0,0,0,0,0,0,0,0,0,0,0,0,0,0,0,0,0,0,0,0,0,0,0,0,0,0,0,0,0,0,0,0,6
0,0,0,0,0,0,0,0,0,0,0,0,0,0,0,0,0,0,0,0,0,0,0,0,0,0,0,0,0,0,141,166,253,40,0,0,0,0,0,19,0,0,0,0,0,0,0,0,0,101,253,252,252,139,0,0,0,0,45,225,0,0,0,0,0,0,0,0,29,234,206,187,252,52,0,0,0,76,229,252,0,0,0,0,0,0,0,0,85,202,13,7,116,15,0,0,89,237,253,151,0,0,0,0,0,0,0,32,229,78,0,51,150,0,16,128,253,253,226,38,0,0,0,0,0,0,0,57,252,28,0,0,0,51,216,252,252,151,38,0,0,0,0,0,0,0,0,144,252,28,0,57,123,246,253,252,186,19,0,0,0,0,0,0,0,0,0,169,252,128,226,243,252,252,253,151,6,0,0,0,0,0,0,0,0,0,4,179,253,253,254,253,253,228,51,0,0,0,0,0,0,0,0,0,0,0,54,252,252,252,247,196,109,9,0,0,0,0,0,0,0,0,0,0,0,0,229,252,252,214,100,0,0,0,0,0,0,0,0,0,0,0,0,0,0,151,253,252,252,40,0,0,0,0,0,0,0,0,0,0,0,0,0,0,60,241,255,253,253,28,0,0,0,0,0,0,0,0,0,0,0,0,0,13,209,151,84,196,252,28,0,0,0,0,0,0,0,0,0,0,0,0,0,57,252,28,0,82,252,28,0,0,0,0,0,0,0,0,0,0,0,0,0,57,252,28,0,57,252,28,0,0,0,0,0,0,0,0,0,0,0,0,0,108,253,28,0,57,253,28,0,0,0,0,0,0,0,0,0,0,0,0,0,131,252,178,108,101,196,9,0,0,0,0,0,0,0,0,0,0,0,0,0,82,252,252,253,252,205,13,0,0,0,0,0,0,0,0,0,0,8
0,0,0,0,0,0,0,0,0,0,0,0,0,0,0,0,0,0,0,0,0,0,0,0,0,0,16,134,254,254,254,254,255,146,76,8,0,0,0,0,0,0,0,0,10,78,242,253,253,253,253,253,253,253,253,123,0,0,0,0,0,0,0,12,164,253,253,253,212,82,82,173,220,253,253,244,85,0,0,0,0,0,10,164,253,253,253,73,29,0,0,0,24,236,253,253,219,20,0,0,0,0,78,253,253,253,125,2,0,0,0,0,34,239,253,253,253,189,19,0,0,8,196,253,253,174,4,0,0,0,0,0,95,253,253,253,253,253,53,0,0,131,253,253,253,107,0,0,0,0,0,0,95,253,242,88,251,253,206,17,0,136,253,253,213,21,0,0,0,0,0,0,42,112,3,0,154,253,253,101,0,136,253,253,108,0,0,0,0,0,0,0,0,0,0,0,48,253,253,152,0,136,253,253,65,0,0,0,0,0,0,0,0,0,0,0,48,253,253,223,0,136,253,253,65,0,0,0,0,0,0,0,0,0,0,0,48,253,253,253,0,136,253,253,65,0,0,0,0,0,0,0,0,0,0,0,48,253,253,253,0,84,253,253,148,21,0,0,0,0,0,0,0,0,0,0,103,253,253,253,0,1,156,253,253,112,2,0,0,0,0,0,0,0,0,16,208,253,253,201,0,0,81,244,253,253,43,0,0,0,0,0,0,0,16,112,253,253,244,80,0,0,0,149,253,253,216,30,0,0,0,0,0,0,152,253,253,253,148,0,0,0,0,15,176,253,253,219,118,25,0,20,66,173,252,253,253,176,15,0,0,0,0,0,15,178,253,253,253,220,201,217,253,253,253,253,177,15,0,0,0,0,0,0,0,13,139,202,253,253,253,253,253,253,249,139,12,0,0,0,0
0,0,0,0,0,0,0,0,0,33,154,254,255,234,208,161,0,0,0,0,0,0,0,0,0,0,0,0,0,193,253,253,253,253,253,253,161,0,0,0,0,0,0,0,0,0,82,241,241,251,253,253,176,159,253,253,234,0,0,0,0,0,0,0,0,0,7,158,253,226,149,55,6,40,253,253,252,102,0,0,0,0,0,0,0,0,0,8,25,19,0,0,0,40,253,253,253,110,0,0,0,0,0,0,0,0,0,0,0,0,0,0,17,117,253,253,246,71,0,0,0,0,0,0,0,0,0,0,0,0,0,0,46,253,253,253,190,0,0,0,0,0,0,0,0,0,0,0,0,0,0,0,46,253,253,245,72,0,0,0,0,0,0,0,0,0,0,0,0,0,0,15,172,253,253,227,0,0,0,0,0,0,0,0,0,0,0,0,0,0,0,153,253,253,194,52,0,0,0,0,0,0,0,0,0,0,0,0,0,0,44,235,253,253,91,0,0,0,0,0,0,0,0,0,0,0,0,0,0,48,199,253,253,225,26,0,0,0,0,0,0,0,0,0,0,0,0,0,13,166,253,253,245,109,0,0,0,0,0,0,0,0,0,0,0,0,0,0,159,253,253,253,187,0,0,0,0,0,0,0,0,0,0,0,13,147,163,97,235,253,253,135,28,0,0,0,0,0,0,0,0,0,0,65,194,253,253,253,253,253,253,183,128,18,23,0,0,0,0,0,0,0,9,183,253,253,253,253,253,253,253,239,215,113,90,0,0,0,0,0,0,0,185,253,253,253,253,253,249,206,110,31,0,0,0,0,0,0,0,0,0,0,238,253,253,253,248,139,84,0,0,0,0,0,0,0,0,0,0,0,0,0,54,244,253,139,19,0,0,0,0,0,0,0,0,0,0,0,0,0,2
0,0,0,0,0,0,0,0,0,0,0,0,0,0,0,0,0,0,0,0,0,0,0,0,0,0,0,0,0,0,0,0,0,0,0,0,0,0,0,0,0,0,0,0,0,0,5,13,122,190,255,253,236,44,0,0,0,0,0,0,0,0,0,0,0,112,181,252,252,252,253,252,252,95,0,0,0,0,0,0,0,0,0,0,29,221,252,252,236,158,104,252,252,204,0,0,0,0,0,0,0,0,0,0,0,156,106,84,48,0,13,252,252,204,0,0,0,0,0,0,0,0,0,0,0,0,0,0,0,0,13,252,252,175,0,0,0,0,0,0,0,0,0,0,0,0,0,0,0,0,47,252,252,84,0,0,0,0,0,0,0,0,0,0,0,0,0,0,0,0,132,252,252,84,0,0,0,0,0,0,0,0,0,0,0,0,0,0,0,0,132,252,252,229,188,23,0,0,0,0,0,0,0,0,0,0,0,0,99,109,242,252,252,252,252,60,0,0,0,0,0,0,0,0,0,0,41,224,251,252,253,252,235,109,11,3,0,0,0,0,0,0,0,0,0,0,41,224,241,241,255,253,96,0,0,0,0,0,0,0,0,0,0,0,0,0,0,0,0,0,184,252,96,0,0,0,0,0,0,0,0,0,0,0,0,0,0,0,0,0,132,252,96,0,0,0,0,0,0,0,0,0,0,0,0,0,0,0,0,0,156,252,96,0,0,0,0,0,0,0,0,0,0,0,0,0,0,0,0,0,253,252,96,0,0,0,0,0,0,0,0,0,0,0,0,0,0,0,0,0,253,252,96,0,0,0,0,0,0,0,0,0,0,0,0,0,0,0,0,0,253,252,96,0,0,0,0,0,0,0,0,0,0,0,0,0,0,0,0,0,149,252,96,0,0,0,0,0,0,0,7
0,0,0,0,0,0,0,0,0,0,0,128,255,255,191,64,0,0,0,0,0,0,0,0,0,0,0,0,0,191,255,255,255,255,255,128,0,0,0,0,0,0,0,0,0,0,0,128,255,255,255,255,255,255,255,128,0,0,0,0,0,0,0,0,0,0,191,255,255,255,191,128,64,255,255,128,0,0,0,0,0,0,0,0,0,128,255,255,191,64,0,0,128,255,255,128,0,0,0,0,0,0,0,0,0,64,128,128,0,0,0,128,255,255,255,0,0,0,0,0,0,0,0,0,0,0,0,0,0,0,0,255,255,255,64,0,0,0,0,0,0,0,0,0,0,0,0,0,0,64,255,255,255,191,0,0,0,0,0,0,0,0,0,0,0,0,0,0,128,255,255,255,255,191,0,0,0,0,0,0,0,0,0,0,0,64,191,255,255,255,255,255,255,255,64,0,0,0,0,0,0,0,0,0,0,255,255,255,255,255,255,255,255,255,255,64,0,0,0,0,0,0,0,0,0,255,255,255,255,191,0,0,128,255,255,128,0,0,0,0,0,0,0,0,0,128,191,128,0,0,0,0,0,255,255,128,0,0,0,0,0,0,0,0,0,0,0,0,0,0,0,0,128,255,255,128,0,0,0,0,0,0,0,0,0,0,0,0,0,0,0,0,191,255,255,128,0,0,0,0,64,191,64,0,0,0,0,0,0,0,0,191,255,255,255,64,0,0,0,0,191,255,255,128,64,0,0,0,0,64,191,255,255,255,64,0,0,0,0,0,191,255,255,255,255,255,191,128,255,255,255,255,255,64,0,0,0,0,0,0,0,64,255,255,255,255,255,255,255,255,255,191,64,0,0,0,0,0,0,0,0,0,0,64,191,255,255,255,191,128,128,0,0,0,0,0,0,0,0,0,3
0,0,0,0,0,0,0,0,0,0,0,0,0,0,0,0,0,0,0,0,0,0,0,0,0,0,0,0,36,143,143,48,34,63,143,143,143,230,253,234,0,0,0,0,0,6,138,128,246,252,252,252,253,252,252,252,252,252,252,252,0,0,0,0,0,114,252,252,252,252,252,252,253,252,252,252,252,252,248,153,0,0,0,0,9,191,252,252,252,252,252,252,231,230,230,221,121,34,10,0,0,0,0,0,124,252,252,170,88,88,88,88,0,0,0,0,0,0,0,0,0,0,0,91,243,252,233,36,0,0,0,0,0,0,0,0,0,0,0,0,0,0,0,176,252,252,200,8,0,0,0,0,0,0,0,0,0,0,0,0,0,0,0,176,252,252,252,218,102,37,0,0,0,0,0,0,0,0,0,0,0,0,0,142,252,252,252,252,252,241,153,44,0,0,0,0,0,0,0,0,0,0,0,9,76,200,252,252,252,252,252,238,97,0,0,0,0,0,0,0,0,0,0,0,0,0,25,111,163,226,253,253,255,139,0,0,0,0,0,0,0,0,0,0,0,0,0,0,0,14,158,244,253,203,12,0,0,0,0,0,0,0,0,0,0,0,0,0,0,0,0,177,253,252,173,4,0,0,0,0,0,0,0,0,0,0,0,0,0,0,0,53,253,252,252,10,0,0,0,0,0,0,0,0,0,0,0,0,0,0,0,0,253,252,252,10,0,0,0,0,0,0,0,0,0,0,0,0,0,0,0,0,253,252,252,10,0,0,0,0,0,0,2,118,188,64,12,12,12,31,122,217,253,252,252,10,0,0,0,0,0,0,34,252,252,252,252,252,252,252,252,252,253,252,172,4,0,0,0,0,0,0,9,196,252,252,252,252,252,252,252,252,253,169,12,0,0,0,0,0,5
0,0,0,0,0,0,0,0,0,0,0,0,0,35,216,164,6,0,0,0,0,0,0,0,0,0,0,0,0,0,0,19,154,240,254,254,225,144,0,0,0,0,0,0,0,0,0,0,0,0,71,217,254,254,254,194,211,253,68,0,0,0,0,0,0,0,0,0,34,185,253,224,147,254,164,2,135,254,113,0,0,0,0,0,0,0,9,137,234,247,157,22,70,125,8,0,135,254,106,0,0,0,0,0,0,0,156,254,215,78,0,0,0,0,0,25,212,254,91,0,0,0,0,0,0,24,252,243,74,0,0,0,0,0,23,183,254,193,4,0,0,0,0,0,0,25,254,226,27,0,0,0,0,35,210,254,230,48,0,0,0,0,0,0,0,8,204,254,176,25,0,5,112,249,254,200,45,0,0,0,0,0,0,0,0,0,43,231,254,214,163,242,254,246,127,5,0,0,0,0,0,0,0,0,0,0,5,155,254,254,254,254,254,91,0,0,0,0,0,0,0,0,0,0,0,0,152,254,254,254,254,254,254,19,0,0,0,0,0,0,0,0,0,0,0,47,222,254,235,113,92,246,254,35,0,0,0,0,0,0,0,0,0,0,127,247,254,168,29,0,0,167,254,119,0,0,0,0,0,0,0,0,0,27,252,254,133,3,0,0,0,112,254,211,0,0,0,0,0,0,0,0,0,142,254,130,7,0,0,0,8,169,254,211,0,0,0,0,0,0,0,0,12,214,231,23,0,0,0,2,89,254,254,99,0,0,0,0,0,0,0,0,29,254,234,50,0,0,57,164,254,254,179,7,0,0,0,0,0,0,0,0,4,182,254,241,226,226,250,254,248,101,9,0,0,0,0,0,0,0,0,0,0,23,156,158,227,254,211,158,56,0,0,0,0,0,0,0,0,0,8
0,0,0,0,0,0,0,0,0,0,0,49,228,252,252,252,115,0,0,0,0,0,0,0,0,0,0,0,0,0,136,233,252,252,218,108,0,0,0,0,0,0,0,0,0,0,0,0,0,136,250,253,252,168,88,0,0,0,0,0,0,0,0,0,0,0,0,5,138,253,253,252,209,32,0,0,0,0,0,0,0,0,0,0,0,0,0,68,252,252,252,135,0,0,0,0,0,0,0,0,0,0,0,0,0,0,102,228,252,227,130,0,0,0,0,0,0,0,0,0,0,0,0,0,0,43,233,252,252,66,0,0,0,0,0,0,0,0,0,0,0,0,0,0,0,168,253,252,189,4,0,0,0,0,0,0,64,42,0,0,0,0,0,7,160,253,255,228,32,0,0,0,15,108,138,191,255,253,190,5,0,0,0,91,252,252,218,75,0,0,22,162,219,252,252,252,253,252,252,119,0,0,13,203,252,252,116,0,19,112,215,253,252,252,227,183,190,252,252,160,0,0,140,252,252,210,21,17,188,252,252,253,235,128,29,0,66,252,252,119,0,11,203,252,252,85,0,151,252,252,252,128,18,0,0,0,243,252,221,25,0,24,253,253,253,23,87,253,253,245,73,0,0,0,19,181,255,249,115,0,0,24,252,252,252,22,138,252,252,87,0,0,9,130,236,252,249,117,0,0,0,7,186,252,252,190,170,252,252,196,184,185,197,252,252,252,115,0,0,0,0,0,120,252,252,252,253,252,252,252,252,253,252,252,218,56,0,0,0,0,0,0,5,54,232,252,253,252,252,252,252,137,117,22,14,0,0,0,0,0,0,0,0,0,0,0,0,0,0,0,0,0,0,0,0,0,0,0,0,0,0,0,0,0,0,0,0,0,0,0,0,0,0,0,0,0,0,0,0,0,6
0,0,0,0,0,0,0,0,0,0,0,0,0,0,0,0,0,0,0,0,0,0,0,0,0,0,0,0,0,0,0,0,0,0,0,0,0,0,0,0,0,0,0,0,0,0,0,0,0,0,0,0,0,0,0,0,0,0,0,0,0,0,0,0,0,0,0,0,0,0,0,0,0,18,167,174,30,0,0,0,0,0,0,0,0,0,0,0,0,0,29,85,112,217,254,253,127,0,0,0,0,0,0,18,22,22,120,128,171,234,240,253,253,253,254,246,27,0,0,0,0,41,169,240,254,253,253,253,253,254,253,221,232,253,254,98,0,0,0,0,0,128,253,253,254,253,253,227,147,130,42,30,205,253,237,37,0,0,0,0,0,0,72,18,0,0,0,0,0,0,0,84,254,254,133,0,0,0,0,0,0,0,0,0,0,0,0,0,0,0,0,207,253,218,0,0,0,0,0,0,0,0,0,0,0,0,0,0,0,0,88,252,248,91,0,0,0,0,0,0,0,0,0,0,0,0,0,0,0,0,191,253,190,0,0,0,0,0,0,0,0,0,0,0,0,0,0,0,0,18,217,253,190,0,0,0,0,0,0,0,0,0,0,0,0,0,0,0,0,43,254,255,85,0,0,0,0,0,0,0,0,0,0,0,0,0,0,0,0,43,253,253,84,0,0,0,0,0,0,0,0,0,0,0,0,0,0,0,0,140,253,234,7,0,0,0,0,0,0,0,0,0,0,0,0,0,0,0,0,148,253,232,0,0,0,0,0,0,0,0,0,0,0,0,0,0,0,0,0,148,253,232,0,0,0,0,0,0,0,0,0,0,0,0,0,0,0,0,0,43,254,255,85,0,0,0,0,0,0,0,0,0,0,0,0,0,0,0,0,43,253,253,84,0,0,0,0,0,0,0,7
0,0,0,0,0,0,0,0,0,0,0,0,0,0,0,0,0,0,0,0,0,0,0,0,0,0,0,0,0,0,0,0,0,0,0,0,0,0,0,0,0,0,0,0,0,0,0,0,0,0,0,0,0,0,0,0,0,0,0,0,0,0,0,0,0,0,16,119,234,254,255,234,163,92,137,85,0,0,0,0,0,0,0,0,0,114,233,253,253,253,254,253,253,253,253,223,10,0,0,0,0,0,0,0,46,254,253,176,55,68,208,253,253,253,253,191,3,0,0,0,0,0,0,0,162,254,184,21,0,0,35,128,253,253,253,181,0,0,0,0,0,0,0,14,232,254,50,0,0,0,0,55,253,253,253,181,0,0,0,0,0,0,0,7,207,255,199,0,0,0,0,55,254,254,254,124,0,0,0,0,0,0,0,0,129,254,229,21,0,0,0,55,253,253,253,39,0,0,0,0,0,0,0,0,13,241,253,209,56,24,11,116,253,253,175,0,0,0,0,0,0,0,0,0,0,61,245,253,253,233,215,253,253,253,162,0,0,0,0,0,0,0,0,0,0,0,87,175,253,253,254,253,253,253,98,0,0,0,0,0,0,0,0,0,0,0,0,0,0,0,0,145,254,235,0,0,0,0,0,0,0,0,0,0,0,0,0,0,0,0,0,229,253,150,0,0,0,0,0,0,0,0,0,0,0,0,0,0,0,0,0,235,253,144,0,0,0,0,0,0,0,0,0,0,0,0,0,0,0,0,32,243,253,144,0,0,0,0,0,0,0,0,0,0,0,0,0,0,0,0,73,253,253,80,0,0,0,0,0,0,0,0,0,0,0,0,0,0,0,0,99,254,254,54,0,0,0,0,0,0,0,0,0,0,0,0,0,0,0,0,163,253,219,4,0,0,0,0,0,0,9
0,0,0,0,0,0,0,0,0,0,0,0,0,0,0,0,0,0,0,0,0,0,0,0,0,0,0,0,0,0,0,0,0,0,0,0,0,0,0,0,0,0,0,0,0,0,0,39,69,192,254,253,253,200,7,0,0,0,0,0,0,0,0,0,0,0,143,247,252,252,253,252,252,252,77,0,0,0,0,0,0,0,0,0,0,0,95,126,170,126,21,28,236,252,94,0,0,0,0,0,0,0,0,0,0,0,0,0,0,0,0,155,252,236,31,0,0,0,0,0,0,0,0,0,0,0,0,0,0,0,0,190,252,189,0,0,0,0,0,0,0,0,0,0,0,0,0,0,0,0,61,253,253,128,0,0,0,0,0,0,0,0,0,0,0,0,0,0,0,0,148,252,236,21,0,0,0,0,0,0,0,0,0,0,0,0,0,0,0,0,201,252,134,0,0,0,0,0,0,0,0,0,0,0,0,0,0,0,0,0,253,252,126,0,0,0,0,0,0,0,0,0,0,0,0,0,0,0,0,89,253,252,38,0,0,0,0,0,0,0,0,0,0,0,0,0,0,0,11,175,255,186,9,0,0,0,0,0,0,0,0,0,0,0,0,0,0,0,64,252,253,63,0,0,0,0,0,0,0,0,0,0,0,0,0,0,0,2,167,252,223,32,0,0,0,0,0,0,0,0,0,0,0,0,0,0,0,92,252,252,106,0,0,0,0,0,0,0,0,0,0,0,0,0,0,0,0,127,252,252,18,0,0,0,0,0,0,0,0,0,0,0,0,0,0,0,50,245,253,174,0,0,0,0,0,0,0,0,0,0,0,0,0,0,0,0,164,252,231,28,0,0,0,0,0,0,0,0,0,0,0,0,0,0,0,22,221,252,189,0,0,0,0,0,0,0,0,0,0,0,7
0,0,0,0,0,0,0,0,79,253,253,125,0,0,0,0,0,0,0,0,0,0,0,0,0,0,0,0,79,253,253,194,0,0,0,0,0,0,0,0,0,0,0,0,0,0,0,0,79,253,253,74,0,0,0,0,0,0,0,0,0,0,0,0,0,0,0,0,79,253,253,65,0,0,0,0,0,0,0,0,0,0,0,0,0,0,0,0,193,253,230,41,0,0,0,0,0,0,0,0,0,0,0,0,0,0,0,0,209,253,78,0,0,0,0,0,0,0,0,0,0,0,0,0,0,0,0,111,245,253,58,0,0,0,0,0,0,0,0,0,0,0,0,0,0,0,0,215,253,253,58,0,0,0,0,0,0,0,0,0,0,0,0,0,0,0,0,215,253,198,14,0,0,0,0,0,0,0,0,0,0,0,0,0,0,0,69,244,253,85,0,75,189,189,160,0,0,0,0,0,0,0,0,0,0,0,92,253,253,197,116,235,253,253,242,66,0,0,0,0,0,0,0,0,0,0,92,253,253,253,253,189,105,239,253,91,0,0,0,0,0,0,0,0,0,0,179,253,253,253,123,22,0,176,227,30,0,0,0,0,0,0,0,0,0,0,222,253,243,183,21,0,51,226,214,0,0,0,0,0,0,0,0,0,0,0,222,253,175,0,0,50,226,253,133,0,0,0,0,0,0,0,0,0,0,0,222,253,175,0,16,194,253,216,35,0,0,0,0,0,0,0,0,0,0,0,215,253,219,143,228,253,250,74,0,0,0,0,0,0,0,0,0,0,0,0,42,233,253,253,253,218,93,0,0,0,0,0,0,0,0,0,0,0,0,0,0,105,230,253,152,32,0,0,0,0,0,0,0,0,0,0,0,0,0,0,0,0,0,0,0,0,0,0,0,0,0,0,0,0,6
0,0,0,0,0,0,0,0,0,0,0,0,0,0,0,0,0,0,0,0,0,0,0,0,0,0,0,0,185,229,15,0,0,0,0,0,0,0,0,0,0,0,0,0,0,0,0,38,197,254,56,0,0,0,0,0,0,0,0,0,0,0,0,0,0,0,0,199,253,254,240,34,0,0,0,0,0,0,0,0,0,0,0,0,0,0,0,32,203,254,139,0,0,0,0,0,0,0,0,0,0,0,0,0,0,0,0,0,160,255,207,0,0,0,0,0,0,0,0,0,0,0,0,0,0,0,0,0,76,254,249,42,0,0,0,0,0,0,0,0,0,0,0,0,0,0,0,0,0,254,253,46,0,0,0,0,0,0,0,0,0,0,0,0,0,0,0,0,0,254,253,79,0,0,0,0,0,0,0,0,0,0,0,0,0,0,0,0,0,195,254,138,0,0,0,0,0,0,0,0,0,0,0,0,0,0,0,0,0,144,253,188,0,0,0,0,0,0,0,0,0,0,0,0,0,0,0,0,0,13,234,240,32,0,0,0,0,0,0,0,0,0,0,0,0,0,0,0,0,0,230,253,135,0,0,0,0,0,0,0,0,0,0,0,0,0,0,0,0,0,172,254,161,0,0,0,0,0,0,0,0,0,0,0,0,0,0,0,0,0,138,253,177,0,0,0,0,0,0,0,0,0,0,0,0,0,0,0,0,0,97,253,253,0,0,0,0,0,0,0,0,0,0,0,0,0,0,0,0,0,47,253,253,34,0,0,0,0,0,0,0,0,0,0,0,0,0,0,0,0,47,254,254,93,0,0,0,0,0,0,0,0,0,0,0,0,0,0,0,0,5,211,253,142,0,0,0,0,0,0,0,0,0,0,0,0,0,0,0,0,0,132,253,216,11,0,0,0,0,0,1
252,224,225,246,236,237,206,205,254,242,229,241,221,215,241,217,204,204,237,253,215,206,227,253,207,212,222,245,220,253,232,244,201,234,217,213,222,253,233,237,243,207,240,225,230,223,218,214,238,221,243,242,239,216,205,208,252,221,233,204,216,252,242,238,215,207,220,201,249,245,246,223,212,239,245,219,242,202,226,236,238,254,217,215,219,235,237,222,241,241,235,252,205,205,211,238,213,237,254,234,201,250,249,218,226,208,200,249,215,231,242,200,252,245,223,208,238,254,249,213,252,227,228,223,228,246,251,205,246,237,205,253,243,244,212,206,208,230,214,208,216,202,218,230,214,239,205,232,245,216,202,231,229,207,209,254,228,227,231,202,222,242,223,230,251,212,214,247,235,253,217,211,221,229,211,225,245,237,233,202,227,245,207,206,212,200,253,223,252,248,210,227,235,233,213,218,242,213,233,254,221,212,230,212,254,228,202,250,235,248,226,246,207,242,226,242,214,232,242,227,245,220,244,253,207,251,220,201,234,234,244,250,230,206,246,203,218,222,231,228,209,206,209,223,232,231,236,234,205,224,235,220,229,233,213,216,215,203,213,221,242,213,252,215,219,219,213,227,218,245,234,211,254,234,250,215,227,240,246,204,235,245,225,223,254,213,253,245,236,200,201,236,201,207,228,202,215,225,226,211,217,242,212,228,250,233,221,251,208,242,251,252,248,205,234,222,239,205,238,248,210,241,250,205,208,215,200,219,207,245,223,210,220,241,212,228,232,218,247,203,244,200,243,254,233,253,207,244,239,200,215,202,202,250,240,201,236,200,226,205,236,254,251,207,247,211,222,238,242,229,227,207,240,243,251,211,243,210,233,254,229,236,237,215,236,253,241,233,238,216,236,207,229,252,241,248,250,223,204,228,7
0,0,0,0,0,0,0,0,0,0,0,0,0,0,0,0,0,0,0,0,0,0,0,0,0,0,0,8,83,140,198,255,254,185,21,0,0,0,0,0,0,0,0,0,0,0,126,244,253,237,183,248,253,253,94,0,0,0,0,0,0,0,0,0,0,31,243,253,170,4,0,45,191,253,244,37,0,0,0,0,0,0,0,0,0,105,253,245,40,0,0,0,162,253,249,142,0,0,0,0,0,0,0,0,0,189,216,75,0,0,0,4,215,253,140,32,0,0,0,0,0,0,0,0,7,214,123,0,0,0,0,120,253,248,46,0,0,0,0,0,0,0,0,0,33,253,204,8,34,58,163,243,253,113,0,0,0,0,0,0,0,0,0,0,14,225,253,187,235,253,253,254,238,7,0,0,0,0,0,0,0,0,0,0,0,105,253,253,253,253,253,254,252,109,0,0,0,0,0,0,0,0,0,0,0,2,66,243,253,202,224,198,229,252,108,0,0,0,0,0,0,0,0,0,0,44,201,249,103,0,0,0,11,231,254,81,0,0,0,0,0,0,0,0,3,184,250,54,0,0,0,0,0,125,253,215,3,0,0,0,0,0,0,0,68,253,169,0,0,0,0,0,0,7,168,253,49,0,0,0,0,0,0,0,115,253,123,0,0,0,0,0,0,0,33,253,185,0,0,0,0,0,0,0,115,253,123,0,0,0,0,0,0,0,28,245,243,26,0,0,0,0,0,0,99,253,164,0,0,0,0,0,0,0,0,204,253,32,0,0,0,0,0,0,26,242,215,8,0,0,0,0,0,0,0,204,253,32,0,0,0,0,0,0,0,157,253,142,7,0,0,0,0,0,78,248,224,14,0,0,0,0,0,0,0,48,228,253,99,0,0,0,0,8,208,253,104,0,0,0,8
0,0,0,0,0,0,0,0,0,0,0,7,203,237,45,0,0,0,0,0,0,0,0,0,0,0,0,0,0,0,0,24,253,253,84,0,0,0,0,0,0,0,0,0,0,0,0,0,0,0,0,133,253,253,84,0,0,0,0,0,0,0,0,0,0,0,0,0,0,0,0,133,253,246,68,0,0,0,0,0,0,0,0,0,0,0,0,0,0,0,0,162,253,217,0,0,0,0,0,0,0,0,0,0,0,0,0,0,0,0,35,254,253,125,0,0,0,0,0,0,0,0,0,0,0,0,0,0,0,0,162,254,234,18,0,0,0,0,0,0,0,0,0,0,0,0,0,0,0,0,242,255,229,0,0,0,0,0,0,0,0,0,0,0,0,0,0,0,0,48,247,255,120,0,0,0,0,0,0,0,0,0,0,0,0,0,0,0,0,167,253,249,57,0,0,0,0,0,0,0,0,0,0,0,0,0,0,0,52,243,255,123,0,0,0,0,0,0,0,0,0,0,0,0,0,0,0,0,98,253,253,122,0,0,0,0,0,0,0,0,0,0,0,0,0,0,0,0,98,253,253,104,0,0,0,0,0,0,0,0,0,0,0,0,0,0,0,0,98,253,253,0,0,0,0,0,0,0,0,0,0,0,0,0,0,0,0,0,184,253,224,0,0,0,0,0,0,0,0,0,0,0,0,0,0,0,0,0,218,253,132,0,0,0,0,0,0,0,0,0,0,0,0,0,0,0,0,70,247,253,34,0,0,0,0,0,0,0,0,0,0,0,0,0,0,0,0,131,253,253,11,0,0,0,0,0,0,0,0,0,0,0,0,0,0,0,0,206,253,253,11,0,0,0,0,0,0,0,0,0,0,0,0,0,0,0,0,206,253,253,11,0,0,0,0,0,0,0,0,0,1
0,0,0,0,0,0,0,0,0,0,0,0,0,0,0,0,0,0,0,0,0,0,0,0,0,0,0,0,0,0,0,0,0,0,0,0,0,0,0,0,0,0,0,0,0,0,0,0,0,0,0,0,0,0,0,0,0,0,0,0,0,0,0,0,31,51,152,152,193,193,193,152,41,0,0,0,0,0,0,0,0,0,0,41,193,252,253,252,253,252,253,252,243,122,0,0,0,0,0,0,0,0,0,123,254,253,254,253,254,253,254,253,254,253,173,10,0,0,0,0,0,0,21,223,253,252,192,151,91,91,253,252,253,252,253,131,0,0,0,0,0,0,72,253,254,253,0,0,0,0,0,0,102,223,254,213,21,0,0,0,0,0,152,252,253,212,0,0,0,0,0,0,82,243,253,252,142,0,0,0,0,0,132,253,254,112,0,0,0,0,0,21,254,253,254,253,142,0,0,0,0,0,51,252,253,192,0,0,0,41,123,223,253,252,253,212,20,0,0,0,0,0,0,203,254,253,234,152,113,193,254,253,254,253,254,151,0,0,0,0,0,0,0,81,213,252,253,252,253,252,253,252,253,252,253,192,0,0,0,0,0,0,0,0,41,203,254,253,254,253,244,203,82,142,254,213,21,0,0,0,0,0,0,0,0,0,50,131,131,50,40,0,0,102,253,252,142,0,0,0,0,0,0,0,0,0,0,0,0,0,0,0,0,0,254,253,203,0,0,0,0,0,0,0,0,0,0,0,0,0,0,0,0,0,253,252,203,0,0,0,0,0,0,0,0,0,0,0,0,0,0,0,0,0,234,253,214,10,0,0,0,0,0,0,0,0,0,0,0,0,0,0,0,0,152,252,253,50,0,0,0,0,0,0,0,0,0,0,0,0,0,0,0,0,132,253,234,30,0,0,9
0,0,0,0,0,0,0,0,0,0,0,0,0,0,0,0,0,0,0,0,0,0,0,0,14,239,63,0,0,0,0,0,0,0,0,0,0,0,0,0,0,0,0,0,60,254,169,0,0,0,0,0,0,0,0,0,0,0,0,0,0,0,0,0,122,254,98,0,0,0,0,0,0,0,6,10,0,0,0,0,0,0,0,0,166,254,79,0,0,0,0,0,0,12,181,169,0,0,0,0,0,0,0,0,166,254,22,0,0,0,0,0,0,50,254,240,0,0,0,0,0,0,0,0,166,244,18,0,0,0,0,0,0,97,254,203,0,0,0,0,0,0,0,0,166,203,0,0,0,0,0,0,0,100,254,166,0,0,0,0,0,0,0,0,179,203,0,0,0,0,0,0,0,192,254,111,0,0,0,0,0,0,0,0,240,203,0,0,0,0,2,56,78,239,254,27,0,0,0,0,0,0,0,0,187,203,0,0,0,17,161,254,254,254,214,5,0,0,0,0,0,0,0,0,166,247,19,13,158,234,254,197,125,254,178,0,0,0,0,0,0,0,0,0,136,254,120,234,254,242,120,2,102,254,96,0,0,0,0,0,0,0,0,0,75,254,254,244,147,45,0,0,211,249,39,0,0,0,0,0,0,0,0,0,1,48,85,70,0,0,0,3,215,232,0,0,0,0,0,0,0,0,0,0,0,0,0,0,0,0,0,46,254,195,0,0,0,0,0,0,0,0,0,0,0,0,0,0,0,0,0,109,254,132,0,0,0,0,0,0,0,0,0,0,0,0,0,0,0,0,0,177,254,49,0,0,0,0,0,0,0,0,0,0,0,0,0,0,0,0,0,223,254,11,0,0,0,0,0,0,0,0,0,0,0,0,0,0,0,0,32,253,208,3,0,0,0,0,0,0,4
0,0,0,0,0,0,0,0,183,254,253,253,253,253,253,253,208,26,0,0,0,0,0,0,0,0,0,41,238,254,209,78,10,35,167,253,253,130,3,0,0,0,0,0,0,0,0,27,232,247,60,0,0,0,31,215,253,253,33,0,0,0,0,0,0,0,0,0,48,48,0,0,0,0,0,122,253,253,71,0,0,0,0,0,0,0,0,0,0,0,0,0,0,0,0,21,253,253,143,0,0,0,0,0,0,0,0,0,0,0,0,0,0,0,0,12,253,253,143,0,0,0,0,0,0,0,0,0,0,0,0,0,0,0,0,94,253,253,143,0,0,0,0,0,0,0,0,0,0,0,0,0,0,0,0,122,253,253,143,0,0,0,0,0,0,0,0,0,0,0,0,0,0,0,51,245,254,244,29,0,0,0,0,0,0,0,0,0,0,0,0,0,0,0,89,253,253,99,0,0,0,0,0,0,0,0,0,0,0,0,0,0,0,0,180,253,236,40,0,0,100,133,191,243,243,190,133,133,85,20,0,0,0,112,251,253,199,0,0,0,253,253,253,253,253,253,253,253,253,243,166,123,66,223,253,246,35,0,0,0,253,253,207,165,165,165,165,192,253,254,253,253,253,253,253,194,0,0,0,0,253,253,175,12,12,12,12,18,128,254,253,253,253,253,253,252,232,117,7,0,240,253,253,253,253,253,253,253,253,255,253,236,209,209,225,253,253,253,210,0,46,109,216,253,253,253,253,253,253,177,147,40,0,0,23,66,133,176,128,0,0,0,17,33,120,143,95,61,33,0,0,0,0,0,0,0,0,0,0,0,0,0,0,0,0,0,0,0,0,0,0,0,0,0,0,0,0,0,0,0,0,0,0,0,0,0,0,0,0,0,0,0,0,0,0,0,0,0,0,0,2
0,0,0,0,0,0,0,0,0,0,0,0,0,0,0,0,0,0,0,0,0,0,0,0,0,0,0,0,0,0,0,0,0,0,0,0,0,0,0,0,0,0,0,0,0,0,0,0,0,0,0,0,0,0,0,0,0,0,0,0,0,0,0,0,0,0,0,0,0,0,0,0,0,0,0,0,0,0,0,0,0,0,0,0,0,2,13,13,10,0,0,0,0,0,0,0,0,0,6,7,0,0,2,22,143,159,253,253,229,143,110,19,13,0,0,0,0,64,194,199,16,149,156,202,253,253,253,236,234,253,253,253,220,46,16,0,23,186,253,168,206,253,253,253,253,249,140,31,22,99,99,195,232,238,217,155,244,253,239,5,254,253,251,204,93,79,0,0,0,0,0,0,30,47,151,253,253,237,55,0,211,204,80,0,0,0,0,0,0,0,0,0,0,15,181,253,235,57,0,0,0,0,0,0,0,0,0,0,0,0,0,0,0,172,253,253,63,0,0,0,0,0,0,0,0,0,0,0,0,0,0,0,85,241,233,148,7,0,0,0,0,0,0,0,0,0,0,0,0,0,0,86,240,253,129,0,0,0,0,0,0,0,0,0,0,0,0,0,0,0,86,240,253,230,27,0,0,0,0,0,0,0,0,0,0,0,0,0,0,19,210,253,229,57,0,0,0,0,0,0,0,0,0,0,0,0,0,0,46,217,253,229,57,0,0,0,0,0,0,0,0,0,0,0,0,0,0,85,220,253,253,136,0,0,0,0,0,0,0,0,0,0,0,0,0,0,17,203,253,253,149,8,0,0,0,0,0,0,0,0,0,0,0,0,0,0,93,253,253,150,8,0,0,0,0,0,0,0,0,0,0,0,0,0,0,0,167,253,202,7,0,0,0,0,0,0,0,0,0,0,7
0,0,0,0,0,0,0,0,0,0,0,0,0,0,0,0,0,0,0,0,0,0,0,0,0,0,0,0,0,0,0,0,0,0,0,0,0,0,0,0,0,0,0,0,0,0,0,0,0,0,0,0,0,0,0,0,0,0,0,0,0,0,0,0,0,0,0,0,0,0,0,0,0,0,0,0,0,0,0,0,0,0,0,0,0,0,0,0,0,0,12,0,0,0,0,0,12,24,43,49,0,0,0,0,0,0,0,0,0,105,213,167,157,204,227,227,235,243,254,254,0,0,0,0,0,0,0,0,121,243,255,254,254,254,255,254,254,255,254,255,0,0,0,0,0,0,10,147,254,246,187,146,146,146,106,77,50,7,7,7,0,0,0,0,0,0,92,253,223,59,0,0,0,0,0,0,0,0,0,0,0,0,0,0,0,83,243,254,171,46,0,0,0,0,0,0,0,0,0,0,0,0,0,0,58,246,255,254,254,252,187,15,0,0,0,0,0,0,0,0,0,0,0,0,110,248,227,174,174,237,254,93,0,0,0,0,0,0,0,0,0,0,0,0,10,23,0,0,0,199,254,35,0,0,0,0,0,0,0,0,0,55,10,0,0,0,0,0,0,161,254,54,0,0,0,0,0,0,0,0,0,245,67,0,0,0,0,37,180,246,202,6,0,0,0,0,0,0,0,0,0,241,232,192,142,128,192,253,254,242,25,0,0,0,0,0,0,0,0,0,0,38,201,241,254,254,248,197,133,48,0,0,0,0,0,0,0,0,0,0,0,0,0,23,80,80,32,0,0,0,0,0,0,0,0,0,0,0,0,0,0,0,0,0,0,0,0,0,0,0,0,0,0,0,0,0,0,0,0,0,0,0,0,0,0,0,0,0,0,0,0,0,0,0,0,0,0,0,0,0,5
248,248,226,200,233,203,206,207,209,222,223,243,217,215,245,251,242,251,220,221,241,210,202,250,232,252,231,247,217,246,251,200,235,225,239,231,227,249,230,249,226,232,216,233,207,220,230,212,205,250,246,225,208,211,218,214,235,231,224,240,204,250,229,210,244,201,210,210,234,214,244,201,250,205,214,210,248,247,206,236,232,233,225,208,213,220,208,204,207,223,215,221,215,209,236,200,245,228,246,249,215,240,246,211,206,201,205,227,204,243,233,230,225,223,208,241,221,204,236,250,240,227,251,240,201,227,223,247,203,226,252,249,223,215,227,216,241,249,203,203,205,213,212,217,241,213,246,221,225,202,253,250,224,220,206,228,226,240,222,251,248,210,219,219,200,219,231,222,225,205,241,203,210,228,220,241,229,208,238,242,208,235,243,202,230,245,212,213,206,251,239,219,215,213,225,204,253,210,202,221,238,218,220,248,242,233,244,214,220,246,201,213,209,245,207,214,240,249,217,201,233,208,249,215,218,206,221,204,253,226,227,212,238,227,242,229,200,253,239,227,208,207,201,239,233,225,205,239,200,203,240,250,200,204,206,247,246,234,246,216,235,201,250,240,209,234,231,207,214,245,220,245,219,212,217,207,239,206,210,227,236,206,226,200,227,254,216,247,238,209,219,240,201,250,250,235,208,239,213,248,205,221,249,239,225,220,205,223,210,251,204,248,246,223,216,218,249,222,235,232,238,234,239,253,208,229,248,232,235,204,237,234,204,204,205,221,232,236,216,201,228,240,243,236,209,210,212,203,250,254,222,231,245,253,240,232,249,236,209,205,251,251,224,204,225,234,232,235,206,228,201,250,224,247,229,240,205,219,241,228,220,209,208,216,251,231,206,236,221,211,245,221,243,235,245,235,203,244,241,225,4
0,0,0,0,0,0,0,0,61,175,254,255,254,254,175,78,0,0,0,0,0,0,0,0,0,0,0,111,251,253,253,254,253,253,253,251,121,0,0,0,0,0,0,0,0,0,42,226,253,229,131,105,105,105,105,190,238,52,0,0,0,0,0,0,0,0,140,253,195,40,0,0,0,0,0,29,238,218,0,0,0,0,0,0,0,8,217,224,41,0,0,0,0,0,0,44,253,226,0,0,0,0,0,0,0,23,232,151,0,0,0,0,0,0,0,56,253,154,0,0,0,0,0,0,0,0,140,238,37,0,0,0,0,0,24,186,249,125,0,0,0,0,0,0,0,0,117,253,185,5,0,0,0,5,157,253,212,0,0,0,0,0,0,0,0,0,10,212,253,166,3,0,30,195,253,215,36,0,0,0,0,0,0,0,0,0,0,75,232,253,168,116,223,253,186,11,0,0,0,0,0,0,0,0,0,0,0,0,109,254,254,255,254,186,9,0,0,0,0,0,0,0,0,0,0,0,0,0,36,229,253,254,228,14,0,0,0,0,0,0,0,0,0,0,0,0,0,37,222,253,232,254,253,150,0,0,0,0,0,0,0,0,0,0,0,0,68,221,253,181,44,97,253,191,0,0,0,0,0,0,0,0,0,0,0,23,175,248,136,10,0,11,200,244,68,0,0,0,0,0,0,0,0,0,0,173,248,105,0,0,0,0,116,253,185,0,0,0,0,0,0,0,0,0,112,246,178,0,0,0,10,27,180,253,122,0,0,0,0,0,0,0,0,0,176,253,181,97,85,138,213,254,253,200,7,0,0,0,0,0,0,0,0,0,224,253,253,253,253,253,253,221,72,29,0,0,0,0,0,0,0,0,0,0,92,241,253,253,253,219,135,27,0,0,0,0,0,0,0,0,8
0,0,0,0,0,0,0,0,0,2,56,61,155,243,255,241,120,2,0,0,0,0,0,0,0,0,0,4,70,191,254,253,253,254,246,249,254,57,0,0,0,0,0,0,0,0,36,175,253,253,254,253,253,147,26,71,254,208,0,0,0,0,0,0,0,88,233,254,254,254,254,244,101,4,0,35,254,209,0,0,0,0,0,0,51,232,253,254,253,252,155,44,0,0,0,35,254,208,0,0,0,0,0,0,181,253,253,254,248,102,0,0,0,0,10,178,254,107,0,0,0,0,0,0,196,253,253,188,57,0,0,0,0,0,81,254,254,9,0,0,0,0,0,0,8,14,14,4,0,0,0,0,0,85,215,218,79,1,0,0,0,0,0,0,0,0,0,0,0,0,0,0,0,185,253,195,0,0,0,0,0,0,0,0,0,0,0,0,0,0,0,0,62,242,238,58,0,0,0,0,0,0,0,0,0,0,0,2,5,86,105,111,237,254,175,3,0,0,0,0,0,0,0,0,0,21,116,195,254,254,254,254,253,254,253,190,16,0,0,0,0,0,0,0,77,228,253,242,179,141,254,253,216,139,214,254,153,1,0,0,0,0,41,169,246,203,128,20,42,152,253,188,28,0,80,254,253,9,0,0,0,32,225,254,168,8,0,10,160,253,181,5,0,0,41,195,254,108,0,0,35,163,254,169,7,0,13,184,253,217,0,0,0,0,0,134,253,208,0,0,124,254,168,6,5,35,187,254,193,12,0,0,0,0,0,135,254,209,0,0,210,205,16,91,148,254,254,147,27,0,0,0,0,0,0,135,254,208,0,0,210,251,245,254,254,221,60,3,0,0,0,0,0,0,0,118,254,56,0,0,92,253,253,224,103,15,0,0,0,0,0,0,0,0,0,8,54,2,0,0,2
0,0,0,0,0,0,0,0,0,0,0,0,0,0,0,0,0,0,0,0,0,0,0,0,0,0,0,0,0,0,0,0,0,0,0,0,0,0,0,0,0,0,0,0,0,0,0,0,0,0,21,132,253,234,30,0,0,0,0,0,0,0,0,0,0,0,0,0,0,0,183,253,252,253,172,0,0,0,0,0,0,0,0,0,0,0,0,0,0,173,253,254,253,254,253,234,30,0,0,0,0,0,0,0,0,0,0,0,82,253,252,253,252,253,252,253,172,0,0,0,0,0,0,0,0,0,0,72,253,254,253,254,253,254,253,254,253,41,0,0,0,0,0,0,0,0,0,193,252,253,252,253,252,253,252,253,252,0,0,0,0,0,0,0,0,0,123,254,253,254,253,254,253,254,253,254,91,0,0,0,0,0,0,0,0,0,203,253,252,253,252,253,252,253,252,233,30,0,0,0,0,0,0,0,0,0,203,254,253,254,233,173,253,254,253,41,0,0,0,0,0,0,0,0,0,0,162,253,252,233,50,132,252,253,252,0,0,0,0,0,0,0,0,0,0,0,41,163,162,0,41,214,253,244,81,0,0,0,0,0,0,0,0,0,0,0,0,0,0,21,223,253,252,203,0,0,0,0,0,0,0,0,0,0,0,0,0,0,0,214,253,254,253,82,0,0,0,0,0,0,0,0,0,0,0,0,0,0,82,253,252,253,171,0,0,0,0,0,0,0,0,0,0,0,0,0,0,72,253,254,253,203,20,0,0,0,0,0,0,0,0,0,0,0,0,0,0,193,252,253,252,61,0,0,0,0,0,0,0,0,0,0,0,0,0,31,173,254,253,254,131,0,0,0,0,0,0,0,0,0,0,0,0,0,0,193,252,253,252,172,10,0,0,0,0,0,0,0,0,0,9
0,0,0,0,0,0,0,0,0,0,0,0,0,0,0,0,0,0,0,0,0,0,0,0,17,67,154,249,254,254,254,254,209,154,106,17,0,0,0,0,0,0,3,143,222,252,243,188,143,143,143,167,243,243,252,222,63,0,0,0,0,0,129,253,234,88,0,0,0,0,0,0,0,0,89,235,218,0,0,0,0,0,164,253,93,0,0,0,0,0,0,0,0,0,2,185,219,0,0,0,0,0,164,253,170,37,0,0,0,0,0,0,0,0,124,253,189,0,60,0,0,0,16,157,232,229,129,19,0,0,0,0,0,0,123,253,241,229,248,139,0,0,0,0,50,212,253,215,109,35,0,0,0,0,131,253,253,223,73,42,0,0,0,0,0,19,114,230,253,245,159,78,130,239,252,241,108,10,0,0,0,0,0,0,0,0,0,33,99,157,235,253,253,253,160,41,0,0,0,0,0,0,0,0,0,0,0,0,0,89,253,253,253,226,38,0,0,0,0,0,0,0,0,0,4,17,105,121,204,252,207,148,155,253,229,62,0,0,0,0,0,0,0,100,224,253,253,220,193,78,0,0,6,160,247,224,12,0,0,0,0,56,179,247,238,148,106,18,0,0,0,0,0,0,173,253,104,0,0,0,65,239,236,130,0,0,0,0,0,0,0,0,0,0,19,233,185,0,0,0,155,253,101,0,0,0,0,0,0,0,0,0,0,0,0,179,250,67,0,0,154,253,121,0,0,0,0,0,0,0,0,0,0,0,0,179,253,163,0,0,55,247,249,140,25,0,0,0,0,0,0,0,0,0,4,190,254,163,0,0,0,57,222,253,235,178,90,41,0,0,0,0,0,0,135,253,254,90,0,0,0,0,6,96,177,232,253,249,168,204,244,245,244,244,252,239,103,3,0,0,8
0,0,0,0,0,0,0,0,0,0,0,0,151,244,55,0,0,0,0,0,0,0,0,0,0,0,0,0,0,0,0,9,226,117,0,0,0,0,0,0,0,0,0,0,0,0,0,0,0,0,0,140,208,18,0,0,0,0,0,0,0,0,0,0,0,0,0,0,0,0,35,255,88,0,0,0,0,0,0,0,0,0,0,0,0,0,0,0,0,0,193,207,16,0,0,0,0,0,0,0,0,0,0,0,0,0,0,0,0,92,250,95,0,0,0,0,0,0,0,0,0,0,0,0,0,0,0,0,0,162,233,10,0,0,0,0,0,0,0,0,0,0,0,0,0,0,0,0,95,251,125,0,0,0,0,0,0,0,0,0,0,0,0,0,0,0,0,2,185,250,40,126,164,18,0,0,0,0,0,0,0,0,0,0,0,0,0,42,253,130,45,254,253,47,0,0,0,0,0,0,0,0,0,0,0,0,0,112,253,46,158,236,241,112,0,0,0,0,0,0,0,0,0,0,0,0,0,131,226,14,228,90,190,196,0,0,0,0,0,0,0,0,0,0,0,0,0,190,205,85,227,30,190,205,0,0,0,0,0,0,0,0,0,0,0,0,6,214,206,143,169,0,191,206,0,0,0,0,0,0,0,0,0,0,0,0,16,253,226,166,95,2,198,170,0,0,0,0,0,0,0,0,0,0,0,0,8,221,253,253,125,111,253,62,0,0,0,0,0,0,0,0,0,0,0,0,0,102,253,253,253,254,225,6,0,0,0,0,0,0,0,0,0,0,0,0,0,12,110,173,223,174,53,0,0,0,0,0,0,0,0,0,0,0,0,0,0,0,0,0,0,0,0,0,0,0,0,0,0,0,0,0,0,0,0,0,0,0,0,0,0,0,0,0,0,0,0,0,0,0,6
0,0,0,0,0,0,0,0,0,0,0,0,0,0,0,0,0,0,0,0,0,0,0,0,0,0,0,0,0,13,121,190,255,76,0,0,0,54,253,226,0,0,0,0,0,91,107,107,107,192,252,252,253,247,25,0,0,54,252,251,0,0,0,90,142,248,252,252,252,252,252,252,253,252,229,154,110,232,252,252,0,0,0,240,252,252,252,252,252,252,252,252,253,252,252,240,244,252,252,252,0,0,96,249,252,252,252,252,252,252,252,252,221,249,252,252,252,252,252,252,0,0,121,252,252,252,252,252,252,204,73,227,61,242,252,252,252,252,252,232,0,0,121,252,252,252,252,252,245,78,22,133,211,252,252,252,252,252,224,120,0,0,44,244,252,252,252,252,216,27,208,208,253,252,252,252,252,246,71,0,0,0,0,240,245,252,252,252,252,196,252,252,253,252,252,252,248,118,0,0,0,0,0,114,106,252,252,252,252,252,252,252,253,252,252,209,88,0,0,0,0,0,0,0,94,253,253,253,253,253,253,253,255,253,209,92,0,0,0,0,0,0,0,0,5,144,252,252,252,252,252,252,253,150,8,0,0,0,0,0,0,0,0,0,35,178,252,252,252,252,252,252,253,241,107,64,0,0,0,0,0,0,0,0,94,231,252,252,252,252,252,252,253,252,252,240,45,0,0,0,0,0,0,0,164,252,252,252,252,252,213,220,253,252,252,252,158,0,0,0,0,0,0,0,122,252,252,252,252,252,214,221,253,252,252,252,185,0,0,0,0,0,0,0,135,231,252,252,252,252,252,252,253,252,252,252,185,0,0,0,0,0,0,0,35,109,252,252,252,252,252,252,253,252,252,243,96,0,0,0,0,0,0,0,0,131,168,248,252,252,252,252,253,252,121,142,0,0,0,0,8
0,0,0,0,13,76,173,227,253,253,253,253,188,113,47,0,0,0,0,0,0,0,0,3,184,253,253,253,253,253,253,253,253,253,200,5,0,0,0,0,0,0,0,24,253,253,253,253,239,210,210,210,251,253,253,10,0,0,0,0,0,0,0,114,253,253,253,203,68,0,0,0,157,253,253,91,0,0,0,0,0,0,0,211,253,250,145,52,0,0,0,0,130,253,253,215,0,0,0,0,0,0,0,133,186,66,0,0,0,0,0,0,63,253,253,243,50,0,0,0,0,0,0,0,0,0,0,0,0,0,0,0,22,253,253,253,81,0,0,0,0,0,0,0,0,0,0,0,0,0,0,0,2,175,253,253,81,0,0,0,0,0,0,0,0,0,0,0,0,0,0,0,0,168,253,253,81,0,0,0,0,0,0,0,0,0,0,0,0,0,0,0,0,168,253,253,81,0,0,0,0,0,0,0,0,0,20,89,130,77,18,0,2,175,253,253,81,0,0,0,0,0,0,0,11,60,233,253,253,253,235,83,26,253,253,253,81,0,0,0,0,0,0,88,214,253,253,253,253,253,253,253,213,253,253,231,16,0,0,0,0,5,184,252,253,253,253,237,180,228,253,253,253,253,253,168,0,0,0,0,0,139,253,253,253,253,190,31,0,13,230,253,253,253,253,45,0,0,0,0,0,254,253,253,192,117,5,0,0,0,51,232,253,253,253,54,0,0,14,104,0,255,253,248,2,0,0,0,0,0,7,207,253,253,253,240,141,231,250,253,0,178,253,252,103,0,0,0,0,5,156,253,253,253,253,253,253,253,253,253,0,22,37,37,31,0,0,0,0,3,37,37,37,37,37,37,37,37,37,37,0,0,0,0,0,0,0,0,0,0,0,0,0,0,0,0,0,0,0,0,2
0,0,0,0,0,0,0,0,0,0,0,0,0,0,0,0,0,0,0,0,0,0,0,0,0,0,0,0,0,0,0,0,0,0,0,0,0,0,0,0,0,0,0,0,0,0,0,0,0,0,0,0,0,0,0,72,233,255,50,0,0,0,0,0,0,0,123,183,20,0,0,0,0,0,0,253,252,131,10,0,0,0,0,0,0,31,233,163,20,0,0,0,0,51,193,244,122,0,0,0,0,0,0,0,0,173,252,102,0,0,0,0,0,152,252,203,0,0,0,0,0,0,0,0,0,153,253,183,0,0,0,0,0,214,253,183,0,0,0,0,0,0,0,0,41,233,252,61,0,0,0,0,123,253,212,20,0,0,0,0,0,0,0,11,213,254,131,0,0,0,0,31,233,254,131,0,0,0,0,0,0,0,0,10,212,253,131,0,0,0,0,51,252,253,131,0,0,0,0,0,0,0,0,72,253,254,172,51,51,51,132,214,253,254,172,51,31,0,0,0,0,0,0,152,252,253,252,253,252,253,252,253,252,253,252,253,192,0,0,0,0,0,0,62,183,203,203,254,233,203,223,254,253,224,102,82,0,0,0,0,0,0,0,0,0,0,0,50,30,0,102,253,252,122,0,0,0,0,0,0,0,0,0,0,0,0,0,0,0,31,233,254,233,0,0,0,0,0,0,0,0,0,0,0,0,0,0,0,0,31,232,253,151,0,0,0,0,0,0,0,0,0,0,0,0,0,0,0,0,0,203,254,151,0,0,0,0,0,0,0,0,0,0,0,0,0,0,0,0,123,243,253,70,0,0,0,0,0,0,0,0,0,0,0,0,0,0,0,0,132,253,234,30,0,0,0,0,0,0,0,0,0,0,0,0,0,0,0,0,51,252,253,50,0,0,0,0,0,0,0,4
0,0,0,0,0,0,0,0,0,0,0,0,0,0,0,0,0,0,0,0,0,0,0,0,0,0,0,0,0,0,0,0,0,0,0,0,0,0,0,0,0,0,0,0,0,0,0,0,0,0,0,0,0,0,0,45,153,161,161,187,0,0,0,0,0,0,0,0,0,0,0,0,0,22,114,245,227,228,253,241,0,0,0,0,0,0,0,0,0,0,0,83,132,228,253,254,190,188,128,34,0,0,0,0,0,0,0,0,51,101,184,254,253,253,253,254,90,0,0,0,0,0,0,0,0,0,85,187,254,254,254,255,254,222,118,0,0,0,0,0,0,0,0,0,9,130,247,254,253,253,253,241,173,13,0,0,0,0,0,0,0,0,0,0,197,253,253,245,253,253,202,34,0,0,0,0,0,0,0,0,0,0,0,51,247,253,151,69,245,202,19,0,0,0,0,0,0,0,0,0,0,0,0,70,254,197,0,0,51,17,0,0,0,0,0,0,0,0,0,0,0,0,0,70,253,251,97,0,0,0,0,0,0,0,0,0,0,0,0,0,0,0,0,13,226,253,253,183,116,82,49,0,0,0,0,0,0,0,0,0,0,0,0,0,38,186,253,254,253,253,253,134,0,0,0,0,0,0,0,0,0,0,0,0,0,0,68,93,214,254,254,254,82,0,0,0,0,0,0,0,0,0,0,0,0,0,0,0,13,56,140,254,198,0,0,0,0,0,0,0,0,0,0,0,0,0,0,0,0,0,93,254,206,0,0,0,0,0,0,0,0,0,0,0,0,0,0,0,0,0,93,254,173,0,0,0,0,0,0,0,0,0,0,0,0,0,0,0,0,15,229,185,0,0,0,0,0,0,0,0,0,0,0,0,0,102,0,0,26,132,236,50,0,0,0,0,0,0,0,0,5
0,0,0,0,0,0,0,0,0,0,0,0,0,0,0,0,0,0,0,0,0,0,0,0,4,179,253,253,255,253,216,141,13,0,0,0,0,0,0,0,0,0,0,0,10,196,252,252,253,252,252,252,194,19,0,0,0,0,0,0,0,0,0,0,0,38,56,156,56,56,171,252,253,84,0,0,0,0,0,0,0,0,0,0,0,0,0,0,0,0,85,252,241,47,0,0,0,0,0,0,0,0,0,0,0,0,0,0,0,45,229,253,151,0,0,0,0,0,0,0,0,0,0,0,0,0,0,0,7,187,252,227,0,0,0,0,0,0,0,0,0,0,0,0,0,0,0,0,204,252,186,31,0,0,0,0,0,0,0,0,0,0,0,0,0,0,38,163,253,252,205,113,51,0,0,0,0,0,0,0,0,0,0,0,0,0,147,253,254,253,253,253,254,153,7,0,0,0,0,0,0,0,0,0,0,0,104,196,84,84,84,184,253,252,81,0,0,0,0,0,0,0,0,0,0,0,0,0,0,0,0,0,216,252,168,0,0,0,0,0,0,0,0,0,0,0,0,0,0,0,0,0,141,252,168,0,0,0,0,0,0,0,0,0,0,0,0,0,0,0,0,0,141,253,168,0,0,0,0,0,0,0,0,0,0,0,0,0,0,0,0,0,141,252,168,0,0,0,0,0,0,0,0,0,0,57,57,0,0,0,0,0,178,252,168,0,0,0,0,0,0,0,0,0,0,169,168,0,0,0,0,0,253,252,68,0,0,0,0,0,0,0,0,0,0,169,253,91,0,0,10,179,254,209,25,0,0,0,0,0,0,0,0,0,0,131,240,215,57,57,172,252,247,65,0,0,0,0,0,0,0,0,0,0,0,0,81,205,253,252,252,252,100,0,0,0,0,0,0,0,3
0,0,0,0,0,0,0,0,0,0,0,0,0,0,0,0,0,0,0,0,0,0,0,0,0,0,73,176,37,0,0,0,55,241,35,0,0,0,0,0,0,0,0,0,0,0,163,253,127,0,0,0,55,253,138,0,0,0,0,0,0,0,0,0,0,0,163,253,127,0,0,0,55,253,131,0,0,0,0,0,0,0,0,0,0,0,163,253,127,0,0,0,94,253,54,0,0,0,0,0,0,0,0,0,0,0,163,253,127,0,0,0,113,227,16,0,0,0,0,0,0,0,0,0,0,0,163,254,127,0,0,0,88,217,0,0,0,0,0,0,0,0,0,0,0,0,228,253,127,0,0,0,55,250,50,0,0,0,0,0,0,0,0,0,0,0,241,253,127,0,0,0,100,253,54,0,0,0,0,0,0,0,0,0,0,111,254,253,180,37,0,0,74,253,54,0,0,0,0,0,0,0,0,0,0,181,254,253,253,248,148,92,126,253,54,0,0,0,0,0,0,0,0,0,0,182,255,238,191,254,254,255,254,254,176,106,27,0,0,0,0,0,0,0,0,45,234,146,3,89,173,215,253,253,253,253,91,0,0,0,0,0,0,0,0,0,23,16,0,0,0,11,147,253,192,68,13,0,0,0,0,0,0,0,0,0,0,0,0,0,0,0,55,253,137,0,0,0,0,0,0,0,0,0,0,0,0,0,0,0,0,0,87,253,54,0,0,0,0,0,0,0,0,0,0,0,0,0,0,0,0,0,88,254,80,0,0,0,0,0,0,0,0,0,0,0,0,0,0,0,0,0,74,253,163,0,0,0,0,0,0,0,0,0,0,0,0,0,0,0,0,0,132,253,235,0,0,0,0,0,0,0,0,0,0,0,0,0,0,0,0,0,55,253,235,0,0,0,0,0,4
0,0,0,0,0,0,0,0,0,0,0,0,0,0,0,0,0,0,0,0,0,0,0,0,0,0,0,0,0,0,0,0,0,0,0,0,0,0,0,0,0,0,0,0,0,0,41,150,155,214,214,131,52,0,0,0,0,0,0,0,0,0,0,0,37,161,242,245,244,244,244,251,252,210,29,0,0,0,0,0,0,0,0,0,175,254,134,5,0,0,0,80,219,254,201,20,0,0,0,0,0,0,0,0,54,185,104,0,0,0,0,0,28,248,254,75,0,0,0,0,0,0,0,0,0,0,0,0,0,0,0,0,0,141,254,104,0,0,0,0,0,0,0,0,0,0,0,0,0,0,0,0,0,62,251,174,0,0,0,0,0,0,0,0,0,0,0,0,0,0,0,0,0,0,225,174,0,0,0,0,0,0,0,0,0,0,0,0,0,0,0,0,0,12,230,158,0,0,0,0,0,0,0,0,0,0,0,0,0,0,0,0,0,147,254,75,0,0,0,0,0,0,0,0,0,0,0,0,0,0,0,0,35,253,210,2,0,0,0,0,0,0,0,0,0,0,0,0,0,0,0,0,156,254,49,0,0,0,0,0,0,0,0,0,0,0,0,0,0,0,0,38,240,187,11,0,0,0,0,0,0,0,0,0,0,0,0,0,0,0,7,150,248,47,0,0,0,0,0,0,0,0,0,0,0,0,0,0,0,0,106,254,145,0,0,0,0,0,0,0,0,0,0,0,0,0,0,0,0,75,218,191,5,0,0,0,0,0,0,0,0,0,0,0,0,0,0,0,31,223,219,28,0,0,0,0,0,0,0,0,0,0,0,0,0,0,0,6,196,248,90,0,0,0,0,0,0,0,0,0,0,0,0,0,0,0,0,190,254,129,0,0,0,0,0,0,0,0,0,0,7
0,0,0,0,0,0,0,0,0,0,0,0,0,0,0,0,0,0,0,0,0,0,0,0,0,0,0,0,0,0,0,0,0,0,0,0,0,0,0,0,0,0,0,0,0,0,0,0,0,0,0,0,0,0,0,0,0,0,0,0,0,0,0,0,0,0,0,0,5,98,164,255,194,151,24,1,0,0,0,0,0,0,0,0,0,0,30,136,219,253,253,253,253,253,253,97,0,0,0,0,0,0,0,0,0,92,216,253,253,253,253,253,253,253,253,210,14,0,0,0,0,0,0,0,19,215,253,253,253,247,195,105,144,237,253,253,24,0,0,0,0,0,0,4,120,253,253,247,134,75,0,0,10,168,253,253,39,0,0,0,0,0,0,25,253,253,207,75,0,0,0,0,160,253,253,253,148,0,0,0,0,0,0,47,253,229,30,0,0,33,23,84,213,253,253,236,62,0,0,0,0,0,0,149,253,242,174,114,114,232,181,187,152,245,253,129,0,0,0,0,0,0,0,117,232,253,253,253,253,253,253,200,15,211,253,58,0,0,0,0,0,0,0,0,57,231,253,253,253,253,206,75,20,221,253,154,0,0,0,0,0,0,0,0,0,39,83,185,185,94,15,0,115,253,253,60,0,0,0,0,0,0,0,0,0,0,0,0,0,0,0,0,205,253,180,7,0,0,0,0,0,0,0,0,0,0,0,0,0,0,0,24,220,253,121,0,0,0,0,0,0,0,0,0,0,0,0,0,0,0,0,178,253,253,37,0,0,0,0,0,0,0,0,0,0,0,0,0,0,0,26,219,253,221,23,0,0,0,0,0,0,0,0,0,0,0,0,0,0,0,69,253,253,118,0,0,0,0,0,0,0,0,0,0,0,0,0,0,0,0,69,253,214,22,0,0,0,0,0,0,9
0,0,0,0,0,0,0,0,0,0,0,0,0,0,0,0,0,0,0,0,0,0,0,0,0,0,0,0,0,0,0,0,0,0,0,0,0,0,0,0,0,0,0,0,0,0,0,0,0,0,0,0,170,253,253,253,253,213,0,0,0,0,0,0,0,0,0,0,0,132,107,241,251,252,252,252,252,212,0,0,0,0,0,0,0,0,70,115,226,241,252,253,252,252,252,252,252,248,83,0,0,0,0,0,26,186,242,252,252,252,252,215,172,201,252,252,252,252,93,0,0,0,0,25,196,252,252,206,185,178,53,28,0,69,242,252,202,199,20,0,0,0,0,192,252,238,101,21,0,0,0,0,0,0,213,252,66,35,0,0,0,0,0,226,252,196,11,0,0,0,0,0,0,65,240,241,56,0,0,0,0,0,0,132,248,252,155,23,0,0,0,0,12,180,252,171,0,0,0,0,0,0,0,0,131,249,252,235,132,6,0,7,185,252,248,50,0,0,0,0,0,0,0,0,0,95,217,252,252,183,63,190,252,252,102,0,0,0,0,0,0,0,0,0,0,0,0,111,253,253,253,255,202,85,0,0,0,0,0,0,0,0,0,0,0,0,0,2,38,252,252,253,145,0,0,0,0,0,0,0,0,0,0,0,0,0,0,15,180,252,252,253,241,142,0,0,0,0,0,0,0,0,0,0,0,0,0,83,252,205,102,173,248,237,33,0,0,0,0,0,0,0,0,0,0,0,148,236,245,78,0,0,134,252,75,0,0,0,0,0,0,0,0,0,0,15,200,243,108,0,0,0,107,252,172,0,0,0,0,0,0,0,0,0,0,88,252,212,0,0,0,0,128,252,151,0,0,0,0,0,0,0,0,0,0,116,252,141,0,0,15,161,247,252,39,0,0,0,0,0,8
0,0,0,0,0,0,0,0,0,0,5,7,7,52,130,243,255,255,6,0,0,0,0,0,0,0,0,0,4,107,228,253,253,253,253,253,253,253,5,0,0,0,0,0,0,0,0,32,170,253,253,253,253,253,253,253,253,253,15,0,0,0,0,0,0,0,0,56,253,253,253,253,253,244,180,105,231,253,129,0,0,0,0,0,0,0,0,22,189,222,222,222,120,63,0,0,112,253,205,0,0,0,0,0,0,0,0,0,0,0,0,0,0,0,0,0,112,253,253,0,0,0,0,0,0,0,0,0,0,0,0,0,0,0,0,0,133,253,232,0,0,0,0,0,0,0,0,0,0,0,0,0,0,0,0,21,239,253,129,0,0,0,0,0,0,0,0,0,0,0,0,0,0,0,0,133,253,253,41,0,0,0,0,0,0,0,0,0,0,0,0,0,0,0,0,230,253,253,5,0,0,0,0,9,69,69,69,156,192,192,192,153,69,44,110,248,253,221,4,0,47,199,199,205,253,253,253,253,253,253,253,253,253,233,247,253,220,35,0,0,231,253,253,204,172,172,88,49,49,49,146,238,253,253,253,253,103,0,0,0,253,247,154,17,0,0,0,0,0,67,124,245,253,253,253,253,61,0,0,0,253,189,0,0,14,94,94,121,217,245,253,253,253,253,253,253,141,0,0,0,253,236,223,223,228,253,253,253,253,253,253,173,51,113,253,253,141,0,0,0,253,253,253,253,253,183,148,148,148,115,24,5,0,94,253,253,141,0,0,0,18,18,18,18,18,6,0,0,0,0,0,0,0,209,253,253,141,0,0,0,0,0,0,0,0,0,0,0,0,0,0,0,84,252,253,204,15,0,0,0,0,0,0,0,0,0,0,0,0,0,0,0,45,236,253,27,0,0,0,0,2
0,0,0,0,0,0,0,0,0,0,0,0,0,0,0,0,0,0,0,0,0,0,0,0,0,0,26,41,141,178,153,204,178,104,4,0,0,0,0,0,0,0,0,0,63,169,243,253,252,252,252,253,252,252,128,0,0,0,0,0,0,0,0,0,131,252,214,168,168,168,168,168,224,252,252,38,0,0,0,0,0,0,0,0,7,28,15,0,0,0,0,0,69,252,252,113,0,0,0,0,0,0,0,0,0,0,0,0,0,0,0,0,57,253,253,0,0,0,0,0,0,0,0,0,0,0,0,0,0,0,0,7,150,252,227,0,0,0,0,0,0,0,0,0,0,0,0,0,0,0,0,117,252,252,52,0,0,0,0,0,0,0,0,0,0,0,0,0,0,0,51,241,252,127,3,0,0,0,0,0,0,0,0,0,0,0,226,179,29,66,241,255,222,25,0,0,0,0,0,0,0,0,0,0,0,0,225,253,252,252,252,253,208,13,0,0,0,0,0,0,0,0,0,0,0,0,187,253,252,252,252,253,252,143,0,0,0,0,0,0,0,0,0,0,0,0,13,91,190,103,28,203,252,243,25,0,0,0,0,0,0,0,0,0,0,0,0,0,0,0,0,92,253,253,28,0,0,0,0,0,0,0,0,0,0,0,0,0,0,0,0,141,252,252,28,0,0,0,0,0,0,0,0,0,0,0,0,0,0,0,0,178,252,224,19,0,0,0,0,0,0,0,0,0,0,0,0,0,0,0,201,253,227,43,0,0,0,0,0,0,0,0,13,141,116,19,0,0,45,178,253,251,125,0,0,0,0,0,0,0,0,0,38,228,252,224,119,120,225,252,252,125,0,0,0,0,0,0,0,0,0,0,0,94,187,252,252,253,252,224,68,0,0,0,0,0,0,0,0,0,3
0,0,0,0,0,0,0,5,108,138,243,244,118,7,0,0,0,0,0,0,0,0,0,0,0,0,36,178,252,252,252,253,252,90,0,0,0,0,0,0,0,0,0,0,0,32,222,252,252,252,252,253,252,234,184,48,0,0,0,0,0,0,0,0,34,218,253,252,227,160,160,169,252,252,252,232,145,34,0,0,0,0,0,0,197,252,253,231,48,0,0,3,43,221,252,252,253,196,0,0,0,0,0,81,253,253,242,42,0,0,0,0,0,32,116,241,255,253,137,5,0,0,30,228,252,252,135,0,0,0,0,0,0,0,0,135,253,252,252,45,0,0,47,252,252,168,0,0,0,0,0,0,0,0,0,0,222,252,252,77,0,0,140,252,252,137,0,0,0,0,0,0,0,0,0,0,97,252,252,236,0,11,203,252,252,32,0,0,0,0,0,0,0,0,0,0,24,252,252,252,0,139,253,253,161,0,0,0,0,0,0,0,0,0,0,0,24,253,253,253,0,138,252,252,160,0,0,0,0,0,0,0,0,0,0,0,24,252,252,252,0,138,252,252,160,0,0,0,0,0,0,0,0,0,0,0,24,252,252,252,0,138,252,252,236,19,0,0,0,0,0,0,0,0,0,0,118,252,252,252,0,138,252,252,252,75,0,0,0,0,0,0,0,0,0,0,243,252,252,116,0,64,193,253,253,201,22,0,0,0,0,0,0,7,66,243,255,249,199,21,0,0,38,240,252,252,245,161,78,47,47,47,120,186,252,252,253,185,0,0,0,0,0,82,208,252,253,252,252,252,252,253,252,252,252,252,205,25,0,0,0,0,0,0,17,98,211,252,252,252,252,253,252,227,160,56,21,0,0,0,0,0,0,0,0,0,13,43,137,137,189,137,64,16,0,0,0,0,0,0,0
0,0,0,0,0,0,0,0,0,0,0,0,0,0,0,0,0,0,0,0,0,0,0,0,0,0,0,0,0,0,0,0,0,0,7,56,32,123,254,113,0,0,0,0,4,61,60,60,61,61,60,60,61,184,212,232,222,253,253,253,0,0,0,0,113,253,253,253,253,253,253,253,254,253,253,253,253,253,253,253,0,0,0,0,164,253,253,253,253,253,253,253,254,253,253,253,217,133,133,133,0,0,0,0,164,253,253,253,253,253,253,209,179,178,178,178,126,0,0,0,0,0,0,8,175,253,253,249,143,74,74,31,0,0,0,0,0,0,0,0,0,0,0,29,206,253,253,223,0,0,0,0,0,0,0,0,0,0,0,0,0,0,0,0,164,253,253,134,0,0,0,0,0,0,0,0,0,0,0,0,0,0,0,0,164,253,253,246,194,53,38,0,0,0,0,0,0,0,0,0,0,0,0,0,68,174,253,253,253,253,235,62,0,0,0,0,0,0,0,0,0,0,0,0,0,0,133,162,254,255,254,254,194,19,0,0,0,0,0,0,0,0,0,0,0,0,0,6,44,185,239,253,254,181,57,0,0,0,0,0,0,0,0,0,0,0,0,0,0,0,69,186,254,253,239,8,0,0,0,0,0,0,0,0,0,0,0,0,0,0,22,198,254,253,253,133,0,0,0,0,0,0,0,0,0,0,0,0,0,72,195,253,254,253,249,95,0,0,0,0,0,0,0,0,18,0,27,48,179,249,253,253,255,253,220,0,0,0,0,0,0,0,0,112,205,134,240,253,253,253,253,253,254,221,42,0,0,0,0,0,0,0,0,210,253,253,253,253,253,253,253,253,164,37,0,0,0,0,0,0,0,0,0,183,253,253,253,253,253,237,208,120,0,0,0,0,0,0,0,0,5
0,0,0,0,0,0,0,0,0,0,0,0,0,0,0,0,0,0,0,0,0,0,0,0,0,0,0,0,0,0,0,0,0,0,0,0,0,0,0,0,0,0,0,0,0,0,0,0,0,0,0,0,0,0,0,0,0,0,0,0,0,0,0,0,255,253,253,253,253,255,253,253,253,124,53,0,0,0,0,0,0,0,0,105,253,251,251,251,251,253,251,251,251,251,180,0,0,0,0,0,0,58,217,241,242,215,215,215,86,35,35,221,251,251,180,0,0,0,0,0,0,217,251,251,103,0,0,0,0,0,0,217,251,251,180,0,0,0,0,0,0,217,251,251,0,0,0,0,0,0,0,217,251,251,180,0,0,0,0,0,145,253,253,253,0,0,0,0,0,0,42,228,253,253,182,0,0,0,0,0,62,231,251,251,105,0,0,0,0,42,206,251,251,251,180,0,0,0,0,0,0,190,251,251,243,217,217,217,217,228,251,251,251,251,180,0,0,0,0,0,0,21,142,220,253,251,251,251,251,253,251,251,251,251,212,47,0,0,0,0,0,0,0,51,124,251,251,251,251,201,71,97,251,251,253,107,0,0,0,0,0,0,0,0,0,0,156,103,0,0,0,27,212,253,255,149,10,0,0,0,0,0,0,0,0,0,0,0,0,0,0,0,109,251,253,251,35,0,0,0,0,0,0,0,0,0,0,0,0,0,0,0,109,251,253,251,35,0,0,0,0,0,0,0,0,0,0,0,0,0,0,0,109,251,253,251,35,0,0,0,0,0,0,0,0,0,0,0,0,0,0,0,109,251,253,251,35,0,0,0,0,0,0,0,0,0,0,0,0,0,0,0,0,182,255,253,35,0,0,0,0,0,0,0,0,0,0,0,0,0,0,0,63,221,253,251,138,0,0,0,9
0,0,0,0,0,0,0,0,0,0,0,0,0,0,0,0,0,0,0,0,0,0,0,0,0,0,0,0,0,0,0,0,0,0,0,0,0,0,129,203,0,0,0,0,0,0,0,0,0,0,57,57,57,57,57,19,0,0,54,240,0,0,0,0,0,0,0,45,197,197,253,252,252,252,253,190,85,10,141,215,0,0,0,0,0,0,176,231,252,202,128,28,28,28,28,53,177,228,241,202,0,0,0,0,0,114,255,184,0,0,0,0,0,0,0,0,0,226,254,184,0,0,0,0,0,188,159,28,0,0,0,0,0,0,0,38,169,243,159,28,0,0,0,0,0,225,113,0,0,0,0,0,0,0,60,209,252,214,25,0,0,0,0,0,0,225,113,0,0,0,0,0,0,101,241,227,139,28,0,0,0,0,0,0,0,101,239,38,0,0,16,54,178,253,239,200,25,0,0,0,0,0,0,0,0,0,244,82,19,57,216,252,233,196,38,0,0,0,0,0,0,0,0,0,0,0,203,240,215,252,244,142,37,0,0,0,0,0,0,0,0,0,0,0,0,101,253,252,252,202,75,0,0,0,0,0,0,0,0,0,0,0,0,45,178,253,239,231,253,78,0,0,0,0,0,0,0,0,0,0,0,0,19,225,252,151,38,57,252,28,0,0,0,0,0,0,0,0,0,0,0,0,29,252,252,28,0,38,234,116,0,0,0,0,0,0,0,0,0,0,0,0,4,178,252,128,0,0,22,216,51,0,0,0,0,0,0,0,0,0,0,0,0,157,253,103,0,0,185,241,0,0,0,0,0,0,0,0,0,0,0,0,0,44,240,252,76,0,110,139,0,0,0,0,0,0,0,0,0,0,0,0,0,0,81,205,223,197,240,139,0,0,0,0,0,0,0,0,0,0,8
0,0,0,0,0,0,0,0,0,0,0,0,0,0,0,0,0,0,0,0,0,0,0,0,0,0,0,0,0,0,0,0,0,177,255,91,0,0,0,0,0,0,0,0,0,0,0,0,0,0,0,0,25,212,253,91,0,0,0,0,0,0,0,0,0,0,0,0,0,0,0,0,110,253,253,229,43,0,0,0,0,0,0,0,0,0,0,0,0,0,0,25,212,253,253,253,97,0,0,0,0,0,0,0,0,0,0,0,0,0,0,110,253,253,253,173,10,0,0,0,0,0,0,0,0,0,0,0,0,0,58,245,253,253,253,91,0,0,0,0,0,0,0,0,0,0,0,0,0,0,110,253,253,253,220,14,0,0,0,0,0,0,0,0,0,0,0,0,0,23,213,253,253,239,81,0,0,0,0,0,0,0,0,0,0,0,0,0,0,176,253,253,253,170,0,0,0,0,0,0,0,0,0,0,0,0,0,0,61,242,253,253,240,58,0,0,0,0,0,0,0,0,0,0,0,0,0,0,176,253,253,253,104,0,0,0,0,0,0,0,0,0,0,0,0,0,0,62,241,253,253,241,57,0,0,0,0,0,0,0,0,0,0,0,0,0,0,109,253,253,241,93,0,0,0,0,0,0,0,0,0,0,0,0,0,0,15,221,253,253,188,0,0,0,0,0,0,0,0,0,0,0,0,0,0,0,175,253,253,253,171,0,0,0,0,0,0,0,0,0,0,0,0,0,0,0,222,253,253,195,22,0,0,0,0,0,0,0,0,0,0,0,0,0,0,59,240,253,253,51,0,0,0,0,0,0,0,0,0,0,0,0,0,0,0,165,253,253,209,23,0,0,0,0,0,0,0,0,0,0,0,0,0,0,0,96,252,251,104,0,0,0,0,0,0,0,0,0,0,0,1
0,0,0,0,0,0,0,0,0,0,0,0,0,0,0,0,0,0,0,0,0,0,0,0,0,0,0,0,0,0,0,0,0,0,0,0,0,0,0,0,0,0,0,0,0,0,23,167,172,172,172,172,53,0,0,0,0,0,0,0,0,0,0,0,0,26,204,254,254,254,254,254,230,83,35,0,0,0,0,0,0,0,0,0,26,203,254,254,254,254,254,254,254,254,231,128,0,0,0,0,0,0,0,23,204,254,254,152,81,29,29,121,147,195,254,251,204,80,0,0,0,0,21,208,254,252,94,1,0,0,0,0,0,5,17,199,252,252,149,20,0,2,164,254,254,154,0,0,0,0,0,0,0,0,0,0,101,254,254,163,0,94,254,254,190,18,0,0,0,0,0,0,0,0,0,0,18,191,254,254,0,137,254,254,65,0,0,0,0,0,0,0,0,0,0,0,0,20,218,254,0,137,254,254,65,0,0,0,0,0,0,0,0,0,0,0,0,0,111,254,0,237,254,254,65,0,0,0,0,0,0,0,0,0,0,0,0,0,84,254,0,147,254,254,65,0,0,0,0,0,0,0,0,0,0,0,0,0,191,254,0,131,254,254,162,30,0,0,0,0,0,0,0,0,0,7,35,217,254,250,0,8,182,254,254,217,99,30,28,0,7,30,30,30,146,210,254,254,231,81,0,0,13,168,242,254,254,254,246,166,187,254,254,254,254,254,223,176,19,0,0,0,0,0,53,167,247,254,254,254,254,254,254,225,183,71,25,0,0,0,0,0,0,0,0,0,47,53,53,53,53,53,53,30,0,0,0,0,0,0,0,0,0,0,0,0,0,0,0,0,0,0,0,0,0,0,0,0,0,0,0,0,0,0,0,0,0,0,0,0,0,0,0,0,0,0,0,0,0,0,0
0,0,0,0,0,0,0,0,0,0,0,0,0,0,0,0,0,0,0,0,0,0,0,0,0,0,0,0,0,0,0,0,0,0,0,0,0,0,0,0,0,0,0,0,0,0,0,0,0,0,0,0,0,0,0,0,0,0,0,0,0,0,0,0,0,11,134,255,254,254,184,111,1,0,0,0,0,0,0,0,0,0,0,0,0,138,253,207,162,162,204,252,148,0,0,0,0,0,0,0,0,0,0,0,15,236,220,0,0,0,0,97,200,65,0,0,0,0,0,0,0,0,0,0,21,254,141,0,0,0,0,97,245,195,0,0,0,0,0,0,0,0,0,0,21,254,175,0,0,0,0,133,254,238,25,0,0,0,0,0,0,0,0,0,19,248,224,0,0,0,0,71,254,254,100,0,0,0,0,0,0,0,0,0,0,182,228,26,5,30,45,140,254,208,6,0,0,0,0,0,0,0,0,0,0,40,246,247,208,254,248,204,162,222,23,0,0,0,0,0,0,0,0,0,0,0,76,132,132,92,41,0,55,254,93,0,0,0,0,0,0,0,0,0,0,0,0,0,0,0,0,0,55,254,177,0,0,0,0,0,0,0,0,0,0,0,0,0,0,0,0,0,70,254,108,0,0,0,0,0,0,0,0,0,0,0,0,0,0,0,0,0,154,254,92,0,0,0,0,0,0,0,0,0,0,0,0,0,0,0,0,0,221,254,25,0,0,0,0,0,0,0,0,0,0,0,0,0,0,0,0,29,239,202,3,0,0,0,0,0,0,0,0,0,0,0,0,0,0,0,0,51,254,175,0,0,0,0,0,0,0,0,0,0,0,0,0,0,0,0,0,100,254,91,0,0,0,0,0,0,0,0,0,0,0,0,0,0,0,0,0,133,254,52,0,0,0,0,0,0,9
0,0,0,0,0,182,230,151,88,10,0,0,0,0,0,0,0,0,0,0,0,0,0,0,0,186,254,254,254,209,81,0,0,0,0,0,0,0,0,0,0,0,0,0,0,5,78,202,254,254,253,245,87,0,0,0,0,0,0,0,0,0,0,0,0,0,0,2,148,254,88,234,246,130,0,0,0,0,0,0,0,0,0,0,0,0,0,0,5,20,1,16,230,248,77,0,0,0,0,0,0,0,0,0,0,0,0,0,0,0,0,0,135,254,129,0,0,0,0,0,0,0,0,0,0,0,0,0,0,0,0,0,142,254,124,0,0,0,0,0,0,0,0,0,0,0,0,0,0,0,0,84,249,203,9,0,0,0,0,0,0,0,0,0,0,0,0,0,0,3,167,245,239,58,0,0,0,0,0,0,0,0,0,0,0,0,0,0,54,195,254,178,46,0,0,0,0,0,0,0,0,0,0,0,0,0,0,0,156,254,254,103,0,0,0,0,0,0,0,0,0,0,0,0,0,0,0,0,67,109,211,243,195,59,0,0,0,0,0,0,0,0,0,0,0,0,0,0,0,0,0,84,213,236,20,0,0,0,0,0,0,0,0,0,0,0,0,0,0,0,0,0,124,254,136,0,0,0,0,0,0,0,0,0,0,0,0,0,0,0,0,0,32,254,234,0,0,0,0,0,0,0,0,0,0,0,0,0,0,0,0,0,40,254,225,0,0,0,0,0,0,0,0,0,0,0,0,0,0,0,0,0,163,254,102,0,0,0,0,0,0,0,4,11,11,2,0,0,3,11,71,194,251,180,4,0,0,0,0,0,0,0,31,152,255,173,161,161,181,254,254,234,130,0,0,0,0,0,0,0,0,0,0,5,76,156,254,254,254,254,195,56,0,0,0,0,0,0,0,0,3
0,0,0,0,0,0,0,0,0,0,0,11,213,254,131,0,0,0,0,0,0,0,0,0,0,0,0,0,0,0,0,173,252,213,10,0,0,0,0,0,0,0,0,0,0,0,0,0,0,0,82,254,192,41,0,0,0,0,0,0,0,0,0,0,0,0,0,0,0,21,223,233,91,0,0,0,0,0,0,0,0,0,0,0,0,0,0,0,0,214,253,142,0,0,0,0,0,0,0,0,0,0,0,0,0,0,0,0,123,253,252,61,0,0,0,0,0,0,0,0,0,0,0,0,0,0,0,31,233,244,81,0,0,0,0,0,0,0,0,0,0,0,0,0,0,0,0,173,252,122,0,0,0,0,0,0,0,0,0,0,0,0,0,0,0,0,102,254,253,82,0,0,0,0,0,0,0,0,0,0,0,0,0,0,0,0,102,253,252,0,0,0,123,203,162,0,0,0,0,0,0,0,0,0,0,0,203,254,192,0,41,214,253,254,253,163,0,0,0,0,0,0,0,0,0,0,203,253,111,123,243,253,252,253,252,243,40,0,0,0,0,0,0,0,0,31,233,254,253,254,253,203,81,113,253,244,40,0,0,0,0,0,0,0,0,51,252,253,252,253,130,0,82,233,252,122,0,0,0,0,0,0,0,0,0,52,253,255,253,41,41,173,213,255,172,0,0,0,0,0,0,0,0,0,0,10,212,253,252,123,243,253,252,213,10,0,0,0,0,0,0,0,0,0,0,0,142,255,253,255,253,255,172,41,0,0,0,0,0,0,0,0,0,0,0,0,20,172,252,233,151,91,10,0,0,0,0,0,0,0,0,0,0,0,0,0,0,0,0,0,0,0,0,0,0,0,0,0,0,0,0,0,0,0,0,0,0,0,0,0,0,0,0,0,0,0,0,0,0,0,6
0,0,0,0,0,0,0,0,0,0,13,188,253,253,253,222,63,0,0,0,0,0,0,0,0,0,0,0,0,61,186,253,253,253,253,254,173,0,0,0,0,0,0,0,0,0,0,0,37,248,254,253,225,182,253,254,135,0,0,0,0,0,0,0,0,0,0,0,77,253,254,162,18,24,193,254,173,0,0,0,0,0,0,0,0,0,0,0,62,254,196,68,0,10,134,255,189,0,0,0,0,0,0,0,0,0,0,0,21,39,0,0,0,85,253,226,21,0,0,0,0,0,0,0,0,0,0,0,0,0,0,0,0,136,253,213,12,0,0,0,0,0,0,0,0,0,0,0,0,0,0,0,58,237,253,184,3,0,0,0,0,0,0,0,0,0,0,0,0,0,0,8,205,253,215,23,0,0,0,0,0,0,0,0,0,0,0,0,55,59,59,149,254,254,155,0,0,0,0,0,0,0,0,0,0,13,65,147,250,253,254,253,253,253,118,0,0,0,0,0,0,0,0,0,0,186,253,253,253,253,254,253,253,253,155,0,0,0,0,0,0,0,0,0,128,254,253,253,237,253,254,253,253,253,245,31,0,0,0,0,0,0,0,0,173,254,253,154,178,253,254,207,155,208,253,195,0,0,0,0,0,0,0,137,254,255,216,254,254,254,135,15,0,175,254,158,0,0,0,0,0,0,0,136,253,254,253,253,253,162,0,0,0,129,253,199,3,0,0,0,0,0,0,136,253,254,253,253,240,40,0,0,0,40,253,254,39,0,0,0,0,0,0,212,253,254,234,116,16,0,0,0,0,220,253,184,3,0,0,0,0,0,0,100,253,133,31,0,0,0,0,0,0,196,253,60,0,0,0,0,0,0,0,0,0,0,0,0,0,0,0,0,0,0,0,0,0,0,0,0,2
0,0,0,0,0,0,0,0,0,0,0,0,0,0,0,0,0,0,0,0,0,0,0,0,0,0,0,0,0,0,0,0,0,0,0,0,4,134,255,99,0,0,0,0,0,0,0,0,15,154,127,9,0,0,0,0,48,253,253,153,0,0,0,0,0,0,0,2,128,253,241,46,0,0,0,21,187,253,236,166,0,0,0,0,0,0,0,40,253,253,106,0,0,0,0,63,253,253,83,56,0,0,0,0,0,0,0,166,253,253,76,0,0,0,10,234,253,200,10,0,0,0,0,0,0,0,144,252,253,167,9,0,0,0,118,253,253,84,0,0,0,0,0,0,0,3,226,253,172,4,0,0,0,59,246,253,205,3,0,0,0,0,0,0,7,159,253,239,49,0,0,0,0,231,253,237,39,0,0,0,0,0,0,0,72,253,253,129,0,0,0,0,80,245,253,149,0,11,28,0,0,0,0,13,169,253,253,103,115,60,60,96,241,253,253,209,177,197,228,52,0,0,0,90,253,253,253,253,253,253,253,253,253,253,253,253,253,253,228,52,0,0,58,202,253,253,253,253,253,253,253,253,253,211,158,145,41,41,28,0,0,17,244,253,253,253,253,198,141,159,253,253,253,34,0,0,0,0,0,0,0,1,77,211,253,253,89,3,7,107,253,253,155,1,0,0,0,0,0,0,0,0,0,158,253,253,55,143,207,253,253,208,17,0,0,0,0,0,0,0,0,0,0,44,241,253,253,253,253,253,242,89,0,0,0,0,0,0,0,0,0,0,0,0,86,188,246,253,253,243,90,0,0,0,0,0,0,0,0,0,0,0,0,0,0,0,47,151,246,142,0,0,0,0,0,0,0,0,0,0,0,0,0,0,0,0,0,171,182,0,0,0,0,0,0,0,0,0,0,0,4
0,0,0,0,0,0,0,0,0,0,0,0,0,0,0,0,0,0,0,0,0,0,0,0,0,0,0,0,0,0,0,0,0,0,0,0,0,0,0,0,0,0,0,0,0,0,0,0,0,0,0,0,0,0,0,0,0,0,0,0,0,35,123,172,145,106,91,91,91,91,91,35,0,0,0,0,0,0,0,0,0,225,253,253,253,253,253,253,253,253,253,249,34,0,0,0,0,0,0,0,0,76,238,253,253,253,253,253,253,253,253,254,189,0,0,0,0,0,0,0,0,0,22,118,138,138,138,191,186,230,253,254,249,51,0,0,0,0,0,0,0,0,0,0,0,0,0,0,0,15,247,254,253,65,0,0,0,0,0,0,0,0,0,0,0,0,0,0,0,0,245,254,253,133,0,0,0,43,37,0,0,0,0,0,0,0,0,0,0,0,174,254,253,170,58,124,208,249,245,221,0,0,0,0,0,0,0,0,0,0,163,254,253,253,253,253,253,253,253,253,0,0,0,0,0,0,0,0,20,74,216,254,253,253,253,253,191,153,158,72,0,0,0,0,0,14,125,235,247,253,253,254,253,253,179,50,2,0,0,0,0,0,0,0,22,236,254,254,254,254,254,255,254,173,0,0,0,0,0,0,0,0,0,0,0,99,223,242,189,131,216,254,253,141,0,0,0,0,0,0,0,0,0,0,0,0,0,21,0,0,163,254,253,65,0,0,0,0,0,0,0,0,0,0,0,0,0,0,0,0,163,254,253,65,0,0,0,0,0,0,0,0,0,0,0,0,0,0,0,0,163,254,253,65,0,0,0,0,0,0,0,0,0,0,0,0,0,0,0,0,163,254,250,53,0,0,0,0,0,0,0,0,0,0,0,0,0,0,0,0,235,254,236,0,0,0,0,0,0,0,7
0,0,0,0,0,0,0,0,0,0,0,0,0,0,0,0,0,0,0,0,0,0,0,0,0,0,0,0,0,0,0,0,0,102,107,219,240,240,219,191,0,0,0,0,0,0,0,0,0,0,0,0,94,244,252,252,252,252,252,252,0,0,0,0,0,0,0,0,0,9,81,81,253,252,252,252,252,252,252,252,0,0,0,0,0,0,0,0,32,205,252,252,253,252,192,73,53,53,53,53,0,0,0,0,0,0,0,68,197,252,252,252,199,72,7,0,0,0,0,0,0,0,0,0,0,13,41,197,252,252,229,212,0,0,0,0,0,0,0,0,0,0,0,0,10,99,252,252,248,225,95,0,0,0,0,0,0,0,0,0,0,0,0,0,101,252,252,252,205,0,0,0,0,0,0,0,0,0,0,0,0,0,0,0,226,252,252,153,59,133,133,133,71,0,0,0,0,0,0,0,0,0,0,0,228,253,253,253,253,253,253,253,255,197,76,0,0,0,0,0,0,0,0,0,226,252,252,252,252,252,252,252,253,252,247,37,0,0,0,0,0,0,0,0,73,158,158,158,158,158,158,158,253,252,252,39,0,0,0,0,0,0,0,0,0,0,0,0,0,0,0,0,253,252,252,39,0,0,0,0,0,0,0,0,0,0,0,0,0,8,74,200,253,252,227,29,0,0,0,0,0,0,0,51,54,37,15,54,54,75,252,252,253,201,126,0,0,0,0,0,0,0,83,248,252,227,194,252,252,252,252,252,253,83,0,0,0,0,0,0,0,0,178,236,252,252,252,252,252,252,252,167,93,5,0,0,0,0,0,0,0,0,0,102,238,238,238,238,238,224,106,50,0,0,0,0,0,0,0,0,0,0,0,0,0,0,0,0,0,0,0,0,0,0,0,0,0,0,0,0,5
0,0,0,0,0,0,0,91,253,106,49,0,0,0,0,0,0,0,0,0,0,0,0,0,0,0,0,199,145,85,248,53,0,0,0,0,0,0,0,0,0,0,0,0,0,0,0,141,57,4,177,177,0,0,0,0,0,0,0,0,0,0,0,0,0,0,0,130,91,0,154,206,0,0,0,0,0,0,0,0,0,0,0,0,0,0,0,130,144,0,156,206,0,0,0,0,0,0,0,0,0,0,0,0,0,0,0,90,185,0,141,165,0,0,0,0,0,0,0,0,0,0,0,0,0,0,0,31,231,42,231,84,0,0,0,0,0,0,0,0,0,0,0,0,0,0,0,0,169,213,254,21,0,0,0,0,0,0,0,0,0,0,0,0,0,0,0,0,49,254,187,0,0,0,0,0,0,0,0,0,0,0,0,0,0,0,0,0,42,254,153,0,0,0,0,0,0,0,0,0,0,0,0,0,0,0,0,0,42,255,254,64,0,0,0,0,0,0,0,0,0,0,0,0,0,0,0,0,42,254,194,225,21,0,0,0,0,0,0,0,0,0,0,0,0,0,0,0,42,248,34,94,180,0,0,0,0,0,0,0,0,0,0,0,0,0,0,0,42,200,0,0,194,65,0,0,0,0,0,0,0,0,0,0,0,0,0,0,3,204,0,0,24,224,9,0,0,0,0,0,0,0,0,0,0,0,0,0,0,207,3,0,0,213,122,0,0,0,0,0,0,0,0,0,0,0,0,0,0,227,48,0,0,213,130,0,0,0,0,0,0,0,0,0,0,0,0,0,0,227,108,0,5,220,64,0,0,0,0,0,0,0,0,0,0,0,0,0,0,178,228,21,158,242,7,0,0,0,0,0,0,0,0,0,0,0,0,0,0,28,222,254,246,75,0,0,0,0,0,0,8
0,0,0,0,0,0,0,0,0,0,0,0,0,0,0,0,0,0,0,0,0,0,0,0,0,0,0,0,40,112,235,238,194,138,14,0,0,0,0,0,0,0,0,0,0,27,95,120,245,254,254,216,254,254,111,0,0,0,0,0,0,0,0,0,0,89,255,254,222,93,10,6,95,254,176,0,0,0,0,0,0,0,0,0,0,177,249,103,11,0,0,0,89,254,100,0,0,0,0,0,0,0,0,0,0,117,214,0,0,0,0,22,216,251,65,0,0,0,0,0,0,0,0,0,0,0,0,0,0,0,0,144,254,121,0,0,0,0,0,0,0,0,0,0,0,0,0,0,0,32,160,254,249,14,0,0,0,0,0,0,0,0,0,0,0,0,0,16,108,221,254,254,224,36,0,0,0,0,0,0,0,0,0,0,0,2,104,224,254,251,166,163,254,220,32,0,0,0,0,0,0,0,0,0,0,95,254,254,208,38,0,34,242,254,73,0,0,0,0,0,0,0,0,0,21,239,201,52,9,0,0,18,218,254,73,0,0,0,0,0,0,0,0,0,1,5,3,0,0,0,0,0,193,254,73,0,0,0,0,0,0,0,0,0,0,0,0,0,0,0,0,32,240,254,73,0,0,0,0,0,0,0,0,0,0,0,0,0,0,0,0,55,254,212,5,0,0,0,0,0,0,0,0,0,0,0,0,0,0,0,0,178,254,88,0,0,0,0,0,0,0,0,0,0,0,0,18,0,0,0,49,252,254,15,0,0,0,0,0,0,0,0,0,0,0,50,229,0,0,14,140,254,167,5,0,0,0,0,0,0,0,0,0,0,0,163,239,11,56,186,254,214,9,0,0,0,0,0,0,0,0,0,0,0,0,112,254,254,254,254,168,40,0,0,0,0,0,0,0,0,3
0,0,0,0,0,0,0,0,0,0,0,0,0,0,0,0,0,0,0,0,0,0,0,0,0,0,0,0,0,51,152,92,51,51,51,51,51,51,31,0,0,0,0,0,0,0,0,0,41,233,252,253,252,253,252,253,252,253,232,142,0,0,0,0,0,0,0,51,193,254,253,254,253,254,253,254,253,255,253,255,0,0,0,0,0,0,41,233,252,253,252,50,50,50,91,151,151,151,151,151,0,0,0,0,0,0,203,254,233,123,0,0,0,0,0,0,0,0,0,0,0,0,0,0,0,0,203,253,151,0,0,0,0,0,0,0,0,0,0,0,0,0,0,0,0,0,203,254,253,193,152,21,0,0,0,0,0,0,0,0,0,0,0,0,0,0,40,213,252,253,252,223,81,0,0,0,0,0,0,0,0,0,0,0,0,0,0,62,102,214,253,254,253,123,0,0,0,0,0,0,0,0,0,0,0,0,0,0,0,10,91,253,252,223,20,0,0,0,0,0,0,0,0,0,0,0,0,0,0,0,0,132,253,254,112,0,0,0,0,0,0,0,0,0,0,0,0,0,0,0,0,10,212,253,151,0,0,0,0,0,0,0,0,0,0,0,0,0,0,0,0,0,203,254,151,0,0,0,0,0,0,21,102,102,61,0,0,0,0,0,0,21,223,253,151,0,0,0,0,0,0,173,253,244,81,0,0,0,0,0,0,132,253,254,91,0,0,0,0,0,0,172,252,243,122,0,0,0,0,21,183,253,252,233,30,0,0,0,0,0,0,82,243,255,253,255,172,153,152,254,253,254,172,0,0,0,0,0,0,0,0,0,81,253,252,253,252,253,252,253,252,151,30,0,0,0,0,0,0,0,0,0,0,21,102,102,183,254,253,203,81,0,0,0,0,0,0,0,0,0,5
0,0,0,0,0,0,0,0,0,0,0,0,0,0,0,0,0,0,0,0,0,0,0,0,0,0,0,0,0,0,0,0,0,0,0,0,0,0,0,0,0,0,0,0,0,0,0,9,56,56,97,155,195,183,206,226,149,36,0,0,0,0,3,58,111,201,210,217,254,254,254,252,244,244,244,244,246,168,1,0,0,3,153,254,254,254,254,193,189,91,90,69,0,0,0,0,13,90,4,0,0,11,254,254,179,84,35,2,0,4,62,144,220,220,220,149,65,0,0,0,0,4,193,254,201,8,0,0,0,120,254,254,250,179,179,179,154,0,0,0,0,0,42,225,254,209,21,0,137,245,254,254,216,0,0,0,0,0,0,0,0,0,0,41,228,254,231,130,215,254,219,145,11,0,0,0,0,0,0,0,0,0,0,0,10,117,244,254,254,254,149,0,0,0,0,0,0,0,0,0,0,0,0,0,0,0,44,244,254,254,189,36,0,0,0,0,0,0,0,0,0,0,0,0,0,0,0,83,254,254,254,228,43,0,0,0,0,0,0,0,0,0,0,0,0,0,0,8,207,254,253,254,220,4,0,0,0,0,0,0,0,0,0,0,0,0,0,0,195,254,89,171,254,228,19,0,0,0,0,0,0,0,0,0,0,0,0,0,195,254,60,128,176,254,161,5,0,0,0,0,0,0,0,0,0,0,0,0,128,254,221,95,49,254,254,75,0,0,0,0,0,0,0,0,0,0,0,0,11,202,254,143,2,57,240,202,20,0,0,0,0,0,0,0,0,0,0,0,0,150,254,213,13,0,194,254,120,0,0,0,0,0,0,0,0,0,0,0,0,32,215,254,145,0,20,215,217,9,0,0,0,0,0,0,0,0,0,0,0,0,70,254,251,124,11,180,254,65,0,0,8
0,0,0,0,0,0,0,0,0,0,0,0,0,0,0,0,0,0,0,0,0,0,0,0,0,0,0,0,159,255,253,126,0,0,0,0,0,0,0,0,0,0,0,0,0,0,0,48,228,253,251,126,0,0,0,0,0,0,0,0,0,0,0,0,0,0,0,64,251,253,251,126,0,0,0,0,0,0,0,0,0,0,0,0,0,0,0,64,251,253,251,236,27,0,0,0,0,0,0,0,0,0,0,0,0,0,0,64,251,253,251,251,31,0,0,0,0,0,0,0,0,0,0,0,0,0,0,64,253,255,253,253,31,0,0,0,0,0,0,0,0,0,0,0,0,0,0,56,240,253,251,251,31,0,0,0,0,0,0,0,0,0,0,0,0,0,0,0,158,253,251,251,31,0,0,0,0,0,0,0,0,0,0,0,0,0,0,0,158,253,251,251,31,0,0,0,0,0,0,0,0,0,0,0,0,0,0,0,158,253,251,251,31,0,0,0,0,0,0,0,0,0,0,0,0,0,0,0,60,255,253,253,31,0,0,0,0,0,0,0,0,0,0,0,0,0,0,0,158,253,251,251,31,0,0,0,0,0,0,0,0,0,0,0,0,0,0,0,158,253,251,251,31,0,0,0,0,0,0,0,0,0,0,0,0,0,0,0,158,253,251,251,31,0,0,0,0,0,0,40,0,0,0,0,0,0,0,0,158,253,251,251,31,0,0,0,0,0,0,158,0,0,0,0,0,0,0,0,159,255,253,253,31,0,0,0,0,0,0,0,0,0,0,0,0,0,0,0,158,253,251,251,31,0,0,0,0,0,0,0,0,0,0,0,0,0,0,0,79,253,251,251,31,0,0,0,0,0,0,0,0,0,0,0,0,0,0,0,0,213,251,251,129,0,0,0,0,0,0,0,1
0,0,0,0,0,0,0,0,0,0,0,0,0,0,0,0,0,0,0,0,0,0,0,0,0,0,0,0,0,0,0,0,0,0,0,0,0,0,0,0,0,0,0,0,0,0,0,0,0,0,0,0,0,123,173,131,0,82,193,51,0,0,0,0,0,0,0,0,21,142,203,203,203,243,253,212,163,243,253,192,0,0,0,0,0,0,11,213,254,253,244,203,163,162,102,223,254,253,255,192,0,0,0,0,0,0,173,252,253,212,122,0,0,0,62,182,253,252,253,111,0,0,0,0,0,41,254,253,163,20,0,0,0,21,173,253,254,253,102,20,0,0,0,0,0,82,253,171,20,0,0,0,21,203,253,252,233,70,0,0,0,0,0,0,31,233,254,91,0,0,0,21,214,253,254,233,183,20,0,0,0,0,0,0,10,131,253,212,41,41,102,203,253,252,192,91,0,0,0,0,0,0,0,0,0,0,193,253,234,152,254,233,244,122,82,0,0,0,0,0,0,0,0,0,0,0,131,232,253,252,253,232,81,0,0,0,0,0,0,0,0,0,0,0,0,0,51,233,254,253,234,30,0,0,0,0,0,0,0,0,0,0,0,0,0,0,193,252,253,252,253,172,0,0,0,0,0,0,0,0,0,0,0,0,0,41,214,253,163,142,254,172,21,0,0,0,0,0,0,0,0,0,0,0,21,142,253,171,20,41,253,252,61,0,0,0,0,0,0,0,0,0,0,0,132,253,203,20,0,82,254,233,41,0,0,0,0,0,0,0,0,0,0,41,253,212,61,0,21,182,253,151,0,0,0,0,0,0,0,0,0,0,0,41,255,213,0,0,113,253,254,91,0,0,0,0,0,0,0,0,0,0,0,41,253,212,0,123,233,252,172,10,0,0,0,0,0,0,0,0,8
0,0,0,0,0,0,0,0,0,0,0,0,0,0,0,0,0,0,0,0,0,0,0,0,0,0,0,0,0,0,0,0,0,0,0,0,0,0,0,0,0,0,0,0,0,0,0,0,0,0,0,0,0,0,0,0,0,0,0,0,0,0,0,0,0,0,0,0,0,0,0,63,171,253,232,109,110,15,0,0,0,0,0,0,0,0,11,73,73,197,217,237,253,252,252,252,253,201,41,0,0,0,0,21,37,161,191,252,253,252,252,252,253,252,252,252,253,190,11,0,1,1,105,206,252,252,252,252,253,252,252,252,253,252,252,252,253,252,71,0,109,252,252,252,252,252,252,252,253,158,123,0,47,232,252,252,253,252,71,0,233,252,252,252,252,231,158,35,35,5,11,73,150,252,252,252,253,252,71,0,253,252,252,252,252,97,0,21,37,37,150,252,253,252,252,252,253,252,71,0,253,252,252,252,252,221,144,206,253,252,252,252,253,252,252,252,253,252,71,0,192,253,253,253,253,253,253,253,255,253,253,253,255,253,253,253,255,253,72,0,78,242,252,252,252,252,252,252,253,252,252,252,180,55,66,252,253,252,71,0,0,186,241,252,252,252,246,215,217,174,92,132,0,0,58,252,253,241,61,0,0,0,78,108,108,108,92,0,0,0,0,0,0,0,181,252,253,179,0,0,0,0,0,0,0,0,0,0,0,0,0,0,0,0,182,253,255,180,0,0,0,0,0,0,0,0,0,0,0,0,0,0,0,0,139,252,253,179,0,0,0,0,0,0,0,0,0,0,0,0,0,0,0,0,32,236,253,179,0,0,0,0,0,0,0,0,0,0,0,0,0,0,0,0,0,62,253,221,125,0,0,0,0,0,0,0,0,0,0,0,0,0,0,0,0,0,255,253,232,47,9
0,0,0,0,0,0,0,0,0,0,0,0,93,125,147,255,255,241,51,0,0,0,0,0,0,0,0,0,40,158,248,248,252,253,253,253,253,253,104,0,0,0,0,0,0,0,43,225,245,253,253,253,253,253,253,253,253,242,59,0,0,0,0,0,0,0,219,253,253,253,253,253,253,232,59,19,19,17,0,0,0,0,0,0,0,0,228,253,253,172,155,155,155,77,99,33,0,0,0,0,0,0,0,0,0,92,250,253,253,45,0,0,0,166,253,212,33,0,0,0,0,0,0,0,0,70,245,253,253,45,0,22,182,243,253,253,91,0,0,0,0,0,0,0,0,0,228,253,253,176,116,220,253,253,253,201,63,0,0,0,0,0,0,0,0,0,228,253,253,253,253,253,253,253,240,60,0,0,0,0,0,0,0,0,0,0,103,245,253,253,253,253,253,240,154,0,0,0,0,0,0,0,0,0,0,0,0,125,253,253,253,253,253,201,0,0,0,0,0,0,0,0,0,0,0,0,0,119,253,253,253,253,253,201,0,0,0,0,0,0,0,0,0,0,0,0,92,244,253,253,253,253,253,237,54,0,0,0,0,0,0,0,0,0,0,17,232,253,253,253,242,244,253,253,98,0,0,0,0,0,0,0,0,0,0,122,253,253,253,243,101,203,253,253,207,0,0,0,0,0,0,0,0,0,0,235,253,253,253,116,158,253,253,253,236,52,0,0,0,0,0,0,0,0,0,235,253,253,253,253,253,253,253,253,226,35,0,0,0,0,0,0,0,0,0,228,253,253,253,253,253,253,253,250,129,0,0,0,0,0,0,0,0,0,0,102,253,253,253,253,253,253,248,128,0,0,0,0,0,0,0,0,0,0,0,0,161,253,253,253,253,152,32,0,0,0,0,0,0,0,8
0,0,0,0,0,0,0,0,0,0,78,255,179,12,0,0,0,0,0,0,0,0,0,0,0,0,0,0,0,0,199,253,253,30,0,0,0,0,0,0,0,0,0,0,0,0,0,0,0,77,244,253,253,30,0,0,0,0,0,0,0,0,0,0,0,0,0,0,0,131,253,253,253,30,0,0,0,0,0,0,0,0,0,0,0,0,0,0,5,149,253,253,234,25,0,0,0,0,0,0,0,0,0,0,0,0,0,0,31,253,253,253,129,0,0,0,0,0,0,0,0,0,0,0,0,0,0,0,31,253,253,253,129,0,0,0,0,0,0,0,0,0,0,0,0,0,0,0,31,253,253,253,129,0,0,0,0,0,0,0,0,0,0,0,0,0,0,0,31,253,253,253,129,0,0,0,0,0,0,0,0,0,0,0,0,0,0,0,31,253,253,253,129,0,0,0,0,0,0,0,0,0,0,0,0,0,0,0,31,253,253,253,129,0,0,0,0,0,0,0,0,0,0,0,0,0,0,0,107,253,253,253,129,0,0,0,0,0,0,0,0,0,0,0,0,0,0,0,185,253,253,232,16,0,0,0,0,0,0,0,0,0,0,0,0,0,0,0,185,253,253,230,0,0,0,0,0,0,0,0,0,0,0,0,0,0,0,0,185,253,253,230,0,0,0,0,0,0,0,0,0,0,0,0,0,0,0,0,185,253,253,230,0,0,0,0,0,0,0,0,0,0,0,0,0,0,0,0,185,253,253,230,0,0,0,0,0,0,0,0,0,0,0,0,0,0,0,0,185,253,253,230,0,0,0,0,0,0,0,0,0,0,0,0,0,0,0,0,59,253,253,230,0,0,0,0,0,0,0,0,0,0,0,0,0,0,0,0,31,253,253,136,0,0,0,0,0,0,0,0,1
241,218,229,225,236,226,214,225,227,230,253,223,200,242,234,213,245,215,202,219,247,206,249,217,219,242,240,239,246,210,224,215,232,210,227,200,215,210,221,220,248,213,247,201,243,238,225,252,200,244,248,229,242,206,223,233,236,201,234,249,250,246,208,200,223,204,236,252,226,240,239,248,210,207,239,241,239,221,238,245,207,239,200,218,204,241,228,224,207,249,234,226,221,252,213,204,237,209,202,222,205,234,212,220,205,215,236,217,212,216,202,228,236,214,223,222,234,214,232,242,235,210,240,246,219,216,202,254,207,253,254,226,227,229,210,252,213,236,213,250,208,212,234,219,249,242,202,227,214,209,223,237,216,244,252,204,239,253,231,201,233,217,254,250,204,234,253,208,219,250,200,245,222,210,211,229,233,253,212,245,231,249,254,230,215,217,222,246,242,245,205,234,250,224,227,253,220,218,222,251,239,252,212,213,219,211,249,230,229,214,220,213,249,213,248,215,233,222,227,205,250,240,207,246,227,217,202,208,236,224,203,222,253,237,245,245,227,201,238,242,252,203,215,224,214,211,205,212,233,239,204,233,246,218,245,253,222,219,218,246,206,253,214,254,222,209,242,244,226,236,219,213,235,238,214,221,242,219,239,247,235,222,225,225,212,201,222,232,201,242,201,217,204,233,238,239,231,245,243,205,233,241,218,201,241,229,244,226,242,228,201,225,233,228,244,213,209,240,234,215,212,235,252,226,242,250,251,231,233,215,233,209,231,203,248,220,213,219,216,202,210,249,237,233,210,226,205,240,223,248,227,229,235,201,212,232,220,221,201,210,224,235,221,228,237,201,210,225,245,236,205,208,202,229,237,226,231,209,226,214,253,207,204,235,228,239,225,209,232,211,247,216,202,225,211,219,210,238,226,207,7
0,0,0,0,0,0,0,12,136,211,255,182,18,2,0,0,0,0,0,0,0,0,0,0,0,0,82,203,253,253,253,253,253,55,1,0,0,0,0,0,0,0,0,0,0,61,244,253,212,82,82,118,245,253,113,48,0,0,0,0,0,0,0,0,20,190,253,216,29,0,0,0,99,247,253,232,25,0,0,0,0,0,0,0,72,253,253,129,0,0,0,0,0,43,208,253,201,25,0,0,0,0,0,23,203,253,208,20,0,0,0,0,0,0,81,253,253,147,22,0,0,0,0,112,253,253,144,0,0,0,0,0,0,0,1,95,253,253,55,0,0,0,0,171,253,253,29,0,0,0,0,0,0,0,0,27,245,253,170,0,0,0,0,171,253,253,29,0,0,0,0,0,0,0,0,0,92,253,170,0,0,0,0,171,253,233,22,0,0,0,0,0,0,0,0,0,130,253,170,0,0,0,28,235,253,164,0,0,0,0,0,0,0,0,0,0,166,253,134,0,0,0,36,253,253,164,0,0,0,0,0,0,0,0,0,25,239,253,97,0,0,0,36,253,253,164,0,0,0,0,0,0,0,0,0,30,253,253,119,0,0,0,34,249,253,164,0,0,0,0,0,0,0,0,68,200,253,220,26,0,0,0,0,171,253,216,17,0,0,0,0,0,0,14,200,253,253,120,0,0,0,0,0,171,253,253,29,0,0,0,0,15,92,205,253,248,184,25,0,0,0,0,0,141,253,253,87,3,0,0,46,177,253,253,250,166,0,0,0,0,0,0,0,36,232,253,253,145,149,201,238,253,253,216,108,0,0,0,0,0,0,0,0,0,88,253,253,253,253,253,253,253,216,30,0,0,0,0,0,0,0,0,0,0,5,59,240,253,253,253,170,100,11,0,0,0,0,0,0,0,0
0,0,0,0,0,0,0,0,0,0,0,0,0,0,0,0,0,0,0,0,0,0,0,0,0,0,0,0,0,0,0,0,0,0,0,0,0,0,0,0,0,0,0,0,0,0,0,0,6,137,222,254,163,16,0,0,0,0,0,0,0,0,0,0,0,0,12,68,217,253,254,253,253,161,16,0,0,0,0,0,0,0,0,0,0,11,213,253,253,253,159,127,176,253,118,0,0,0,0,0,0,0,0,0,0,183,253,253,199,80,0,0,8,171,233,7,0,0,0,0,0,0,0,0,33,254,253,162,16,0,0,0,46,160,253,155,0,0,0,0,0,0,0,0,118,255,173,0,0,0,0,0,186,254,254,182,0,0,0,0,0,0,0,0,161,254,43,0,50,145,145,197,250,253,253,181,0,0,0,0,0,0,0,0,91,254,232,217,245,253,241,253,253,253,240,123,0,0,0,0,0,0,0,0,52,247,253,253,253,124,42,138,237,253,162,0,0,0,0,0,0,0,0,0,0,47,208,253,253,188,175,181,243,253,129,0,0,0,0,0,0,0,0,0,0,0,0,33,66,0,124,201,168,85,0,0,0,0,0,0,0,0,0,0,0,0,0,0,0,0,171,242,195,39,0,0,0,0,0,0,0,0,0,0,0,0,0,0,0,92,254,253,126,0,0,0,0,0,0,0,0,0,0,0,0,0,0,0,2,186,254,171,8,0,0,0,0,0,0,0,0,0,0,0,0,0,0,0,84,253,228,37,0,0,0,0,0,0,0,0,0,0,0,0,0,0,0,0,200,254,92,0,0,0,0,0,0,0,0,0,0,0,0,0,0,0,0,170,249,253,39,0,0,0,0,0,0,0,0,0,0,0,0,0,0,0,0,217,253,129,0,0,0,0,0,0,0,0,0,0,9
0,0,0,0,0,0,0,0,0,0,0,0,21,142,253,252,253,252,82,0,0,0,0,0,0,0,0,0,0,0,0,82,254,253,254,253,244,223,41,0,0,0,0,0,0,0,0,0,0,0,123,243,253,252,253,130,102,40,0,0,0,0,0,0,0,0,0,0,31,173,254,253,254,233,82,0,0,0,0,0,0,0,0,0,0,0,0,0,233,252,253,252,172,30,0,0,0,0,0,0,0,0,0,0,0,0,31,193,254,253,224,81,0,0,0,0,0,0,0,0,0,0,0,0,0,41,213,252,253,212,20,0,0,0,0,0,0,0,0,0,0,0,0,0,31,193,254,253,183,20,0,0,0,0,0,0,0,0,0,0,0,0,0,0,173,252,253,171,0,0,0,0,0,0,0,0,0,0,0,0,0,0,0,102,254,253,254,131,51,10,0,0,21,41,51,51,41,0,0,0,0,0,123,223,253,252,253,252,253,212,203,203,223,243,253,252,243,162,0,0,51,233,254,253,254,253,254,253,254,253,254,253,254,253,254,253,254,253,214,31,152,252,253,252,253,252,151,111,50,50,112,151,151,151,151,111,253,252,253,151,21,61,132,253,254,91,0,0,0,0,0,0,0,0,0,0,152,253,254,151,0,0,51,252,253,131,0,0,0,0,0,0,0,0,0,0,193,252,253,111,0,0,41,243,254,253,132,51,52,51,21,21,113,152,152,233,255,253,244,40,0,0,0,203,253,252,253,252,253,252,223,223,253,252,253,252,253,171,40,0,0,0,0,0,173,253,254,253,254,253,254,253,254,253,254,213,82,0,0,0,0,0,0,0,10,91,172,252,253,171,112,192,151,70,50,10,0,0,0,0,0,0,0,0,0,0,0,0,0,0,0,0,0,0,0,0,0,0,0,0,6
0,0,0,0,0,0,0,0,0,0,0,0,0,0,0,0,0,0,0,0,0,0,0,0,0,0,0,0,0,53,97,181,189,255,107,7,0,0,0,0,0,0,0,0,0,0,0,26,174,249,254,235,187,182,254,92,0,0,0,0,0,0,0,0,0,0,0,143,242,119,27,5,0,2,63,98,0,0,0,0,0,0,0,0,0,0,43,250,98,0,0,0,0,0,0,0,0,0,0,0,0,0,0,0,0,0,52,216,4,0,0,0,0,0,0,0,0,0,0,0,0,0,0,0,0,0,110,169,0,0,0,0,0,0,0,0,0,0,0,0,0,0,0,0,0,0,80,169,0,0,0,0,0,0,0,4,0,0,0,0,0,0,0,0,0,0,52,205,24,0,0,0,0,11,79,113,0,0,0,0,0,0,0,0,0,0,6,190,193,9,0,0,0,86,254,124,0,0,0,0,0,0,0,0,0,0,0,27,216,94,0,32,111,209,141,14,0,0,0,0,0,0,0,0,0,0,0,0,65,234,154,229,175,92,2,0,0,0,0,0,0,0,0,0,0,0,0,0,14,185,254,60,0,0,0,0,0,0,0,0,0,0,0,0,0,0,0,0,158,194,180,216,61,0,0,0,0,0,0,0,0,0,0,0,0,0,0,18,166,35,2,185,232,23,0,0,0,0,0,0,0,0,0,0,0,0,0,85,84,0,0,15,198,118,0,0,0,0,0,0,0,0,0,0,0,0,0,81,80,0,0,0,55,205,8,0,0,0,0,0,0,0,0,0,0,0,0,63,80,0,0,0,0,153,120,0,0,0,0,0,0,0,0,0,0,0,0,37,230,163,47,3,3,96,158,0,0,0,0,0,0,0,0,0,0,0,0,0,63,184,244,206,186,242,158,0,0,0,0,0,8
0,0,0,0,0,0,45,229,255,212,35,0,0,0,0,0,0,0,0,0,0,0,0,0,0,24,216,253,253,210,45,17,6,0,0,0,0,0,0,0,0,0,0,0,0,103,253,253,253,253,253,253,153,107,97,0,0,0,0,0,0,0,0,0,0,197,253,253,253,253,253,253,253,253,247,197,59,0,0,0,0,0,0,0,0,197,253,253,185,129,129,129,133,253,253,253,232,60,0,0,0,0,0,0,91,244,253,179,18,0,0,0,2,40,167,253,253,232,27,0,0,0,0,10,187,253,253,40,0,0,0,0,0,0,12,177,253,253,123,0,0,0,0,17,253,253,253,40,0,0,0,0,0,0,0,11,209,253,195,0,0,0,0,17,253,253,253,40,0,0,0,0,0,0,0,0,205,253,195,0,0,0,0,12,205,253,253,40,0,0,0,0,0,0,0,0,46,253,195,0,0,0,0,0,107,253,253,40,0,0,0,0,0,0,0,0,42,253,197,4,0,0,0,0,107,253,253,40,0,0,0,0,0,0,0,0,106,253,230,65,0,0,0,0,107,253,253,167,12,0,0,0,0,0,0,0,205,253,195,0,0,0,0,0,59,227,253,253,114,0,0,0,0,0,0,53,227,253,195,0,0,0,0,0,0,197,253,253,136,4,0,0,0,0,21,227,253,253,63,0,0,0,0,0,0,112,253,253,253,24,0,0,0,0,111,253,253,184,16,0,0,0,0,0,0,26,223,253,253,182,58,58,63,222,245,253,217,16,0,0,0,0,0,0,0,0,124,253,253,253,253,253,253,253,253,186,89,0,0,0,0,0,0,0,0,0,8,216,253,253,253,253,250,179,163,9,0,0,0,0,0,0,0,0,0,0,0,75,89,238,253,94,86,0,0,0,0,0,0,0,0
0,0,0,0,0,0,0,0,0,12,69,123,158,198,218,255,118,0,0,0,0,0,0,0,0,0,0,0,0,179,254,254,254,254,254,254,142,0,0,0,0,0,0,0,0,0,0,0,30,245,248,162,162,162,99,67,15,0,0,0,0,0,0,0,0,0,0,0,104,254,87,0,0,0,0,0,0,0,0,0,0,0,0,0,0,0,0,10,214,254,48,0,0,0,0,0,0,0,0,0,0,0,0,0,0,0,0,20,254,237,32,0,0,0,0,0,0,0,0,0,0,0,0,0,0,0,0,76,254,234,149,149,31,0,0,0,0,0,0,0,0,0,0,0,0,0,5,198,254,254,254,254,214,31,0,0,0,0,0,0,0,0,0,0,0,0,36,209,254,176,135,228,254,179,0,0,0,0,0,0,0,0,0,0,0,0,0,7,14,1,0,10,218,253,100,0,0,0,0,0,0,0,0,0,0,0,0,0,0,0,0,0,96,251,209,9,0,0,0,0,0,0,0,0,0,0,0,0,0,0,0,0,0,172,203,7,0,0,0,0,0,0,0,0,0,0,0,0,0,0,0,0,0,106,254,24,0,0,0,0,0,0,0,0,0,0,0,0,0,0,0,0,0,106,254,100,0,0,0,0,0,0,0,0,92,0,0,0,0,0,0,0,0,106,254,120,0,0,0,0,0,0,0,46,212,0,0,0,0,0,0,0,0,156,243,29,0,0,0,0,0,0,0,153,230,2,0,0,0,0,0,0,74,242,181,0,0,0,0,0,0,0,0,153,254,188,71,68,68,68,110,163,247,251,98,0,0,0,0,0,0,0,0,98,236,254,254,254,254,254,254,254,222,139,0,0,0,0,0,0,0,0,0,0,30,95,157,157,157,157,194,93,5,0,0,0,0,0,0,0,5
0,0,0,0,55,59,59,59,119,253,253,255,253,118,50,0,0,0,0,0,0,0,0,82,241,251,251,251,251,251,251,253,251,251,230,72,0,0,0,0,0,0,82,228,251,251,251,251,251,251,251,253,251,251,251,221,67,0,0,0,0,85,241,251,251,236,212,197,18,18,18,213,230,251,251,251,240,35,0,0,0,253,251,251,160,95,0,0,0,0,0,0,72,221,251,251,251,37,0,0,0,253,178,96,7,0,0,0,0,0,0,0,73,222,251,251,251,37,0,0,0,38,20,0,0,0,0,0,0,0,0,65,231,251,251,243,111,6,0,0,0,0,0,0,0,0,0,0,0,0,61,253,251,251,239,107,0,0,0,0,0,0,0,0,0,0,0,0,43,136,225,253,251,251,212,0,0,0,0,0,0,0,0,0,0,0,0,165,212,251,251,253,251,251,62,0,0,0,0,0,0,0,0,0,10,133,253,253,253,253,253,196,105,0,0,0,0,0,0,0,0,0,0,82,137,251,251,251,251,251,160,0,0,0,0,0,0,0,0,0,0,0,0,175,251,251,251,237,76,76,18,0,0,0,0,0,0,0,0,0,0,10,129,245,251,251,226,45,0,0,0,0,0,0,0,0,0,0,0,0,0,59,251,251,251,251,96,0,0,0,0,0,0,0,0,0,0,0,0,0,0,59,251,251,251,251,191,155,155,155,155,121,0,0,0,0,0,0,0,0,0,9,128,245,251,251,251,251,251,251,251,244,214,214,214,214,214,214,214,214,0,0,0,175,251,251,251,251,251,251,251,253,251,251,251,251,251,251,251,251,0,0,0,81,115,115,115,115,115,188,251,253,251,251,251,251,251,251,251,177,0,0,0,0,0,0,0,0,0,31,57,103,251,251,251,251,251,86,57,26,2
0,0,0,0,0,0,0,0,0,0,20,254,255,37,0,0,0,0,0,0,0,0,0,0,0,0,0,0,0,0,19,253,253,134,0,0,0,0,0,0,0,0,0,0,0,0,0,0,0,0,19,253,253,246,125,0,0,0,0,0,0,0,0,0,0,0,0,0,0,0,76,253,253,253,158,0,0,0,0,0,0,0,0,0,0,0,0,0,0,0,207,253,253,253,158,0,0,0,0,0,0,0,0,0,0,0,0,0,0,0,207,253,253,253,158,0,0,0,0,0,0,0,0,0,0,0,0,0,0,48,223,253,253,243,106,0,0,0,0,0,0,0,0,0,0,0,0,0,0,141,253,253,253,113,0,0,0,0,0,0,0,0,0,0,0,0,0,0,65,237,253,253,253,36,0,0,0,0,0,0,0,0,0,0,0,0,0,0,76,253,253,253,253,36,0,0,0,0,0,0,0,0,0,0,0,0,0,0,76,253,253,253,253,36,0,0,0,0,0,0,0,0,0,0,0,0,0,0,76,253,253,253,118,4,0,0,0,0,0,0,0,0,0,0,0,0,0,4,148,253,253,253,103,0,0,0,0,0,0,0,0,0,0,0,0,0,0,10,253,253,253,253,103,0,0,0,0,0,0,0,0,0,0,0,0,0,0,10,253,253,253,173,7,0,0,0,0,0,0,0,0,0,0,0,0,0,0,10,253,253,253,168,0,0,0,0,0,0,0,0,0,0,0,0,0,0,0,143,253,253,239,49,0,0,0,0,0,0,0,0,0,0,0,0,0,0,0,198,253,253,234,0,0,0,0,0,0,0,0,0,0,0,0,0,0,0,0,198,253,253,234,0,0,0,0,0,0,0,0,0,0,0,0,0,0,0,0,198,253,253,234,0,0,0,0,0,0,0,0,0,1
0,0,0,0,0,0,0,0,0,0,0,0,0,0,0,0,0,0,0,0,0,0,0,0,0,0,0,0,0,0,0,0,0,0,31,210,253,163,0,0,0,0,0,0,0,0,0,0,0,0,0,0,0,0,198,252,252,162,0,0,0,0,0,0,0,0,0,0,0,0,0,0,10,86,242,252,252,66,0,0,0,0,0,0,0,0,0,0,0,0,0,0,164,252,252,252,188,8,0,0,0,0,0,0,0,0,0,0,0,0,0,53,242,252,252,225,14,0,0,0,0,0,0,0,0,0,0,0,0,0,0,78,252,252,252,204,0,0,0,0,0,0,0,0,0,0,0,0,0,0,56,231,252,252,212,35,0,0,0,0,0,0,0,0,0,0,0,0,0,0,157,252,252,252,37,0,0,0,0,0,0,0,0,0,0,0,0,0,8,132,253,252,252,230,24,0,0,0,0,0,0,0,0,0,0,0,0,0,45,252,253,252,154,55,0,0,0,0,0,0,0,0,7,55,0,0,0,0,107,253,255,228,53,0,0,0,0,0,0,0,0,15,24,23,0,0,0,110,242,252,228,59,0,0,0,0,0,0,0,0,0,57,83,0,0,0,88,247,252,252,140,0,0,0,0,0,0,0,0,0,0,0,0,0,0,15,189,252,252,252,0,0,0,0,0,0,0,0,0,0,0,0,0,0,0,74,252,252,238,90,0,0,0,0,0,0,0,0,0,0,0,0,0,0,0,178,252,252,189,0,0,0,0,0,0,0,0,0,0,0,0,0,0,0,40,217,252,252,59,0,0,0,0,0,0,0,0,0,0,0,0,0,0,0,75,252,252,252,85,61,0,0,0,0,0,0,0,0,0,0,0,0,0,0,62,239,252,156,14,0,0,0,0,0,0,0,0,0,0,0,1
0,0,0,0,0,0,0,0,0,0,0,0,0,0,0,0,0,0,0,0,0,0,0,0,0,0,0,0,0,0,0,0,0,0,0,0,0,0,0,86,0,0,0,0,0,0,0,0,0,0,0,0,0,0,0,0,0,0,86,255,0,0,0,0,0,0,0,0,0,0,0,0,0,0,0,0,0,29,255,226,0,0,0,0,0,0,0,0,0,114,198,0,0,0,0,0,114,255,198,86,0,0,0,0,0,0,0,57,198,255,170,29,0,0,0,86,255,226,86,0,0,0,0,0,0,0,141,226,255,114,0,0,0,0,114,255,226,86,0,0,0,0,0,0,0,141,255,226,114,0,0,0,29,198,255,226,86,0,0,0,0,0,0,0,29,255,255,57,0,0,0,0,226,255,255,57,0,57,0,0,0,0,0,0,170,255,141,0,0,0,29,226,255,255,198,198,198,0,0,0,0,0,0,141,255,255,170,114,114,170,255,255,255,255,198,29,0,0,0,0,0,0,0,29,170,255,255,255,255,255,255,226,114,0,0,0,0,0,0,0,0,0,0,0,0,29,114,141,255,255,226,29,0,0,0,0,0,0,0,0,0,0,0,0,0,0,0,170,255,226,29,0,0,0,0,0,0,0,0,0,0,0,0,0,0,29,198,255,226,29,0,0,0,0,0,0,0,0,0,0,0,0,0,0,0,170,255,226,29,0,0,0,0,0,0,0,0,0,0,0,0,0,0,0,141,255,226,29,0,0,0,0,0,0,0,0,0,0,0,0,0,0,0,29,226,255,86,0,0,0,0,0,0,0,0,0,0,0,0,0,0,0,0,141,255,170,0,0,0,0,0,0,0,0,0,0,0,0,0,0,0,0,86,255,226,29,0,0,0,0,0,0,0,0,0,0,0,0,0,0,4
0,0,0,0,0,0,0,0,0,0,0,0,0,0,0,0,0,0,0,0,0,0,0,0,0,0,0,0,0,0,0,0,157,253,186,0,0,0,0,0,0,0,0,0,0,0,0,0,0,0,0,102,251,252,185,0,0,0,0,0,0,0,0,0,0,0,0,0,0,0,0,107,252,252,185,0,0,0,0,0,0,0,0,0,0,0,0,0,0,0,0,149,252,252,185,0,0,0,0,0,0,0,0,0,0,0,0,0,0,0,0,240,252,252,80,0,0,0,0,0,0,0,0,0,0,0,0,0,0,0,90,249,252,252,53,0,0,0,0,0,0,0,0,0,0,0,0,0,0,0,211,252,252,176,17,0,0,0,0,0,0,0,0,0,0,0,0,0,2,98,253,252,252,39,0,0,0,0,0,0,0,0,0,0,0,0,0,0,21,252,253,252,197,17,0,0,0,0,0,0,0,0,0,0,0,0,0,0,146,252,253,252,89,0,0,0,0,0,0,0,0,0,0,0,0,0,0,13,197,253,255,146,0,0,0,0,0,0,0,0,0,0,0,0,0,0,0,27,252,252,253,90,0,0,0,0,0,0,0,0,0,0,0,0,0,0,15,180,252,252,209,8,0,0,0,0,0,0,0,0,0,0,0,0,0,0,41,252,252,252,21,0,0,0,0,0,0,0,0,0,0,0,0,0,0,0,41,252,252,252,0,0,0,0,0,0,0,0,0,0,0,0,0,0,0,0,138,252,252,224,0,0,0,0,0,0,0,0,0,0,0,0,0,0,0,37,227,252,243,38,0,0,0,0,0,0,0,0,0,0,0,0,0,0,0,125,252,252,224,0,0,0,0,0,0,0,0,0,0,0,0,0,0,0,0,51,248,252,106,0,0,0,0,0,0,0,0,0,0,0,1
0,0,0,0,0,0,0,0,0,0,0,57,254,251,207,187,27,0,0,0,0,0,0,0,0,0,0,0,0,0,60,248,250,141,10,4,0,0,0,0,0,0,0,0,0,0,0,0,12,113,253,253,137,0,0,0,0,0,0,0,0,0,0,0,0,0,0,0,142,254,177,123,0,0,0,0,0,0,0,0,0,0,0,0,0,0,11,86,206,223,109,0,0,0,0,0,0,0,0,0,0,0,0,0,0,0,114,227,239,119,2,0,0,0,0,0,0,0,0,0,0,0,0,0,0,66,216,254,239,38,0,0,0,0,0,0,68,96,62,0,0,0,0,0,52,183,254,235,97,0,0,0,0,128,150,239,253,254,253,215,0,0,0,4,182,254,240,58,3,0,0,5,168,247,254,254,251,213,254,254,0,0,0,127,254,237,96,0,0,0,0,90,254,251,128,95,28,51,116,251,0,0,54,241,245,99,0,0,0,0,83,247,231,133,0,0,0,0,55,251,0,43,189,237,130,0,0,0,0,27,185,223,85,13,0,0,0,66,147,197,0,45,237,221,17,0,0,0,0,11,182,169,0,0,0,23,94,158,189,56,0,197,254,137,10,0,0,0,0,31,223,182,81,81,147,217,254,128,19,0,0,202,254,151,36,22,4,0,6,43,212,254,254,254,254,188,88,2,0,0,0,159,254,254,254,229,196,190,200,254,254,254,254,254,128,33,0,0,0,0,0,24,211,254,254,254,254,254,254,238,150,110,86,10,3,0,0,0,0,0,0,0,24,80,146,94,106,227,183,34,0,0,0,0,0,0,0,0,0,0,0,0,0,0,0,0,0,0,0,0,0,0,0,0,0,0,0,0,0,0,0,0,0,0,0,0,0,0,0,0,0,0,0,0,0,0,0,0,0,0,6
0,0,0,0,22,149,253,253,253,86,0,0,0,0,0,0,0,0,0,0,0,0,13,47,234,253,223,206,164,50,0,0,0,0,0,0,0,0,0,0,0,13,172,252,221,122,25,0,0,32,81,184,153,13,0,0,0,0,0,0,0,140,252,176,25,0,0,0,0,74,169,252,252,45,0,0,0,0,0,0,0,161,252,202,11,0,0,0,0,0,76,252,221,25,0,0,0,0,0,0,0,95,247,253,201,11,0,0,0,11,202,253,69,0,0,0,0,0,0,0,0,0,99,206,248,203,80,0,0,116,253,223,25,0,0,0,0,0,0,0,0,0,0,0,115,222,240,152,70,205,247,98,0,0,0,0,0,0,0,0,0,0,0,0,0,88,177,252,252,252,188,0,0,0,0,0,0,0,0,0,0,0,0,0,0,0,5,137,252,252,220,0,0,0,0,0,0,0,0,0,0,0,0,0,0,0,0,132,253,253,255,232,55,5,0,0,0,0,0,0,0,0,0,0,0,0,9,197,252,157,154,236,252,135,47,0,0,0,0,0,0,0,0,0,0,0,47,252,252,22,0,65,234,252,252,123,25,0,0,0,0,0,0,0,0,0,30,227,252,117,0,0,33,173,252,253,133,0,0,0,0,0,0,0,0,0,0,131,252,137,0,0,0,9,75,253,248,115,0,0,0,0,0,0,0,0,0,32,229,253,74,0,0,0,0,128,253,184,0,0,0,0,0,0,0,0,0,0,186,252,234,38,0,0,22,66,252,215,21,0,0,0,0,0,0,0,0,0,25,205,253,240,184,184,215,253,252,183,0,0,0,0,0,0,0,0,0,0,0,21,169,252,252,252,252,253,235,117,0,0,0,0,0,0,0,0,0,0,0,0,3,43,137,232,200,137,60,0,0,0,8
0,0,0,0,0,47,109,212,253,255,253,253,253,255,211,94,0,0,0,0,0,0,0,0,42,232,252,252,252,222,179,179,179,253,252,247,93,0,0,0,0,0,0,47,221,252,220,195,71,41,0,0,0,72,113,215,92,0,0,0,0,0,0,181,252,252,35,0,0,0,0,0,0,0,0,0,0,0,0,0,0,0,0,181,252,190,15,0,0,0,0,0,0,0,0,0,0,110,78,0,0,0,0,57,252,252,98,63,0,0,0,0,0,0,21,176,217,253,138,0,0,0,0,11,154,231,252,241,98,21,0,0,21,182,201,252,231,154,10,0,0,0,0,0,0,47,232,252,252,207,20,105,206,253,252,252,108,0,0,0,0,0,0,0,0,0,42,222,253,255,253,253,253,255,159,125,0,0,0,0,0,0,0,0,0,0,0,57,252,253,252,252,252,253,77,0,0,0,0,0,0,0,0,0,0,0,11,150,252,253,252,252,252,253,231,72,0,0,0,0,0,0,0,0,0,0,155,252,252,191,108,108,190,253,252,236,62,0,0,0,0,0,0,0,1,109,233,253,191,84,0,0,0,192,253,253,170,0,0,0,0,0,0,0,125,252,252,96,15,0,0,0,0,15,180,252,252,156,10,0,0,0,0,0,144,252,252,71,0,0,0,0,0,0,73,252,252,253,35,0,0,0,0,0,144,252,210,31,0,0,0,0,0,0,73,252,252,253,35,0,0,0,0,0,145,253,211,94,0,0,0,0,0,0,135,253,253,145,0,0,0,0,0,0,20,98,242,247,217,218,217,114,73,218,247,252,210,20,0,0,0,0,0,0,0,0,103,221,252,253,252,252,252,253,252,226,92,0,0,0,0,0,0,0,0,0,0,16,108,108,148,252,252,253,128,31,0,0,0,0,8
